57.963
59.8828
59.8835
59.8789
59.8799
59.884
59.8971
59.8921
59.9087
59.8987
59.8942
59.8884
59.8891
59.8806
59.8824
59.8758
59.8867
59.8873
59.8836
59.8994
59.8772
59.8693
59.8747
59.8735
59.8809
59.8732
59.8594
59.8557
59.8674
59.8592
59.8825
59.8964
59.8772
59.8763
59.8788
59.884
59.8768
59.8814
59.876
59.8771
59.8911
59.9007
59.8837
59.8883
59.8788
59.8739
59.8713
59.8768
59.8923
59.8845
59.885
59.8964
59.9007
59.8856
59.8895
59.9006
59.8811
59.8804
59.8826
59.8906
59.8952
59.8919
59.8868
59.8815
59.8741
59.8608
59.8957
59.8903
59.8681
59.8771
59.8801
59.8868
59.8957
59.8882
59.8921
59.87
59.8793
59.8667
59.8859
59.882
59.8893
59.88
59.8914
59.9078
59.8991
59.8888
59.9033
59.8875
59.8926
59.8956
59.902
59.9012
59.8979
59.8948
59.8898
59.8886
59.8931
59.898
59.8963
59.9068
59.8871
59.8908
59.9053
59.8909
59.8913
59.9009
59.8893
59.8822
59.8847
59.8806
59.8784
59.8661
59.8695
59.8792
59.8909
0
