80
77.0463
75.1677
73.6588
72.4622
71.5266
70.8014
70.2513
69.8358
69.5292
69.3026
69.1413
69.026
68.9514
68.903
68.8772
68.8677
68.876
68.8913
68.9128
68.9437
68.9716
69.0038
69.0368
69.0712
69.1088
69.1436
69.1751
69.2067
69.2394
69.272
69.3093
69.3498
69.383
69.4131
69.4451
69.4767
69.5045
69.533
69.5587
69.5856
69.6132
69.6424
69.6657
69.6892
69.7106
69.7303
69.748
69.769
69.7909
69.8109
69.8307
69.8529
69.8745
69.8917
69.9116
69.9303
69.9428
69.9555
69.9689
69.984
70.0002
70.0152
70.0277
70.0381
70.0482
70.0539
70.0674
70.0811
70.0867
70.0979
70.1083
70.1193
70.132
70.1417
70.1524
70.1592
70.1676
70.1725
70.1835
70.1917
70.1997
70.2061
70.2179
70.2316
70.2414
70.247
70.258
70.2618
70.2668
70.2735
70.2808
70.2877
70.2932
70.2967
70.3003
70.3045
70.3097
70.3157
70.3193
70.3273
70.329
70.3315
70.3385
70.3397
70.3411
70.3457
70.3493
70.3502
70.3513
70.352
70.3526
70.3491
70.3505
70.3534
0
