113.402
117.314
117.3
117.292
117.307
117.297
117.328
117.325
117.338
117.316
117.327
117.309
117.317
117.308
117.288
117.292
117.309
117.294
117.287
117.309
117.289
117.29
117.29
117.291
117.299
117.287
117.272
117.266
117.275
117.28
117.305
117.327
117.299
117.286
117.298
117.307
117.287
117.304
117.287
117.304
117.316
117.324
117.294
117.302
117.294
117.291
117.273
117.294
117.305
117.301
117.304
117.315
117.319
117.304
117.324
117.326
117.3
117.301
117.304
117.317
117.321
117.32
117.31
117.298
117.297
117.273
117.295
117.308
117.274
117.304
117.298
117.298
117.302
117.312
117.314
117.291
117.302
117.283
117.321
117.305
117.311
117.311
117.34
117.349
117.34
117.327
117.334
117.323
117.327
117.328
117.331
117.347
117.329
117.322
117.316
117.337
117.332
117.348
117.326
117.334
117.318
117.327
117.345
117.316
117.321
117.34
117.328
117.333
117.313
117.313
117.306
117.281
117.304
117.306
117.321
0
