918
918
918
934.61
912.855
896.767
891.265
890.763
891.117
895.973
895.202
888.05
886.065
885.155
891.591
893.271
897.336
896.486
892.586
889.935
892.008
896.251
890.311
889.463
893.821
896.015
893.533
888.083
888.828
891.068
884.963
886.523
895.453
890.384
888.659
888.399
894.785
893.87
891.904
890.497
887.914
881.791
885.704
893.29
895.689
891.896
892.054
897.007
889.587
887.734
892.805
892.363
898.36
893.75
892.62
892.62
889.234
890.507
890.526
890.976
890.333
888.872
889.852
883.996
888.339
895.989
892.382
890.089
891.513
889.607
896.49
895.753
889.502
879.874
880.122
883.329
892.802
888.907
891.739
886.933
885.831
888.689
890.886
889.431
894.959
897.64
894.137
890.327
892.82
892.312
895.978
897.199
893.541
891.077
896.259
891.421
891.736
895.224
889.876
888.267
888.717
889.859
890.024
890.456
891.004
891.418
890.585
896.648
894.43
895.344
889.558
893.321
894.923
892.701
890.613
889.456
888.061
888.251
