77.4194
84.2204
92.0615
97.1446
99.2371
100.061
100.377
100.9
100.767
100.353
100.793
101.07
100.634
100.463
100.424
100.919
100.857
101.032
101.406
100.87
101.64
101.413
101.548
99.9862
99.9814
100.288
100.363
99.7994
100.043
100.834
99.6885
100.154
101.14
100.445
101.121
99.8156
100.487
100.76
101.117
99.927
101.042
102.627
101.537
102.471
100.687
100.714
101.198
101.993
99.725
100.204
101.187
101.25
100.688
100.706
100.792
101.174
101.714
99.8548
100.248
101.106
101.012
101.452
101.523
101.656
101.225
101.711
101.602
101.296
101.011
100.894
99.9122
100.042
100.76
101.009
101.125
100.875
99.6235
101.666
100.967
99.9337
100.809
101.591
101.62
100.781
101.084
101.679
102.95
101.038
100.702
100.325
100.26
101.087
101.772
101.527
102.051
101.973
100.624
101.595
100.478
102.02
100.782
101.629
100.815
99.9884
101.241
101.349
100.978
101.353
99.4898
100.23
102.712
102.75
101.912
102.157
