113.472
123.362
131.255
134.704
137.198
137.818
138.73
137.671
136.856
137.111
137.895
138.033
139.165
139.013
138.479
138.083
138.192
137.994
137.582
137.67
139.026
138.66
138.529
138.062
137.968
138.135
137.934
138.081
137.877
138.885
138.136
137.466
139.057
138.499
138.229
137.463
138.032
138.551
138.344
138.449
138.441
139.376
138.505
139.085
138.419
139.118
138.596
138.129
138.145
138.338
136.972
138.647
137.884
137.798
137.856
138.167
138.255
137.611
138.1
137.716
138.153
138.473
138.012
138.395
139.708
138.854
139.998
139.04
138.681
138.665
138.437
138.306
138.602
138.614
138.964
138.652
138.416
139.388
138.577
139.783
139.974
138.616
139.17
138.679
138.325
138.86
138.485
138.486
138.385
138.579
138.383
137.517
139.371
138.938
138.771
138.647
138.537
138.42
138.826
138.786
139.078
139.887
139.59
138.982
139.311
138.668
139.002
139.279
139.22
138.927
138.888
139.591
139.869
138.586
