0.724917
0.745723
0.732566
0.713924
0.704727
0.702015
0.706499
0.702627
0.693452
0.704489
0.697215
0.692356
0.696832
0.708728
0.704638
0.696605
0.705608
0.703346
0.692369
0.703227
0.697851
0.706079
0.686916
0.699717
0.701417
0.702336
0.692324
0.702292
0.703649
0.692835
0.704613
0.705191
0.694481
0.710613
0.690653
0.704923
0.700778
0.700536
0.688702
0.709472
0.716316
0.689165
0.71046
0.682191
0.696871
0.704006
0.712877
0.677168
0.703232
0.716172
0.699066
0.693001
0.701788
0.699637
0.702566
0.704432
0.684071
0.704112
0.708782
0.698607
0.702324
0.702211
0.700678
0.688305
0.705321
0.70033
0.696326
0.699923
0.699963
0.687874
0.70186
0.707604
0.700952
0.701994
0.699198
0.685985
0.719947
0.694734
0.686949
0.707843
0.708314
0.701592
0.694812
0.704397
0.704185
0.713025
0.679753
0.698825
0.694286
0.703346
0.711077
0.699019
0.698018
0.705339
0.700461
0.685682
0.712565
0.685945
0.717396
0.683801
0.707739
0.694604
0.689592
0.713137
0.702089
0.698161
0.702914
0.679628
0.710672
0.722066
0.694861
0.692985
0.709065
0.70847
