4140.5
5972
5972
6070.5
5600.5
5209
5011
5030.5
4912
4916
5090
5031
5110
5130
5031
4717.5
5090.5
4936
4876
5011
5070.5
5070.5
5050.5
4836.5
4856.5
5050.5
5129.5
5050.5
5169.5
5050.5
5011
5189.5
5031
4916
4836.5
4935.5
5189
5090.5
5011
5090.5
5110
5070.5
5130
4892
5229
4935.5
4880
5090
4935.5
4777
5030.5
5189.5
4971.5
5130
5149.5
4840
4991.5
4975.5
5110
4991
5110
4991.5
5149.5
4860
4951.5
5050.5
4955.5
4916
5031
4955.5
4991
5110
5070.5
4991.5
5090.5
4860
5070
5090.5
5031
4896
4935.5
5050.5
5150
4932
4856.5
5070.5
4900
4995
5363
4896
4951.5
4817
5090.5
5054.5
5130
4856.5
5110
4975
4876
5051
4971.5
5130
5031
5169.5
4860.5
5244.5
5070.5
4951.5
5011
4971
