918
918
918
881.663
834.496
808.854
799.472
795.156
793.723
794.468
798.535
796.525
796.177
790.403
787.535
786.253
795.323
794.532
791.829
795.496
794.761
792.954
787.794
788.12
792.727
796.609
796.378
794.446
795.936
794.471
794.079
789.069
794.408
793.88
788.283
790.334
793.491
798.372
795.911
793.721
790.365
792.048
789.256
788.272
789.166
789.479
790.893
787.492
786.199
790.398
792.104
790.074
795.362
793.74
792.869
794.446
793.155
791.551
790.097
794.342
794.104
793.46
793.46
793.098
790.624
792.068
791.297
784.26
784.288
785.811
785.45
788.475
789.713
788.327
788.746
788.44
786.671
787.397
789.321
788.991
786.376
788.7
786.938
785.153
784.906
786.19
790.11
791.187
788.88
788.127
788.36
790.845
789.277
793.292
795.241
786.816
787.502
787.145
788.459
788.729
790.632
788.706
789.163
786.343
784.817
788.264
786.912
786.238
787.147
789.341
788.164
788.075
790.495
785.313
779.691
781.693
788.138
785.383
