60
78.2235
89.825
93.5871
94.7562
94.9751
95.1408
94.0669
94.2565
94.8579
94.752
95.4319
96.3808
96.2507
94.999
94.4689
95.0666
94.1962
93.8851
95.0107
95.4933
95.4667
94.4286
94.8119
94.5446
94.9472
94.8158
95.4464
95.2365
95.7477
95.2347
95.3684
96.1015
95.4088
94.1342
94.5903
94.7265
94.5678
94.7652
95.9125
95.1523
94.5911
94.8087
94.208
95.4253
96.3187
95.5105
94.4189
95.9334
95.8946
93.8879
94.534
94.679
94.8973
95.1208
94.9278
94.9425
95.7028
95.1388
94.7192
94.7028
95.1901
94.4413
95.1058
96.4765
95.653
95.7545
95.2728
95.6403
95.9778
96.7149
96.771
96.3787
96.1683
96.2508
96.1167
96.9664
96.0046
95.6223
96.7925
96.1323
95.1203
95.7624
95.6877
94.9158
94.9705
94.0697
95.9168
95.9819
96.4735
95.5149
94.2804
95.7372
95.9779
95.5396
95.6459
96.1924
94.7413
95.849
94.5218
96.1543
96.13
95.7649
96.4293
95.5167
95.1429
95.7022
95.2817
96.7064
95.6421
95.3806
96.169
96.3254
94.6995
