117.826462
117.370209
117.354210
117.362747
117.351616
117.369759
117.370300
117.387039
117.374268
117.360321
117.330368
117.345184
117.365280
117.353821
117.385696
117.362595
117.381889
117.387421
117.368164
117.380829
117.379898
117.365250
117.396805
117.361984
117.374336
117.394302
117.397278
117.361694
117.347427
Control Period
126.565735
122.261063
122.163971
124.324959
122.485123
122.801468
124.254463
122.038239
Control Period
134.190201
134.260986
128.915909
128.352356
132.581696
131.442078
129.044510
130.952515
Control Period
134.158340
134.144989
134.186005
136.893402
134.292389
138.811523
134.190247
Control Period
138.868576
137.209885
134.297302
138.496094
138.731415
138.507446
134.275177
Control Period
136.779572
138.850204
137.493347
138.716156
138.450592
139.334335
138.431168
134.485352
Control Period
142.208069
136.951111
138.734467
138.566467
138.788544
138.532471
137.288223
138.772934
Control Period
138.415222
136.606873
138.655426
138.774460
137.341797
138.529053
136.126740
136.917953
Control Period
138.481598
135.085022
138.796997
134.332062
138.545593
138.540375
134.307617
136.761276
Control Period
134.764099
138.766525
138.560837
138.333496
136.423523
138.602081
134.326385
138.437286
Control Period
138.466949
136.089783
139.095398
135.833862
138.793152
138.550079
Control Period
134.865952
138.432220
137.732895
138.874084
138.611740
138.861145
138.400223
138.483200
Control Period
138.880478
138.758591
138.888580
139.761993
141.917313
137.328323
138.621506
Control Period
142.224060
138.815704
138.938660
138.329376
138.428223
138.754211
138.264984
138.349274
Control Period
139.191528
137.260544
138.927673
137.668732
139.011414
138.607208
138.684845
138.666336
Control Period
138.788574
136.630310
138.615204
136.395233
138.674744
138.809723
Control Period
141.305756
137.474518
137.230408
137.637573
138.384384
138.708344
136.237183
138.560516
Control Period
138.454498
138.471130
136.395905
138.878113
137.079681
138.631485
137.207062
138.833725
Control Period
137.154587
138.207611
138.581985
138.351395
138.427780
134.221191
138.129852
Control Period
138.457977
135.947937
138.740265
138.570648
137.460800
135.945053
138.569946
Control Period
140.430328
141.868683
137.523621
138.120270
138.626312
138.302277
138.503708
138.831909
Control Period
138.480255
138.458084
138.732056
138.705917
138.390167
139.160553
138.690491
Control Period
138.563995
138.700607
138.892181
138.465179
137.540710
138.460449
138.730392
138.874817
Control Period
139.532639
137.570496
138.549500
138.862396
137.861511
138.501083
135.552963
138.497986
Control Period
138.633148
137.293152
138.551712
136.528000
137.150482
138.940704
138.146622
Control Period
137.926971
138.930527
138.542526
138.688354
139.114624
134.474335
138.942688
138.457123
Control Period
137.374817
138.881531
137.396423
138.918213
136.132477
138.272415
138.563812
Control Period
138.607147
138.803802
138.739319
138.675003
138.719009
134.432480
138.592896
Control Period
138.551117
135.840759
139.021759
137.468414
138.752014
138.548889
136.955292
Control Period
138.712128
139.167389
140.448196
137.747971
138.777191
140.912140
138.201309
137.115585
Control Period
140.796738
137.707336
138.740173
134.615265
139.067841
137.691360
138.332062
Control Period
138.811066
135.047028
138.843384
138.616791
134.304962
138.495651
138.146088
Control Period
140.589111
138.304749
137.405212
141.449982
137.454681
139.973984
138.223297
138.191864
Control Period
138.800415
138.701874
138.699554
139.043045
138.699997
137.996094
137.855164
Control Period
137.679657
138.741272
138.564636
138.975937
138.334106
136.120804
138.736938
138.677795
Control Period
138.779816
134.514526
138.500702
138.931274
134.393951
138.540100
138.578888
Control Period
138.121704
138.509659
137.354691
138.703918
136.948517
138.663971
137.397278
138.553726
Control Period
138.390411
138.683136
138.619934
138.514771
138.555237
138.747253
138.348206
Control Period
138.443115
137.214432
138.575043
138.669281
138.501221
138.452637
138.336212
138.558167
Control Period
138.500870
138.308640
137.838715
138.616028
138.388519
139.042694
Control Period
138.779938
138.147400
138.135162
138.639618
137.309341
137.922211
140.408905
138.184967
Control Period
142.763519
139.156830
138.741211
138.758621
138.940094
138.588348
138.680801
Control Period
138.779449
137.946869
138.648163
139.980515
138.344086
138.202911
137.675110
138.459198
Control Period
138.784256
138.725662
137.812469
140.819260
137.649719
137.975464
141.826935
Control Period
138.155884
138.489761
138.565063
138.324127
138.596375
138.380219
138.617981
Control Period
138.505661
138.542389
138.050903
141.619583
140.759827
138.511658
138.336456
Control Period
139.436707
136.917755
138.357544
138.508194
138.219131
138.261139
140.749374
138.322052
Control Period
138.492828
138.783707
138.430496
138.614532
137.644043
137.574081
137.365173
Control Period
138.497925
138.459442
138.569183
138.077606
137.549377
138.629669
138.648422
136.731750
Control Period
138.385727
138.516663
138.659821
138.575394
138.300354
138.078217
137.634720
138.553375
Control Period
138.533142
138.822083
134.707520
138.534180
134.346848
138.761597
135.101166
Control Period
141.785187
136.671295
139.132507
138.648514
138.276932
138.897919
137.293732
138.467072
Control Period
138.787323
134.656677
138.668701
138.393402
138.651550
137.596344
138.431976
Control Period
138.563324
138.771576
138.661728
134.973450
138.845825
138.358185
138.393829
135.817169
Control Period
137.957611
135.153320
138.512909
138.677246
137.748505
138.577438
138.363892
Control Period
139.314911
138.508667
138.766174
134.520676
138.792740
138.729858
138.535858
Control Period
138.958313
137.182983
137.554626
138.403748
138.438293
138.688187
138.412201
138.401398
Control Period
138.421341
135.269440
138.410049
137.709793
138.855225
138.551270
136.058685
138.725159
Control Period
138.683990
138.528809
138.683517
138.584198
134.719650
138.418396
138.452957
Control Period
138.017212
136.751999
138.662201
138.500793
137.593475
138.695007
138.797089
134.710144
Control Period
138.554535
135.631866
138.134140
138.409912
138.499878
138.725861
139.117599
138.648193
Control Period
138.750366
138.667175
138.752472
138.270432
138.827423
138.052322
137.814331
Control Period
138.192139
137.638916
138.705353
138.691742
138.564423
137.997009
136.292542
Control Period
138.751648
138.940186
138.718460
137.358612
138.270691
138.328094
Control Period
140.901505
138.533478
140.675323
138.717346
138.391083
141.483948
139.250214
Control Period
139.028625
141.147644
138.584442
139.038055
137.391907
138.324310
138.460876
Control Period
140.818298
138.578369
141.066650
140.600006
138.275269
138.743454
141.905853
Control Period
142.134613
138.792938
138.415329
138.515869
138.268616
138.614166
139.014175
138.561829
Control Period
138.565765
138.586014
138.577209
138.878403
138.986359
138.613632
138.556412
Control Period
138.697510
138.661499
138.771606
138.452942
138.692032
138.760101
138.619934
Control Period
138.552429
138.322327
138.381699
138.548187
138.215103
138.676605
138.364807
Control Period
138.639557
138.252380
138.154526
137.827881
138.068314
138.255829
138.940308
Control Period
137.913330
138.582657
138.579803
138.373154
139.199936
138.830276
138.731613
Control Period
138.804169
138.663300
138.307846
137.948700
138.855774
138.868713
138.850922
Control Period
142.645828
138.478180
138.587997
138.667099
138.685944
138.416870
137.858749
138.367706
Control Period
138.686981
138.629700
139.030304
138.330338
138.472870
138.724884
138.692352
Control Period
138.197433
138.304504
138.262329
137.225021
137.813950
138.745758
140.364029
Control Period
138.521118
140.753052
141.634430
138.979813
138.385864
138.951645
138.487427
Control Period
139.868896
138.187988
139.121567
137.945770
138.576355
138.008194
138.332932
Control Period
138.643005
138.836761
140.258911
141.714111
141.229568
139.057526
138.739136
Control Period
140.651428
138.618881
140.330719
141.256073
140.215149
138.856445
138.694733
141.168289
Control Period
138.662140
138.319229
138.259430
139.021881
138.476776
139.062714
138.510681
Control Period
139.699127
138.816711
138.621826
138.664246
137.050537
141.714142
139.623322
138.568420
Control Period
138.779907
138.625153
138.574112
138.367310
138.962311
138.606232
138.951355
Control Period
137.323975
138.448380
138.385635
138.837982
138.827301
138.375519
138.076965
Control Period
140.268341
138.602600
138.641693
138.969238
138.500061
138.496994
138.537796
Control Period
139.465668
137.923904
138.317657
138.473114
138.555145
138.239807
138.382141
138.524765
Control Period
138.181732
138.745880
138.673019
138.656708
138.780731
138.704453
137.658783
Control Period
138.353210
138.446075
138.938080
138.669754
138.523392
138.497223
137.264893
Control Period
138.423172
138.638489
138.315033
138.655045
138.836151
138.531708
138.654694
Control Period
138.918274
138.444427
138.778076
138.500824
138.267075
138.917404
138.401398
136.840485
Control Period
141.668121
135.773987
138.530060
138.875488
134.600220
138.536957
134.636108
Control Period
142.171036
141.127258
138.500519
138.533249
138.664246
138.020935
138.580383
Control Period
138.286240
138.752197
138.463684
138.708588
138.982498
140.849396
138.520844
Control Period
139.775879
138.925354
138.868057
138.891846
138.213348
137.589844
139.171997
138.731293
Control Period
139.644699
138.707870
138.604218
138.298370
138.282471
138.406937
138.583710
Control Period
138.179810
138.369888
137.813278
138.632385
137.877563
137.925278
141.888855
137.611084
Control Period
137.522110
138.516571
138.735870
139.175262
138.602570
138.814301
137.573471
Control Period
141.131805
138.656921
138.896088
138.539520
138.682648
138.277603
137.596161
Control Period
141.246277
138.670471
137.699127
140.292130
138.249603
137.633606
137.708649
Control Period
142.779144
137.358429
137.633438
139.078339
138.418884
139.224701
139.050339
Control Period
141.859329
138.435028
139.694595
139.478500
138.722382
138.490082
141.306015
141.113052
Control Period
138.917023
138.445435
138.866425
138.258087
141.579041
141.475006
Control Period
136.860413
138.766418
138.832123
138.590622
138.714874
139.526886
141.579865
140.269150
Control Period
138.404083
141.422272
141.121216
138.338394
138.606537
138.500793
137.826843
Control Period
140.782684
138.559326
138.652161
138.471909
138.584579
137.383881
138.239136
Control Period
141.956390
138.360138
138.809448
138.368835
138.752258
138.344864
138.423355
Control Period
141.993988
139.400131
138.892609
138.742676
138.565186
138.698425
138.660034
Control Period
142.742188
138.683075
138.642883
138.832764
139.137634
138.647614
137.852066
Control Period
141.209961
137.609863
138.618179
138.924377
138.752548
138.721252
138.655975
Control Period
138.547546
138.669250
139.304901
138.377762
138.459579
139.968323
137.980576
Control Period
139.729568
138.703613
138.567749
142.077499
139.885345
138.631775
141.155457
Control Period
138.705948
141.048645
138.861237
140.705536
138.578522
142.103882
139.078857
Control Period
141.870239
137.454849
136.801376
138.414917
138.501114
138.507721
138.552063
Control Period
142.937347
150.768158
150.730652
150.777283
150.717056
150.681122
150.723236
150.712891
150.689087
152.018494
150.766586
