0.72308
0.832113
0.825552
0.807589
0.827923
0.780933
0.780339
0.762754
0.762491
0.762525
0.754883
0.740137
0.741263
0.729352
0.725626
0.713915
0.712
0.717688
0.701945
0.707762
0.698017
0.703843
0.70487
0.694177
0.710525
0.698773
0.69954
0.70658
0.694437
0.699666
0.693619
0.697132
0.701924
0.703956
0.70082
0.70738
0.721534
0.704527
0.718134
0.710146
0.691971
0.66822
0.703442
0.708136
0.671581
0.696039
0.710157
0.707629
0.711093
0.695691
0.71049
0.713612
0.722272
0.708737
0.694033
0.698684
0.701854
0.682195
0.689039
0.69141
0.686366
0.714577
0.723483
0.689598
0.703182
0.694705
0.684702
0.686245
0.691288
0.712694
0.685785
0.710624
0.71901
0.718138
0.682013
0.703419
0.705431
0.690211
0.698677
0.674838
0.688753
0.696733
0.688222
0.690427
0.700276
0.708908
0.703724
0.706107
0.7078
0.693162
0.706278
0.71538
0.689109
0.690277
0.695058
0.697348
0.710151
0.705578
0.702804
0.709522
0.698902
0.694502
0.701443
0.698169
0.690988
0.707681
0.701325
0.707935
0.703369
0.698961
0.703021
0.701528
0.703867
0.690778
