0.709809
0.765912
0.759794
0.747445
0.740027
0.732979
0.723415
0.726663
0.72016
0.717049
0.72023
0.721926
0.711182
0.713645
0.708398
0.701014
0.702614
0.704692
0.698381
0.700805
0.701134
0.699322
0.701833
0.698091
0.700228
0.698885
0.69734
0.70351
0.699946
0.700472
0.700323
0.697135
0.697558
0.70699
0.703657
0.702873
0.702622
0.701667
0.699996
0.700334
0.698295
0.695939
0.696396
0.698689
0.700511
0.697414
0.699173
0.703118
0.703781
0.700891
0.703127
0.70407
0.703936
0.701107
0.698092
0.698193
0.699406
0.694004
0.699585
0.697954
0.699753
0.703143
0.705818
0.702444
0.70022
0.700037
0.696164
0.697665
0.699238
0.698227
0.699301
0.697126
0.701651
0.701418
0.701153
0.700944
0.701897
0.695441
0.693373
0.691905
0.694946
0.698568
0.693005
0.696714
0.700171
0.704772
0.702746
0.703028
0.70244
0.704929
0.700454
0.698951
0.700663
0.70027
0.699773
0.700177
0.702136
0.704883
0.703714
0.699258
0.699072
0.696313
0.698463
0.700865
0.701017
0.700913
0.700144
0.698955
0.700235
0.698476
0.702671
0.701577
0.697327
0.697764
