5636.42
6247.6
6367.45
6550
6636.13
6747.83
6709.93
6701.47
6671.83
6780.3
6787.3
6899
6870.6
6902.2
7055.53
6966.13
6944.1
7056.2
7003.43
6960.3
7009.41
6995.07
7047.77
6910.23
7055.83
6992.07
6910.87
7044.43
7044.1
6986.77
7113.07
6956.3
6765.03
6966.32
6966.52
7003.03
6959.33
7023.73
7067.43
7016.23
7126.77
7023.97
6963
7031.33
6994.33
6918.53
6930.07
6951.83
6995.27
6912.87
6933.77
7059.5
7011.43
7065.07
6951.65
7051.7
7154
6954.63
7003.53
6932.63
6898.43
6933.27
6999.81
7031.7
7024.17
7125.7
6984.93
7036.8
7014.9
6981.8
7043.07
6912.6
7008.83
6981.9
6938.47
6976.48
7202.77
7136.93
7156.07
6947.5
7032.67
7124.97
7003.67
6875.9
6939.57
6945.77
6992.57
6951.9
6989.52
7026.93
6965.17
7062.34
7002.5
7000.16
7025.03
6977.33
6852.47
6999.53
6996.33
7132.9
6939.63
6986.37
7037.93
7024.53
6974.8
6966.9
6987.37
6981.14
7124.81
6879.55
6985.19
6994.9
7056.35
6995.08
