60.181248
59.896832
59.859776
59.905342
59.889473
59.913246
59.879425
59.878593
59.877441
59.913631
59.912769
59.916451
59.899456
59.927391
59.905182
59.860767
59.897758
59.901634
59.905441
59.916351
59.902016
59.896641
59.931137
59.895805
59.945854
59.901375
59.918880
59.915710
Control Period
59.917984
59.906685
59.910175
59.899261
59.898815
59.921570
59.918530
59.167587
59.923454
Control Period
59.919872
59.909058
59.918720
59.905182
59.900959
59.252960
57.769825
55.954529
Control Period
56.202721
59.892319
56.972256
55.802818
59.932930
55.988098
56.625568
59.899551
59.909023
Control Period
59.910080
59.798653
59.610847
59.886398
58.878975
59.902271
59.878273
59.154144
59.884003
55.731041
Control Period
57.872288
56.870399
57.710464
57.917603
56.066177
55.816483
59.898209
55.893375
59.920448
Control Period
59.892544
58.464546
55.887840
57.394497
56.084225
59.923233
57.009186
59.893440
57.911808
Control Period
56.183426
57.362877
57.551167
56.124191
56.248608
59.588829
58.062176
55.841888
57.702591
Control Period
56.807552
57.692833
57.306145
56.941345
57.225441
57.339359
56.668831
58.249374
57.600544
56.158112
56.702400
Control Period
56.325150
56.127647
56.458336
56.745087
57.111649
57.690975
57.832542
57.846497
57.633507
Control Period
57.512192
57.779167
58.017696
57.559395
55.525986
55.778114
57.204865
56.381149
56.115967
Control Period
56.955456
57.501213
56.138943
54.039902
57.551071
55.178272
55.786781
56.987232
54.038528
Control Period
57.498207
56.358658
57.082497
57.208672
54.025345
56.800995
57.007683
55.871201
57.689056
Control Period
55.706367
57.610912
54.388226
55.074593
55.133984
55.102177
57.518173
56.548477
57.318176
Control Period
54.041920
56.884960
56.714977
58.024002
55.560989
54.058914
56.671394
56.104160
Control Period
56.181217
57.588257
54.039230
56.771263
55.405571
57.881470
55.235394
56.835426
54.015232
Control Period
57.008064
54.007168
56.007298
54.901409
57.931232
54.290272
57.690147
56.282944
55.993217
Control Period
55.963585
55.687874
57.524414
57.941345
55.353855
54.043072
57.620449
57.658688
56.517761
Control Period
54.049149
54.021023
57.581951
57.661568
54.962654
56.017090
55.424191
57.525055
57.860096
Control Period
54.230621
54.012352
56.434685
56.431904
57.305183
57.288769
55.198685
57.683201
57.882336
Control Period
55.818817
57.465855
57.483200
53.998913
54.335037
56.421310
56.352703
55.855713
54.384033
54.221565
Control Period
55.664352
55.206398
57.714561
57.704704
57.895874
55.255234
54.479584
55.477345
55.669823
Control Period
55.746655
54.491325
54.109825
57.599617
57.753311
55.664383
57.131966
56.616833
57.244415
Control Period
59.895325
56.630432
56.150368
54.098465
54.081249
54.699837
54.014881
55.947231
56.167809
Control Period
57.136353
57.655136
57.840958
55.296547
57.588638
55.750816
56.176704
56.012192
55.023933
Control Period
57.959999
55.416130
55.705086
54.018528
54.140545
54.745152
57.828354
57.736927
56.938972
Control Period
56.797279
55.928864
54.124001
54.066273
57.062492
57.891232
55.908928
56.606339
Control Period
54.028961
57.911713
57.969727
54.891518
54.580544
55.943104
57.104321
56.952736
57.449379
Control Period
56.077824
55.704002
55.551422
54.281696
55.055550
56.523457
56.471584
54.070656
54.517662
57.752800
Control Period
54.524609
55.135071
55.464096
57.805534
58.029503
57.679073
54.397758
54.037952
54.042656
Control Period
54.031487
54.026848
54.002464
55.219490
55.675934
57.508160
57.812065
57.479008
Control Period
57.659424
54.048866
54.029568
56.777153
56.772255
56.720032
57.251778
56.485725
Control Period
56.414112
54.799614
54.291298
57.618942
55.039936
55.473923
57.504383
58.012321
57.654881
54.054436
Control Period
54.036831
54.022270
56.490112
56.661663
55.499779
57.525600
56.616669
54.313408
54.539902
Control Period
54.017151
55.029343
54.016575
54.051613
58.363808
55.307869
54.916416
Control Period
56.267075
57.575874
57.573887
56.442944
55.334400
54.219711
54.107903
54.054497
54.058975
Control Period
59.008995
57.487198
57.162178
57.997726
57.739552
54.325825
54.429886
54.747040
57.747330
57.601696
Control Period
57.907585
54.519646
54.041855
57.608643
57.699326
57.754143
54.092575
54.029312
54.051231
Control Period
57.541759
54.561440
54.697311
57.415489
57.551105
57.821888
57.654755
57.572578
57.783646
57.905090
Control Period
56.274399
55.855423
57.005310
57.793121
57.283203
57.320770
57.273792
57.495777
57.763901
Control Period
55.777794
54.576992
55.181763
56.574142
55.926239
56.110786
56.339874
56.931072
57.388832
Control Period
54.037758
54.022816
54.042431
54.023296
54.055904
54.103775
54.039455
54.017822
54.443230
Control Period
54.026878
57.768799
57.657761
57.483711
57.807327
57.923584
57.631454
55.051521
55.062080
Control Period
55.908386
57.992928
57.822784
57.727615
57.955650
54.814240
54.810528
57.641632
57.897217
Control Period
54.031551
54.014465
54.053726
54.837250
54.284832
54.009087
54.853409
Control Period
57.880577
54.031296
54.037277
54.123360
57.007423
57.033024
57.135330
54.016224
Control Period
57.855682
54.944260
55.428383
55.616768
55.715134
55.728737
56.570751
57.506912
57.361088
Control Period
59.868065
56.599106
56.559998
56.169250
54.035168
54.609344
57.262913
56.623970
54.054272
54.023422
Control Period
55.999550
54.427456
55.099869
55.940128
55.796032
57.679970
57.453827
56.873951
56.587616
Control Period
57.131424
54.008354
54.000641
54.031872
54.008480
54.031746
57.786465
56.070114
55.899296
Control Period
57.534653
57.514751
57.844448
57.616417
54.257149
54.600353
54.315361
54.384705
55.128128
Control Period
57.674080
55.769470
56.044579
55.795235
55.177246
57.072449
57.394207
57.777184
54.035233
54.022015
Control Period
57.858047
57.565857
57.708031
57.561024
57.782047
56.937057
56.730591
56.801277
55.809311
Control Period
57.591232
57.540771
57.498589
57.177216
56.584736
55.987743
55.341949
57.055458
57.576546
Control Period
56.764992
56.556896
55.084030
55.834145
56.285728
55.907967
55.861984
56.007233
56.781151
Control Period
56.535904
56.161438
55.959938
56.381248
55.827202
56.140511
55.456928
56.076447
56.643394
Control Period
57.777374
57.057182
56.606815
56.557762
55.719261
55.745247
56.136448
57.236351
Control Period
57.044415
54.200768
54.302429
54.895966
56.782173
54.402496
54.494942
57.551361
57.208511
56.812481
55.711395
Control Period
55.393951
54.390530
53.989216
54.002365
57.648960
58.183712
58.021347
53.989601
54.008865
Control Period
55.312256
55.186047
55.553986
56.190910
56.351616
55.892319
56.528671
54.403072
Control Period
54.003777
54.124863
54.359871
54.533569
54.588318
53.988224
54.871296
57.694431
Control Period
57.799168
55.385216
55.499424
55.287331
55.006752
57.368992
56.319744
56.106049
57.539265
Control Period
55.979042
55.295967
55.579201
54.700989
57.492992
57.914783
57.806206
57.595139
57.965664
Control Period
55.130016
54.974976
55.793152
55.799393
55.091072
54.283134
54.007965
54.013405
53.978817
Control Period
57.120770
56.382431
55.206078
55.122272
55.747009
55.538177
56.051136
55.363873
55.986496
Control Period
55.986015
54.065472
54.033218
54.082176
57.264702
56.400768
55.825089
54.956032
55.508415
Control Period
58.024895
57.653534
54.001282
54.168064
54.219742
53.985184
54.586655
54.852192
54.797855
54.013313
Control Period
55.160511
55.013760
54.430046
54.042175
54.815331
54.973022
54.755009
54.817120
Control Period
54.026016
54.631809
54.963676
55.973091
55.920830
56.418560
55.361282
55.178558
54.357376
54.867905
Control Period
56.896576
57.409855
54.526688
57.851265
57.437119
57.871330
57.273792
57.544098
54.801727
54.533218
Control Period
57.704353
54.847744
54.674110
54.184349
54.041504
54.072033
54.035519
54.032352
54.021889
Control Period
57.408318
55.460320
56.396065
56.392097
56.292320
56.776993
56.832321
56.587009
Control Period
55.839363
57.497986
57.425247
57.255264
57.303551
56.168831
57.277695
56.884514
57.160606
Control Period
55.828415
57.828129
57.825279
57.848351
57.420227
57.388542
57.440704
57.290466
57.277664
Control Period
56.526207
54.999073
54.832512
54.745152
54.141407
54.034241
54.010498
54.307232
54.865536
Control Period
58.021248
55.435516
55.064705
54.341469
54.385632
54.388161
54.287968
57.122944
57.127777
57.671936
Control Period
55.820801
54.163071
55.221794
56.303261
55.834015
56.501183
56.599422
56.827263
54.261345
57.681664
Control Period
55.363968
55.518784
55.222111
55.923874
55.249344
55.113922
54.020737
58.045952
57.688961
Control Period
58.249443
58.006783
57.684704
54.018463
54.043968
57.644897
57.783554
57.577278
57.001472
Control Period
56.712704
56.225182
55.275169
54.565025
55.723297
55.821056
55.417568
54.945087
Control Period
57.769184
55.406013
55.402145
56.638592
56.132736
56.139458
54.375870
55.302784
Control Period
56.589184
55.232224
56.466145
54.313217
54.575615
57.794914
58.073059
57.665314
57.171745
57.647614
57.860031
Control Period
54.615646
55.027809
57.881630
57.782722
54.444832
54.024895
56.962433
57.477119
56.294334
Control Period
54.052288
56.769184
57.138237
54.638687
55.098335
57.736702
54.052128
57.810143
57.764320
Control Period
56.475677
54.053921
57.290752
56.212448
56.373314
55.152992
57.683937
57.723679
54.039070
Control Period
55.956928
55.666080
57.863617
53.999939
56.548481
56.125889
58.082207
57.950687
Control Period
58.889759
55.245506
54.673218
55.284351
56.258080
54.042847
57.896286
57.784832
55.315041
54.395042
Control Period
57.926785
57.511105
54.626846
57.570015
56.863873
56.220894
54.053440
54.031391
58.008961
57.657219
Control Period
54.320095
55.112991
57.939201
57.993504
54.725632
56.069153
55.373123
57.432610
56.965790
Control Period
54.057056
54.039261
55.643997
54.281857
54.427742
57.898689
58.025215
54.209473
Control Period
58.055618
57.871937
54.639679
54.823235
55.955170
56.127682
57.078270
56.514755
Control Period
57.961025
55.631489
57.804863
57.622658
57.982464
58.042625
57.507008
54.050690
54.043198
Control Period
54.205986
54.031555
57.443230
56.056896
55.225441
57.542049
57.666145
54.065407
54.032993
Control Period
54.071747
54.035103
56.286110
56.735550
57.417568
56.279106
55.701698
54.610111
55.536606
Control Period
55.302433
54.843136
55.694527
56.040894
54.069153
54.183296
57.542816
57.572029
Control Period
57.698433
57.516190
57.955040
54.357246
55.031326
54.872543
55.345280
57.639168
54.069283
54.018173
Control Period
58.116898
57.722878
57.801407
56.857601
56.184448
56.845600
56.116512
Control Period
55.276031
55.954559
54.048191
54.040611
57.125122
57.669952
58.044899
55.540733
54.869698
Control Period
54.312225
54.042912
56.415009
56.271294
56.740353
56.906208
56.353153
56.846718
54.026848
Control Period
56.075966
56.663296
57.235168
54.384033
54.663841
56.002239
55.732929
57.747776
57.581726
57.582623
Control Period
56.815773
56.646145
57.156193
57.683296
57.589058
56.940125
54.046143
54.010338
Control Period
55.926910
54.016415
54.052063
57.599297
57.843136
57.767235
54.430336
55.099167
54.371391
Control Period
57.510529
54.069248
54.040192
56.150208
57.062462
56.940384
56.294559
56.129471
56.095650
56.263840
Control Period
57.012833
56.571518
56.454945
56.071041
54.926048
55.251358
55.984062
55.772736
55.997154
Control Period
56.210335
55.863197
56.527328
55.963615
55.488258
55.750816
54.122498
54.325378
55.285088
Control Period
56.380417
56.899361
56.075294
57.216736
56.888832
55.281891
55.568222
57.953472
57.305313
56.104195
Control Period
55.753983
55.384159
56.336544
56.577023
56.218018
54.114082
57.732033
Control Period
55.740128
57.720192
56.856834
56.640419
54.054977
54.607201
57.720352
57.709248
57.636608
Control Period
55.949341
57.732323
57.638306
57.964607
57.066689
54.539871
55.372192
55.885406
55.133949
54.995903
Control Period
56.421822
54.069794
54.124962
58.215904
57.506336
57.741089
56.921341
57.350243
Control Period
57.737442
57.707520
57.536575
54.698242
55.283009
55.433922
55.518433
55.870209
56.520416
Control Period
56.444862
56.145344
56.102333
55.537441
57.836029
57.675934
57.510429
54.011009
54.006592
Control Period
57.480225
57.807457
54.015198
54.007233
57.236416
56.756226
56.558754
56.683647
56.767426
56.139809
Control Period
59.150589
56.072514
55.879517
56.083168
54.261826
54.033825
54.038078
54.028706
54.015617
Control Period
57.430817
59.842621
59.873055
59.869858
59.859585
59.884640
59.874687
59.886593
59.860767
59.883808
59.878849
59.877090
59.857025
59.904415
59.876511
59.874367
59.860382
59.866562
59.896736
59.866337
59.858788
59.854401
59.869919
59.895042
59.858658
59.869122
59.855202
59.898529
59.868034
59.867683
59.867840
59.872673
59.856834
59.874561
59.947487
