5692.28
6748.67
7040.3
7090.19
7060.86
7019.12
7009.81
6895.93
7074.89
7135
7056.7
6954.63
7080.7
7070.79
7005.12
6832.67
7016.21
6963.44
6983.89
7029.71
6970.93
7058.44
6979.36
7086.22
6946.81
6986.41
6993.3
6923.7
7018.56
7138.14
6891.67
6886.56
7013.68
6973.89
7098.74
6965.74
7035.26
7002.41
7015.59
6954.46
6990.78
6908.07
7037.15
7012.39
7057.19
7041.96
7070.07
7066.14
6901.19
7002.56
6968.89
7131.43
6960.04
6900.78
6998.48
6964.7
6984.85
6966.41
6984.33
7121.15
7035.93
6906.89
6937.85
7194.75
7089.19
7063.56
6913.43
6903.78
6916.5
6931.15
7006.41
7105.89
7107.3
6953.63
7012
6930.89
6900.7
6895.22
7102.89
6987.26
6972.59
7034.5
7047.48
7030.07
7180.78
6853.33
6929.86
7040.56
7001.07
7068.85
6984.07
6979.15
6938.41
7061.19
7036.32
7024.96
6965.89
7030
6963.41
7033.18
7011.82
6915.65
7012.89
6977.04
6877.86
7018.41
7046.89
6943.81
7042.5
7071.33
7149.96
6918.39
6931.77
6832.55
