60.087330
59.918430
59.897568
59.910942
59.860832
59.922016
59.895966
59.885056
59.888096
59.895454
59.884995
59.888222
59.861439
59.917408
59.885887
59.907871
59.890335
59.916161
59.908798
59.885952
59.933632
59.862240
59.909760
59.899330
59.911968
59.888191
59.903839
59.926750
59.909504
59.908703
Control Period
58.202431
57.232319
57.576767
53.984322
54.663651
54.402977
58.184799
54.797310
55.522976
Control Period
54.025536
57.100800
55.700035
54.022591
54.025154
57.669216
54.039581
53.996895
54.833473
Control Period
58.477024
54.031487
54.033569
57.169056
56.927040
54.020798
54.008385
58.330303
54.898430
Control Period
58.843231
54.013760
58.054626
54.047199
57.270977
54.027103
56.733280
53.996254
55.946754
Control Period
57.294754
54.005951
55.487587
58.359009
55.531998
56.976318
57.241344
54.022881
54.626400
Control Period
59.879009
55.287071
54.128223
58.250305
56.266083
54.005024
56.043262
58.517570
55.181534
Control Period
57.084702
53.989601
57.317375
56.149822
54.018463
57.236992
57.118050
57.760895
Control Period
54.946144
54.725220
55.741089
57.904224
56.206848
54.046272
57.274979
55.496128
57.803776
Control Period
55.031071
58.657761
57.335106
54.013920
54.527008
58.081535
57.056896
54.005379
55.006401
54.008640
Control Period
54.945442
54.503136
54.824162
55.752159
55.817310
56.914497
54.030434
58.272926
Control Period
56.931328
55.967297
56.193184
56.036991
57.285599
57.362015
55.827072
56.642815
Control Period
59.928192
56.195488
55.669250
57.626556
57.613853
58.095741
58.285789
58.300385
58.456963
Control Period
55.121727
55.976898
56.691040
57.790112
58.066399
55.019745
54.034336
55.270691
54.945057
Control Period
55.750240
56.286880
57.552319
56.562019
56.552734
55.981506
56.955936
56.580002
56.915260
56.694176
Control Period
56.261024
57.558849
55.821793
55.351875
55.345566
58.307137
55.176353
57.842979
Control Period
56.216446
56.919552
57.805824
58.095299
58.214241
58.246239
58.558880
54.025440
54.032318
58.293888
Control Period
59.796959
57.878113
58.216034
57.758270
56.360962
56.997185
57.401886
57.969246
58.724609
Control Period
54.919998
54.034622
54.006142
58.130814
57.762367
56.639748
55.947041
55.244957
58.222977
Control Period
55.037567
54.470177
58.256927
58.219646
58.289024
56.222786
56.999298
57.336418
58.161598
Control Period
55.881790
55.069283
54.093792
54.012833
54.063168
56.641151
55.616673
55.103519
55.400963
Control Period
58.362400
58.398270
54.065311
55.681953
55.437920
54.746017
58.354851
58.022751
57.143009
Control Period
56.522690
56.397728
57.342144
58.241375
57.943264
58.432259
58.297539
58.338371
57.921215
57.974785
Control Period
53.998592
54.017857
54.006401
54.008480
57.012642
56.405952
55.565983
54.773312
54.200226
Control Period
58.563744
54.016991
57.067905
56.513153
54.029697
58.294529
54.068031
58.292225
57.652802
Control Period
56.170723
55.673058
57.016449
53.992256
54.006081
54.024544
57.821793
57.305920
Control Period
57.107903
57.904545
58.121155
58.012928
58.213089
58.379105
54.090691
54.199615
53.991169
Control Period
56.062050
56.182335
53.994461
54.686848
54.323200
54.005535
54.053246
53.998367
Control Period
57.497917
57.283745
56.487587
57.677025
57.878048
53.994301
55.473282
54.761505
58.478081
56.595390
Control Period
56.504704
54.020000
53.997856
56.492897
55.666145
55.557823
58.349762
54.229824
55.653088
Control Period
58.421181
55.255615
55.044800
54.238079
58.253731
57.447937
55.884895
54.990368
58.317825
Control Period
54.022591
54.005024
54.013184
53.989632
54.000832
54.717758
55.465279
56.864578
58.429665
Control Period
58.423294
58.550301
55.328094
54.003426
56.304962
57.543617
54.001152
54.706272
57.986431
Control Period
56.664097
58.103840
54.662945
54.394974
56.853409
58.162624
57.206818
54.028481
54.792255
57.537117
Control Period
57.856670
54.549152
54.550880
58.321312
55.688961
54.013729
56.637054
54.040672
55.645504
58.386082
Control Period
54.855423
56.152992
54.032738
54.035713
57.246113
56.717407
54.013054
54.016319
Control Period
59.893696
56.280033
55.447266
58.683006
54.372608
55.027710
54.025795
53.998047
Control Period
57.095871
54.041183
54.035583
54.975006
54.645119
54.726913
58.281952
57.553474
57.071617
Control Period
57.016064
54.030273
54.198463
55.339775
54.629761
54.212318
58.454979
58.037697
56.857597
Control Period
56.735168
54.054783
54.032928
55.035522
55.561630
57.660767
57.354080
56.116898
Control Period
55.781921
58.491199
54.627136
55.193153
55.886017
58.274303
57.971680
54.033440
Control Period
55.913406
56.703968
54.026077
57.983231
56.701153
56.730530
54.039810
54.021088
54.416191
Control Period
57.445854
57.235458
53.993153
57.317665
54.000862
55.624096
57.233315
55.965759
Control Period
56.357857
55.936672
58.510979
54.912575
53.986397
56.601059
57.782433
54.479263
54.107071
Control Period
57.913567
54.011776
56.976639
57.321922
53.990334
56.037792
57.775551
54.025696
54.902275
58.663612
Control Period
53.980194
57.012161
56.685982
57.247009
58.102623
54.000576
54.041023
55.289055
55.111584
Control Period
54.518654
54.022144
54.026337
56.929184
58.144798
58.769661
54.343903
54.073696
54.010658
Control Period
54.751553
58.342529
58.312477
57.083138
56.385441
54.030334
58.133472
56.001984
58.374947
58.208000
Control Period
59.881504
57.420895
57.702240
56.559746
58.080963
55.473022
55.103455
58.110497
Control Period
58.006721
57.534081
56.465088
56.433952
55.884544
55.266655
55.503551
54.691040
55.112480
Control Period
57.440002
56.338081
56.061665
56.548958
56.701439
56.522655
55.591518
54.701759
54.305889
Control Period
55.346561
55.624382
55.534687
56.864479
55.394848
58.215008
58.078529
58.196831
56.501472
54.961090
Control Period
55.096737
58.328415
54.716190
55.231712
57.138752
57.807392
54.714241
55.357697
57.958145
Control Period
58.147297
54.038113
56.166592
56.720161
57.585312
56.695808
56.500542
55.987904
Control Period
55.319649
55.151264
55.381504
54.043358
56.543358
56.037949
55.699776
56.870625
56.751297
56.762081
Control Period
58.079361
54.292992
54.051456
54.043488
55.793694
58.508194
58.202301
57.945152
Control Period
57.276573
56.289089
56.857887
57.245953
56.913727
54.028542
54.021919
56.900963
56.567711
Control Period
55.986816
55.524483
58.303616
58.259457
56.813469
57.197311
54.025471
53.995617
56.037155
Control Period
57.834785
56.164352
54.031616
57.113567
57.956959
58.305439
54.716064
54.322144
58.257183
Control Period
58.298687
55.551102
53.998848
57.024094
57.467777
54.031837
55.660515
54.040768
54.979168
Control Period
55.208832
55.445122
56.069344
56.322113
57.507137
56.981026
56.100739
Control Period
58.034016
58.367134
58.824223
58.930496
58.567871
58.305504
54.844803
54.905056
54.178429
Control Period
58.387810
58.283169
57.398941
57.428928
57.709503
54.046848
54.020832
56.706207
55.362560
Control Period
58.171745
58.436031
55.524704
58.457245
55.737888
56.262718
58.132927
54.801186
55.168579
58.374401
Control Period
56.084450
57.327072
57.328354
54.037567
57.552608
56.685150
57.639198
57.900928
57.582558
Control Period
58.250145
55.059616
58.657089
57.944702
55.725727
55.065216
58.194946
54.995102
58.553886
56.725346
Control Period
57.678589
56.041695
58.394497
55.154045
58.383072
56.175873
56.497406
56.436672
57.169922
Control Period
57.552608
56.802208
56.533470
57.002399
58.161633
54.858944
55.302818
57.795586
54.054115
Control Period
58.178238
56.772415
57.041344
57.425858
58.383102
54.752094
54.001823
56.883682
56.867039
Control Period
57.578785
58.297539
56.207458
58.110592
58.812386
58.418465
54.587776
54.706177
55.570175
55.850655
Control Period
58.671005
54.927422
54.017502
56.639519
57.639618
54.803360
55.342655
53.999969
56.665955
Control Period
56.428959
54.279007
55.047871
58.352318
55.274818
55.458946
54.016350
56.147102
57.836384
Control Period
54.028641
54.032799
54.026817
54.014526
56.512512
55.136608
54.637634
54.550430
54.526978
54.005569
Control Period
55.175232
58.256706
58.488770
55.213760
54.901695
58.038910
57.462914
56.213341
55.856926
Control Period
58.231102
57.563873
56.420738
53.989376
58.370689
58.191551
58.920704
58.194397
Control Period
57.582047
56.781921
56.605217
54.004578
58.040192
58.253761
55.712193
57.320641
56.716385
57.964352
Control Period
55.133823
55.219070
55.316353
56.611488
57.098526
57.742752
58.236610
57.991615
Control Period
54.034752
54.037216
57.488670
54.042240
55.793953
55.781601
54.031487
57.272575
55.291489
53.999008
Control Period
54.846848
55.824638
54.004833
56.441536
54.007263
58.156223
55.205986
Control Period
57.442047
53.989853
58.029602
56.585697
57.520958
54.022110
56.819939
56.068256
Control Period
57.855808
54.696030
54.238434
58.229568
55.999680
54.022110
54.031425
54.806755
54.092770
Control Period
58.242912
55.878082
54.027550
58.500416
55.511200
54.025024
58.287201
55.429153
54.018654
Control Period
59.911167
57.430946
54.055458
55.462402
58.336258
58.433311
55.292831
54.287777
58.133759
Control Period
59.927040
57.501854
57.275520
54.022881
54.013474
56.651230
56.139679
57.251266
55.407043
Control Period
55.937729
55.097694
55.108608
54.035553
54.045731
54.042946
56.043743
55.358177
55.296192
Control Period
55.624096
57.330624
55.458752
57.827553
57.365856
56.522079
57.953312
55.544735
55.598591
Control Period
55.262688
58.471901
58.374722
57.754433
57.267937
55.884544
56.077278
Control Period
56.949089
55.887390
55.439968
58.340927
57.348511
54.035454
54.045761
55.196640
54.038208
Control Period
57.207329
56.377056
57.128704
56.979393
57.608963
56.777184
56.439777
56.355453
58.250687
Control Period
57.894302
58.010529
58.035999
58.328320
58.235744
56.333088
55.665791
55.307266
58.298561
Control Period
59.892548
58.064480
57.534401
56.906689
54.035839
56.684418
57.250847
54.008831
57.674850
Control Period
55.523010
55.264767
55.165920
54.749889
55.581665
57.509056
56.901726
57.170944
56.873955
Control Period
56.211517
55.313026
55.252930
57.523232
57.219490
57.365631
55.945728
55.229950
55.134079
Control Period
54.902081
54.152992
54.064800
55.029602
54.614529
55.592606
55.878685
56.045921
54.067200
54.040993
Control Period
59.903778
56.947712
56.196064
56.665474
56.619934
56.519455
56.538177
55.678047
57.854179
Control Period
58.042336
55.572418
54.972576
58.459232
58.308159
57.875038
58.305695
54.047905
55.954079
Control Period
57.410049
54.051010
56.152702
57.214241
55.854111
55.627903
55.393120
55.440895
58.280769
Control Period
57.543037
54.856766
58.559998
57.814785
57.805214
57.119553
57.551872
54.028610
54.013184
Control Period
55.511101
58.668449
58.187328
58.292160
55.036575
54.739681
55.239426
58.096447
57.583710
Control Period
56.435295
56.737217
57.292450
57.010880
58.028320
58.525246
58.315681
58.274017
Control Period
57.324898
57.820736
54.916832
55.394493
56.334526
57.035679
56.333088
56.617474
56.503296
Control Period
56.699295
57.225822
57.703903
55.485695
54.960545
54.002945
58.081600
57.721313
55.589630
Control Period
55.110016
54.891968
55.473373
54.024033
54.029057
54.037827
54.011009
54.206463
54.499840
Control Period
55.503136
55.290749
56.430687
56.974434
57.407646
58.378494
58.214882
57.969635
58.405247
Control Period
56.643936
56.072189
56.237728
56.783264
55.039230
54.066273
53.999905
54.039970
54.010880
Control Period
56.628288
58.520031
54.059586
54.012257
58.164764
56.012287
54.029922
54.024414
Control Period
55.911263
54.041214
54.717472
54.778976
58.632095
54.835552
55.929886
54.031776
Control Period
57.962433
56.310913
56.776768
54.043358
57.147808
56.161697
58.202370
58.132000
56.589569
Control Period
57.923969
54.027840
54.685570
58.068832
55.908356
54.035522
56.188866
58.213760
54.019875
Control Period
55.311165
54.018333
57.558495
56.953186
57.099743
54.019455
54.029217
55.504448
58.284317
Control Period
55.050529
58.996128
58.458015
55.536160
56.084671
55.944801
54.002754
54.017601
54.005058
54.033791
Control Period
55.111233
57.910591
56.341217
56.292061
57.220253
56.776768
57.509789
55.855328
54.002720
Control Period
55.000031
54.231422
58.581154
58.295040
58.343616
54.010494
54.849377
55.246559
56.827232
56.998016
Control Period
56.106239
55.386784
55.529472
54.918785
56.001568
58.128799
59.847424
Control Period
59.865501
59.843872
59.871902
59.881889
59.869633
59.863777
59.844063
59.854141
59.854687
59.861603
59.861217
59.858368
59.859585
59.848640
59.850719
59.876801
59.862686
59.862175
59.843487
59.873215
59.864349
59.863873
59.868576
59.874687
59.859360
59.872704
59.852867
