117.481567
117.321533
117.335297
117.315742
117.319328
117.310181
117.311905
117.316895
117.325600
117.297379
117.325859
117.337341
117.319969
117.314041
117.334465
117.303558
117.337280
117.350494
117.359100
117.347618
117.314079
117.323257
117.313377
117.306335
117.312988
117.335876
117.350975
117.341858
117.324959
Control Period
117.324608
109.708130
108.686943
108.256027
109.852608
109.992508
110.045181
110.217758
112.665344
Control Period
112.468674
109.979492
107.122208
107.798782
109.550751
110.033920
106.518814
110.548637
110.050240
108.509888
Control Period
108.134628
110.301437
110.542404
106.902527
107.640869
109.939262
110.170013
105.766907
109.551811
Control Period
108.600891
110.133438
108.515488
110.523239
107.457092
110.132576
107.997253
110.676033
108.270050
Control Period
110.318146
110.249252
108.712708
109.477692
110.391556
109.889755
108.623360
110.237595
109.857849
Control Period
112.608414
109.337402
110.021149
109.818466
108.508667
110.170151
109.950432
108.883682
109.238625
Control Period
111.760193
107.770912
108.476837
110.337471
109.881920
108.367294
110.117279
110.494080
110.004448
108.445221
Control Period
110.476486
107.521667
110.324005
109.880066
107.872192
110.492386
106.751778
110.126335
106.182045
Control Period
109.985916
109.995041
109.738556
108.174622
110.342590
110.676285
109.316483
110.089310
Control Period
112.574692
112.478531
112.486015
111.403809
112.542686
111.906784
111.911102
111.215553
109.375870
Control Period
109.760254
112.000412
111.943420
110.257507
110.587875
111.528671
111.420830
112.040672
112.944061
Control Period
111.950752
110.394142
110.500839
110.263718
110.573471
110.741570
110.576355
110.352898
110.769699
Control Period
112.771973
110.447937
111.194626
108.402054
110.983582
110.157791
112.519264
110.062363
Control Period
111.651169
110.912544
111.049347
112.255455
112.750565
110.348030
112.369949
110.425758
Control Period
114.366783
111.736671
110.671776
111.778976
112.272705
109.757507
110.279266
112.396194
110.935867
111.694565
Control Period
110.155807
110.142944
110.016800
109.773148
109.248322
108.540634
111.837791
107.914047
Control Period
110.946655
110.985626
111.182526
111.761665
108.830948
108.436798
108.411041
108.744156
108.274879
Control Period
110.139069
110.249283
110.705414
110.930336
110.210625
109.875168
110.128677
110.138214
110.316223
Control Period
110.412292
110.128098
110.310532
110.213699
109.367615
110.271935
112.556992
108.198174
108.496735
Control Period
110.797958
110.041794
110.024704
109.984482
110.223450
110.275009
110.167068
110.185539
110.058182
Control Period
112.718719
109.572350
108.541504
108.866081
113.003487
109.371323
108.544350
110.990555
112.629532
Control Period
110.344986
110.309402
110.249214
110.070206
110.274689
110.188255
108.433571
108.267517
107.680000
Control Period
111.906754
111.794243
111.734756
111.257828
109.877441
110.354492
110.201920
110.228638
Control Period
113.026558
110.361664
110.457626
111.487457
107.584061
110.101089
110.203712
112.948959
110.163040
Control Period
114.252670
110.462784
110.589119
110.486786
110.284126
111.292801
111.887100
107.323227
108.300003
Control Period
110.243904
110.235939
109.463936
109.551231
109.523872
108.750015
112.955109
112.533020
112.174500
Control Period
111.702713
110.361633
110.283875
110.297379
110.474945
110.102112
110.553955
110.408005
110.042847
110.219650
Control Period
110.123581
110.195038
110.033478
107.662628
107.346588
110.401855
110.382080
109.920639
Control Period
110.223999
109.839745
110.125153
108.461151
108.591743
111.833534
108.886917
109.737152
108.226784
Control Period
113.873344
112.812607
112.688965
110.347076
110.222809
107.977539
111.689148
110.165855
110.716995
Control Period
110.625183
111.066818
111.578781
111.982819
109.888901
109.430367
108.975998
111.728699
109.485626
Control Period
108.648384
108.064163
110.482468
110.282303
108.754501
110.317535
109.932320
109.258781
108.231773
110.633598
Control Period
109.931709
109.948578
109.537506
108.759872
109.577698
108.305023
110.581863
110.235291
108.029724
Control Period
108.571869
109.742912
110.293282
109.378403
109.140450
110.045853
108.549759
108.789696
Control Period
113.945984
110.154083
110.041733
110.590469
107.750206
108.824219
112.138306
108.243835
110.966400
110.120834
Control Period
111.075264
108.291039
112.311356
108.990944
110.213989
110.121407
110.189026
111.833153
108.547615
Control Period
111.038467
110.478531
109.321983
109.337601
112.787460
108.425407
108.416290
111.976410
110.276123
Control Period
110.385986
110.104996
109.658371
109.532028
112.956863
107.908127
108.537918
111.787903
112.272675
Control Period
110.014755
110.516769
110.403198
110.114365
110.525375
110.187332
110.092102
110.102310
110.326622
Control Period
112.808578
108.440094
109.633247
110.860191
110.166817
110.275681
110.089828
111.864349
108.591110
108.623459
Control Period
112.367584
108.470879
112.619553
108.367386
110.311203
110.343903
110.134148
110.235329
112.441177
Control Period
108.426529
110.259583
110.200958
107.003937
110.555420
109.009628
109.591713
108.123230
108.964188
110.437218
Control Period
110.155197
110.377441
109.008133
109.492004
110.109665
110.275452
108.672028
109.701088
110.268997
Control Period
110.134048
110.075363
110.262756
107.487167
110.333755
110.169792
108.578781
110.119751
110.173439
Control Period
110.305725
110.408798
110.697792
110.050781
111.196899
108.118500
112.488670
110.517120
109.870720
Control Period
110.003136
110.313477
110.355270
110.070305
109.781342
110.078690
110.445633
110.364578
109.854492
Control Period
110.437790
110.893181
108.602982
108.428673
110.384796
110.483643
110.420128
107.789154
Control Period
111.203583
111.331741
109.396515
110.195618
108.495583
110.429344
109.512451
112.635910
110.417183
Control Period
110.212639
108.493027
108.386948
107.659683
108.331139
108.952515
108.813087
109.538017
109.763718
Control Period
111.249435
108.305954
108.472443
107.952835
107.994980
107.990753
108.326561
110.285980
110.657852
Control Period
110.186081
108.374176
113.065765
109.537415
109.110367
108.305603
108.699997
108.916092
Control Period
112.252228
109.984100
110.161636
112.561188
110.094559
110.174240
112.963425
112.934845
110.454590
Control Period
110.453308
111.553116
111.491425
110.008133
111.360481
111.729118
112.781540
111.803360
110.310654
Control Period
112.269760
109.646370
109.392830
109.398560
110.473503
110.346367
109.961411
110.048676
109.995842
Control Period
109.918175
110.283775
110.269150
110.733063
110.450752
110.850876
110.345306
110.126785
110.472870
109.821091
Control Period
110.179939
111.005219
110.242554
112.149246
108.478462
110.382080
110.526207
110.128349
109.904991
Control Period
110.389053
110.565086
110.394562
109.541794
112.185699
108.851685
112.522079
110.126335
110.532028
Control Period
110.962555
110.686523
110.208801
107.636475
110.118439
110.445374
110.311455
110.032166
108.111198
Control Period
111.052963
110.489410
110.019806
108.415070
110.583328
110.464127
108.556381
110.279297
Control Period
110.357956
109.600258
108.955391
108.205795
107.746841
108.493279
108.501633
108.412125
109.159523
111.278107
Control Period
111.950974
108.027939
108.232742
110.403366
110.659103
110.060577
110.029083
109.939873
110.443802
Control Period
110.305573
107.475937
111.123871
110.382080
110.140839
110.591171
110.234688
108.147614
108.744644
Control Period
109.490623
109.288635
110.227615
109.123169
109.553795
110.383682
109.337730
108.448990
110.885284
Control Period
111.942459
107.657761
110.760483
110.083038
111.246017
108.270561
110.558365
110.272194
Control Period
110.424194
113.129730
110.291611
110.495514
110.277153
112.699036
109.970688
112.777023
Control Period
114.561020
112.393570
110.365631
112.403900
110.100227
111.795296
111.052544
111.254082
111.796799
Control Period
112.793312
112.550560
110.551521
107.950401
112.234558
112.694176
112.326462
110.738785
111.639236
Control Period
112.513214
107.761215
111.512993
110.643356
110.382812
110.244064
110.311935
108.282211
111.792923
Control Period
112.022980
108.998077
110.115646
110.158524
108.588486
108.606880
112.654724
109.396255
108.368225
Control Period
112.791008
108.698425
109.480255
110.235458
110.498108
108.174881
113.096283
108.849632
110.469284
Control Period
110.157669
109.713089
108.302368
110.016541
110.075745
110.547905
109.133636
110.041534
109.904861
Control Period
110.260513
110.436996
110.174751
110.183456
109.962234
110.205948
110.020477
109.821693
Control Period
113.823517
112.563553
108.531647
110.135132
110.034050
112.936607
109.935684
109.956451
108.378754
Control Period
112.578560
110.657089
111.048477
107.818207
110.058365
110.072098
110.024933
108.859299
107.133247
Control Period
111.495773
110.129890
111.627075
112.373596
110.526337
110.124352
110.451141
111.512772
112.119492
Control Period
110.629990
110.606209
110.059677
108.635422
108.537949
108.433731
108.636154
109.206177
109.726913
111.086014
Control Period
111.480957
107.605377
110.085022
110.307938
110.766205
110.943100
108.072769
108.969345
110.279648
Control Period
107.107010
109.972099
110.007133
108.401825
110.297058
108.347328
109.980957
108.553825
109.323898
Control Period
110.744926
107.873024
108.980026
110.260803
110.097984
110.192963
107.278687
110.576126
110.452774
109.953888
Control Period
112.719803
109.206688
110.676704
109.701698
108.731934
110.583549
110.281082
110.372543
109.949310
Control Period
108.141792
110.677826
110.450653
107.444611
110.190849
110.324570
107.887039
110.722786
110.279007
108.017502
Control Period
110.576515
110.013474
109.155167
109.077538
108.443199
110.437088
110.463226
108.465881
110.492706
Control Period
110.297699
110.227325
110.006012
110.501663
110.181152
111.443489
108.034943
108.117699
Control Period
110.268860
109.706467
109.404160
110.269821
110.050529
110.328156
110.143036
110.376099
Control Period
109.287712
112.754303
110.834846
113.009445
110.206078
109.993210
112.357498
110.726303
111.896545
109.033218
Control Period
112.633926
110.095261
110.282112
110.155869
110.106369
110.245056
110.040642
110.194977
110.050369
Control Period
111.529663
108.359741
112.664482
109.818558
109.733765
110.350525
110.384186
109.176834
110.054245
Control Period
108.248734
108.767326
107.181374
108.074242
107.545631
112.082558
112.230652
112.452415
110.272934
Control Period
111.148453
110.400772
110.249634
110.070557
110.045410
110.420197
110.329315
110.143707
110.117599
Control Period
112.766914
110.058533
110.275360
110.647713
110.644699
108.078659
108.333344
111.004700
110.114594
Control Period
112.662308
108.869537
109.356705
110.418945
110.622368
111.597595
111.899811
112.610046
108.204094
Control Period
112.835999
108.840317
109.807236
110.340988
110.442688
109.877853
110.106400
110.349533
110.454468
Control Period
112.661438
112.803329
110.263077
109.957153
110.441086
110.319069
110.173149
110.463684
Control Period
108.037476
112.456573
112.867523
112.145760
112.706619
112.591934
112.941025
112.780548
110.925758
Control Period
112.307327
108.669983
110.057182
110.368484
110.384224
111.184418
108.393311
111.990593
111.455139
Control Period
111.076004
111.082748
111.117729
110.495712
112.792030
112.357376
109.734657
110.395554
110.408157
Control Period
112.838814
112.679932
109.280350
109.915070
110.787041
110.080093
110.216766
110.446846
111.338043
Control Period
112.362396
108.239716
110.418335
110.415871
110.114471
109.404640
112.616127
109.901443
Control Period
110.416931
112.382622
112.314911
111.123642
110.119102
109.942497
109.394501
109.212006
106.836639
Control Period
112.425156
110.232735
110.081375
111.856255
112.565567
107.815521
110.127998
110.278625
110.337692
Control Period
110.492996
111.681183
110.928741
110.537308
111.820160
111.755264
107.701729
110.996124
110.455292
Control Period
112.041794
112.551300
113.177246
112.376770
111.947205
110.175583
110.062752
110.115776
110.232735
Control Period
112.888931
110.164581
110.136192
110.836227
110.207199
110.184509
109.884705
111.073532
110.982018
Control Period
112.144638
112.132706
112.290970
111.723007
109.474915
112.806366
111.727074
110.838654
110.575455
Control Period
107.644897
109.446014
110.249146
110.079391
108.266434
110.108383
110.167969
107.959938
108.861282
110.612961
Control Period
111.684898
110.114433
110.082878
109.641342
108.750916
110.087395
109.836288
109.333183
108.578018
Control Period
110.264961
110.267868
110.165695
110.094238
110.652863
108.142715
108.479492
109.673439
108.184669
110.032196
Control Period
114.065567
110.551483
109.461594
108.193405
110.676102
110.159584
108.478790
109.846619
110.344604
Control Period
109.592957
109.897156
108.199173
111.299583
110.561440
110.123871
110.403488
108.937210
108.582336
Control Period
112.607361
110.058594
110.812378
110.364090
110.449921
110.940834
110.385666
110.413177
Control Period
114.100800
110.242554
111.021439
110.306816
111.562561
111.243591
110.303200
112.380798
110.571045
Control Period
113.490944
110.163872
110.333221
110.900063
107.501724
111.894012
111.803200
110.480804
110.179520
Control Period
114.185600
110.088577
110.211998
110.231903
110.109184
110.262466
110.173889
110.496735
114.473053
117.282013
Control Period
117.302277
117.295364
117.295044
117.320419
117.283363
117.285568
117.282623
117.269348
117.291901
117.273087
117.298340
117.261917
117.288315
117.283524
117.276382
117.295326
117.287674
117.283394
117.290016
117.286240
117.300385
117.293564
