160
160.28
161.048
161.702
162.25
162.713
163.112
163.455
163.749
164.003
164.225
164.42
164.592
164.745
164.879
165
165.107
165.204
165.291
165.37
165.443
165.511
165.575
165.633
165.684
165.733
165.781
165.827
165.872
165.912
165.951
165.989
166.026
166.059
166.091
166.126
166.155
166.184
166.219
166.251
166.279
166.307
166.336
166.365
166.391
166.418
166.44
166.463
166.485
166.51
166.529
166.553
166.571
166.592
166.61
166.63
166.65
166.666
166.683
166.701
166.72
166.737
166.755
166.771
166.788
166.804
166.819
166.833
166.846
166.86
166.875
166.89
166.902
166.917
166.93
166.944
166.955
166.969
166.986
167.001
167.014
167.025
167.037
167.05
167.064
167.076
167.088
167.101
167.112
167.125
167.133
167.141
167.15
167.161
167.173
167.183
167.19
167.197
167.205
167.213
167.223
167.23
167.238
167.244
167.251
167.26
167.271
167.28
167.287
167.296
167.307
167.317
167.325
167.333
167.338
