113.424
117.308
117.33
117.33
117.305
117.316
117.322
117.319
117.322
117.316
117.335
117.325
117.352
117.345
117.344
117.35
117.344
117.339
117.325
117.333
117.356
117.356
117.341
117.33
117.328
117.344
117.345
117.352
117.338
117.335
117.341
117.348
117.339
117.322
117.36
117.316
117.331
117.362
117.367
117.351
117.347
117.359
117.362
117.359
117.362
117.327
117.324
117.338
117.345
117.335
117.353
117.325
117.342
117.321
117.328
117.326
117.314
117.329
117.324
117.348
117.329
117.331
117.32
117.323
117.329
117.329
117.317
117.317
117.318
117.324
117.334
117.311
117.324
117.33
117.32
117.313
117.334
117.36
117.353
117.342
117.34
117.339
117.34
117.349
117.355
117.341
117.367
117.35
117.379
117.338
117.33
117.33
117.356
117.37
117.351
117.342
117.333
117.332
117.328
117.362
117.34
117.346
117.332
117.345
117.354
117.38
117.354
117.346
117.364
117.386
117.376
117.381
117.366
117.356
117.351
