0.7247
0.745375
0.738017
0.731609
0.726404
0.722504
0.718913
0.715884
0.713538
0.711479
0.709747
0.708315
0.707121
0.706053
0.70513
0.704307
0.703717
0.703034
0.702698
0.702144
0.701807
0.701644
0.701315
0.700879
0.700766
0.7006
0.700584
0.700514
0.700154
0.700115
0.700105
0.699951
0.699826
0.699748
0.699868
0.699592
0.699651
0.699904
0.699922
0.699608
0.699564
0.699645
0.699749
0.699531
0.699713
0.699378
0.699368
0.699365
0.699518
0.699328
0.699519
0.69925
0.699436
0.699283
0.699345
0.699437
0.699248
0.699314
0.69935
0.69943
0.699455
0.699356
0.699236
0.699481
0.699363
0.699384
0.699318
0.699318
0.699328
0.699411
0.699374
0.699412
0.6995
0.699375
0.699481
0.699394
0.699421
0.699564
0.69946
0.699484
0.699375
0.699398
0.699452
0.699544
0.699499
0.699503
0.699596
0.699466
0.699538
0.699409
0.699353
0.699417
0.699544
0.699622
0.699496
0.69936
0.699356
0.699417
0.699621
0.699552
0.699453
0.699548
0.699349
0.699467
0.699629
0.699609
0.699589
0.699503
0.699645
0.699801
0.699655
0.699719
0.699724
0.699547
0.699504
