59.307709
58.566559
58.562401
58.549538
58.598625
58.556610
58.552765
58.525120
58.551231
58.571297
58.544930
58.543678
58.539265
58.573631
58.576641
58.555393
58.565758
58.552063
58.550751
58.568512
58.543232
58.645950
58.535202
58.566914
58.546654
58.539806
58.562817
58.541504
Control Period
58.540642
58.570015
58.657375
58.564003
58.542912
58.523262
58.530174
58.559875
58.582657
Control Period
58.557377
58.559071
58.665855
58.596416
58.576321
58.721760
58.534210
Control Period
58.559135
58.564125
58.569920
58.543072
58.525024
58.585091
58.559326
58.678146
Control Period
58.533310
58.533855
58.545761
58.569824
58.570751
58.556831
58.526592
58.546528
Control Period
58.643456
58.533440
58.543549
58.556831
58.552864
58.563011
58.550690
58.558720
58.550659
Control Period
58.580574
58.580959
58.541023
58.579933
58.547234
58.553471
58.580994
58.570526
58.540733
Control Period
58.608768
58.561695
58.556129
58.531136
58.556190
58.582687
58.558624
58.575584
Control Period
58.533859
58.584831
58.535042
58.565987
58.560669
58.560898
58.560673
58.546719
Control Period
58.559837
58.545601
58.567070
58.549664
58.593506
58.548225
58.571777
58.588833
58.555809
Control Period
58.522785
58.584225
58.560066
58.687904
58.538399
58.549507
58.551743
58.556351
58.565025
Control Period
58.531586
58.565247
58.548832
58.634750
58.602242
58.580769
58.538498
58.558464
58.564384
58.648766
Control Period
58.582207
58.586914
58.556610
58.549950
58.599297
58.585888
58.550049
58.571167
Control Period
58.666466
58.596992
58.552834
58.547234
58.542046
58.573761
58.557121
58.518497
58.567936
58.592384
Control Period
58.625504
58.550110
58.563133
58.573761
58.568352
58.565826
58.575233
58.580162
Control Period
58.567936
58.594944
58.551422
58.538273
58.564766
58.619392
58.590271
58.536545
Control Period
58.591137
58.579262
58.577118
58.566849
58.545853
58.541504
58.664703
58.549187
58.553566
Control Period
58.580193
58.553185
58.558655
58.552162
58.581760
58.556576
58.638336
58.560417
Control Period
58.601982
58.588989
58.559361
58.544064
58.552002
58.565632
58.549343
58.600899
58.552162
Control Period
58.681057
58.574944
58.550018
58.559326
58.604034
58.575073
58.581406
58.529022
58.619232
58.595104
Control Period
58.584511
58.581665
58.524994
58.577698
58.585087
58.582176
58.573696
58.576706
Control Period
58.598816
58.601311
58.556931
58.609566
58.547295
58.581760
58.552608
58.563457
Control Period
58.580479
58.571709
58.533695
58.549728
58.602497
58.611748
58.574493
Control Period
58.550079
58.560349
58.540321
58.556641
58.563232
58.569633
58.611549
58.565472
58.540768
Control Period
58.558815
58.584415
58.555038
58.556961
58.546207
58.584862
58.631294
58.568096
Control Period
58.561821
58.547424
58.571777
58.564606
58.594559
58.568577
58.550751
58.605759
58.590881
Control Period
58.568382
58.566433
58.573761
58.601536
58.544670
58.602047
58.547585
58.606880
Control Period
58.598526
58.575584
58.571266
58.560097
58.600960
58.564896
58.577347
58.537151
Control Period
58.637405
58.544899
58.582977
58.555840
58.552002
58.564926
58.565186
58.560799
58.564865
Control Period
58.620064
58.565186
58.593601
58.566208
58.563683
58.579231
58.589378
58.576897
Control Period
58.644287
58.561981
58.525921
58.552959
58.583199
58.551712
58.566750
Control Period
58.585472
58.662018
58.551361
58.563393
58.605282
58.597214
58.562912
58.562370
Control Period
58.542786
58.589058
58.573982
58.560097
58.572800
58.539650
58.590656
58.588737
58.525635
Control Period
58.573120
58.550655
58.563423
58.535393
58.529793
58.571747
58.642494
58.576286
Control Period
58.546143
58.572098
58.546654
58.557693
58.582207
58.588703
58.555519
58.686047
Control Period
58.563042
58.553085
58.541054
58.549789
58.549759
58.557697
58.548225
58.565536
58.685440
Control Period
58.582207
58.567009
58.534752
58.586975
58.559616
58.605247
58.542206
58.556351
Control Period
58.652672
58.569603
58.595871
58.591743
58.625984
58.574463
58.587391
58.588417
Control Period
58.595104
58.559937
58.602051
58.586689
58.596802
58.567265
58.550976
58.568096
Control Period
58.555008
58.579933
58.523682
58.567135
58.547745
58.567135
58.552834
58.544319
Control Period
58.570717
58.588608
58.627457
58.582241
58.550179
58.559551
58.580063
58.691231
58.555489
Control Period
58.554016
58.580513
58.544128
58.608482
58.576286
58.567009
58.571487
58.670143
58.573471
Control Period
58.546814
58.582016
58.556736
58.567841
58.571522
58.549664
58.576035
58.681953
Control Period
58.571838
58.593472
58.536991
58.568863
58.563293
58.593025
58.559837
58.573570
58.678558
Control Period
58.570496
58.572800
58.579422
58.551456
58.556065
58.574051
58.552032
58.560547
Control Period
58.661377
58.574848
58.546654
58.565216
58.565437
58.549187
58.552479
58.543709
58.546013
Control Period
58.683517
58.587486
58.566017
58.527039
58.560833
58.588318
58.596863
58.615234
Control Period
58.571747
58.626846
58.569504
58.577408
58.574272
58.568096
58.565601
58.541283
Control Period
58.577663
58.584450
58.660126
58.569183
58.557442
58.574432
58.606304
58.591743
58.538624
Control Period
58.548832
58.551041
58.564960
58.581154
58.519485
58.539650
58.596481
Control Period
58.585918
58.597088
58.563614
58.655457
58.572670
58.576447
58.559296
58.567650
Control Period
58.523361
58.582558
58.571075
58.546143
58.569408
58.554016
58.553215
58.641182
Control Period
58.576706
58.560287
58.580448
58.600449
58.534752
58.575996
58.561539
58.552353
Control Period
58.618336
58.545311
58.557281
58.562782
58.556480
58.581375
58.532829
58.577217
Control Period
58.558914
58.643520
58.661827
58.559807
58.563713
58.562561
58.571968
58.575584
58.551231
58.514687
Control Period
58.601440
58.622944
58.583618
58.586079
58.562271
58.558914
58.578850
58.561119
58.564163
Control Period
58.561600
58.535999
58.613182
58.580288
58.560352
58.548988
58.563969
58.549118
58.588608
58.567360
Control Period
58.555649
58.542206
58.602303
58.570847
58.597282
58.546913
58.526978
58.513985
Control Period
58.559711
58.569695
58.567390
58.592575
58.571072
58.550591
58.571136
58.552254
58.581055
Control Period
58.575874
58.563488
58.541439
58.599968
58.604515
58.570526
58.550625
58.549248
Control Period
58.611488
58.549664
58.535713
58.559135
58.565247
58.554466
58.556770
58.536415
Control Period
58.657024
58.553665
58.547775
58.563843
58.578430
58.566238
58.567776
58.572128
Control Period
58.554077
58.645149
58.549919
58.577507
58.567421
58.565086
58.565506
58.555264
58.569054
Control Period
58.558784
58.561600
58.637245
58.564800
58.538399
58.563553
58.597565
58.542946
58.566113
Control Period
58.551807
58.567360
58.634499
58.555199
58.551456
58.556511
58.543327
58.573536
Control Period
58.589790
58.570045
58.559586
58.587486
58.562752
58.565567
58.577118
58.541374
58.549183
Control Period
58.559875
58.555328
58.544830
58.616417
58.551617
58.514591
58.568382
58.539200
Control Period
58.590851
58.550240
58.546974
58.558495
58.599617
58.541088
58.539230
58.518208
58.532417
Control Period
58.547680
58.546913
58.568737
58.553696
58.606461
58.548477
58.550911
58.552929
Control Period
58.537918
58.585152
58.565918
58.562305
58.568893
58.577343
58.545631
58.543999
Control Period
58.558689
58.540642
58.602177
58.572224
58.559998
58.555870
58.624451
58.544579
58.544479
Control Period
58.560097
58.567360
58.547714
58.552704
58.552643
58.555489
58.569153
58.528160
58.557472
Control Period
58.557854
58.560001
58.540798
58.638241
58.573441
58.574272
58.563904
58.558846
58.553886
Control Period
58.546497
58.531006
58.567650
58.620483
58.540161
58.560417
58.530304
58.545952
Control Period
58.564575
58.565475
58.553665
58.528255
58.591007
58.543072
58.552063
58.568352
58.565506
58.535713
Control Period
58.547840
58.553566
58.553120
58.543232
58.591583
58.557793
58.541183
Control Period
58.566269
58.571136
58.557663
58.548031
58.577789
58.610943
58.578430
58.570625
58.582909
Control Period
58.581085
58.568447
58.564606
58.559837
58.598846
58.656548
58.551201
58.546654
Control Period
58.586815
58.573891
58.574623
58.553761
58.558304
58.571487
58.609825
58.565346
58.584064
Control Period
58.543198
58.544193
58.558723
58.553757
58.573631
58.584896
58.557854
58.602337
58.540642
Control Period
58.558685
58.528896
58.546753
58.558113
58.547264
58.543266
58.572063
58.611168
Control Period
58.566784
58.571838
58.551521
58.551552
58.553055
58.574142
58.598495
58.575935
58.551361
58.596191
Control Period
58.577919
58.551262
58.554909
58.635902
58.570976
58.560223
58.577087
58.574974
Control Period
58.574242
58.603775
58.548195
58.553631
58.647552
58.573376
58.573570
58.581726
Control Period
58.598270
58.577057
58.534111
58.565441
58.571587
58.587551
58.558559
58.566113
Control Period
58.561378
58.580513
58.546013
58.565086
58.563072
58.621437
58.567936
58.570305
Control Period
58.564125
58.621056
58.575966
58.549023
58.562847
58.554977
58.582016
58.559586
Control Period
58.562111
58.551422
58.541248
58.552544
58.582527
58.577408
58.604351
58.557858
Control Period
58.528416
58.559807
58.575645
58.557503
58.574303
58.588097
58.572159
58.603294
Control Period
58.571873
58.542274
58.568130
58.555328
58.542946
58.554146
58.555008
58.556225
58.610912
Control Period
58.549118
58.547359
58.545631
58.578945
58.538338
58.562431
58.563965
58.560638
Control Period
58.625889
58.565598
58.563839
58.564125
58.567265
58.570049
58.574722
58.566849
58.553951
58.561981
Control Period
58.632095
58.546112
58.596931
58.567841
58.555168
58.578239
58.588257
58.585693
Control Period
58.554337
58.627361
58.576195
58.614624
58.558945
58.537121
58.564194
58.547935
58.551842
Control Period
58.559616
58.626240
58.572830
58.591969
58.595776
58.559486
58.583488
58.561119
Control Period
58.541122
58.529823
58.589344
58.569599
58.572479
58.541889
58.559166
58.575424
58.541409
Control Period
58.542656
58.545891
58.573410
58.591263
58.553665
58.569664
58.565216
58.531456
Control Period
58.554527
58.584702
58.571007
58.701820
58.554527
58.535843
58.557022
58.572258
Control Period
58.585537
58.535072
58.550690
58.558754
58.647648
58.567490
58.559395
58.551613
Control Period
58.575073
58.557022
58.571907
58.543072
58.656193
58.583359
58.596291
58.549347
58.554722
Control Period
58.552765
58.565762
58.555904
58.507648
58.556927
58.584225
58.539581
58.572159
Control Period
58.559265
58.662109
58.570625
58.547295
58.567902
58.555679
58.577469
58.535362
Control Period
58.545891
58.589470
58.660286
58.564285
58.556770
58.566879
58.542046
58.541855
58.537312
Control Period
58.538689
58.574333
58.647133
58.554081
58.549728
58.561920
58.526466
58.587646
Control Period
58.574528
58.555710
58.566429
58.557632
58.590176
58.537888
58.568161
58.572895
58.564289
58.614208
Control Period
58.561310
58.530945
58.576706
58.608994
58.572609
58.604160
58.572289
58.547554
Control Period
58.560257
58.603840
58.570366
58.661568
58.568096
58.582047
58.551392
58.585693
Control Period
58.557823
58.575554
58.570305
58.557602
58.681538
58.563042
58.562691
58.580254
Control Period
58.547043
58.558273
58.579807
58.600609
58.572510
58.565666
58.624481
58.601982
58.553505
Control Period
58.586655
58.560192
58.584099
58.584610
58.577728
58.615009
58.611744
58.568928
58.597153
Control Period
58.591202
58.582718
58.562305
58.569565
58.569344
58.572258
58.637726
58.584190
Control Period
58.563522
58.592159
58.590305
58.556129
58.536129
58.566273
58.577408
58.601730
58.569122
Control Period
58.570881
58.573982
58.587711
58.560158
58.565121
58.574688
58.552223
58.663841
Control Period
58.579330
58.572609
58.553886
58.554787
58.571743
58.582367
58.562817
58.532352
Control Period
58.615005
58.548576
58.581665
58.546814
58.582527
58.596703
58.580193
58.539520
58.586433
Control Period
58.423298
58.448898
58.433250
58.408035
58.438019
58.416801
58.447746
58.437119
58.444061
58.417213
58.451233
58.411362
58.450302
58.438210
58.428291
58.443710
58.446400
58.450974
58.443264
58.429249
58.425278
59.777374
59.538944
