117.767899
117.321762
117.323967
117.316452
117.329376
117.333824
117.313019
117.329437
117.352638
117.330528
117.327934
117.327774
117.321503
117.296707
117.284126
117.301117
117.329636
117.330208
117.312546
117.318756
117.317886
117.328384
117.346878
117.299614
117.319008
117.326462
117.314789
117.311806
117.292801
117.292862
Control Period
117.311203
117.340698
117.288162
117.289345
117.317413
117.285446
117.314499
117.329956
Control Period
117.322205
117.337540
117.347580
117.347488
117.371681
117.338852
117.307327
117.299362
117.300797
Control Period
117.308289
117.307205
117.311874
117.328934
117.369858
117.328674
117.339462
117.343552
Control Period
117.310623
117.289726
117.299072
117.305954
117.337219
117.332993
117.305183
117.276764
117.288414
Control Period
117.319260
117.310944
117.300735
117.308090
117.304512
117.329346
117.338654
117.314659
Control Period
117.304031
117.291901
117.296997
117.304482
117.323807
117.364899
117.379395
117.319359
Control Period
117.315109
117.334595
117.320671
117.319458
117.290085
117.323044
117.331772
117.319038
117.295364
Control Period
117.310112
117.305504
117.311523
117.312256
117.349594
117.335808
117.352829
117.328606
Control Period
117.314011
117.301567
117.304543
117.295547
117.322784
117.312096
117.342941
117.338493
Control Period
117.319008
117.336517
117.349854
117.363647
117.332611
117.315292
117.303772
117.356255
Control Period
117.316734
117.311203
117.320679
117.324677
117.316742
117.327072
117.324287
117.355911
Control Period
117.369949
117.349884
117.380035
117.368286
117.363327
117.366211
117.341721
117.315292
117.315552
Control Period
117.342529
117.353851
117.325821
117.316925
117.357986
117.342499
117.367584
117.354462
Control Period
117.363426
117.364670
117.362213
117.333183
117.323776
117.346268
117.314911
117.330208
117.356735
Control Period
117.356606
117.355942
117.350685
117.346085
117.332642
117.351105
117.359772
117.343933
117.344193
Control Period
117.367813
117.341156
117.350235
117.332062
117.342041
117.358109
117.318787
117.343964
Control Period
117.375839
117.354240
117.354462
117.311966
117.280701
117.345596
117.353470
117.335068
Control Period
117.332321
117.315811
117.323166
117.346336
117.302338
117.316704
117.325859
117.322784
117.341949
Control Period
117.332191
117.344894
117.313370
117.324219
117.335167
117.366562
117.317024
117.327934
Control Period
117.367203
117.321823
117.338043
117.356323
117.390106
117.378624
117.355843
117.336868
Control Period
117.308029
117.350174
117.367554
117.406494
117.363205
117.343140
117.331139
117.347137
117.388512
Control Period
117.377090
117.329758
117.358459
117.331451
117.341019
117.349503
117.335297
117.308640
117.349533
Control Period
117.345184
117.341599
117.322174
117.318237
117.325089
117.307838
117.336548
117.326622
Control Period
117.354080
117.347717
117.315681
117.293152
117.298210
117.323807
117.332321
117.361252
Control Period
117.362915
117.337120
117.320961
117.343712
117.338364
117.352478
117.349884
117.323166
117.363808
Control Period
117.352226
117.360931
117.358398
117.344833
117.349213
117.307236
117.336517
117.347427
Control Period
117.363708
117.395424
117.388542
117.345695
117.353600
117.344604
117.310623
117.310242
117.330917
Control Period
117.318687
117.343842
117.345444
117.348030
117.339134
117.306915
117.337952
117.373917
Control Period
117.369919
117.343773
117.309280
117.338432
117.358978
117.311523
117.314941
117.328323
117.336197
Control Period
117.382462
117.320290
117.304832
117.341660
117.323578
117.356926
117.338394
117.360222
117.341408
117.362595
Control Period
117.336899
117.335838
117.361794
117.338432
117.338272
117.345024
117.377151
117.334656
Control Period
117.348961
117.322655
117.333694
117.345055
117.343842
117.355713
117.342209
117.316132
Control Period
117.320801
117.308578
117.319397
117.343262
117.336060
117.296707
117.313438
117.337120
Control Period
117.350372
117.365219
117.382271
117.343170
117.384674
117.362213
117.377090
117.337311
117.341217
Control Period
117.332672
117.308380
117.297211
117.313698
117.326782
117.296608
117.321472
117.327202
Control Period
117.342850
117.338531
117.300262
117.287231
117.352646
117.339905
117.318970
117.371552
117.364517
Control Period
117.350586
117.346085
117.366852
117.346970
117.359970
117.376320
117.381248
117.366852
Control Period
117.341599
117.332932
117.359161
117.373055
117.419807
117.388832
117.349670
117.369118
Control Period
117.337982
117.356384
117.352989
117.367683
117.351746
117.350845
117.375359
117.313438
Control Period
117.329086
117.350815
117.313309
117.319138
117.328156
117.339325
117.410271
117.379456
117.349663
Control Period
117.362106
117.373795
117.348541
117.363167
117.339714
117.360992
117.367203
117.358307
Control Period
117.365341
117.335587
117.363846
117.369690
117.360062
117.358078
117.393761
117.347168
117.368736
Control Period
117.355522
117.357956
117.375229
117.332611
117.352318
117.342148
117.383194
117.371933
Control Period
117.369339
117.349152
117.399994
117.360992
117.346466
117.348801
117.379974
117.352966
117.347549
Control Period
117.337891
117.319260
117.320480
117.315430
117.332863
117.328033
117.333153
117.325180
Control Period
117.329407
117.310684
117.335007
117.278427
117.324387
117.316734
117.342110
117.358910
Control Period
117.349182
117.341125
117.330917
117.347359
117.341087
117.352966
117.339813
117.321213
117.320770
Control Period
117.356895
117.360962
117.363777
117.316803
117.330719
117.334564
117.356415
117.342239
117.338501
Control Period
117.338531
117.352539
117.329666
117.326843
117.319748
117.345245
117.326973
117.332573
117.343933
Control Period
117.387169
117.379166
117.355042
117.332382
117.340256
117.356323
117.335068
117.342209
Control Period
117.303268
117.306976
117.328033
117.328384
117.329376
117.353409
117.326630
117.323715
117.329285
Control Period
117.367523
117.358429
117.356003
117.327393
117.332512
117.335197
117.331360
117.326309
117.308029
Control Period
117.336670
117.331711
117.317764
117.345985
117.303841
117.300415
117.326241
117.319107
117.341278
Control Period
117.344673
117.324890
117.351868
117.313118
117.302208
117.333893
117.315430
Control Period
117.328934
117.324928
117.341438
117.335648
117.321152
117.322144
117.307907
Control Period
117.326050
117.315933
117.327713
117.324036
117.314178
117.296768
117.296227
Control Period
117.317276
117.327332
117.334846
117.347748
117.342148
117.348740
117.304062
117.306564
117.303101
Control Period
117.304413
117.324677
117.328194
117.315552
117.312866
117.343903
117.324188
117.356514
Control Period
117.342438
117.357574
117.331490
117.349602
117.356445
117.361504
117.321091
117.362816
117.347168
Control Period
117.312576
117.302948
117.325279
117.317215
117.334854
117.357986
117.361343
117.316032
Control Period
117.335457
117.323616
117.311493
117.307426
117.339073
117.338974
117.359039
117.359039
Control Period
117.351746
117.326782
117.305534
117.326271
117.327263
117.328156
117.329468
117.292000
117.290054
Control Period
117.316513
117.312927
117.341949
117.341187
117.305214
117.341568
117.305344
117.315933
Control Period
117.319519
117.320709
117.344063
117.328537
117.325821
117.329666
117.324066
117.323547
117.349602
Control Period
117.322784
117.335205
117.314087
117.337753
117.352898
117.324509
117.310974
117.332870
Control Period
117.332413
117.306946
117.294724
117.300835
117.314819
117.314499
117.306595
117.354752
117.327011
Control Period
117.353409
117.334076
117.342850
117.314941
117.298691
117.305473
117.288734
117.298019
Control Period
117.324928
117.348610
117.309189
117.307549
117.303772
117.294785
117.332123
117.324158
117.328903
Control Period
117.328384
117.334366
117.324158
117.312256
117.295776
117.346466
117.316864
117.326981
Control Period
117.355011
117.367004
117.320038
117.311264
117.323326
117.351196
117.334686
117.311905
Control Period
117.340958
117.299202
117.302940
117.299263
117.325279
117.307617
117.317535
117.294083
Control Period
117.304962
117.320038
117.320831
117.304573
117.355835
117.347229
117.326462
117.338432
117.294495
Control Period
117.296928
117.293983
117.320389
117.318146
117.343330
117.336449
117.338463
117.362274
117.359131
Control Period
117.318176
117.320641
117.304260
117.309250
117.319168
117.314369
117.352959
117.319710
Control Period
117.310463
117.302460
117.302948
117.315681
117.322495
117.312225
117.329185
117.305923
117.299332
Control Period
117.298782
117.332321
117.326973
117.324928
117.354210
117.344315
117.344673
117.382462
Control Period
117.385254
117.364609
117.360092
117.351295
117.370270
117.369217
117.332260
117.348572
Control Period
117.335136
117.353058
117.369217
117.353951
117.362885
117.370659
117.356735
117.336830
117.335106
Control Period
117.315353
117.346176
117.332764
117.342270
117.363525
117.345665
117.345314
Control Period
117.342300
117.332001
117.307968
117.333755
117.326630
117.352959
117.375679
117.348129
117.340317
Control Period
117.342270
117.337860
117.322906
117.312378
117.339104
117.350464
117.356544
117.351936
Control Period
117.351898
117.318619
117.369759
117.319168
117.345474
117.336769
117.333984
117.343231
117.336739
Control Period
117.314270
117.335007
117.343391
117.331070
117.339554
117.375427
117.375931
117.387741
Control Period
117.370529
117.375748
117.352867
117.342621
117.350052
117.361572
117.344482
117.340927
Control Period
117.328735
117.366684
117.386208
117.360580
117.323044
117.318115
117.325630
117.314499
117.346848
Control Period
117.402176
117.342720
117.375038
117.372383
117.353500
117.363136
117.347870
117.368027
117.378433
Control Period
117.339706
117.335587
117.330109
117.352158
117.361122
117.373505
117.345093
117.363777
Control Period
117.340416
117.387871
117.380478
117.398941
117.387650
117.388931
117.383904
117.360001
117.334076
Control Period
117.344193
117.358139
117.325470
117.349380
117.331238
117.341660
117.331520
117.328674
Control Period
117.368896
117.336960
117.345703
117.307777
117.320480
117.326462
117.301216
117.332832
Control Period
117.316383
117.310211
117.297852
117.324387
117.344452
117.344894
117.353348
117.351776
Control Period
117.363098
117.377380
117.348831
117.344284
117.316742
117.354401
117.340797
117.402374
Control Period
117.380127
117.365021
117.389534
117.347076
117.354340
117.392769
117.377342
117.354019
Control Period
117.357376
117.348351
117.368607
117.351837
117.366142
117.357758
117.345627
117.324036
117.338432
Control Period
117.319260
117.369667
117.377472
117.326401
117.316925
117.347610
117.334915
117.340515
Control Period
117.347198
117.342499
117.330528
117.304413
117.355972
117.326653
117.329849
117.323654
117.332031
Control Period
117.331940
117.349953
117.329407
117.329315
117.338715
117.314049
117.319321
117.341148
Control Period
117.336288
117.330460
117.324188
117.344604
117.324638
117.326309
117.300613
117.326241
117.341309
Control Period
117.358948
117.357437
117.324188
117.385826
117.379906
117.374588
117.362274
117.363358
117.355362
Control Period
117.327805
117.363098
117.374626
117.324066
117.328354
117.330780
117.342972
117.316345
117.348862
Control Period
117.324646
117.331680
117.359200
117.351166
117.358368
117.351715
117.336548
117.351265
117.346298
Control Period
117.322235
117.338013
117.362434
117.294754
117.325630
117.327805
117.335808
117.350624
Control Period
117.351395
117.344482
117.388672
117.323006
117.342751
117.333405
117.350235
117.324097
117.311424
Control Period
117.319649
117.364319
117.370651
117.338593
117.352005
117.390976
117.378586
117.356895
Control Period
117.383392
117.375519
117.394913
117.364639
117.376480
117.362427
117.396065
117.390076
Control Period
117.370300
117.382591
117.368515
117.355804
117.331200
117.369949
117.349312
117.303009
117.353851
Control Period
117.362495
117.347458
117.314690
117.353241
117.318268
117.361374
117.350784
117.360703
Control Period
117.372604
117.324387
117.360893
117.341728
117.386398
117.386810
117.374695
117.362175
117.367615
Control Period
117.354431
117.379837
117.382278
117.370270
117.403229
117.402145
117.399872
117.394081
Control Period
117.382050
117.361755
117.381409
117.369759
117.401474
117.377563
117.374786
117.356705
117.389053
Control Period
117.393341
117.388031
117.387939
117.386818
117.382370
117.375710
117.377823
117.351898
Control Period
117.407654
117.377502
117.374016
117.349602
117.329727
117.349670
117.360260
117.382339
Control Period
117.370880
117.383713
117.352005
117.352638
117.337341
117.341827
117.366013
117.339394
117.363678
Control Period
117.340515
117.324738
117.353699
117.328857
117.369438
117.347168
117.370148
117.370049
Control Period
117.372955
117.330978
117.340416
117.301376
117.292992
117.293594
117.309723
117.308517
117.307419
117.321091
117.300545
117.337158
117.304794
117.313377
117.320831
