56.6278
56.7809
57.7819
57.3926
58.5653
58.1569
58.1519
57.916
58.2138
58.1414
58.4868
57.9789
58.3096
58.4915
56.8862
58.2865
58.0027
58.3413
58.4847
58.0507
58.3157
58.5572
58.7159
58.2072
58.395
57.7918
58.2701
57.9775
58.2682
58.5262
58.1909
58.1514
58.2089
58.4699
58.3804
57.9784
58.2099
58.2776
58.0465
58.1531
57.7974
58.6625
58.2863
58.0066
58.3787
58.0805
58.1542
58.0498
58.2922
58.1919
58.1146
58.3779
58.358
57.8698
58.7013
58.7074
58.6608
58.4738
58.293
58.4435
58.5528
58.4616
57.9058
58.0704
57.7272
58.4973
58.3406
57.8145
58.3468
57.916
58.3853
58.2269
57.5399
57.9741
56.5383
58.0291
58.1742
58.4842
58.5352
58.1724
58.4015
58.4397
57.5214
58.3862
58.1556
58.1411
58.3986
58.5002
58.2968
58.2942
58.4057
58.4148
58.1876
58.4703
58.7011
58.7126
58.7023
58.4795
58.7126
57.9297
58.3121
58.2525
57.9485
58.4498
57.8646
58.081
58.7135
58.3882
58.1201
58.4417
58.4272
58.7059
58.3765
57.5062
