57.8371
65.1586
70.0771
73.364
75.6044
75.9758
76.899
77.6371
77.6654
77.0296
78.6899
78.5901
78.6089
78.5775
77.734
78.3742
78.5719
78.4022
78.8177
79.4077
78.5073
78.2566
78.5899
78.4761
79.0138
78.1537
79.9506
77.4436
78.8644
78.0102
79.8924
78.4809
76.8928
79.1676
78.8496
79.428
77.9661
76.9656
78.5368
78.6147
78.2172
78.3467
78.1278
78.9053
82.0404
77.2205
79.4426
78.4112
77.6724
78.7841
78.5542
78.9747
79.5153
79.2083
77.9635
80.8208
78.9783
77.9284
78.9231
79.5697
79.4269
79.678
78.5891
78.1583
77.9653
81.046
76.8783
77.7627
76.8719
77.7187
77.8037
78.3553
77.2952
78.6258
77.9224
78.1228
79.1603
78.6821
77.9273
78.2794
78.3382
77.4836
77.6201
81.2504
78.3217
77.2716
79.1922
78.0932
78.8161
79.5633
77.2933
79.6951
78.6749
77.6728
79.6696
78.2072
76.8781
77.3605
78.3776
76.8655
78.8162
78.2505
77.6024
78.3356
77.9586
77.0204
77.5573
76.8562
76.8637
76.854
76.8589
80.0495
76.8595
77.3542
