0.709297
0.794433
0.802478
0.82347
0.822096
0.846009
0.84903
0.835763
0.853885
0.848423
0.845606
0.844821
0.866395
0.844844
0.850497
0.833143
0.861113
0.846586
0.85292
0.855316
0.836437
0.856211
0.852697
0.861943
0.841667
0.860664
0.836213
0.877996
0.827774
0.845336
0.856985
0.829756
0.881179
0.841733
0.843442
0.850947
0.851933
0.845779
0.858408
0.840423
0.852975
0.846777
0.85499
0.847947
0.839518
0.865601
0.840839
0.843843
0.869375
0.836548
0.865639
0.839937
0.854015
0.844771
0.849096
0.849616
0.848167
0.864455
0.841604
0.844613
0.851332
0.854971
0.84479
0.840723
0.842859
0.850773
0.854305
0.865369
0.841953
0.859152
0.844375
0.844825
0.849377
0.86529
0.845007
0.853539
0.845475
0.836521
0.861238
0.850813
0.846815
0.839639
0.861277
0.838937
0.849194
0.878268
0.842328
0.832282
0.863105
0.848912
0.852766
0.853943
0.845274
0.85638
0.85226
0.84294
0.849785
0.862775
0.835226
0.84844
0.85408
0.834332
0.87713
0.846746
0.841256
0.855002
0.843088
0.85437
0.84304
0.85649
0.840743
0.855968
0.834828
0.868507
