160
146.624
155.074
163.997
169.771
174.2
175.596
177.364
179.003
179.291
181.119
181.054
181.994
181.515
181.197
181.688
182.812
181.868
183.072
183.234
182.093
183.83
183.033
181.509
181.007
180.818
180.184
179.629
179.511
181.013
181.339
178.823
181.952
181.728
181.205
181.763
180.879
181.341
181.671
179.939
179.485
179.864
181.018
181.833
180.444
177.591
178.871
179.177
180.007
178.969
180.085
179.784
181.454
181.268
180.881
181.155
178.931
180.719
181.045
181.867
182.859
183.454
182.034
182.032
182.344
182.126
179.91
181.164
179.938
180.74
179.544
179.255
180.407
180.782
179.961
180.333
180.228
180.685
180.578
179.186
179.837
180.449
181.597
181.71
178.364
181.792
180.263
180.533
181.445
180.481
179.387
180.923
179.283
179.219
179.465
178.143
179.148
179.755
178.313
177.297
179.558
178.597
180.747
180.145
179.955
180.264
180.566
179.026
179.09
179.403
180.011
180.128
178.5
182.653
