56.7438
62.2949
66.2748
69.4116
69.9484
71.6564
72.3558
71.6503
72.5445
72.501
72.6025
72.6472
74.1479
73.2782
73.3824
71.6459
73.234
72.8609
73.8077
74.0396
72.5685
73.1525
73.1797
74.0711
73.0129
74.0382
72.5735
75.0566
72.7814
72.5341
73.4636
71.6294
74.5775
73.6544
73.2491
73.501
73.5981
72.649
73.2024
72.1072
72.6628
72.8141
73.4794
73.1358
71.8988
73.0084
71.9947
71.7088
73.5184
71.9281
74.2697
73.274
74.1582
73.0589
72.9384
72.7627
72.9873
73.9419
73.4956
73.487
73.9439
74.4293
73.4071
72.0803
71.6374
71.6427
71.8633
72.9306
71.6397
72.7009
72.0981
71.631
72.0465
73.4153
72.6992
73.0729
73.0808
71.8962
72.5032
72.3799
72.3675
71.6275
72.5048
71.6182
71.6456
74.2731
73.3767
71.6365
72.9583
72.6285
73.2245
73.2745
72.5199
73.1906
73.3241
72.4163
72.4756
73.2979
71.6674
71.6345
72.2292
71.6336
74.2117
73.3676
72.618
73.2355
71.972
72.3577
71.6353
72.3917
71.6276
72.4023
71.6139
73.6077
