3981.5
5992
6011.5
5838
5521.5
5109.5
4833
4563
4602
4542.5
4543
4543
4622.5
4523
4503
4483.5
4443.5
4503
4658
4503
4483.5
4503
4523
4503
4463.5
4503
4463.5
4523
4523
4463.5
4523
4463.5
4483.5
4622
4523
4562.5
4503
4304.5
4543
4523
4559
4562.5
4483.5
4463.5
4463.5
4503.5
4503.5
4503
4602.5
4543
4542.5
4543
4443.5
4503.5
4542.5
4367.5
4443.5
4582.5
4542.5
4463.5
4443.5
4404
4563
4542.5
4563
4245.5
4543
4562.5
4503.5
4697.5
4523
4503
4483.5
4642
4503
4463.5
4523
4662
4542.5
4443.5
4602.5
4447
4562.5
4598.5
4483.5
4523
4523
4543
4463.5
4543
4543
4622.5
4737
4463.5
4443.5
4582.5
4717.5
4582.5
4503
4503.5
4523
4384.5
4387.5
4463.5
4523
4562.5
4562.5
4642
4523
4483.5
