80
76.6895
82.2119
85.9825
88.1608
89.9714
90.0841
90.7789
91.4374
91.5202
91.1883
92.5819
92.4832
92.4003
92.4012
91.447
92.2804
92.5119
92.8041
92.6074
93.0824
92.3529
92.0662
92.3033
92.2394
92.7463
92.0831
93.4577
91.8319
92.3261
92.0951
93.597
92.5473
91.2662
92.7073
92.7829
93.2518
91.635
90.5992
91.8962
92.4438
92.5083
92.3883
91.9685
92.3272
95.2255
91.9108
93.1517
92.497
91.5894
93.0252
92.7088
93.133
92.9964
93.0252
91.8922
94.652
93.0583
92.455
92.9944
93.6572
93.5559
93.3193
92.1454
91.9809
91.6234
94.3915
91.2349
91.1795
90.7123
91.3124
91.372
92.2916
91.2947
92.2324
91.7795
92.2558
92.8358
92.1434
91.8057
92.2485
92.2477
91.1868
91.5087
94.5556
92.8739
91.6166
92.515
91.9127
92.5521
93.6336
91.3652
92.9912
92.6844
91.7308
93.064
92.2014
90.6335
90.8339
91.7397
90.9064
92.9733
92.2483
91.4863
91.9573
91.7844
90.4191
90.959
90.5059
90.504
90.557
90.525
93.8428
91.3094
