5725.39
5664.97
5255.24
4905.2
4753.76
4618.9
4584.17
4548.1
4528.3
4575.75
4568.2
4499.31
4483.33
4492.83
4453.24
4552.38
4523.24
4605.83
4471.4
4468.17
4463.47
4485.97
4485.93
4483.33
4490.14
4490.21
4468.8
4538.61
4450.23
4540.14
4508.47
4484.62
4568.63
4499.76
4506.66
4491.3
4407.45
4458.13
4481.76
4518.93
4582.1
4529.3
4488.76
4435.7
4430.41
4512
4509.87
4508.5
4490.21
4624
4532.21
4556.57
4404.55
4475.1
4472.7
4563.24
4446.45
4596.33
4549.31
4539.66
4513.5
4420.52
4392.6
4496.69
4466.17
4478.9
4475.17
4448
4521.73
4509.34
4476.48
4562.34
4509.8
4502.28
4495.17
4579.07
4480.67
4397.62
4503.93
4546.72
4513.8
4453.48
4546.8
4479.28
4537.69
4553.86
4438.1
4476.77
4503.17
4556.72
4460.48
4454.4
4505.24
4510.76
4456.87
4489.48
4454.73
4480.83
4467.3
4537.28
4639.93
4495.62
4494.31
4490
4502.48
4403
4479.4
4492.24
4512.07
4525.66
4514.76
4606.52
4521.37
4537
