60.209663
59.894753
59.883743
59.904545
59.909664
59.872543
59.873154
59.878494
59.858238
59.885216
59.895935
59.869057
59.878880
59.888672
59.895073
59.888607
59.884064
59.862335
59.874847
59.906883
59.912354
59.896194
59.902527
59.875427
59.911011
59.905182
59.958275
59.901569
Control Period
65.606400
67.041245
63.178783
64.921829
65.133537
63.558754
64.001152
65.575867
67.409882
Control Period
68.625031
68.638275
72.602020
69.544891
71.838211
71.953629
68.640160
68.774529
Control Period
75.991226
74.677628
72.447586
73.714844
72.263550
72.257919
72.195488
Control Period
76.888123
76.713379
75.764771
76.888763
72.335838
76.918213
72.454437
76.871391
71.981277
Control Period
76.920479
76.285187
76.907043
76.889725
76.871140
Control Period
76.902657
76.866432
76.901443
76.896385
76.924065
76.903610
76.898651
Control Period
82.175995
76.906303
76.868416
76.864098
76.871262
76.890976
76.882370
Control Period
76.949539
76.905151
76.904099
76.890045
76.886810
82.229118
76.893051
Control Period
76.861404
77.713348
76.901566
76.892769
76.902145
76.906113
Control Period
76.921280
78.062752
80.110886
78.729568
81.452667
76.862244
Control Period
81.105789
76.874496
82.142685
77.095329
79.167557
76.868637
76.876038
Control Period
76.883972
76.916321
81.939201
76.890045
76.897346
82.126343
Control Period
77.440323
79.671326
76.932320
76.867714
76.871750
82.376129
79.883072
Control Period
76.906403
76.928673
76.904541
82.733246
76.914108
76.865440
76.885277
Control Period
81.876862
82.273788
76.901535
76.875710
76.917191
76.895203
76.879044
76.891808
Control Period
82.166977
76.908897
76.898239
76.888321
81.331810
82.255035
76.904640
76.900993
Control Period
76.870499
82.174400
76.904541
76.886597
80.303711
78.774078
76.901505
Control Period
77.743362
80.468353
81.385605
77.434975
76.865791
79.007935
81.898048
Control Period
80.050911
80.589249
76.887199
82.305405
76.895554
77.227264
Control Period
76.924805
80.430817
76.902786
79.325409
76.900131
82.135803
76.931229
Control Period
81.380356
76.869186
76.988892
80.538940
76.881500
76.880707
Control Period
82.408997
76.905411
76.854492
82.648163
76.876511
76.886818
77.549149
Control Period
76.919456
80.291969
83.003937
76.877380
76.888512
76.875259
Control Period
82.515968
81.065979
76.882401
76.886147
76.871040
76.892929
81.981918
Control Period
76.899612
76.895523
76.920929
76.862595
80.469666
80.873917
Control Period
82.447937
81.971840
81.802048
82.469116
80.281311
76.893250
76.875397
76.863708
Control Period
79.930878
77.796860
76.873596
76.862564
76.868767
76.885315
76.887520
Control Period
76.911331
76.878754
76.864029
78.988998
80.879395
82.405792
79.122398
Control Period
82.499619
79.100067
76.869308
76.891647
76.913246
76.899002
76.898720
76.889313
Control Period
76.897247
78.156609
80.574203
82.406052
82.228058
82.095459
Control Period
85.573639
79.440964
76.857285
76.875687
76.849319
76.877632
76.891808
Control Period
76.882950
76.916931
76.883873
76.883232
76.881378
76.922684
76.878555
Control Period
80.833344
76.908096
76.897278
82.353790
81.122208
76.890778
Control Period
81.044922
76.854050
77.487045
80.913147
76.846115
76.888443
81.913345
Control Period
76.880447
80.915878
76.893372
82.526306
79.843170
76.876770
82.059998
Control Period
76.881790
76.868195
82.339554
76.875710
76.865311
77.483009
Control Period
76.890175
76.852356
76.889755
76.894241
76.877151
76.872513
Control Period
82.316544
76.891907
78.060028
76.875648
78.540100
Control Period
78.863297
76.886780
76.885818
82.004417
76.875397
76.873215
81.913857
Control Period
76.852768
82.316605
76.878723
76.886658
80.851044
76.862427
76.871872
Control Period
76.889465
76.835266
77.462051
80.260284
78.022949
80.610275
Control Period
76.892441
82.210464
79.009537
76.859039
76.890533
76.904922
Control Period
82.329887
82.277534
78.150116
76.878784
76.894463
76.901123
Control Period
81.833786
82.167526
82.602142
81.968826
82.421982
81.248001
76.897018
Control Period
76.872894
78.357117
76.847839
76.858879
77.836227
76.873596
Control Period
83.483711
76.882401
76.894943
82.476608
76.859802
76.853729
82.646820
Control Period
76.848000
82.178207
76.856293
76.865829
82.383682
76.870399
76.876068
Control Period
76.846176
76.859650
78.621948
76.883621
79.150467
Control Period
78.465347
80.589088
76.898117
76.872002
82.516068
76.841278
76.899170
81.192093
Control Period
76.875549
76.845764
81.425308
81.451294
76.846016
76.892479
79.543198
Control Period
86.932289
76.874786
76.897247
76.858337
80.612511
76.863007
77.784798
Control Period
79.203293
82.554688
80.098846
76.854782
81.506973
76.873505
Control Period
83.195839
80.956413
76.858429
76.833633
77.820892
81.901794
76.890854
Control Period
76.845665
76.855042
76.852257
76.845947
79.500000
81.394943
77.450722
Control Period
81.313568
76.878113
79.855972
82.200668
82.494308
82.095261
80.907394
80.268921
Control Period
82.312576
76.850464
76.858566
77.542656
82.180801
76.834045
Control Period
80.780380
79.293983
76.870209
76.862335
76.879745
76.883873
Control Period
82.259201
76.843933
76.873795
82.991043
76.890015
77.018524
79.585251
Control Period
76.856705
80.954117
79.363266
76.916733
81.951324
81.376068
Control Period
78.448517
80.419357
82.668732
76.873886
76.889923
80.483681
80.204514
Control Period
76.869980
81.862915
82.170914
81.621246
78.617661
76.925095
Control Period
78.518372
81.897888
76.882370
77.217537
80.125664
76.892609
Control Period
79.420959
77.851715
79.532990
79.677414
76.857086
76.888290
76.879333
Control Period
76.891068
76.882019
76.879837
76.851646
76.890625
79.346718
82.015228
Control Period
82.606201
80.933212
77.803139
81.957214
81.930176
Control Period
76.904358
76.893059
76.850563
76.887878
76.855804
Control Period
81.812065
76.873405
76.875198
76.840286
78.223167
76.853249
76.861404
Control Period
76.841476
76.871140
76.891769
76.881119
76.854843
76.887299
76.875488
Control Period
76.866432
81.916321
76.884155
76.886208
76.872452
76.886780
Control Period
81.019806
76.888351
76.893791
76.910782
79.150017
76.887299
76.876099
82.500229
Control Period
76.850243
78.700546
80.259933
76.881119
77.883591
76.888641
76.878403
Control Period
76.877251
76.877602
79.354942
76.891495
76.864349
76.905533
Control Period
82.197060
76.900543
76.890396
76.915680
76.872032
82.258713
78.346146
Control Period
78.774948
82.291199
76.885406
76.889435
76.874657
76.873306
76.867714
Control Period
76.867104
82.461380
79.895706
76.842270
76.895233
76.955429
76.942528
Control Period
76.905121
80.648705
82.641983
80.975807
76.887138
76.903259
Control Period
82.427681
80.801697
76.852226
76.860260
76.828323
76.911072
80.093185
Control Period
82.048706
76.897469
76.882271
79.066437
76.853348
76.859039
76.883553
Control Period
76.881851
81.738342
76.879486
76.880646
79.250305
79.421722
76.903290
Control Period
82.157791
81.870499
76.864929
76.908607
76.846558
76.850784
76.868484
Control Period
76.879616
76.848671
80.572067
76.860794
76.860703
76.879936
Control Period
76.879585
76.846298
76.868027
82.171677
76.861282
76.848602
76.865150
Control Period
80.728127
81.952606
82.721222
81.227036
77.847649
82.194717
82.081573
Control Period
82.833374
76.957886
76.847488
76.898209
76.946846
76.890106
76.894814
82.304672
Control Period
76.885857
76.885956
78.227036
76.841599
77.927521
76.861435
Control Period
81.389755
76.886948
80.779678
76.884995
79.210594
82.284988
76.908577
Control Period
76.874557
76.886559
76.861923
76.896988
78.490402
82.548935
Control Period
82.351547
76.882690
76.898178
76.881248
76.878204
79.346237
82.474945
Control Period
80.968674
82.443329
77.075684
76.863037
76.871071
80.495522
82.225601
Control Period
76.893890
76.874207
76.884674
76.855011
76.902756
79.349503
Control Period
82.415520
81.994530
82.046242
80.730682
76.924316
76.867996
76.886688
Control Period
76.873917
82.145630
76.884354
76.881439
76.891876
82.371994
76.878944
Control Period
76.879364
76.922394
82.280899
76.898651
76.902756
76.946495
Control Period
82.253052
79.550781
76.870239
79.772606
82.654724
76.916351
Control Period
76.926590
82.136002
76.900223
76.860672
76.880257
76.878273
80.868378
Control Period
76.878204
76.913025
76.865570
76.850494
76.891098
76.870178
Control Period
80.209442
76.890274
76.866272
76.872803
76.884964
76.905060
76.894463
Control Period
81.867233
76.841759
76.893692
76.859619
82.421478
76.886047
76.873093
Control Period
76.855652
76.864410
76.851196
76.859009
76.856865
76.904160
76.867355
Control Period
76.873985
76.872383
82.602432
76.895355
76.865921
82.787140
Control Period
76.839554
76.848602
76.871399
76.854462
79.737854
82.351456
Control Period
81.985825
76.853409
76.849792
76.886169
76.865601
76.909378
76.866653
Control Period
76.856125
77.930206
82.516068
80.429413
76.852928
76.867874
76.896767
Control Period
76.863426
76.868668
76.889824
82.417503
77.857468
76.854782
Control Period
76.848511
76.866241
76.869308
76.859268
77.821632
76.857437
Control Period
76.862595
76.882599
78.985626
76.871071
79.586334
76.858269
76.854492
Control Period
76.876511
76.872353
76.830269
76.865601
76.836380
Control Period
76.860931
76.856995
76.889153
76.855682
76.857986
76.871552
76.853569
Control Period
76.841797
76.855804
76.845505
76.851585
76.859871
76.835297
76.888481
Control Period
76.866463
76.852158
76.891426
76.863838
76.845566
76.834045
Control Period
81.831520
80.335876
76.876129
81.941406
76.864639
82.447197
76.829285
Control Period
76.884163
76.861183
76.859039
76.859489
76.868805
76.854523
Control Period
79.838142
76.876030
76.855362
76.849731
76.842758
76.863106
76.885727
Control Period
89.230240
89.232193
89.214142
89.284317
