80
85.7001
93.4165
94.3072
94.5663
95.8605
96.5211
96.207
95.8236
95.8284
96.1612
97.1779
96.9571
97.8425
99.2211
98.2888
98.5838
97.7965
97.3471
97.4584
95.8457
95.9058
96.9388
96.2466
97.2162
97.4811
96.7071
96.387
97.0994
96.9189
96.8393
97.1349
97.0256
97.9671
97.7104
98.0565
96.9227
98.1519
97.8583
97.1953
97.7694
98.4781
96.3475
95.8495
95.3238
95.2877
96.0486
95.813
95.6774
99.1782
96.9533
95.6956
96.1885
97.8567
96.2682
97.8312
97.2223
99.0361
97.8661
97.1826
97.5541
96.5199
96.7285
97.6644
96.2783
95.8085
96.1233
95.9174
97.6285
96.9231
97.407
97.0821
95.6374
96.3793
96.5692
97.6566
97.2793
96.8219
97.2016
96.6034
95.9796
96.8581
96.6425
96.6056
97.6399
97.1773
97.4133
95.9619
96.852
95.8244
95.439
96.482
97.1382
96.3972
95.7282
96.3711
95.1114
95.9924
97.3707
97.2139
98.0098
97.9216
97.5908
97.0829
96.8072
96.1053
96.7376
97.6637
96.0182
96.4971
96.7873
97.4506
96.3678
96.1918
