160
161.047
173.759
184.941
191.89
195.166
195.643
197.949
200.273
200.241
201.92
202.184
202.921
203.662
204.615
205.33
205.007
205.093
207.116
205.051
207.047
204.885
203.453
204.09
202.683
203.461
203.749
204.046
202.403
203.215
203.617
203.633
204.59
204.213
205.398
206.278
206.642
203.025
203.987
204.251
204.082
204.789
206.949
203.751
203.143
203.752
204.683
205.579
206.988
203.996
201.742
205.063
204.984
202.803
204.804
203.81
204.143
203.814
206.623
204.962
203.036
205.22
204.653
203.903
204.127
203.184
202.898
201.747
202.422
204.145
205.087
204.205
206.738
205.296
204.445
204.995
203.973
203.438
203.336
202.875
202.464
202.358
203.942
204.645
204.725
205.59
205.004
206.572
207.204
207.312
207.709
206.518
204.017
205.084
204.32
203.775
203.607
202.976
203.244
203.184
204.407
205.367
205.627
204.839
204.446
203.343
204.086
204.504
203.779
203.623
202.922
201.16
201.185
201.301
