59.333694
58.617504
58.587456
58.570911
58.667198
58.579872
58.595711
58.589088
58.546272
58.583870
58.584450
58.603264
58.622467
58.681763
58.629410
58.591969
58.601410
58.600899
58.561279
58.597122
58.590721
58.595585
58.601501
58.557251
58.575134
58.599808
58.598785
58.602173
58.561855
58.577503
Control Period
62.659775
64.780380
60.830559
62.934593
62.902397
61.892227
63.809471
62.832737
62.185760
61.563522
Control Period
65.082466
67.211548
68.494843
68.190140
67.808479
64.870529
64.833794
Control Period
68.501793
69.884445
71.115295
68.878113
67.721695
67.873245
Control Period
71.596703
71.599678
71.654022
71.630211
71.649124
67.895264
68.091003
Control Period
71.661789
71.657349
71.666496
71.641632
71.648544
71.633186
Control Period
71.649055
71.639328
71.652451
71.628609
71.643524
71.620346
Control Period
71.654846
71.633820
71.646530
69.381317
71.624641
71.638657
71.632996
Control Period
71.624222
71.633179
71.633377
71.636642
71.673439
71.649628
Control Period
71.679199
71.639236
71.689957
71.667358
71.653275
71.653984
71.650940
Control Period
76.655869
71.639328
71.670242
71.638275
71.619324
71.642174
76.856606
71.636124
Control Period
71.638046
71.640030
71.682907
76.736320
71.628799
71.648804
Control Period
77.042877
71.630814
71.650368
71.663902
75.157562
71.675644
71.678398
71.694565
Control Period
76.755814
76.469566
72.115295
71.664574
71.648773
72.848000
76.574593
74.735710
Control Period
71.643234
71.627808
76.654373
71.634399
77.586212
71.637535
74.358109
Control Period
71.628677
76.909378
74.664352
76.755386
71.638878
74.683586
Control Period
74.004990
76.670143
71.665283
71.651718
75.137535
71.625824
Control Period
76.904800
73.818558
71.681091
71.674850
71.658173
71.658783
71.660034
71.636642
Control Period
72.874878
76.544800
76.823105
71.616768
71.623459
72.363297
Control Period
71.620255
71.658142
71.666847
71.663300
71.639137
71.644699
Control Period
71.656326
71.655006
71.664223
73.162628
77.103836
71.647583
Control Period
71.647903
71.646469
71.692062
71.649437
71.684570
76.771133
Control Period
71.663681
71.635071
71.643555
71.652893
71.625183
71.647072
71.629669
Control Period
71.618439
76.900063
75.670715
75.045570
71.631195
71.632896
71.648254
Control Period
76.799965
71.636322
71.650726
71.654175
76.049248
71.612030
71.639908
Control Period
71.612381
71.645699
76.866470
71.654625
71.617119
71.659554
Control Period
71.648735
73.882111
71.644867
71.647461
71.654236
72.411942
Control Period
74.211487
71.654686
75.429886
71.646881
71.646179
76.751678
Control Period
77.168510
71.603745
71.647171
71.636543
71.680672
71.633888
71.682625
Control Period
71.650528
71.674149
71.673439
71.639389
71.686111
76.279236
71.679070
Control Period
71.643356
74.718048
71.648514
71.669540
76.799103
71.660034
Control Period
75.720322
71.667427
71.683456
71.644386
71.688965
71.661148
71.645950
71.644638
Control Period
71.656677
76.949890
75.086082
76.690079
72.832260
71.647232
71.659454
Control Period
71.659164
71.655899
71.651932
72.946304
75.521637
76.566048
71.638275
Control Period
75.283844
75.890144
76.583107
71.653763
71.608833
71.633087
71.632957
Control Period
72.187683
71.645691
72.804352
71.648804
72.036385
76.772446
Control Period
75.951263
74.260284
76.569984
73.712708
75.436829
71.816383
Control Period
71.633057
71.679619
76.804993
71.637085
71.609756
76.469315
71.625763
Control Period
71.625504
71.623550
71.624962
71.642853
76.850815
73.367554
71.612350
Control Period
71.624641
76.678688
71.663239
76.543579
71.638977
71.624954
71.626587
Control Period
73.633667
76.682617
76.159554
74.936867
73.962753
72.266724
71.656357
Control Period
71.637634
71.613312
71.611267
71.637535
71.645630
71.602524
71.643616
Control Period
71.629601
71.624283
71.626785
71.655518
71.651230
71.651039
71.659264
Control Period
71.648003
71.649918
71.630974
71.620285
71.626877
71.608093
Control Period
71.628098
71.611748
71.620956
74.055130
71.620163
71.632385
Control Period
71.636612
71.659393
71.623260
71.628387
71.633606
71.620163
71.615997
Control Period
71.635971
71.599045
71.607132
71.592606
71.586914
71.620483
71.603516
Control Period
71.615067
71.642494
71.612770
71.619583
71.636833
71.611359
71.614212
Control Period
74.248642
74.510719
75.845505
76.982750
76.835587
74.481598
76.972351
Control Period
71.628250
71.633217
71.615967
71.628708
71.635391
74.444000
72.172897
Control Period
71.595230
71.630585
71.631233
71.613472
71.635712
71.656448
Control Period
71.658661
73.681412
71.636963
71.622437
71.602982
71.610245
71.612129
Control Period
71.607834
71.610977
71.647751
75.865791
76.349121
76.759392
Control Period
71.630722
71.649796
71.609566
71.635300
71.637955
71.647552
71.639297
Control Period
73.546371
76.637695
76.848160
76.167450
71.655014
71.645248
71.654625
Control Period
71.634430
71.646362
71.635582
73.276352
76.859070
71.617310
Control Period
76.594971
73.660385
75.524734
75.641861
72.903709
71.995552
71.600960
73.284546
71.606720
Control Period
71.612061
72.958435
71.670425
76.385925
71.666534
76.599396
Control Period
71.645981
71.891876
77.028511
71.632767
75.444412
73.225250
71.635834
Control Period
71.648315
71.656128
71.659683
72.053375
76.520157
76.822205
Control Period
76.871964
71.624542
71.651047
71.634750
71.616898
71.605827
71.624672
Control Period
71.615326
76.775902
71.655197
71.663162
71.638077
71.620453
71.648544
Control Period
76.893150
72.075935
71.623169
73.956924
76.721153
71.654015
Control Period
72.335770
71.647362
71.628418
71.650368
71.649025
71.653091
71.658371
Control Period
71.633347
75.114334
71.616028
71.640030
71.645859
71.627777
Control Period
71.621658
71.614014
71.632004
71.612091
71.612099
76.446243
Control Period
71.665123
71.613472
71.634140
71.616737
71.599167
71.616226
Control Period
77.098656
71.666214
71.612000
71.615707
71.617889
71.629822
77.159935
71.648285
Control Period
73.554848
71.628960
71.615906
71.634178
71.635490
71.623291
71.634911
71.618942
Control Period
71.654846
71.639839
76.730820
76.834595
71.597183
71.618469
Control Period
76.967270
74.209793
71.629150
71.614822
71.593567
71.623322
71.623901
Control Period
71.621536
71.617981
71.645889
71.608063
71.602554
71.634171
Control Period
71.610847
71.594307
73.951454
75.541344
71.606911
71.614883
Control Period
72.150269
71.604507
71.598495
71.614594
71.597885
71.624634
75.816162
71.606628
Control Period
71.615807
71.603615
73.182175
76.826111
76.591995
76.377060
Control Period
71.624512
71.596031
75.593918
71.591393
71.620926
71.612160
Control Period
72.973534
71.919426
71.646683
71.620255
75.689888
71.590050
71.604317
Control Period
71.604546
71.589790
76.664642
71.609505
77.012222
71.634369
Control Period
71.629250
76.367996
71.608582
71.622437
71.605850
Control Period
71.595070
71.609505
71.593765
71.608803
71.575966
71.592957
71.602722
Control Period
76.020325
71.598907
71.619011
71.606178
71.601570
71.597313
Control Period
71.611877
71.630020
71.622437
71.610847
71.610336
76.835617
71.623901
Control Period
71.627747
76.637344
72.436256
71.628677
71.618462
71.617950
71.617661
Control Period
71.613953
71.610115
71.638779
71.623230
71.590851
76.868195
71.635742
76.926178
Control Period
71.634178
71.605789
76.945312
73.514397
71.610535
71.593536
Control Period
75.352798
75.460129
71.618431
71.616028
71.613693
71.620163
75.400543
Control Period
71.603615
71.601562
71.598656
71.608795
71.619232
71.608612
72.992355
Control Period
71.632095
74.020676
71.621658
73.619003
74.428925
71.646881
Control Period
71.636124
71.647682
71.622406
71.651360
71.640228
71.607101
71.630753
Control Period
71.613190
71.610176
71.615677
71.630753
71.633087
71.634842
Control Period
76.796417
73.767365
72.240929
71.586815
71.605537
71.625214
71.600861
Control Period
71.625885
74.346878
71.621666
77.092224
72.805954
71.609856
71.605057
Control Period
71.621094
71.602463
71.609467
71.617599
71.609787
77.026886
Control Period
71.603653
71.641312
71.592064
71.604767
71.618973
71.626434
71.606918
Control Period
71.602974
71.637665
71.605118
71.605728
74.427040
74.104996
71.593658
Control Period
71.606949
71.623810
71.798309
71.647293
71.653503
Control Period
71.607330
71.661438
71.617249
71.643814
71.623108
71.634018
71.648544
Control Period
74.434875
71.612579
71.616409
76.539612
71.623291
71.631516
76.746078
Control Period
74.167389
72.791618
71.654373
71.659164
76.731461
71.602882
71.610527
Control Period
71.637634
72.657852
71.613602
71.626755
71.643524
76.479935
71.623360
71.607201
Control Period
76.767776
71.640030
76.597343
71.636253
71.623932
74.913155
Control Period
73.229156
71.643463
77.108963
71.614944
71.622620
77.127777
71.644707
Control Period
71.631042
71.629852
72.421631
76.653946
73.747238
71.641441
Control Period
71.604225
71.608162
71.621506
71.591682
71.599617
71.626144
77.104065
Control Period
71.631393
71.636002
71.668800
71.620094
71.603104
74.319839
Control Period
76.904129
72.636642
71.608932
71.628510
71.607231
74.922882
71.624382
71.664162
Control Period
71.624069
71.616798
77.226974
71.620865
71.625061
76.456703
Control Period
71.619965
71.604156
71.597626
73.875809
71.618141
Control Period
71.624191
71.629471
76.650238
71.613571
71.619934
71.621635
71.635330
71.632828
Control Period
71.618240
76.785156
71.610947
73.494690
71.641083
Control Period
73.161316
76.522530
71.618301
73.692581
76.597214
Control Period
71.634811
71.623520
71.642494
71.623901
71.647324
71.621826
71.611237
Control Period
71.611557
71.624352
71.619293
71.622559
71.604218
71.640228
71.603424
Control Period
73.623871
71.648033
71.662491
71.625092
71.616409
71.574844
Control Period
82.721054
82.720505
82.714752
82.723557
82.720444
82.703003
82.723038
82.712891
82.718948
82.725822
82.712288
82.719139
82.718750
82.726242
82.709824
82.722206
82.726334
82.740448
82.856476
82.710983
