60.206306
59.916862
59.901119
59.910591
59.869728
59.914463
59.909569
59.880127
59.860577
59.886368
59.895233
59.915810
59.909279
59.881950
59.884674
59.916512
59.906494
59.901283
59.925087
59.883522
59.921890
59.893982
59.912960
59.888031
59.904030
59.897629
59.916191
59.901054
59.881149
59.871136
Control Period
64.128708
63.403839
64.771133
63.273438
63.240829
64.578270
64.781219
Control Period
71.643967
72.487808
69.891235
68.508736
70.737503
72.169510
73.004257
73.279587
Control Period
72.158691
72.459267
72.386337
73.342270
72.224480
72.176636
Control Period
76.840698
72.186142
72.191681
72.011650
72.320038
76.668411
76.555939
Control Period
76.912506
76.892227
76.884796
76.902176
76.932892
76.889793
76.860992
76.882523
Control Period
76.900223
76.906372
76.916260
76.886078
76.889221
75.149597
Control Period
76.893631
76.849533
76.870651
75.440323
76.890816
76.873184
76.902206
Control Period
76.883453
76.884254
76.897629
76.899429
76.899582
76.927353
Control Period
76.873985
76.924545
76.907135
76.878235
76.933983
Control Period
76.883331
76.915070
76.871613
76.924194
76.874878
76.913406
Control Period
76.866753
76.892189
76.886818
76.885605
76.872604
82.264320
76.873978
Control Period
76.884285
80.011139
76.879166
76.911133
76.916290
77.903198
Control Period
76.943008
81.530594
76.894913
76.885086
78.767548
82.435226
Control Period
81.957153
76.898621
82.385918
76.921951
81.951424
79.220734
Control Period
83.417831
76.916092
78.982178
76.908066
82.316002
76.886780
81.990112
Control Period
77.493347
79.799454
76.894241
76.916092
82.397659
78.868637
76.896255
Control Period
76.876923
76.860962
76.916161
76.910942
76.922241
76.852768
Control Period
76.904358
76.857666
76.892578
82.283737
79.799713
82.065796
Control Period
76.863998
76.920029
76.885376
76.916862
76.911072
76.880157
Control Period
76.886528
76.921410
76.877792
76.904770
76.906944
82.194565
Control Period
76.875107
76.916321
76.906113
81.985855
76.897339
76.889664
76.919327
76.957916
76.937317
Control Period
76.901123
82.255394
76.920410
76.877090
82.178879
76.875397
Control Period
82.074242
76.881920
76.894882
78.611008
82.114464
Control Period
76.852005
76.861694
76.888733
82.291069
76.898468
76.880928
76.882271
Control Period
78.520828
82.187393
76.874084
76.883514
79.998276
76.893341
76.891357
Control Period
76.948990
76.899200
76.877472
81.785057
76.899460
76.887970
81.497696
Control Period
79.785568
81.714233
76.921822
76.886688
76.889633
76.894363
Control Period
76.862656
76.867935
76.876480
76.895393
76.916122
76.906555
76.925629
Control Period
79.961693
76.911804
76.936508
76.906944
76.916000
76.903069
76.891876
Control Period
76.926620
79.340958
76.918396
76.900002
76.880188
76.899292
Control Period
78.333664
76.883743
76.917694
81.342560
76.909409
76.884064
82.243233
Control Period
81.962273
76.924667
76.921982
76.904251
76.890625
76.912445
Control Period
82.131165
76.890144
76.918503
76.915207
76.856934
76.971878
82.024002
Control Period
76.883041
76.875298
76.873245
76.869377
76.831741
76.886017
76.874619
Control Period
81.723419
77.574051
76.911682
79.016098
76.862854
76.874336
Control Period
77.813408
79.400955
76.861755
79.877853
78.199615
82.291679
Control Period
76.886658
76.878944
76.892159
76.890175
76.843933
76.843582
Control Period
76.866333
76.895744
80.899643
76.866112
76.897507
76.897629
Control Period
82.739899
76.877213
76.858810
76.912643
82.323296
76.894501
76.875397
Control Period
80.123550
76.896606
76.884323
76.898399
76.893051
76.868126
76.911865
Control Period
76.881882
76.859299
76.879868
76.887711
76.869919
76.887772
Control Period
81.959618
82.256165
81.833855
80.072960
82.073410
80.062683
Control Period
81.203964
82.420189
81.794434
82.075073
80.845505
81.705154
Control Period
76.872482
76.881409
81.828995
79.610336
76.879234
76.862305
Control Period
82.054077
76.871933
76.876991
76.877342
76.891457
76.866013
76.856644
Control Period
82.115204
82.219711
76.899841
76.865540
76.841339
76.878906
76.880318
Control Period
76.866173
76.887680
76.849983
76.981949
79.806625
76.866463
Control Period
76.827682
76.818756
76.861725
76.889221
76.872925
76.873856
Control Period
81.871109
82.039520
82.456924
82.146461
82.308701
79.268227
81.232162
Control Period
76.876801
76.886398
76.877953
76.905853
76.864380
76.892128
Control Period
76.917572
79.755524
76.882660
76.859680
76.896606
76.848030
82.639328
Control Period
78.486877
81.306145
82.502686
77.794945
76.867172
76.839165
76.883263
Control Period
76.892227
76.862564
76.866592
77.055649
79.566849
81.697311
Control Period
80.089890
76.849953
76.845825
76.874268
76.905251
76.879623
76.893372
Control Period
76.904160
76.908478
80.886047
80.557762
76.873413
76.883102
Control Period
76.886108
76.839554
76.858498
76.860931
76.880417
80.582817
76.867905
Control Period
78.548737
80.922783
76.897598
77.487808
79.369598
76.868317
Control Period
79.440506
76.867584
76.876251
80.600510
82.115585
Control Period
80.286079
82.289795
82.526657
82.091812
77.265121
76.869408
76.873985
Control Period
76.860413
76.880676
79.024124
76.890495
76.870110
76.879135
Control Period
76.887390
76.904991
76.895393
82.999710
76.887589
Control Period
76.903618
76.894424
76.857727
76.866714
76.860443
76.834816
76.853569
80.294334
Control Period
76.873978
82.498276
76.872101
76.855583
81.944801
76.892609
Control Period
76.896347
76.891876
76.873024
82.850845
76.897156
76.904610
82.246948
Control Period
76.870911
76.886688
76.883652
76.867844
76.883713
76.870689
76.864639
Control Period
82.105347
76.840927
76.887619
76.866623
81.456131
76.837120
76.876289
Control Period
76.876892
76.853149
76.883232
76.869476
76.885345
76.871521
Control Period
80.044800
82.004669
76.870209
76.887268
78.352448
82.364449
Control Period
76.909248
76.883102
76.859039
76.887680
82.116379
79.156860
77.157532
Control Period
79.628540
81.907684
81.880768
79.324997
76.843964
76.859169
Control Period
81.913284
76.886208
76.895775
76.870148
76.889214
76.860962
76.867355
78.486115
Control Period
76.874397
76.836731
76.924454
77.775711
82.122147
76.858978
Control Period
82.189789
78.700134
76.821564
82.005829
76.870880
76.869537
Control Period
76.848892
76.872986
76.845566
76.888931
76.834656
76.846466
76.836159
Control Period
81.973793
76.874557
76.849762
76.874115
82.646820
76.850464
76.867035
Control Period
76.846176
81.846336
76.846405
76.848923
76.859268
80.818817
Control Period
77.094559
76.843552
76.837952
76.859230
78.042267
76.844734
76.865692
Control Period
76.879044
77.492477
76.854202
82.479553
76.868927
76.870407
76.845284
Control Period
82.347488
76.868065
76.848480
76.817345
76.819359
82.393120
76.843140
76.877602
Control Period
76.822433
76.873154
81.838821
76.915009
76.870758
82.362656
76.833435
80.117371
Control Period
76.853699
76.862846
76.870178
83.157631
76.836929
76.858429
Control Period
81.829788
76.899010
76.891968
76.874207
76.877953
76.885117
82.274918
Control Period
76.868958
79.292702
82.058304
76.849281
76.863266
76.863556
Control Period
76.875366
76.847328
76.838142
80.312096
81.928925
76.849632
76.871490
Control Period
78.278244
82.726974
82.198883
76.858688
76.878876
76.865471
Control Period
82.200607
76.829155
76.863525
76.867615
76.866562
76.858139
76.853470
Control Period
76.850433
76.843842
76.872704
76.879807
76.886017
76.852737
Control Period
82.148834
79.519936
78.187225
76.927490
76.907745
76.861725
76.874977
Control Period
76.880127
76.893509
76.870331
76.926529
76.912415
76.887970
76.851807
Control Period
76.846466
76.897247
76.863808
76.837372
76.868225
77.335777
Control Period
80.589439
82.306015
76.877182
79.191330
76.833153
76.849693
76.842720
Control Period
76.878525
76.846657
76.869949
76.863487
76.889633
76.859451
Control Period
76.864960
81.933884
76.858978
76.846046
82.159012
76.853889
Control Period
82.146400
76.839813
76.845383
76.868546
76.897690
76.910110
Control Period
80.192474
76.888580
82.276733
82.182335
76.865952
76.876038
76.898560
Control Period
82.509506
76.896515
76.886307
76.892319
76.883331
76.886719
76.866852
Control Period
84.274017
76.860291
76.877632
76.861862
76.870911
76.868797
76.850655
Control Period
76.905060
80.857697
76.892197
76.944870
76.865440
78.549789
Control Period
76.876030
82.292290
76.884415
76.901375
81.889763
76.899170
76.903198
76.868706
76.854401
Control Period
76.858368
81.041382
76.897217
81.907234
76.883682
78.492157
Control Period
82.267868
76.877060
76.894363
82.106689
76.892288
76.874878
81.638397
Control Period
76.898048
76.893311
81.201126
82.223389
81.797852
76.882111
76.895424
Control Period
82.472092
76.836670
76.848480
79.175201
82.064163
76.873123
Control Period
79.337250
76.869278
79.857506
82.907425
82.218559
79.064384
Control Period
76.913025
81.257339
79.479744
76.861404
76.882339
76.947777
76.906975
82.352707
Control Period
76.880417
76.843521
76.894753
80.662659
76.846497
76.834213
Control Period
76.896667
76.878845
77.676575
82.239777
76.889755
79.635773
81.677094
Control Period
82.056412
76.854492
76.860352
76.861534
76.904190
76.881729
Control Period
82.338112
76.883270
76.874588
76.883583
76.855484
79.772675
76.857819
Control Period
80.944901
76.893280
76.906525
76.899712
76.888832
76.838753
76.914177
Control Period
76.890457
76.868095
76.899780
76.874298
76.871101
76.824959
76.864929
Control Period
81.914818
76.875458
76.881668
76.849953
76.850815
76.877792
76.846588
Control Period
80.188034
82.877350
76.851677
76.853600
78.880447
76.811554
Control Period
89.208221
89.218460
89.234558
89.268448
