-634.919
-1223.1
-1361.93
-1327.31
-1351.33
-1341.1
-1437.17
-1349.4
-1292.59
-1308.9
-1316.45
-1321.13
-1324.1
-1338.93
-1204.38
-1389.07
-1360.57
-1416.8
-1393.77
-1342.87
-1464.17
-1346.17
-1313.07
-1351.7
-1337.93
-1318.5
-1381.63
-1340.66
-1242.37
-1311.9
-1392.1
-1406.3
-1231.5
-1303.17
-1228.93
-1377.77
-1432.79
-1536.43
-1363.93
-1295.69
-1356.97
-1354.63
-1414.2
-1376.13
-1338.59
-1364.87
-1336.23
-1356.7
-1384.6
-1385.27
-1430.3
-1410.66
-1421.47
-1303.67
-1472.83
-1370.83
-1360.34
-1455.57
-1378.3
-1364.27
-1368.24
-1379
-1337.63
-1313.69
-1364.57
-1376.33
-1240.41
-1297.43
-1358.67
-1366.6
-1372.13
-1346.76
-1406.3
-1400.73
-1360.27
-1355.03
-1342.5
-1369.73
-1338.66
-1347.86
-1378.57
-1398.43
-1379.07
-1438.17
-1329.23
-1316.34
-1481.6
-1350.67
-1369.14
-1357.33
-1411.6
-1484.79
-1416.53
-1393
-1373.43
-1351.4
-1418.21
-1380
-1392.47
-1359.27
-1284.87
-1388.93
-1368.5
-1257.2
-1381.45
-1505.6
-1374
-1409.83
-1339.28
-1385.55
-1374.43
-1409.13
-1397.07
-1384.9
