-571.75
-919.035
-569.345
-288.379
-84.8999
-27.2759
60.4331
-31.7666
-63.2412
-41.8276
-12
-8.03467
48
-8.62061
-51.3105
4.7998
65.2666
59.1724
-33.4668
-41.793
-18.793
3.7334
-7.89648
14.0347
-100.6
17.6553
134.724
1.6665
-38.2002
-77.7241
-84.8667
47.3999
-2.93115
130.533
-52.8623
37.4668
-21.8623
27.6333
-60.8623
-93.2334
-46.8276
46.6206
22.1001
-86.5332
-47.1035
30.793
61.2666
5.65527
116.467
-116.483
23.4829
-30.4668
-33.4136
-112.379
37.7666
67.7241
107.4
37
-37.3667
25.5171
95.6333
-5.37939
7.5332
-35.2759
-53.8667
31.6001
-135.655
-84.6001
46.6553
107.867
36.0669
34.8623
-4
-6.7666
-16.1035
66.8623
43.0332
44.3667
-70.3447
-38.7334
22.4829
-17.6665
-46.1377
15.2412
75.5864
-67.4482
-95.2666
-67.8965
56.6001
59.6206
113.933
-25.8667
-27.3105
95.6206
-20.4136
-78.3335
-26.6895
-73.7666
-0.724121
-10.3335
-57.9653
92.6665
54.0688
-10.6206
-11
-7.79297
3.68945
32.5518
-1.1333
-11.6206
-14.6553
-33.207
43.0688
4.64307
