0.705617
0.743927
0.794691
0.808581
0.822354
0.834642
0.831838
0.832737
0.824526
0.830729
0.838484
0.836394
0.840407
0.827151
0.824114
0.841976
0.846823
0.828817
0.823689
0.830062
0.833136
0.82786
0.836942
0.830809
0.818471
0.833309
0.841555
0.828654
0.837216
0.828928
0.832408
0.840694
0.83337
0.822649
0.827579
0.837613
0.824214
0.833152
0.829936
0.82982
0.84034
0.835843
0.833277
0.848371
0.835155
0.842325
0.840838
0.834139
0.833974
0.833817
0.836565
0.836492
0.834547
0.839567
0.844681
0.840546
0.839722
0.845196
0.820032
0.829843
0.83705
0.833906
0.8309
0.831729
0.832314
0.857058
0.844543
0.842603
0.837114
0.838011
0.825997
0.844296
0.833195
0.83183
0.833932
0.852809
0.841676
0.831723
0.828053
0.834429
0.827555
0.831532
0.831296
0.846747
0.845804
0.828145
0.830711
0.828198
0.838041
0.830772
0.845426
0.83465
0.826207
0.829872
0.834949
0.821648
0.823044
0.840811
0.842324
0.832967
0.828899
0.839508
0.831149
0.8297
0.820163
0.844328
0.839324
0.82204
0.832142
0.834341
0.828746
0.841204
0.814681
0.840735
