5571.75
5919.03
5569.34
5288.38
5084.9
5027.28
4939.57
5031.77
5063.24
5041.83
5012
5008.03
4952
5008.62
5051.31
4995.2
4934.73
4940.83
5033.47
5041.79
5018.79
4996.27
5007.9
4985.97
5100.6
4982.34
4865.28
4998.33
5038.2
5077.72
5084.87
4952.6
5002.93
4869.47
5052.86
4962.53
5021.86
4972.37
5060.86
5093.23
5046.83
4953.38
4977.9
5086.53
5047.1
4969.21
4938.73
4994.34
4883.53
5116.48
4976.52
5030.47
5033.41
5112.38
4962.23
4932.28
4892.6
4963
5037.37
4974.48
4904.37
5005.38
4992.47
5035.28
5053.87
4968.4
5135.66
5084.6
4953.34
4892.13
4963.93
4965.14
5004
5006.77
5016.1
4933.14
4956.97
4955.63
5070.34
5038.73
4977.52
5017.67
5046.14
4984.76
4924.41
5067.45
5095.27
5067.9
4943.4
4940.38
4886.07
5025.87
5027.31
4904.38
5020.41
5078.33
5026.69
5073.77
5000.72
5010.33
5057.97
4907.33
4945.93
5010.62
5011
5007.79
4996.31
4967.45
5001.13
5011.62
5014.66
5033.21
4956.93
4995.36
