0.711234
0.768223
0.808674
0.841806
0.855374
0.859239
0.861845
0.850663
0.859838
0.860173
0.866571
0.866343
0.866533
0.861773
0.867865
0.865456
0.867293
0.867026
0.858792
0.862702
0.860972
0.863747
0.8643
0.864613
0.864007
0.866177
0.867965
0.863564
0.859444
0.864763
0.86891
0.868421
0.866959
0.868196
0.861257
0.863786
0.863307
0.86133
0.862789
0.868392
0.866319
0.875256
0.876098
0.875048
0.873981
0.878318
0.874153
0.87165
0.869499
0.864573
0.872097
0.867831
0.874833
0.871007
0.873371
0.876067
0.872774
0.864752
0.864224
0.865396
0.86858
0.861307
0.860185
0.859789
0.861067
0.862885
0.864029
0.869574
0.874803
0.871996
0.869792
0.867327
0.867259
0.864097
0.864513
0.86475
0.861362
0.861325
0.858112
0.85843
0.868859
0.866137
0.861305
0.867919
0.863973
0.862587
0.865746
0.869641
0.875188
0.871061
0.866096
0.860774
0.862938
0.867204
0.856437
0.861309
0.865814
0.864062
0.871051
0.865615
0.869974
0.87076
0.867669
0.864208
0.865192
0.862347
0.86557
0.865747
0.866969
0.863728
0.865111
0.864684
0.872289
0.867863
