0.722082
0.779488
0.818648
0.857936
0.871369
0.876479
0.86794
0.883218
0.874098
0.882608
0.875427
0.874491
0.87429
0.88586
0.885558
0.874164
0.864761
0.880164
0.884443
0.874292
0.877504
0.891766
0.874937
0.891582
0.897347
0.896233
0.878002
0.88332
0.869519
0.87752
0.88142
0.888087
0.895339
0.896234
0.884473
0.879432
0.883189
0.881523
0.873745
0.882797
0.888457
0.888946
0.884013
0.868736
0.896191
0.886329
0.895348
0.892171
0.894711
0.877364
0.887025
0.883719
0.889838
0.887294
0.905727
0.898364
0.893379
0.890402
0.901207
0.902596
0.881626
0.875135
0.885498
0.880531
0.880004
0.86317
0.870112
0.885629
0.9
0.896004
0.895713
0.870875
0.878909
0.88013
0.882293
0.864137
0.872028
0.872446
0.87265
0.880041
0.884161
0.876331
0.882927
0.864231
0.866052
0.879265
0.884924
0.892079
0.887459
0.898518
0.879905
0.880797
0.880036
0.878984
0.876244
0.883014
0.890933
0.878679
0.872242
0.898532
0.887883
0.890585
0.887083
0.885266
0.897247
0.872392
0.884242
0.897621
0.884764
0.883289
0.882166
0.875637
0.902765
0.87037
