60.202110
59.888672
59.889088
59.940193
59.890526
59.899391
59.890881
59.871582
59.876930
59.875168
59.873856
59.877888
59.889694
59.909218
59.892479
59.890816
59.896832
59.909569
59.932190
59.906593
59.903229
59.854145
59.884800
59.898018
59.926590
59.878494
59.914848
Control Period
65.003555
64.605980
61.979332
62.650528
64.166367
62.215202
60.790367
59.902241
59.917923
Control Period
66.670624
63.190910
63.028767
65.895103
66.228737
64.858017
68.570496
Control Period
68.610535
68.581825
68.635010
68.675903
68.674591
68.628510
68.637695
Control Period
70.801346
68.614113
68.614914
68.625954
68.640511
70.293472
72.376610
Control Period
71.533310
69.240639
69.169090
70.282242
68.530594
72.679199
68.520767
70.990784
Control Period
68.502396
68.487366
68.460358
70.490273
68.691330
72.803070
68.611488
72.738304
Control Period
73.142654
68.524734
68.560349
73.088837
68.568634
68.573822
72.062401
Control Period
68.557312
70.797218
69.018845
69.289948
72.530113
68.559776
72.928894
68.611298
69.057465
Control Period
72.284836
70.387039
68.583359
69.917122
71.641220
68.576897
72.870117
Control Period
68.578308
68.617538
71.755424
68.870621
68.585793
72.822556
71.865280
68.605957
70.606079
Control Period
72.551712
71.847961
68.709763
68.465218
68.504478
68.652611
70.983330
Control Period
69.866653
68.530594
70.319649
68.584259
68.673889
70.757660
72.869629
Control Period
72.542236
71.657921
69.491837
70.191902
72.919708
70.787903
68.489952
Control Period
72.692413
69.997955
68.579681
68.564575
72.699234
72.534081
Control Period
70.846405
72.255135
70.146461
68.588737
70.060738
68.667450
68.623489
70.276802
Control Period
71.106659
68.939362
68.552322
68.873978
68.599716
69.013313
Control Period
68.701118
68.604828
72.536285
69.920486
68.576927
73.167236
71.384796
Control Period
73.031067
68.614365
72.982437
68.599136
72.700516
68.583008
72.990593
68.542557
Control Period
72.858078
68.527168
68.872894
69.474976
68.513344
72.855171
68.501633
Control Period
68.467232
68.810211
72.779037
70.418716
68.528900
69.981186
72.416870
Control Period
72.668671
72.603546
68.918976
73.050591
71.081406
69.724579
Control Period
68.581436
70.070976
71.121216
72.974945
70.010086
68.592346
68.613663
Control Period
74.865341
68.617859
72.523422
70.593567
72.611198
68.748093
Control Period
72.401764
72.522171
72.481827
73.184639
72.211586
69.034332
70.029152
72.436646
Control Period
72.649185
72.150436
69.375618
69.792221
72.488510
72.873245
72.561539
Control Period
69.266693
70.344482
68.561340
70.977219
69.497437
72.793533
Control Period
74.762207
68.560608
70.578949
71.112732
68.590500
72.464478
68.590012
68.798111
Control Period
70.756897
68.643845
68.611008
71.983292
68.575806
Control Period
68.622978
68.635422
72.730751
73.032738
68.553505
72.794724
68.673477
68.568985
68.462814
Control Period
69.864799
72.279236
70.114113
71.363388
68.962975
72.547836
Control Period
72.835266
70.764000
68.439201
72.892380
73.025505
69.229950
70.142685
Control Period
72.709732
72.430557
72.593086
72.716507
70.737061
68.575554
Control Period
72.851685
68.509727
72.857849
70.166275
73.170815
72.635941
Control Period
72.598404
68.453629
72.754944
68.487617
68.452805
72.771744
73.033157
69.510330
Control Period
68.528381
70.892197
68.513344
68.443619
70.677757
72.785629
72.641121
Control Period
69.539711
71.154686
72.515327
69.624954
68.337051
70.545593
72.868484
Control Period
70.851807
69.272964
72.678787
72.412605
68.422501
68.737312
71.277023
Control Period
72.477951
68.431488
68.438240
72.652802
68.969856
68.427292
71.898369
Control Period
72.723969
72.699524
72.345154
69.305435
71.987839
69.668129
68.652161
68.439651
68.517380
Control Period
72.069351
71.585472
69.792358
69.227615
73.622208
72.711365
68.527649
71.728729
Control Period
68.616257
73.036957
69.320770
72.580734
70.437119
71.970238
71.234749
Control Period
73.087234
68.579681
71.826523
72.460159
69.914017
68.792892
70.386688
Control Period
68.970398
68.621094
70.727844
68.581253
69.987808
71.533157
69.004257
68.565056
Control Period
72.720932
72.303009
69.796989
72.763901
69.763969
73.129120
69.618561
73.465889
Control Period
68.554626
72.596893
71.508034
71.992966
71.984924
68.800545
Control Period
73.734268
72.733917
70.450653
70.842110
72.115395
72.665405
68.853088
Control Period
74.349701
71.700409
71.200638
71.907364
68.734497
69.277184
72.445984
72.526657
Control Period
69.304825
72.612411
72.559525
72.618500
69.143715
72.272675
Control Period
70.995972
69.555969
68.516289
72.686874
71.804474
69.262085
68.502045
Control Period
70.069702
72.782112
70.257339
72.063522
73.101440
69.827744
68.632187
Control Period
72.721634
68.672699
68.603516
70.811874
72.640228
68.547394
70.900703
72.682014
Control Period
74.600990
68.466080
72.674820
73.076706
68.490204
70.817734
68.627396
72.742172
Control Period
72.458649
69.961632
71.163422
71.487167
68.473785
72.737244
68.605309
72.981087
Control Period
72.880997
72.795547
71.490204
72.972290
72.433472
72.176575
Control Period
72.073280
68.634819
72.413055
72.895744
72.636192
71.784805
72.645691
72.658875
Control Period
72.697823
69.189117
71.754494
70.870399
71.956001
71.165726
Control Period
70.208000
68.561470
70.585373
71.803741
72.542465
72.125565
72.798561
Control Period
75.977478
72.531166
71.889572
72.707581
70.681503
71.557571
69.589760
71.838112
Control Period
74.963425
72.670753
72.751648
72.740799
70.766342
69.030975
72.529984
Control Period
72.610046
73.281952
72.694786
69.060608
68.549820
68.990723
68.522369
Control Period
68.508163
69.390785
72.866241
68.597664
68.445633
72.158463
70.108383
Control Period
72.502533
72.690948
68.545952
70.582138
70.335709
68.581436
72.400703
71.079300
Control Period
72.685532
68.567261
68.592133
72.508064
68.550400
72.557693
69.636581
68.506500
Control Period
72.575073
72.783264
72.730179
68.498810
68.470657
71.083267
68.554626
Control Period
69.829254
68.499969
69.922531
68.480484
69.625603
68.471680
68.545822
Control Period
72.636032
68.473312
69.756866
70.872894
68.639587
68.533981
68.497887
69.461281
Control Period
72.809402
68.952065
72.836411
71.381599
70.347839
68.529083
71.095932
Control Period
75.606590
70.708069
68.594009
72.906052
71.366623
72.029602
72.788925
Control Period
72.993988
72.538177
70.225182
72.546371
70.260193
73.012062
70.186020
Control Period
72.402435
70.362335
72.456604
72.646973
73.051331
72.155075
71.160995
69.020859
Control Period
71.171585
70.142273
68.611771
69.999390
69.009445
71.247070
68.673309
68.504898
Control Period
72.662048
72.855804
71.823425
69.082108
68.524193
68.460030
68.781189
Control Period
68.541916
70.300194
72.579590
72.790558
71.444702
68.655968
68.559616
Control Period
72.302429
72.832291
72.641724
70.941116
68.447617
68.445854
68.472931
70.984352
Control Period
68.543686
69.766525
68.504990
69.126625
68.490372
68.500412
69.525284
Control Period
68.433060
68.487488
70.585403
68.555099
70.780670
71.968643
Control Period
69.073502
70.309570
68.394012
72.633759
68.526428
68.527519
71.104965
Control Period
72.604706
68.455261
71.669662
68.469086
68.443710
70.513275
68.528481
68.771622
Control Period
68.532700
72.862625
68.495712
70.346657
72.793663
68.510017
72.913055
Control Period
70.611069
70.946945
72.699646
70.196579
68.628860
68.624161
71.680222
72.475647
Control Period
69.610176
68.593979
70.081665
72.820320
68.562752
68.503708
72.572739
Control Period
72.101669
72.540253
72.305725
68.418076
69.120926
68.748672
71.203934
Control Period
69.676743
70.694145
68.521568
68.523872
68.573273
68.622238
68.574142
69.921570
Control Period
68.609634
70.606689
69.016960
68.635162
68.555969
70.280350
Control Period
69.135651
68.532417
72.803299
70.779167
72.143387
68.653343
Control Period
68.602943
69.271423
72.601440
72.576317
72.498047
71.434082
68.572990
Control Period
72.911873
69.982079
72.776161
72.592896
72.542587
73.080322
68.536926
68.507523
Control Period
72.460419
68.582497
72.550209
68.771744
72.618530
Control Period
72.849670
72.816544
72.515327
69.941925
68.608414
73.003136
73.435043
Control Period
70.898880
72.715302
69.864960
68.628098
70.279999
69.169090
71.190369
Control Period
69.456543
72.482117
68.883835
69.977921
72.854080
68.600670
70.991135
Control Period
68.978081
68.538719
71.240860
71.952736
69.517502
69.731171
72.898438
70.365662
Control Period
68.559425
68.585373
69.185600
72.565987
70.337051
72.678879
Control Period
68.517471
73.071426
68.551842
72.648865
68.507233
70.849602
68.550301
Control Period
72.547195
70.698334
69.030273
72.395683
68.576256
72.642624
68.597275
Control Period
72.775742
72.131866
69.104797
68.497787
71.275871
72.564926
72.571709
Control Period
72.647934
72.840416
71.976799
69.655014
68.547806
68.533981
68.573700
69.578911
Control Period
68.530884
70.323227
71.204643
69.318748
69.015617
71.455360
68.607040
Control Period
72.396606
72.729248
71.034973
72.872765
73.141602
72.581886
70.741119
69.562073
Control Period
72.782272
72.772255
69.162949
68.546272
72.702782
72.760895
68.486847
Control Period
71.582787
72.237732
70.419525
71.849602
71.390816
68.531487
72.715553
Control Period
72.112930
72.823296
72.778206
69.808731
68.499489
68.445953
70.538177
72.726303
Control Period
74.871681
72.657120
70.556381
68.364990
68.387711
68.703041
72.208130
72.687904
Control Period
68.651680
71.659393
72.363266
72.695969
72.712677
72.953339
70.514175
Control Period
72.323578
70.995872
68.437569
70.266975
68.578629
69.337471
68.599548
Control Period
71.452988
68.558182
72.137955
72.656898
71.040131
68.590118
Control Period
72.495361
72.991364
72.895813
71.535645
72.683617
71.413254
68.652634
Control Period
70.468674
72.828995
72.780441
72.186172
70.125732
68.587173
68.490814
Control Period
71.876511
68.611298
68.568062
68.609665
69.830048
72.639389
72.560699
72.609505
Control Period
68.999199
71.759003
72.867355
72.067970
70.313889
68.554718
69.450623
Control Period
71.794525
68.770020
68.575455
68.556831
68.571838
68.549500
72.675423
72.914078
Control Period
72.687363
72.667519
72.285950
70.328094
72.681122
72.677155
Control Period
72.305153
70.775452
68.664124
68.485123
68.431808
68.451645
70.293854
68.504639
Control Period
76.856857
76.806305
76.845947
76.810974
76.847427
76.908638
