117.842049
117.328415
117.329285
117.323166
117.356575
117.352608
117.327393
117.313217
117.337692
117.305023
117.333603
117.334885
117.323837
117.329597
117.335266
117.331810
117.333893
117.337982
117.368446
117.329315
117.326691
117.366173
117.415268
117.365952
117.358246
117.343933
117.332291
117.338531
117.345535
117.325249
117.306145
117.314911
Control Period
121.970596
122.206528
122.418335
122.709122
122.793243
124.753761
123.901344
122.572990
Control Period
130.966751
129.198685
128.990326
129.066208
126.323524
130.497925
131.228806
128.830170
Control Period
136.673401
134.263840
134.324966
134.462112
134.409760
134.357117
134.331039
Control Period
136.787994
138.572479
138.388245
138.457214
137.539139
135.169769
134.199936
135.764282
Control Period
137.549088
138.659653
136.928864
138.643433
135.675934
138.675842
136.214371
Control Period
138.056519
138.291321
138.686142
138.411774
138.392166
136.596573
138.721542
136.005035
Control Period
134.257812
138.499710
138.468033
134.170944
138.433228
134.233063
134.679077
Control Period
138.306046
136.148193
138.707870
137.654633
137.347870
138.655106
136.198395
Control Period
138.151581
138.591263
138.109604
137.689285
138.246918
138.499451
134.105728
Control Period
142.420441
138.249344
137.198425
138.408630
138.568359
138.494110
137.220490
Control Period
141.704712
138.322144
138.329224
138.122681
138.022461
138.303162
137.500351
Control Period
141.542557
138.853989
137.539093
136.774506
138.969879
138.880707
138.327850
138.273727
Control Period
138.784927
138.232574
137.606201
137.333893
138.705017
137.125275
137.398178
Control Period
140.963455
137.708893
138.646759
138.675110
138.611237
138.884003
138.519073
138.559723
Control Period
138.684448
138.517181
138.516846
138.656677
138.845184
138.468018
137.536133
Control Period
141.173065
138.033920
137.921753
138.493958
138.556290
139.027069
138.598083
138.330338
Control Period
143.030457
138.864227
138.200531
138.654358
138.366058
135.507202
138.446396
138.415680
Control Period
139.096313
136.922684
138.442337
135.576736
138.187653
134.296829
138.315125
Control Period
138.155334
139.015991
138.188065
138.494720
138.381119
135.575317
138.415253
Control Period
138.599640
138.344757
135.330078
139.227753
138.485184
137.379547
136.921692
Control Period
138.436768
138.555267
138.435745
138.601501
139.215454
135.477051
138.500763
138.374023
Control Period
142.458282
137.756897
138.074844
138.235428
138.643066
138.382019
138.596771
134.156891
Control Period
138.793442
138.726746
138.473755
137.651672
137.687988
138.478210
138.554230
Control Period
138.171356
138.472641
138.363647
138.651611
137.718307
137.721085
138.589142
Control Period
142.742157
138.235107
138.334335
138.331299
137.607452
136.904388
137.963196
138.661316
Control Period
137.279541
141.257629
141.703766
137.073059
137.656418
138.841187
138.749344
138.647705
Control Period
138.637604
138.646118
138.461945
136.139801
138.814087
137.900101
138.591934
Control Period
138.219589
138.480621
138.833069
138.446365
135.122009
138.553925
137.459015
134.973541
Control Period
137.974045
138.750580
138.361893
137.840027
138.600189
138.646210
Control Period
142.754181
138.473480
138.428955
138.711807
138.262329
138.104736
138.443558
138.602936
Control Period
140.596313
138.530975
138.485565
138.338181
140.167038
138.576294
138.281433
Control Period
141.108994
138.422882
138.362778
139.034760
137.736801
137.724426
138.603073
Control Period
138.413376
141.895905
139.444397
138.440125
138.409790
138.296356
138.436066
138.878296
137.987976
Control Period
138.305695
134.298203
138.594528
138.525284
138.582016
138.500549
137.635330
Control Period
138.682175
138.270081
138.999390
138.409821
137.429749
137.738663
138.481537
Control Period
141.227585
137.549088
137.481049
138.013184
137.918427
136.524933
138.189346
138.188385
Control Period
138.159576
138.525879
138.474884
137.962494
133.909790
138.804092
138.477020
Control Period
138.114014
138.333740
138.344452
138.372955
137.531189
137.988983
138.250275
137.434555
Control Period
138.599915
138.567993
137.216583
142.097595
138.592926
138.581512
Control Period
139.543839
137.373352
138.311264
138.653152
137.763550
140.297180
138.334946
Control Period
141.025543
138.977325
141.787079
138.567657
141.440796
138.472702
140.015991
Control Period
142.105286
140.343323
138.607681
138.599197
141.703140
141.071548
138.798950
Control Period
142.665405
138.531769
138.305542
138.963898
142.186218
139.393036
138.766632
Control Period
138.479156
141.680389
138.432922
141.591064
138.396545
141.511902
Control Period
142.716537
141.874023
139.496918
139.678238
141.759964
138.353348
139.836960
Control Period
141.174072
138.389633
141.352203
138.574203
139.092224
139.897339
141.954041
138.482758
Control Period
139.701447
138.536484
138.606628
140.967743
141.818420
138.141815
138.475266
Control Period
141.503082
138.475967
138.298370
140.810760
138.667908
138.203400
137.879272
139.152130
Control Period
139.125732
138.443802
138.313568
138.216736
136.910919
138.158813
Control Period
138.543976
141.485565
138.235748
139.688507
139.163452
138.647369
138.767609
141.751770
Control Period
138.388824
138.604492
138.245056
140.322937
138.496094
139.060577
140.165756
Control Period
141.608521
138.952225
138.097824
141.235580
138.024536
141.728897
Control Period
138.432159
138.284088
138.316803
141.789398
138.467941
140.876312
Control Period
138.357437
139.737610
138.538971
140.002167
138.511108
142.120605
139.621429
141.025848
Control Period
142.192642
139.720352
138.644897
141.592316
139.701416
138.374054
140.969543
Control Period
139.723068
141.790619
138.117188
139.264984
139.675385
139.526764
139.409180
138.948578
Control Period
138.615997
138.354218
136.709122
137.690781
138.680420
139.276031
138.607620
Control Period
139.478302
138.567017
139.603210
137.909058
136.921371
136.925888
138.525818
Control Period
138.329666
138.406189
137.913025
137.764633
138.325470
140.263733
138.241058
Control Period
142.161438
138.598114
138.360703
138.649078
138.528671
138.422882
138.707520
138.354111
Control Period
138.388763
137.843231
135.970612
138.388702
138.072540
137.756104
138.243500
Control Period
138.720490
138.430054
138.498169
136.692062
136.239044
138.505676
138.321991
135.629700
Control Period
137.463135
138.613083
138.722534
134.076767
138.530151
138.509705
137.047852
Control Period
138.676605
138.829407
138.408737
134.051910
138.475708
138.342941
137.609467
Control Period
137.647095
137.743896
138.404602
137.418518
138.603836
137.532578
138.525940
138.615814
Control Period
137.579712
137.921631
138.347198
138.326538
138.723907
138.568451
Control Period
138.237549
140.930542
138.179016
139.908157
138.593018
138.276413
139.797729
Control Period
138.604462
140.522369
141.623383
138.455811
139.891479
142.488373
138.193573
Control Period
138.457764
138.840195
141.359192
138.197479
141.226227
138.761627
140.595734
138.716385
Control Period
138.614075
138.415527
138.498871
137.892181
137.249054
141.346466
142.151199
Control Period
142.133347
137.517639
140.917892
137.366882
137.549683
137.212067
138.708344
Control Period
142.579498
138.363678
138.456451
137.288330
138.018875
138.255997
138.367172
Control Period
138.181183
138.614594
138.766693
138.220993
138.050781
137.598694
138.126282
138.484314
Control Period
139.044159
138.670502
138.095459
137.395584
138.310791
138.305542
138.432861
Control Period
138.398956
138.556290
138.347687
138.664551
138.519226
138.305908
138.386566
137.701355
Control Period
137.690887
137.142090
138.236298
138.193451
137.077759
138.300354
138.628998
137.273026
Control Period
140.408768
136.832825
138.260635
137.099838
138.155518
138.459625
135.466690
Control Period
138.129471
138.303909
134.048309
138.100952
138.500580
136.216705
138.563492
136.519623
Control Period
137.916641
138.162689
138.496353
136.620987
137.301117
138.651901
134.291595
Control Period
142.656830
138.492828
138.814972
137.296509
138.623901
138.623230
138.613403
Control Period
140.023621
137.893097
138.377319
138.772858
137.915497
138.628479
138.568237
138.476379
Control Period
138.568024
138.858810
134.331726
138.660995
138.441284
138.242020
137.558884
Control Period
141.673828
137.318558
138.472229
138.466522
138.728958
138.626556
138.782364
Control Period
138.379944
138.668930
138.522629
138.397919
138.846817
138.462814
137.120667
137.485565
Control Period
138.271133
138.517395
136.688934
137.338104
138.279266
138.355560
138.646561
Control Period
140.188324
137.954071
136.942017
138.552826
138.269501
138.944031
138.784927
138.814178
Control Period
142.013672
137.798462
138.952606
138.179840
138.571014
139.668350
Control Period
142.949097
138.416031
139.425354
139.054214
141.206619
138.812195
141.696259
138.680252
Control Period
140.694427
138.585861
138.477448
139.653351
140.856003
138.444244
138.615555
139.631836
Control Period
138.568604
138.574692
138.495041
138.643967
138.287903
138.692871
138.764923
138.674713
Control Period
138.607452
136.304169
138.324295
138.854172
134.357208
138.563614
138.105530
Control Period
138.044479
138.395035
138.514252
137.684845
137.555939
138.705048
137.590912
Control Period
140.868042
138.575012
138.535492
137.969147
138.697693
138.457855
138.298752
138.619202
Control Period
139.102982
138.477951
134.557343
138.270172
133.991806
138.457504
136.352127
138.674347
Control Period
138.353241
136.199066
138.889526
137.579102
138.347137
135.811203
138.621368
Control Period
140.457245
138.321854
138.321228
138.343872
137.604645
138.052002
138.610474
Control Period
138.571487
138.639771
137.640778
137.620087
138.936890
138.216217
138.124130
Control Period
138.461914
138.872284
142.034363
141.045319
138.135590
138.605530
138.421814
Control Period
140.893539
138.345886
138.698486
138.872772
137.650406
137.614227
137.413208
Control Period
138.370880
138.494202
141.138153
140.597565
138.493088
138.429474
138.848022
Control Period
139.643265
138.105011
140.457153
138.309021
139.984344
138.400330
138.241379
141.432129
Control Period
138.480255
138.513763
137.906219
140.359070
142.290817
136.761993
137.477356
Control Period
139.483398
137.765350
137.459869
138.412125
138.391937
138.214401
138.186310
Control Period
138.160004
138.799133
139.529663
138.207520
138.464355
138.299454
137.554840
Control Period
137.020859
136.868637
136.668457
141.768066
136.593246
138.717468
137.640030
138.528076
Control Period
138.533051
138.575958
138.539948
138.444672
138.716476
138.277634
138.351135
Control Period
141.641632
138.226471
138.214905
138.505402
137.422821
138.328293
137.297180
141.785217
Control Period
138.443817
138.459869
138.155457
138.041794
138.132538
138.058273
138.643967
Control Period
137.159576
138.695465
138.412872
138.098236
138.417450
138.468613
138.122650
Control Period
138.304840
138.800964
138.237854
138.902466
137.624390
136.481781
140.571609
Control Period
137.857666
137.265152
138.401093
139.323135
138.755905
138.610275
138.233093
Control Period
142.371674
138.337189
139.062042
138.633484
140.995422
140.441101
138.076935
138.612030
Control Period
141.752777
137.602936
138.303772
138.189087
138.392868
138.906616
138.743484
Control Period
142.888351
150.636871
150.626740
150.639938
150.634109
150.652649
150.657623
150.633514
150.700836
150.677124
150.657669
150.651978
150.664154
150.702591
150.647736
150.652191
150.641815
150.694061
150.685638
150.677185
150.701477
