3907.5
5892.5
6071
5992
5972
5754.5
5912.5
6011.5
5857.5
6065.5
5972
5952
5972
5972
5952
5952
5893
5893
5992
5972
5992
5858
5913
5893
5893
5912.5
5952
5873
5991.5
5912.5
5991.5
5971.5
5952
5972
5858
5853
6011.5
5952
5952
5952
5952
5972
5972
5952
5952
5853.5
5893
5912.5
6065.5
5972
5877.5
6204
5972
5952.5
5932.5
5952.5
5952.5
5952.5
5912.5
5932.5
5932.5
5972
5971.5
5971.5
5991.5
5932
5893
5972
5952
5932.5
5932.5
5932.5
5952
5952
5952
5873
5912.5
5913
5913
5932.5
5833.5
5972
5858
5932.5
5912.5
5992
5952.5
5754.5
5932
5952
6031
5932
5873
6051
5912.5
5972
5912.5
5893
5912.5
5912.5
5912.5
5853
5892.5
5932
5814
6071
5971.5
5932
6085.5
6031
