5652.78
5918.88
5917.53
5861.16
5917.47
5817.56
5896.47
5975.25
5922.53
5921.12
5922.47
5915.09
5927.44
5912.56
5883.38
5903.94
5960.06
5919.94
5915.09
5884.5
5903.81
5916.25
5923.66
5915.74
5923.59
5912.5
5834.12
5919.66
5917.53
6000.97
5918.66
5926.16
5911.97
5922.41
5805.44
5891.59
5903.84
5924.91
5916.25
5922.44
5911.28
5921.16
5910.03
5913.71
5931.06
5963.81
5873.53
5907.56
5962.65
5936.09
5927.44
5878.56
5977.69
5938.53
5922.13
5907.69
5918.78
5914.97
5927.41
5972.16
5940.91
5927.34
5913.81
5916.94
5922.34
5921.45
5923.42
5819.61
5890.26
5916.22
5928.56
5945.88
5905.16
5928.59
5913.78
5917.5
5913.75
5814.47
5913.78
5845.72
5872.41
5919.94
5891.16
5875.78
5917.56
5943.75
5874.75
5923.59
5955.81
5926.12
5809.91
5863.06
5927.38
5917.5
5991.34
5901.69
5900.09
5976.41
5871
5918.75
5843.82
5916.31
5922.1
5913.78
5929.84
5803.53
5895.28
5878.59
5883.34
5828.97
5924.84
5974.25
6006.53
5922.69
5920.84
