58.0011
59.9125
59.9111
59.9119
59.9261
59.9171
59.9275
59.9152
59.9208
59.9364
59.9019
59.9014
59.9076
59.9012
59.9211
59.9234
59.9211
59.9141
59.908
59.9051
59.9095
59.9063
59.9032
59.9062
59.9026
59.8816
59.8916
59.907
59.8956
59.9086
59.9099
59.9033
59.8923
59.9058
59.9005
59.8975
59.9016
59.9012
59.9042
59.913
59.922
59.9151
59.9372
59.8986
59.8993
59.9076
59.8979
59.9035
59.907
59.9034
59.9089
59.903
59.8903
59.8904
59.8869
59.8908
59.8869
59.8719
59.8857
59.8801
59.8842
59.9118
59.8825
59.8941
59.9094
59.8936
59.9058
59.9047
59.9182
59.9047
59.8948
59.8954
59.9058
59.8985
59.9083
59.8985
59.8883
59.8885
59.8885
59.9064
59.8972
59.8973
59.8937
59.8851
59.8963
59.8986
59.8962
59.9049
59.8835
59.8972
59.8823
59.8842
59.8916
59.8872
59.8844
59.89
59.8701
59.8737
59.8964
59.8975
59.9009
59.8969
59.903
59.9097
59.8956
59.8957
59.87
59.8762
59.8802
59.884
59.891
59.8949
59.8893
59.8804
59.877
