0.709174
0.747528
0.75715
0.765326
0.772539
0.77828
0.783245
0.787406
0.791081
0.794339
0.796712
0.798948
0.800997
0.803033
0.804607
0.806288
0.807826
0.808859
0.810283
0.811481
0.812643
0.813718
0.814784
0.815641
0.816605
0.817397
0.818458
0.819487
0.820267
0.821184
0.822021
0.822765
0.82332
0.824202
0.824895
0.825606
0.826326
0.82696
0.827502
0.828224
0.828898
0.829481
0.830078
0.830514
0.830942
0.83155
0.832032
0.832537
0.83308
0.833571
0.834099
0.834557
0.834803
0.835212
0.835694
0.836001
0.836361
0.83679
0.837195
0.837624
0.837928
0.83845
0.838607
0.839026
0.839427
0.83971
0.84003
0.840252
0.840606
0.84079
0.840945
0.841162
0.841536
0.841765
0.841942
0.84216
0.842441
0.842604
0.842952
0.843165
0.843321
0.843428
0.843656
0.843778
0.844045
0.844212
0.844482
0.844545
0.844653
0.844768
0.844841
0.845067
0.845288
0.845292
0.84544
0.845762
0.845651
0.845783
0.846112
0.846146
0.846272
0.84654
0.846658
0.846656
0.846648
0.846696
0.846552
0.846791
0.847046
0.847071
0.847206
0.847419
0.847473
0.847284
0.847308
