0.724348
0.766337
0.776087
0.784165
0.790597
0.796071
0.800269
0.803424
0.806126
0.808154
0.809666
0.810873
0.811549
0.812003
0.812381
0.812732
0.812914
0.812684
0.812819
0.812586
0.812354
0.812203
0.811726
0.811642
0.811373
0.811166
0.810877
0.810608
0.810201
0.809961
0.809874
0.80949
0.809458
0.808954
0.808753
0.808375
0.808056
0.807817
0.807926
0.807586
0.807294
0.807086
0.806962
0.806789
0.806673
0.806392
0.806125
0.806068
0.805817
0.805709
0.805698
0.805408
0.805074
0.8049
0.8048
0.804988
0.804568
0.80457
0.804554
0.80431
0.804312
0.804064
0.803941
0.804108
0.80374
0.80342
0.803495
0.803201
0.803281
0.803171
0.80298
0.802963
0.802921
0.802799
0.802777
0.80281
0.802671
0.802616
0.802537
0.802399
0.802196
0.802502
0.802215
0.802129
0.802193
0.802138
0.802004
0.801867
0.801889
0.801946
0.801719
0.801994
0.801872
0.801552
0.80164
0.801712
0.801555
0.801601
0.801524
0.801154
0.801289
0.80127
0.801216
0.80119
0.801122
0.801031
0.801174
0.801022
0.801001
0.801162
0.800906
0.800909
0.800873
0.800715
0.800914
