113.391
117.3
117.301
117.288
117.302
117.33
117.3
117.3
117.293
117.299
117.287
117.281
117.288
117.269
117.27
117.279
117.283
117.264
117.306
117.282
117.282
117.276
117.262
117.27
117.294
117.289
117.289
117.285
117.281
117.295
117.302
117.301
117.312
117.299
117.305
117.297
117.309
117.279
117.3
117.304
117.307
117.293
117.283
117.298
117.295
117.298
117.302
117.312
117.308
117.31
117.32
117.323
117.309
117.286
117.298
117.309
117.307
117.289
117.322
117.337
117.357
117.32
117.339
117.347
117.335
117.316
117.308
117.311
117.331
117.316
117.299
117.303
117.316
117.303
117.306
117.332
117.325
117.316
117.318
117.32
117.302
117.351
117.312
117.308
117.323
117.325
117.312
117.314
117.313
117.318
117.314
117.344
117.332
117.313
117.318
117.349
117.356
117.331
117.335
117.31
117.333
117.334
117.326
117.321
117.31
117.304
117.306
117.316
117.306
117.312
117.29
117.304
117.306
117.292
117.314
