160
158.077
156.999
156.092
155.325
154.679
154.194
153.724
153.319
152.968
152.662
152.394
152.156
151.94
151.744
151.563
151.4
151.251
151.107
150.976
150.851
150.73
150.615
150.502
150.396
150.296
150.2
150.106
150.017
149.928
149.842
149.761
149.681
149.606
149.529
149.456
149.382
149.312
149.241
149.176
149.112
149.051
148.987
148.925
148.866
148.81
148.755
148.7
148.648
148.597
148.548
148.502
148.457
148.409
148.361
148.315
148.275
148.232
148.19
148.152
148.115
148.086
148.049
148.014
147.984
147.951
147.917
147.883
147.849
147.819
147.788
147.756
147.726
147.698
147.67
147.642
147.619
147.596
147.571
147.548
147.524
147.499
147.481
147.458
147.437
147.418
147.4
147.38
147.361
147.342
147.325
147.306
147.294
147.28
147.263
147.247
147.235
147.223
147.209
147.196
147.179
147.166
147.153
147.139
147.124
147.11
147.095
147.084
147.071
147.058
147.047
147.033
147.023
147.012
146.998
