80
78.1395
77.1587
76.3672
75.7316
75.2267
74.8321
74.5198
74.2759
74.0895
73.9495
73.8466
73.7735
73.7208
73.6849
73.6628
73.6554
73.6591
73.6645
73.6802
73.6979
73.7166
73.7382
73.7582
73.7815
73.8072
73.8347
73.861
73.8883
73.9129
73.9374
73.9644
73.9895
74.0175
74.0401
74.0638
74.0842
74.1051
74.1243
74.1468
74.1675
74.1885
74.206
74.223
74.2405
74.259
74.2764
74.2926
74.3085
74.3248
74.3405
74.3585
74.3742
74.386
74.3964
74.4072
74.4229
74.4338
74.4453
74.4584
74.471
74.4865
74.4965
74.5072
74.5225
74.5331
74.5408
74.5483
74.5544
74.5632
74.5703
74.5753
74.5816
74.5883
74.5947
74.6008
74.61
74.618
74.624
74.6314
74.637
74.6395
74.6492
74.654
74.6587
74.6657
74.6727
74.6771
74.6815
74.6855
74.6917
74.6944
74.7036
74.7115
74.7138
74.7179
74.7253
74.7314
74.7362
74.7402
74.7399
74.7432
74.7463
74.7477
74.749
74.75
74.7495
74.7527
74.7535
74.7547
74.757
74.7565
74.758
74.7592
74.7572
