1320.65
1066.41
1146.53
1109.16
1068.91
1068.85
1051.59
1039.61
1084.15
997.516
1089.03
1002.25
1101.44
1126.56
996.625
1051.1
1052.78
1035.97
1039.22
1065.13
1060.25
1050.28
1057.75
1054
1090.84
1079.72
1054.06
1201.03
1145.28
1055.22
1069.94
1055.25
1080.72
1071.31
1054.03
1068.87
1065.48
1049.12
1047.84
1033.34
962.709
1025.59
1055.22
1067.59
1054.09
1057.84
1057.72
1098.03
1061.44
1052.78
1059.03
1052.81
1028.34
1042.94
1051.56
1083.44
1068.56
1023.47
1011.53
1014.78
1022.48
1054.12
1107.59
1029.44
1160.78
1093.94
1068.97
1050.34
1063.94
1055.31
1056.47
1054.03
1009.88
1032.41
1007.41
1058.97
1126.78
1070.19
1088.34
1151.75
1049.06
1058.12
1056.47
993
999.094
967.188
999.969
1059.3
1054.94
1055.73
1077.25
1097.03
1007
1074.25
1029.41
928.938
1085.69
1075.12
1028.97
1149.97
1063.97
1050.31
1108.88
1142.59
1063.91
1187.47
1093.03
906.5
1045.44
1060.91
1060.16
1079.75
1075.72
1057.81
1075.03
