57.9478
59.8812
59.8819
59.8845
59.8732
59.8858
59.8858
59.871
59.8757
59.8758
59.8744
59.8802
59.8709
59.8615
59.8602
59.8682
59.8755
59.8616
59.8759
59.8715
59.8688
59.8729
59.8552
59.8652
59.8643
59.8699
59.8708
59.8723
59.8643
59.8666
59.88
59.8734
59.8914
59.8768
59.8802
59.8713
59.8641
59.8633
59.8869
59.8799
59.875
59.8765
59.8814
59.8823
59.8878
59.8819
59.8761
59.8849
59.8791
59.8841
59.896
59.889
59.8767
59.8733
59.8742
59.897
59.8783
59.8871
59.8953
59.8876
59.898
59.8919
59.8908
59.9119
59.8967
59.8814
59.8932
59.8773
59.8881
59.887
59.8785
59.8812
59.8831
59.8794
59.8829
59.8903
59.8873
59.8896
59.8886
59.8841
59.8736
59.8984
59.8847
59.8821
59.8906
59.8922
59.8878
59.8811
59.8863
59.8937
59.8817
59.9044
59.9028
59.8852
59.8936
59.9022
59.8965
59.9048
59.9029
59.8784
59.8883
59.8895
59.8879
59.8871
59.8831
59.877
59.8873
59.8786
59.8776
59.8906
59.8734
59.8731
59.8717
59.8608
59.8741
