57.9035
59.8759
59.899
59.8854
59.8882
59.9006
59.9127
59.9014
59.893
59.8921
59.8846
59.8835
59.8775
59.8837
59.8948
59.891
59.8822
59.9009
59.8863
59.8759
59.8754
59.8839
59.8696
59.8853
59.885
59.879
59.8895
59.8812
59.8723
59.8669
59.8657
59.8881
59.8834
59.8763
59.8783
59.8816
59.8722
59.8713
59.8819
59.8909
59.8682
59.8867
59.8881
59.8586
59.9
59.8871
59.8895
59.8951
59.8841
59.8748
59.8661
59.8826
59.8735
59.8847
59.879
59.8759
59.8704
59.8641
59.8754
59.8872
59.8643
59.8721
59.872
59.8683
59.8906
59.8816
59.8853
59.8852
59.8716
59.8774
59.8754
59.8685
59.8871
59.8744
59.8679
59.8828
59.859
59.8553
59.8688
59.8731
59.8813
59.8683
59.8693
59.8841
59.8767
59.8857
59.8956
59.8942
59.889
59.8701
59.8611
59.8797
59.8631
59.875
59.8737
59.8801
59.8738
59.8788
59.8807
59.8757
59.878
59.8832
59.8837
59.8786
59.8703
59.8938
59.8809
59.8825
59.8855
59.8863
59.8731
59.8845
59.8804
59.8829
59.8892
0
