0.708846
0.735556
0.735095
0.735227
0.735772
0.736513
0.737639
0.738471
0.739588
0.740779
0.742057
0.743199
0.74446
0.745881
0.747284
0.748545
0.749665
0.751025
0.75225
0.7534
0.754474
0.75565
0.756684
0.757869
0.758967
0.759999
0.761028
0.761946
0.762827
0.76377
0.764786
0.76571
0.766496
0.767342
0.768164
0.768993
0.769691
0.770475
0.771222
0.772051
0.772651
0.773439
0.773989
0.774441
0.775313
0.775967
0.776565
0.77724
0.777615
0.778036
0.778686
0.779287
0.779752
0.780322
0.780809
0.781184
0.781671
0.782161
0.782646
0.783157
0.783445
0.783956
0.78434
0.784769
0.785209
0.785525
0.785991
0.786286
0.786514
0.786799
0.787166
0.787524
0.787881
0.788132
0.788471
0.788815
0.788939
0.789247
0.789585
0.789964
0.790179
0.790369
0.790633
0.791038
0.791117
0.791368
0.791774
0.791959
0.791911
0.792061
0.792273
0.792557
0.792594
0.792978
0.793145
0.793279
0.79346
0.79362
0.79379
0.793939
0.79415
0.794314
0.794437
0.794593
0.794635
0.794953
0.795064
0.795124
0.795296
0.795384
0.795484
0.795608
0.795727
0.795899
0.795918
0
