56.5855
58.5992
58.6024
58.5827
58.5961
58.6021
58.5888
58.5835
58.5792
58.5796
58.5925
58.5951
58.5767
58.5791
58.5682
58.5828
58.5994
58.5775
58.5885
58.5917
58.5756
58.5786
58.5737
58.574
58.5826
58.5952
58.5847
58.5976
58.5894
58.5797
58.5883
58.5892
58.5984
58.5806
58.5903
58.5784
58.5944
58.5956
58.5922
58.5916
58.6101
58.5841
58.5795
58.5803
58.5894
58.5932
58.594
58.5773
58.5986
58.5921
58.6028
58.5985
58.5883
58.5883
58.585
58.6005
58.5867
58.5905
58.5825
58.5899
58.6056
58.5842
58.5883
58.6104
58.6006
58.6055
58.5878
58.594
58.5969
58.59
58.5861
58.5908
58.5853
58.5948
58.5838
58.5968
58.5988
58.5812
58.5987
58.5886
58.5767
58.5938
58.5859
58.591
58.598
58.5997
58.5888
58.5984
58.5861
58.5988
58.5815
58.6066
58.6123
58.5935
58.595
58.6081
58.6079
58.5979
58.5919
58.595
58.6033
58.5985
58.5865
58.5856
58.5896
58.5801
58.5997
58.5821
58.5882
58.5765
58.5792
58.5912
58.5868
58.5712
58.5837
