3882.5
5972
5991.5
5972
5952
5972
6051
5912.5
5932
5952
5952
5971.5
5838
5952
5952
5932.5
5952
5932.5
5680
5833.5
5877.5
5952
5972
5952
5972
5774.5
5932.5
5873
5972
5774.5
5798.5
5892.5
5932
5952
5734.5
5991.5
5833.5
5932
5952
5991.5
5952.5
5952.5
5952.5
5853.5
6011.5
5932
5971.5
5932
5912.5
5853.5
5952
6031
5912.5
5932
5873
5952
5893
5912.5
5952.5
5932.5
5932.5
5972
5892.5
6011.5
5774
6051
5972
5972
5972
5992
5972
6169.5
5932.5
5813.5
5892.5
5932.5
5778.5
5892.5
5932
6071
5952
5972
5991.5
6150
5992
5952
5892.5
5932.5
5991.5
5971.5
6031.5
5873
5972
5952
5952
5794
5932.5
5952.5
5972
5972
5972
5952
6011.5
5972
5754.5
5932.5
5932.5
6091
5992
5892.5
