60.190529
59.895744
59.880096
59.904510
59.895489
59.900322
59.872543
59.869629
59.882240
59.895008
59.860222
59.877022
59.907234
59.885727
59.886688
59.882431
59.889343
59.903233
59.916992
59.891552
59.897697
59.895134
59.891682
59.871170
59.870464
59.904350
59.901855
59.886848
59.898815
Control Period
59.900288
59.888832
59.896160
59.888672
59.857121
59.850880
59.861443
59.870399
59.869598
Control Period
59.883362
59.892033
59.883842
59.896481
59.913857
59.916000
59.895683
59.910751
Control Period
59.871971
59.894302
59.864864
59.918720
59.891552
59.905823
59.866493
59.866463
59.888767
Control Period
59.890240
59.893250
59.901024
59.871902
59.883682
59.885056
59.892418
Control Period
59.878048
59.881695
59.927231
59.900383
59.920799
59.883839
59.915970
59.879265
59.917854
Control Period
59.894207
59.915585
59.941727
59.919296
59.906754
59.880352
59.930752
59.914146
Control Period
59.896481
59.898239
59.899681
59.893150
59.883041
59.897728
59.876801
59.953758
Control Period
59.896194
59.882240
59.902431
59.870338
59.910145
59.882111
59.903584
59.897217
Control Period
59.907871
59.893089
59.903679
59.888290
59.874496
59.892029
59.897858
59.888577
59.883202
59.889729
Control Period
59.876289
59.895935
59.885887
59.880608
59.898911
59.861855
59.887871
Control Period
59.888382
59.877022
59.902241
59.890720
59.874306
59.828064
59.924896
59.882336
Control Period
59.918686
59.865055
59.899742
59.852352
59.837921
59.871136
59.875298
59.920738
59.856224
Control Period
59.879745
59.862274
59.895805
59.878689
59.893059
59.891907
59.887901
59.879807
59.894142
Control Period
59.874336
59.899105
59.885918
59.910210
59.869888
59.904064
59.901440
59.914368
Control Period
59.889408
59.896194
59.897469
59.904896
59.914368
59.873631
59.873985
59.877953
Control Period
59.874275
59.883774
59.868477
59.880318
59.902145
59.897888
59.888897
59.871296
59.872513
Control Period
59.864513
59.902718
59.896000
59.884800
59.891041
59.916096
59.909248
59.926655
59.917473
Control Period
59.885376
59.865501
59.887901
59.896927
59.878654
59.891487
59.874718
59.910110
Control Period
59.888577
59.876896
59.871841
59.864288
59.889183
59.866882
59.861279
59.888611
Control Period
59.879135
59.893440
59.868866
59.891106
59.874752
59.878815
59.880993
59.840767
59.870560
Control Period
59.875778
59.889122
59.854591
59.905472
59.910622
59.892384
59.878048
59.864895
Control Period
59.870750
59.860416
59.869408
59.872643
59.880577
59.863747
59.862946
59.866848
59.878784
Control Period
59.872833
59.890625
59.904575
59.889759
59.870590
59.884354
59.899330
59.870655
Control Period
59.878239
59.863037
59.872574
59.897697
59.911873
59.889503
59.886944
59.880322
Control Period
59.892929
59.860287
59.898338
59.855362
59.877888
59.886272
59.888481
59.872768
Control Period
59.884926
59.890846
59.897472
59.898018
59.897823
59.865376
59.897667
59.883492
Control Period
59.890816
59.860130
59.874046
59.873856
59.890400
59.870495
59.863007
59.894882
59.913025
Control Period
59.895935
59.879135
59.863297
59.870178
59.873566
59.873154
59.850594
59.851936
Control Period
59.867966
59.846115
59.866562
59.893600
59.878494
59.824417
59.887745
59.885155
Control Period
59.862400
59.861885
59.882942
59.857185
59.851040
59.862015
59.882301
Control Period
59.891838
59.867165
59.872543
59.915550
59.888130
59.902466
59.877312
59.884605
59.893059
Control Period
59.899841
59.889854
59.902435
59.886528
59.855774
59.872223
59.876770
59.860641
Control Period
59.879585
59.869598
59.890434
59.875839
59.876671
59.878273
59.879200
Control Period
59.857887
59.858559
59.862144
59.873856
59.903072
59.873985
59.915199
59.881664
Control Period
59.882816
59.861633
59.893471
59.892258
59.862877
59.888096
59.901726
59.870239
Control Period
59.889889
59.881313
59.861282
59.866623
59.884193
59.872768
59.859390
59.861984
Control Period
59.867870
59.846241
59.860291
59.863903
59.868286
59.888191
59.880959
59.875618
59.890400
Control Period
59.867970
59.867714
59.892544
59.871136
59.895519
59.885406
59.886879
59.876701
59.893440
Control Period
59.879486
59.898689
59.877983
59.897503
59.904480
59.896481
59.902466
59.884834
59.876640
Control Period
59.879395
59.858749
59.897087
59.891266
59.852577
59.827007
59.867008
59.872253
59.890911
Control Period
59.872257
59.881535
59.875618
59.877182
59.889313
59.899551
59.884605
59.909248
Control Period
59.872223
59.894817
59.905411
59.881279
59.869087
59.874306
59.916862
59.890526
Control Period
59.866402
59.868896
59.852257
59.862720
59.866623
59.878113
59.853058
59.860962
59.818787
Control Period
59.899105
59.888191
59.890305
59.864830
59.904095
59.969727
59.883713
Control Period
59.881981
59.892899
59.867424
59.876831
59.904259
59.902496
59.897667
59.873215
Control Period
59.875298
59.894432
59.903839
59.884415
59.863007
59.879040
59.906879
59.894112
59.904770
Control Period
59.866943
59.890495
59.888290
59.913536
59.883297
59.925117
59.918015
59.887745
59.882656
Control Period
59.882080
59.899391
59.901405
59.854977
59.897789
59.883522
59.890114
59.863712
59.884640
Control Period
59.864128
59.877247
59.848190
59.860832
59.906368
59.853409
59.870369
59.907936
Control Period
59.860096
59.862591
59.866814
59.855743
59.852287
59.876160
59.888641
59.879326
Control Period
59.886528
59.892033
59.892799
59.906494
59.868706
59.873566
59.854431
59.889408
Control Period
59.875137
59.890656
59.870304
59.878174
59.873055
59.880352
59.848351
59.871616
Control Period
59.868256
59.857922
59.866272
59.890335
59.920448
59.915039
59.874367
Control Period
59.886177
59.889053
59.880833
59.871296
59.863007
59.871231
59.881538
59.885315
59.882496
Control Period
59.887840
59.874146
59.868256
59.866337
59.895966
59.888737
59.862495
59.872734
59.866688
Control Period
59.862175
59.886909
59.863907
59.887360
59.842110
59.877953
59.865059
59.878014
Control Period
59.877087
59.871296
59.857311
59.847904
59.856705
59.882751
59.867073
59.869343
59.846237
59.865730
Control Period
59.868416
59.875389
59.892227
59.879841
59.877663
59.853374
59.893536
59.863136
Control Period
59.922493
59.898338
59.864990
59.898369
59.906944
59.869312
59.868546
59.868317
Control Period
59.837822
59.875488
59.865185
59.864670
59.882240
59.872734
59.852352
59.851711
59.876095
Control Period
59.866402
59.862400
59.887711
59.857056
59.899101
59.863037
59.883873
59.856960
Control Period
59.892067
59.885246
59.883774
59.856705
59.882782
59.851555
59.884995
59.839104
59.858177
Control Period
59.839325
59.856224
59.859138
59.879646
59.898945
59.868095
59.891457
59.863552
Control Period
59.902946
59.899681
59.879875
59.861599
59.882812
59.901505
59.912415
59.891037
59.883808
Control Period
59.870079
59.885376
59.910110
59.885475
59.889343
59.898079
59.870529
59.880001
59.845440
Control Period
59.866722
59.893505
59.883133
59.866623
59.884319
59.883904
59.896801
59.894497
59.898464
Control Period
59.898880
59.890560
59.908512
59.868832
59.898495
59.878559
59.913120
59.859230
59.850784
Control Period
59.857857
59.892033
59.862015
59.893089
59.883327
59.847427
59.862465
59.874466
59.868256
Control Period
59.911774
59.849888
59.864990
59.886368
59.864353
59.880993
59.880287
59.889374
Control Period
59.866943
59.886909
59.863968
59.888512
59.865280
59.864510
59.883072
59.884319
59.875233
Control Period
59.876095
59.872643
59.855843
59.870399
59.858788
59.855072
59.878334
59.874077
Control Period
59.880032
59.893055
59.886368
59.897312
59.861603
59.892509
59.880672
59.905472
Control Period
59.838371
59.890945
59.871456
59.880547
59.889122
59.870338
59.882721
59.873856
59.872608
Control Period
59.884735
59.853374
59.842979
59.868351
59.887741
59.847935
59.871201
59.886658
Control Period
59.875618
59.904385
59.865120
59.887039
59.896160
59.883934
59.896957
59.875038
59.865982
59.877472
Control Period
59.857918
59.857536
59.872608
59.845154
59.867134
59.867744
59.845154
Control Period
59.850208
59.844002
59.859489
59.857761
59.861214
59.853790
59.866337
59.849407
Control Period
59.870781
59.852478
59.867905
59.885315
59.878174
59.843937
59.846272
59.905567
Control Period
59.890720
59.860416
59.873024
59.876255
59.866943
59.876064
59.868866
59.872734
Control Period
59.889664
59.878368
59.857151
59.881409
59.891552
59.877567
59.879360
59.875263
59.901569
Control Period
59.878754
59.853313
59.853310
59.902626
59.860222
59.878624
59.858658
59.860703
59.855743
Control Period
59.853344
59.876450
59.885921
59.880066
59.880447
59.851295
59.853920
59.886147
Control Period
59.882141
59.869823
59.906082
59.882816
59.879135
59.889183
59.875008
59.888607
Control Period
59.860992
59.881378
59.879040
59.868225
59.908546
59.884163
59.878014
59.863232
59.866783
Control Period
59.884254
59.871071
59.893089
59.884705
59.875423
59.902626
59.884514
59.889824
Control Period
59.895073
59.877537
59.886528
59.914047
59.889664
59.911011
59.896255
59.894432
59.876770
Control Period
59.903584
59.880898
59.887264
59.911263
59.913120
59.913631
59.884926
59.876064
Control Period
59.905571
59.892670
59.880066
59.873856
59.912575
59.895042
59.885315
59.866692
Control Period
59.874687
59.855488
59.864479
59.875298
59.873055
59.862911
59.877216
59.878017
Control Period
59.863327
59.861214
59.865822
59.870430
59.847839
59.867329
59.863617
59.849442
59.893856
Control Period
59.887936
59.881569
59.895168
59.901215
59.876385
59.851265
59.863586
59.866367
Control Period
59.846336
59.845921
59.830658
59.871681
59.869759
59.865891
59.868320
59.879936
59.889282
Control Period
59.874496
59.911457
59.883007
59.850464
59.862556
59.874783
59.900032
59.849152
59.869503
Control Period
59.890144
59.883362
59.891296
59.866783
59.873344
59.861122
59.849571
Control Period
59.876190
59.891197
59.889404
59.877853
59.869247
59.852737
59.909920
59.874016
Control Period
59.889473
59.869152
59.882530
59.853504
59.862656
59.860062
59.900383
59.863907
59.882751
Control Period
59.868767
59.849731
59.911102
59.849792
59.887810
59.895359
59.884285
59.883522
Control Period
59.882210
59.860897
59.883774
59.889404
59.878433
59.883873
59.888893
59.878273
59.859650
Control Period
59.891808
59.874496
59.894623
59.870430
59.855103
59.889664
59.869598
Control Period
59.859200
59.910400
59.902847
59.881729
59.866432
59.860512
59.899937
59.865570
59.855232
Control Period
59.856255
59.886848
59.896065
59.889473
59.870049
59.877533
59.894493
59.905823
59.872192
Control Period
59.902817
59.890495
59.895584
59.882721
59.875519
59.884445
59.878048
59.860065
Control Period
59.884735
59.861282
59.879265
59.899200
59.887070
59.854370
59.880032
59.878113
59.883171
Control Period
59.859169
59.868000
59.880798
59.866943
59.878433
59.863396
59.862846
59.882431
Control Period
59.895935
59.864830
59.876480
59.902237
59.890846
59.877888
59.898941
59.923935
59.913406
Control Period
59.903519
59.863968
59.863838
59.889729
59.892319
59.858879
59.881378
59.893600
Control Period
59.890495
59.893696
59.885666
59.887650
59.871582
59.904831
59.872513
59.853859
Control Period
59.897247
59.883102
59.901695
59.866051
59.872353
59.885406
59.890240
59.887936
Control Period
59.906113
59.896671
59.871071
59.865219
59.880768
59.885246
59.887009
59.898079
59.868195
Control Period
59.863106
59.873535
59.884514
59.850048
59.874241
59.878368
59.882782
59.883102
Control Period
59.888031
59.878624
59.878529
59.878242
59.880318
59.897537
59.878403
59.896416
Control Period
59.889374
59.880737
59.867168
59.904861
59.915710
59.872543
59.860065
59.852448
Control Period
59.873886
59.905056
59.869247
59.882622
59.890945
59.885727
59.884766
59.873055
59.880768
Control Period
59.886238
59.879234
59.878242
59.886787
59.896481
59.920158
59.885921
59.882271
59.887810
Control Period
59.864544
59.858688
59.870499
59.872093
59.879616
59.852863
59.864384
59.861794
59.858913
59.865025
59.859295
59.850945
59.874336
59.874207
Control Period
59.850689
59.844482
59.875870
59.852192
59.865856
59.856766
59.853951
59.861214
59.876610
59.867554
59.879585
59.885246
59.852577
59.860962
59.869888
59.973282
