117.761826
117.293762
117.276833
117.291870
117.304703
117.290977
117.304993
117.285248
117.311554
117.291641
117.301086
117.299072
117.344513
117.326401
117.318054
117.317444
117.314270
117.364227
117.321342
117.302368
117.315964
117.316956
117.312256
117.288483
117.294373
117.341690
117.345505
117.282562
117.341507
Control Period
117.320671
117.326660
117.355301
117.330139
117.310753
117.306885
117.310623
117.325562
Control Period
117.308350
117.326370
117.296356
117.297852
117.300095
117.345184
117.313057
117.325150
117.302460
Control Period
117.300537
117.291290
117.297890
117.330559
117.325989
117.323616
117.318367
117.350624
Control Period
117.358879
117.275711
117.307770
117.331940
117.315170
117.336479
117.331970
117.351395
117.348068
Control Period
117.324799
117.329407
117.318756
117.360672
117.294907
117.337540
117.346725
117.321884
Control Period
117.331520
117.331070
117.386658
117.378876
117.376419
117.350662
117.379044
117.347649
117.376129
Control Period
117.375008
117.343361
117.311813
117.322655
117.313126
117.339104
117.331482
117.304123
117.321030
Control Period
117.295906
117.337471
117.322914
117.301147
117.309341
117.345123
117.345184
117.332230
Control Period
117.316513
117.308167
117.305695
117.331940
117.313446
117.313408
117.319077
117.332199
Control Period
117.319328
117.337219
117.318497
117.352859
117.310684
117.312866
117.293633
117.305084
117.318268
Control Period
117.287262
117.299835
117.292007
117.296257
117.293312
117.277573
117.319710
117.293793
Control Period
117.326370
117.301636
117.297440
117.260094
117.273407
117.288193
117.264702
117.250565
117.309052
Control Period
117.296448
117.290558
117.302307
117.325348
117.310684
117.318497
117.283585
117.284897
Control Period
117.283875
117.299713
117.330338
117.335739
117.318718
117.312958
117.327805
117.331841
117.331421
Control Period
117.291428
117.300224
117.342690
117.323265
117.310333
117.299484
117.319489
117.325310
Control Period
117.279388
117.312866
117.258621
117.295197
117.307098
117.307449
117.285568
117.310753
Control Period
117.297760
117.291962
117.289124
117.315613
117.317154
117.318146
117.330589
117.327484
117.319366
Control Period
117.309219
117.312805
117.296768
117.335297
117.332901
117.315392
117.324738
117.316132
117.291138
Control Period
117.328156
117.307236
117.298401
117.281158
117.320221
117.291008
117.308731
117.314720
117.324829
Control Period
117.312416
117.312836
117.276512
117.305504
117.287643
117.279236
117.287743
117.287010
Control Period
117.280579
117.282944
117.294403
117.289986
117.317444
117.305054
117.311935
117.301758
117.292671
Control Period
117.297989
117.278206
117.282784
117.298592
117.283554
117.289345
117.271652
117.278847
Control Period
117.292191
117.295265
117.320831
117.276962
117.282372
117.307358
117.296768
117.321243
Control Period
117.289276
117.277794
117.296921
117.281311
117.304932
117.347046
117.327194
117.306274
117.314011
Control Period
117.292572
117.297211
117.274597
117.301315
117.293091
117.341949
117.349411
117.296608
117.301849
Control Period
117.312576
117.293274
117.292511
117.299904
117.291962
117.324417
117.319328
117.316132
117.324997
Control Period
117.284897
117.292000
117.297249
117.297668
117.306427
117.295517
117.293472
117.328644
Control Period
117.314499
117.305603
117.303268
117.267258
117.285690
117.270943
117.292572
117.285759
117.260094
Control Period
117.293953
117.318787
117.280838
117.305023
117.288132
117.274559
117.266815
117.290497
117.278145
Control Period
117.305115
117.318787
117.291649
117.320129
117.272324
117.276482
117.285538
117.317307
117.345985
Control Period
117.294815
117.296768
117.326874
117.335106
117.312576
117.303879
117.285660
117.318306
Control Period
117.308838
117.307266
117.306625
117.303070
117.324799
117.269379
117.281120
117.290375
117.300545
Control Period
117.303009
117.331421
117.323425
117.301147
117.303551
117.273819
117.269669
117.302658
117.296288
Control Period
117.298279
117.265533
117.315140
117.275551
117.304832
117.309692
117.319077
117.312836
117.337120
Control Period
117.301216
117.292419
117.294594
117.317093
117.297310
117.292191
117.292290
117.303070
117.315643
Control Period
117.334435
117.286331
117.305084
117.298462
117.266205
117.296768
117.268768
117.287430
117.317535
Control Period
117.277924
117.273216
117.300613
117.290085
117.317764
117.270912
117.291580
117.310974
Control Period
117.331039
117.299263
117.299713
117.290375
117.280228
117.270660
117.294342
117.293022
Control Period
117.320389
117.302689
117.303490
117.306847
117.315140
117.331589
117.307205
117.308319
Control Period
117.283554
117.307869
117.313339
117.312477
117.287964
117.295715
117.285278
117.288315
117.308350
Control Period
117.347397
117.357986
117.317734
117.287392
117.288773
117.305573
117.309860
117.294304
Control Period
117.283905
117.322464
117.298370
117.280869
117.312347
117.316414
117.290054
117.304993
117.265244
Control Period
117.279068
117.258652
117.254372
117.238304
117.267517
117.270302
117.300705
117.290726
Control Period
117.307426
117.299873
117.298431
117.284866
117.307236
117.312286
117.296257
117.288101
117.300194
Control Period
117.301926
117.293213
117.315231
117.306747
117.309921
117.294434
117.312317
117.325058
Control Period
117.287643
117.303581
117.305824
117.287521
117.278564
117.335617
117.334213
117.317024
Control Period
117.300926
117.316833
117.314880
117.331009
117.344315
117.320068
117.336868
117.303329
Control Period
117.312057
117.320923
117.292191
117.282173
117.283104
117.283966
117.277473
117.295044
117.289627
Control Period
117.279938
117.286240
117.253281
117.271523
117.275772
117.254211
117.259079
117.287231
Control Period
117.281342
117.294945
117.274979
117.306427
117.262299
117.275391
117.273438
117.288635
117.298492
Control Period
117.277542
117.285339
117.307770
117.311996
117.307137
117.294052
117.267838
117.272606
117.303680
Control Period
117.260735
117.280800
117.283295
117.293350
117.303101
117.298660
117.277954
117.273056
Control Period
117.275330
117.264641
117.274208
117.303009
117.300797
117.307007
117.305222
117.296577
117.311935
Control Period
117.302528
117.302910
117.294556
117.264313
117.287323
117.316605
117.279236
117.296188
Control Period
117.309090
117.289444
117.275169
117.258621
117.268677
117.266434
117.269852
117.274139
Control Period
117.291618
117.279167
117.259964
117.293915
117.262558
117.281052
117.273506
117.262398
117.293732
Control Period
117.274559
117.278214
117.281662
117.284164
117.281219
117.293884
117.304832
117.244186
Control Period
117.259583
117.286270
117.290726
117.284897
117.280930
117.308228
117.264038
117.278687
117.303711
Control Period
117.306847
117.292160
117.286400
117.300003
117.279739
117.297821
117.314041
117.280548
Control Period
117.268929
117.255615
117.296127
117.285980
117.265633
117.276764
117.264709
117.287674
Control Period
117.274879
117.271072
117.308258
117.297729
117.278595
117.269249
117.280518
117.289505
117.318207
Control Period
117.292992
117.286880
117.278175
117.283455
117.289917
117.304733
117.276031
117.258179
117.288834
Control Period
117.305504
117.307518
117.250557
117.275101
117.284988
117.305054
117.290047
117.300797
Control Period
117.300064
117.297958
117.301697
117.314117
117.277023
117.309311
117.288284
117.292671
Control Period
117.293381
117.318527
117.298691
117.288605
117.286369
117.280930
117.282433
117.273438
117.291367
Control Period
117.278595
117.321823
117.291779
117.298851
117.293022
117.305504
117.323456
117.341087
Control Period
117.306335
117.319809
117.318527
117.309441
117.283295
117.277283
117.279968
Control Period
117.280190
117.286819
117.285919
117.270752
117.267044
117.292099
117.280640
117.289124
117.296387
Control Period
117.275230
117.298912
117.270561
117.274529
117.254784
117.255173
117.264420
117.301056
Control Period
117.277893
117.279709
117.278915
117.302399
117.279808
117.281570
117.272865
117.283234
117.260994
Control Period
117.286591
117.298279
117.309059
117.262146
117.281189
117.262115
117.282784
117.289093
Control Period
117.286781
117.276512
117.291618
117.292419
117.297180
117.281372
117.302689
117.285118
117.280960
Control Period
117.273529
117.289795
117.280800
117.274208
117.298019
117.288765
117.271332
117.291367
Control Period
117.274849
117.272354
117.287994
117.309891
117.266464
117.303902
117.311325
117.265411
Control Period
117.289825
117.297218
117.265663
117.292709
117.328506
117.300385
117.277473
117.295609
Control Period
117.266434
117.261978
117.292923
117.260483
117.284676
117.281830
117.273888
117.273216
117.242752
Control Period
117.267548
117.262497
117.261406
117.287231
117.271011
117.272003
117.260704
117.279037
117.293732
Control Period
117.259743
117.267937
117.292351
117.287872
117.291550
117.290367
117.280739
117.263931
117.293983
Control Period
117.279778
117.304863
117.301376
117.290329
117.302460
117.327873
117.301437
117.292923
117.295837
Control Period
117.298431
117.259781
117.275299
117.314079
117.309021
117.292160
117.301376
117.301117
Control Period
117.311356
117.305634
117.298943
117.302628
117.276260
117.282211
117.272034
117.241470
Control Period
117.281403
117.261215
117.284126
117.337723
117.294876
117.272736
117.283775
117.300064
Control Period
117.287643
117.295105
117.287613
117.313599
117.319397
117.333725
117.325630
117.338814
117.316315
Control Period
117.272575
117.296928
117.297409
117.312515
117.293793
117.296989
117.294945
117.278976
Control Period
117.281570
117.292992
117.297028
117.301567
117.303391
117.289764
117.286911
117.287643
117.334946
Control Period
117.331879
117.326660
117.341759
117.343521
117.321602
117.319748
117.303299
117.314880
Control Period
117.345123
117.345024
117.354309
117.336548
117.313507
117.301888
117.329895
117.301086
117.289856
Control Period
117.292351
117.315231
117.280060
117.309441
117.313766
117.295364
117.268768
117.278748
Control Period
117.282852
117.268387
117.268478
117.282082
117.298492
117.283676
117.302399
117.298462
Control Period
117.283875
117.308479
117.252449
117.260254
117.275009
117.291199
117.276703
117.297791
117.310371
Control Period
117.296928
117.303833
117.329407
117.313828
117.294693
117.266434
117.280670
117.261185
Control Period
117.254471
117.268097
117.257057
117.251137
117.266235
117.277184
117.268448
117.321472
Control Period
117.304222
117.310684
117.296326
117.293312
117.293121
117.285278
117.291679
117.300095
Control Period
117.311073
117.283585
117.292450
117.303909
117.279999
117.291718
117.290558
117.339615
117.272095
Control Period
117.303520
117.288422
117.304222
117.289124
117.283905
117.268036
117.292191
117.283295
117.282784
Control Period
117.283775
117.293884
117.295395
117.288864
117.280228
117.291229
117.291641
117.306244
Control Period
117.275452
117.254494
117.286690
117.291428
117.313889
117.295166
117.288132
117.310333
Control Period
117.281952
117.283585
117.275520
117.285309
117.285507
117.297119
117.318558
117.298401
117.295715
Control Period
117.269989
117.243454
117.296509
117.290466
117.317886
117.298203
117.313408
117.299362
117.283585
Control Period
117.328003
117.294945
117.324738
117.294174
117.298172
117.275200
117.313087
117.250916
Control Period
117.280098
117.298401
117.289474
117.281372
117.325821
117.336319
117.302277
117.290909
Control Period
117.298271
117.323296
117.311104
117.277786
117.297958
117.271484
117.305824
117.294876
117.281860
Control Period
117.286400
117.298462
117.314781
117.327133
117.321442
117.320099
117.272766
117.283707
Control Period
117.270721
117.291870
117.285408
117.275162
117.282303
117.322693
117.293121
117.269180
Control Period
117.300995
117.286789
117.309891
117.302719
117.301758
117.332764
117.315231
117.305634
117.355621
Control Period
117.350052
117.305313
117.310783
117.318787
117.287041
117.300644
117.292191
117.324997
Control Period
117.287712
117.306274
117.303131
117.307266
117.304413
117.294113
117.300224
117.298080
117.310043
Control Period
117.283173
117.319969
117.310051
117.322784
117.297058
117.309631
117.281403
117.328354
117.332993
Control Period
117.287262
117.305473
117.309860
117.315140
117.309509
117.289627
117.308159
117.318527
Control Period
117.301788
117.306213
117.332893
117.329056
117.284988
117.276123
117.291138
117.304260
117.306114
Control Period
117.303070
117.297058
117.309090
117.284546
117.301254
117.329727
117.303711
117.302460
Control Period
117.293503
117.292068
117.327904
117.341980
117.335808
117.313019
117.308899
117.266724
117.280518
Control Period
117.303772
117.299904
117.294434
117.323936
117.321602
117.340416
117.347549
117.295074
Control Period
117.300964
117.306335
117.303421
117.309021
117.309402
117.310272
117.312286
117.286041
117.296738
Control Period
117.277695
117.307037
117.294594
Control Period
117.296066
117.294113
117.309311
117.328476
117.336639
117.303711
117.307678
117.347931
117.295876
117.298431
117.316254
