0.723824
0.78846
0.818425
0.843734
0.864649
0.881832
0.89459
0.904837
0.912159
0.917381
0.921077
0.923702
0.925167
0.92668
0.927198
0.927091
0.926904
0.926574
0.926172
0.925562
0.924778
0.92402
0.923387
0.923036
0.922287
0.921511
0.920928
0.92029
0.919778
0.918935
0.918242
0.917718
0.917215
0.916601
0.915954
0.915715
0.915044
0.914479
0.914258
0.913669
0.91324
0.912569
0.912226
0.912291
0.911644
0.911519
0.910597
0.910326
0.910128
0.909944
0.909782
0.909151
0.908808
0.908464
0.908342
0.907998
0.907436
0.907555
0.907171
0.906976
0.907078
0.906688
0.906246
0.906322
0.905852
0.905661
0.905598
0.905788
0.905441
0.905242
0.904952
0.904986
0.904544
0.904645
0.904332
0.904064
0.903759
0.903801
0.903792
0.903429
0.903563
0.903513
0.903323
0.902974
0.903143
0.903094
0.902971
0.902973
0.902758
0.902579
0.902449
0.902446
0.902257
0.902177
0.902337
0.902002
0.90184
0.902257
0.901816
0.901803
0.901793
0.901819
0.901688
0.901534
0.901571
0.9015
0.901487
0.901369
0.901357
0.901466
0.901239
0.901414
0.901118
0.900964
0.901164
0
