160
155.886
152.976
150.568
148.589
146.966
145.64
144.545
143.638
142.874
142.221
141.655
141.155
140.707
140.303
139.936
139.594
139.274
138.972
138.685
138.411
138.147
137.889
137.645
137.414
137.19
136.971
136.762
136.562
136.369
136.179
135.994
135.815
135.642
135.475
135.311
135.158
135.004
134.855
134.712
134.574
134.441
134.308
134.18
134.062
133.948
133.837
133.722
133.613
133.509
133.41
133.317
133.221
133.128
133.039
132.953
132.868
132.78
132.702
132.625
132.551
132.486
132.418
132.348
132.285
132.222
132.159
132.099
132.049
131.999
131.951
131.901
131.853
131.806
131.764
131.72
131.676
131.631
131.591
131.553
131.51
131.474
131.441
131.406
131.37
131.339
131.31
131.283
131.257
131.229
131.204
131.177
131.151
131.127
131.101
131.08
131.053
131.029
131.01
130.99
130.968
130.95
130.932
130.915
130.896
130.88
130.861
130.845
130.83
130.814
130.802
130.788
130.775
130.76
130.744
0
