1345.71
1083.81
1086.94
1077.56
1060.94
1065.22
1086.16
1131.47
1082.56
1038.72
1072.55
1070.16
1081.25
1073.81
1072.69
957.121
1129.25
1146.91
1115.31
1109.56
1054
960.156
1065.09
1071.44
1041.91
1070.12
1060.62
1080.03
1073.84
948.469
1121.78
1078.84
1159.84
1068.84
1095.84
1051.03
1064.03
999.344
1062.78
1019.44
1086.19
1081.31
1109.38
1030.03
1081.31
1038.62
1027.12
1068.94
1081.31
1154
1094.94
1113.16
1075.09
1075.06
1072.66
1034.97
1004.28
1068.91
1079.73
1071.34
1160.44
1068.81
1076.34
1077.47
987.333
1085
1040.84
1042.97
1065.03
1045.97
989.531
1118.12
1071.34
1072.56
1041.12
987.303
1025.12
1060.25
1070.16
985.812
1036.19
1082.28
1105.69
1093.34
1067.44
1003.69
1067.59
1073.56
1106.97
1070.16
1157.97
1075.03
1120.25
1122.47
1141.66
1034.67
1072.53
1067.59
1073.84
984.531
1056.88
1075.06
1047.34
1073.94
1068.94
1072.62
1063.94
1076.41
987.062
1040.5
1036.12
1064.09
1073.88
1066.41
1046.34
