4064.5
5972
6209
5952.5
6011.5
5992
6150
6011.5
6243.5
5794
5972
5991.5
5972
5952
5873
5932.5
6011.5
6051
6110.5
5972
5972
5972
5952
5972
5932.5
6011.5
5972
5873
5971.5
6011.5
5952
5912.5
5992
6011.5
5972
5952
6031
5893
5991.5
5952
5912.5
5972
5991.5
5991.5
5952
5991.5
6011.5
5991.5
6110.5
5952
5912.5
6031
6011.5
5952
5952
5952
5952
5778.5
6150
5932.5
5952
6110.5
5838
5952
5952
5991.5
6011
5991.5
5972
6071
6011.5
6011.5
5971.5
5932.5
6011.5
5992
5952
6011
6031
5952
5952
5952
5893
5991.5
6011.5
5932.5
6051
6011
6011.5
6011.5
5991.5
5971.5
5972
5991.5
5992
6031.5
6011.5
5972
5952
6011.5
6066
5991.5
5992
6011.5
6011.5
5957
5972
6051
5932
5952
