117.526497
117.344131
117.343964
117.343712
117.385757
117.325600
117.349121
117.323227
117.373856
117.359589
117.362366
117.351936
117.361725
117.358307
117.378975
117.363708
117.373123
117.373795
117.352325
117.319077
117.324066
117.363358
117.370209
117.368095
117.364929
117.369728
117.343323
117.322403
117.317917
Control Period
117.355652
117.332901
117.334785
117.308960
117.320419
117.345345
117.321945
117.301437
117.307007
Control Period
117.310974
117.339394
117.349022
117.341949
117.359970
117.370018
117.335297
117.336128
Control Period
117.351997
117.299133
117.300385
117.303490
117.292099
117.310501
117.324219
117.307808
117.321854
Control Period
117.297440
117.326462
117.336388
117.319611
117.349442
117.382561
117.356476
117.355423
Control Period
117.328545
117.345062
117.323395
117.341728
117.356766
117.322304
117.352097
117.324448
117.328476
Control Period
117.326111
117.359131
117.342049
117.351456
117.332413
117.375168
117.348801
117.313858
Control Period
117.330307
117.346497
117.370399
117.329315
117.356293
117.339905
117.354599
117.353439
Control Period
117.347260
117.360291
117.342529
117.320641
117.308929
117.347168
117.343681
117.336899
Control Period
117.307846
117.344833
117.340454
117.338272
117.350235
117.307106
117.341919
117.340988
117.372314
Control Period
117.350174
117.311356
117.314751
117.281311
117.284386
117.307838
117.323006
117.301025
Control Period
117.338913
117.334015
117.316704
117.311844
117.342209
117.344063
117.300674
117.337860
117.338333
Control Period
117.343491
117.337082
117.319359
117.320671
117.312355
117.321854
117.314560
117.312477
117.334244
Control Period
117.298653
117.336098
117.300797
117.286819
117.305473
117.345276
117.342239
117.350594
Control Period
117.320923
117.350342
117.294273
117.331841
117.336861
117.343201
117.339493
117.314011
117.326874
Control Period
117.334457
117.326660
117.316925
117.326279
117.316635
117.358887
117.344322
117.322685
Control Period
117.340164
117.345345
117.328896
117.309052
117.328865
117.325569
117.344994
117.327423
Control Period
117.319778
117.330811
117.355133
117.282043
117.302208
117.297409
117.314651
117.352219
Control Period
117.321762
117.351646
117.377022
117.347809
117.354370
117.317795
117.323586
117.343010
117.325089
Control Period
117.310463
117.333282
117.309891
117.322342
117.310013
117.293732
117.316643
117.329788
117.316032
Control Period
117.309090
117.339355
117.319550
117.290756
117.304611
117.318626
117.289627
117.312416
Control Period
117.312416
117.332932
117.288101
117.308609
117.350113
117.338142
117.303070
117.343292
117.350273
Control Period
117.318878
117.318146
117.371933
117.351906
117.356064
117.376961
117.356125
117.365150
Control Period
117.361603
117.333504
117.358879
117.331741
117.318275
117.323166
117.340134
117.322906
Control Period
117.337822
117.327583
117.304642
117.322052
117.342010
117.341537
117.348701
117.333054
117.342499
Control Period
117.333725
117.374527
117.360832
117.318016
117.296188
117.341156
117.321762
117.337952
117.325119
Control Period
117.323517
117.340607
117.362885
117.339645
117.361664
117.322624
117.343292
117.337311
Control Period
117.329758
117.340347
117.368515
117.405991
117.345665
117.326050
117.303520
117.323654
117.336548
Control Period
117.349953
117.323929
117.352325
117.362656
117.329247
117.316986
117.318848
117.349762
Control Period
117.347359
117.336029
117.352798
117.356415
117.340065
117.359901
117.318146
117.350662
117.332413
Control Period
117.290970
117.308098
117.346207
117.354301
117.318207
117.338242
117.322594
117.292160
Control Period
117.314400
117.320740
117.318237
117.356155
117.313438
117.336578
117.300476
117.294113
Control Period
117.296921
117.334816
117.335838
117.324448
117.342239
117.299072
117.339806
117.332260
117.375999
Control Period
117.348160
117.346176
117.331299
117.357056
117.338333
117.307938
117.336639
Control Period
117.331482
117.360001
117.323936
117.337051
117.324997
117.346237
117.322723
117.304733
117.310562
Control Period
117.320480
117.322784
117.320061
117.323715
117.387970
117.367744
117.324219
117.350021
Control Period
117.304901
117.278465
117.293312
117.272385
117.307648
117.334717
117.350304
117.315712
117.319298
Control Period
117.316002
117.303940
117.303940
117.314400
117.298019
117.317375
117.296127
117.284767
117.288734
Control Period
117.294403
117.284317
117.318016
117.298691
117.332863
117.330276
117.317596
117.341858
Control Period
117.324287
117.308960
117.336670
117.329437
117.320000
117.339935
117.381599
117.355484
117.327011
Control Period
117.309189
117.336830
117.380569
117.358208
117.341660
117.320282
117.319809
117.328644
Control Period
117.312668
117.321182
117.289185
117.343430
117.309021
117.315872
117.335419
117.324326
117.332703
Control Period
117.324509
117.354942
117.342400
117.313568
117.312767
117.328796
117.328964
117.310272
Control Period
117.304993
117.294052
117.333504
117.329407
117.355621
117.345093
117.329247
117.341019
117.330467
Control Period
117.329285
117.347038
117.340416
117.322586
117.328674
117.312988
117.338142
117.321762
Control Period
117.325821
117.339935
117.314590
117.318115
117.298279
117.319870
117.302429
117.315422
Control Period
117.312798
117.302658
117.297729
117.274780
117.290115
117.303230
117.352249
117.316803
117.267685
Control Period
117.311386
117.286911
117.279297
117.259010
117.274689
117.273598
117.262688
117.309189
Control Period
117.296478
117.286972
117.288284
117.292290
117.277893
117.295937
117.292252
117.292831
117.303299
Control Period
117.320961
117.306137
117.336960
117.296417
117.309402
117.260803
117.295486
117.322464
117.274109
Control Period
117.308029
117.297890
117.320099
117.299973
117.300575
117.276031
117.303841
117.330078
117.323868
Control Period
117.333313
117.307938
117.311455
117.285538
117.329788
117.324890
117.366592
117.322304
117.306213
Control Period
117.313507
117.328064
117.321732
117.307968
117.299622
117.312668
117.302429
117.332932
Control Period
117.307198
117.340836
117.363998
117.342239
117.302948
117.295296
117.307205
117.315109
Control Period
117.301086
117.329575
117.333504
117.301147
117.314270
117.297501
117.322205
117.294083
117.317596
Control Period
117.312897
117.332993
117.317764
117.339966
117.318367
117.327072
117.335556
117.345695
Control Period
117.335907
117.325348
117.344254
117.370331
117.346756
117.347107
117.331390
117.343040
Control Period
117.370972
117.353531
117.346237
117.328964
117.332062
117.351585
117.346085
117.342880
117.343231
Control Period
117.330399
117.319427
117.276932
117.324646
117.321793
117.330978
117.326973
117.322723
117.350174
Control Period
117.352325
117.360191
117.357727
117.349091
117.327522
117.306778
117.306244
Control Period
117.316864
117.317947
117.336800
117.310852
117.316833
117.340195
117.346367
117.352509
Control Period
117.336800
117.362106
117.334015
117.339706
117.372955
117.344063
117.318298
117.322365
117.340126
Control Period
117.318207
117.329056
117.308640
117.332230
117.324860
117.319458
117.314018
117.311996
117.343231
Control Period
117.318077
117.338913
117.317245
117.328323
117.334976
117.342110
117.361694
117.328835
Control Period
117.368668
117.397568
117.356003
117.372383
117.385468
117.354172
117.350113
117.376923
117.364059
Control Period
117.372772
117.354813
117.323166
117.345566
117.349213
117.344513
117.330780
117.376953
Control Period
117.348289
117.369278
117.351044
117.353958
117.358528
117.343712
117.299194
117.313507
Control Period
117.328293
117.333786
117.305542
117.327133
117.333252
117.312737
117.320992
117.293633
Control Period
117.319962
117.318787
117.320068
117.321472
117.305183
117.325218
117.315842
117.359879
Control Period
117.316673
117.331482
117.332291
117.300964
117.345634
117.338882
117.311714
117.303139
117.316635
Control Period
117.332611
117.303329
117.291039
117.297920
117.314819
117.322021
117.344955
117.326340
Control Period
117.322083
117.316223
117.327263
117.330627
117.319359
117.299072
117.324478
117.340637
Control Period
117.332932
117.302048
117.314499
117.307098
117.313019
117.292221
117.285728
117.303741
117.305153
Control Period
117.314941
117.309120
117.308960
117.329567
117.291458
117.286880
117.303520
117.279839
117.329666
Control Period
117.298462
117.296860
117.276192
117.287643
117.298721
117.303169
117.302429
117.286972
Control Period
117.321411
117.324326
117.318298
117.306946
117.326782
117.346588
117.342468
117.320282
117.298843
Control Period
117.316956
117.323357
117.358559
117.357918
117.349533
117.354782
117.324326
117.293564
117.306114
Control Period
117.289345
117.286911
117.287643
117.304062
117.295837
117.281982
117.281540
117.302628
117.321884
Control Period
117.294846
117.299484
117.297600
117.299805
117.301178
117.301376
117.301216
117.312767
Control Period
117.289307
117.315353
117.322235
117.311966
117.336380
117.325531
117.325760
117.301758
Control Period
117.307808
117.344513
117.351044
117.349792
117.326660
117.326080
117.330627
117.310593
117.321823
Control Period
117.332703
117.309372
117.326523
117.326202
117.322975
117.307388
117.350525
117.328575
Control Period
117.334366
117.335678
117.339996
117.328003
117.314911
117.367676
117.317215
Control Period
117.320190
117.339355
117.343712
117.354591
117.316895
117.328285
117.338074
117.331650
117.328323
Control Period
117.359650
117.331741
117.335266
117.299805
117.340988
117.352097
117.328514
117.350204
Control Period
117.354172
117.326401
117.323105
117.342972
117.314240
117.285759
117.308090
117.316833
117.326241
Control Period
117.286240
117.315071
117.317947
117.340897
117.329086
117.324577
117.363838
117.366211
Control Period
117.352867
117.344864
117.345825
117.350784
117.333755
117.333054
117.341537
117.334976
117.334526
Control Period
117.340897
117.380989
117.332191
117.336288
117.352219
117.364258
117.323975
117.322914
Control Period
117.337372
117.286751
117.319427
117.303421
117.302979
117.343552
117.335205
117.334396
Control Period
117.350143
117.318466
117.338181
117.313469
117.338150
117.326141
117.332611
117.338814
117.327934
Control Period
117.335297
117.355904
117.342560
117.345795
117.364548
117.323486
117.370529
117.351807
Control Period
117.356735
117.358459
117.357086
117.376190
117.384705
117.358917
117.345535
117.354691
117.339233
Control Period
117.362656
117.354050
117.347549
117.354050
117.340027
117.363846
117.399612
117.388580
Control Period
117.389893
117.362144
117.347870
117.355331
117.357216
117.391487
117.395035
117.347649
117.359581
Control Period
117.328835
117.353058
117.367325
117.390274
117.391388
117.354843
117.348190
117.385666
Control Period
117.366463
117.399643
117.352127
117.377182
117.328674
117.367462
117.359070
117.342209
Control Period
117.362335
117.374176
117.373947
117.390686
117.350906
117.374466
117.376450
117.356415
Control Period
117.374817
117.359550
117.376190
117.359833
117.389252
117.356735
117.381851
117.375999
117.372131
Control Period
117.358368
117.375168
117.330460
117.335968
117.350304
117.345474
117.393250
117.394363
117.393982
Control Period
117.399872
117.366402
117.389114
117.354912
117.423454
117.392929
117.389565
117.327805
Control Period
117.358749
117.377411
117.381348
117.404991
117.378403
117.358368
117.358078
117.374237
117.401474
Control Period
117.395042
117.382019
117.399582
117.411423
117.385567
117.393539
117.413406
117.409088
Control Period
117.423141
117.405594
117.377151
117.378754
117.365440
117.383545
117.378052
117.331520
Control Period
117.340797
117.340347
117.344955
117.347107
117.379326
117.354691
117.328445
117.373245
117.329086
Control Period
117.358498
117.331520
117.367584
117.369408
117.388931
117.365723
117.376831
117.370049
117.360031
Control Period
117.342117
117.370789
117.402336
117.398781
117.381920
117.380768
117.330978
117.382462
117.406525
Control Period
117.401855
117.403137
117.365631
117.366882
117.377350
117.381378
117.368065
117.375778
117.383743
Control Period
117.376770
117.356865
117.372032
117.329758
117.374756
117.355515
117.335907
117.328094
Control Period
117.348320
117.536453
117.372482
117.375839
117.355835
117.339706
117.325569
117.307327
117.326111
Control Period
117.320381
117.350334
117.351868
117.341698
117.362564
117.339874
117.395874
117.369827
Control Period
117.333252
117.331680
117.333694
117.325882
117.350876
117.379745
117.336411
117.316666
117.349922
Control Period
117.348419
117.328064
117.348007
117.341248
117.324539
117.334717
117.332832
117.323586
Control Period
117.326874
117.328827
117.354050
117.352226
117.363007
117.359329
117.376831
117.389503
117.345947
Control Period
117.350113
117.342239
117.375580
117.368195
117.346786
117.373756
117.359039
117.340256
Control Period
117.345795
117.320099
117.332581
117.356293
117.329826
117.330498
117.318787
117.330879
117.340836
117.346146
117.353600
117.346756
117.381058
117.336319
117.353249
117.360474
117.381378
117.361122
117.381729
117.353149
117.373405
117.345024
117.353058
117.379906
117.380798
117.388611
117.351257
117.358337
