60.180351
59.901760
59.862206
59.907520
59.888832
59.899651
59.874237
59.868351
59.872097
59.903263
59.864159
59.893311
59.884800
59.907200
59.905537
59.857025
59.852383
59.862240
59.844894
59.886208
59.895744
59.891937
59.893311
59.887840
59.887424
59.856125
59.912354
59.889122
59.883583
Control Period
59.898560
59.862656
59.886208
59.888290
59.884960
59.885727
59.869312
59.849922
Control Period
59.893761
59.853951
59.853630
59.862495
59.847458
59.874275
59.873184
59.847263
Control Period
59.903103
59.883614
59.887264
59.894974
59.897503
59.880482
59.912289
59.874207
59.861504
Control Period
59.868866
59.865982
59.881344
59.864899
59.893536
59.883808
59.876736
Control Period
59.894047
59.867714
59.872383
59.876831
59.862366
59.878365
59.870399
59.870399
59.890430
Control Period
59.916031
59.850719
59.887905
59.884224
59.902908
59.870113
59.854050
59.868801
Control Period
59.877983
59.864227
59.854210
59.853470
59.879005
59.862400
59.849281
59.893501
Control Period
59.844093
59.886269
59.877151
59.883934
59.897568
59.883904
59.864799
59.888481
Control Period
59.881027
59.876991
59.876701
59.870659
59.867039
59.876289
59.864449
59.898079
Control Period
59.866272
59.887074
59.897697
59.863297
59.879040
59.868958
59.871010
59.876160
59.871071
Control Period
59.876831
59.880318
59.875168
59.890915
59.867294
59.898109
59.868736
59.891872
Control Period
59.864193
59.863392
59.853600
59.859329
59.858719
59.852673
59.886368
59.876511
Control Period
59.875298
59.866913
59.864609
59.855614
59.891617
59.907326
59.865410
59.848801
59.861919
Control Period
59.848610
59.890114
59.855202
59.878017
59.879807
59.883713
59.888672
59.905376
Control Period
59.894497
59.892864
59.867775
59.847393
59.874271
59.870369
59.864960
59.865662
Control Period
59.876640
59.878563
59.888161
59.835426
59.878815
59.856033
59.859615
59.859039
Control Period
59.905216
59.862465
59.863487
59.852863
59.879166
59.882816
59.888863
59.870529
Control Period
59.888927
59.885887
59.873566
59.889503
59.848511
59.892223
59.848129
59.860416
59.883011
Control Period
59.890945
59.883423
59.882530
59.884865
59.871712
59.871872
59.864670
59.895775
59.901344
Control Period
59.881279
59.900448
59.883553
59.859970
59.889473
59.865982
59.867744
59.863106
Control Period
59.872864
59.881153
59.877022
59.882751
59.888031
59.877792
59.875969
59.900673
Control Period
59.871582
59.860451
59.859520
59.870945
59.874596
59.889603
59.893730
59.891968
59.878048
Control Period
59.885792
59.863266
59.878944
59.889023
59.880066
59.881664
59.833794
59.871296
Control Period
59.898304
59.873856
59.876030
59.874783
59.887104
59.889503
59.861214
59.871361
Control Period
59.879807
59.888962
59.899651
59.859329
59.874752
59.881950
59.886047
59.893822
Control Period
59.879009
59.882210
59.872322
59.862114
59.879936
59.902016
59.906849
59.904770
59.895264
59.886559
Control Period
59.895874
59.913986
59.909218
59.892860
59.878494
59.865856
59.916512
59.900417
Control Period
59.886658
59.921185
59.884735
59.860321
59.887360
59.876736
59.866879
59.877281
59.888702
Control Period
60.067135
59.908417
59.870815
59.871262
59.893345
59.903999
59.886082
59.873665
59.885727
Control Period
59.896385
59.892769
59.889214
59.879166
59.888737
59.904190
59.898209
59.878433
Control Period
59.888672
59.887619
59.891838
59.902431
59.909439
59.887459
59.900673
59.870369
Control Period
59.880447
59.898209
59.903168
59.899422
59.853951
59.876320
59.887741
59.869888
59.874176
Control Period
59.880577
59.876736
59.875839
59.867233
59.861919
59.869377
59.879200
59.881790
Control Period
59.891743
59.877472
59.919106
59.913597
59.911041
59.914497
59.869598
59.896896
59.911137
Control Period
59.885345
59.868927
59.872704
59.870880
59.889759
59.877026
59.927742
59.886688
59.885826
Control Period
59.886143
59.892128
59.886398
59.880608
59.871456
59.867905
59.893120
59.872894
59.879517
Control Period
59.892704
59.886078
59.857666
59.863075
59.885471
59.885952
59.874401
59.855968
Control Period
59.863392
59.872864
59.886177
59.858849
59.898689
59.862717
59.906364
59.904861
59.899811
Control Period
59.893856
59.888893
59.921345
59.910145
59.870464
59.908066
59.902687
59.865059
59.879677
Control Period
59.885120
59.865376
59.885792
59.883614
59.873215
59.875999
59.898048
59.897629
59.891617
Control Period
59.876350
59.893505
59.904385
59.875393
59.891552
59.879005
59.914978
59.863358
59.922688
Control Period
59.895905
59.906242
59.893471
59.880417
59.894562
59.895809
59.875938
Control Period
59.907265
59.895393
59.906174
59.912094
59.908512
59.894913
59.869759
59.901955
59.904961
Control Period
59.912609
59.865791
59.887039
59.887424
59.905472
59.890434
59.875744
59.875938
Control Period
59.898560
59.872093
59.883423
59.897343
59.888512
59.911041
59.905251
59.906914
59.881699
Control Period
59.890305
59.880066
59.864544
59.876961
59.859970
59.884605
59.864098
59.893600
Control Period
59.905472
59.867073
59.914307
59.852417
59.895103
59.870625
59.932480
59.889023
59.898750
Control Period
59.849342
59.893791
59.879585
59.891968
59.874237
59.860542
59.895744
59.876831
Control Period
59.887424
59.896225
59.879005
59.892288
59.889248
59.875999
59.902176
59.905472
Control Period
59.915939
59.880798
59.918560
59.906654
59.917919
59.878113
59.872414
59.891907
Control Period
59.903618
59.893951
59.910370
59.864735
59.921219
59.889793
59.879906
59.889729
59.873119
Control Period
59.867203
59.890434
59.894943
59.884960
59.910881
59.896446
59.894882
59.874367
Control Period
59.909950
59.879871
59.906563
59.908035
59.907394
59.904160
59.903778
59.900833
Control Period
59.901344
59.892609
59.902115
59.902401
59.893951
59.909119
59.906273
59.858719
59.888481
Control Period
59.878242
59.915424
59.905312
59.912094
59.907936
59.895874
59.906754
59.887939
Control Period
59.913185
59.904930
59.924480
59.905502
59.873825
59.897217
59.902206
59.908157
Control Period
59.894051
59.886909
59.900322
59.879837
59.887871
59.888447
59.893761
59.899361
59.866817
Control Period
59.897182
59.888062
59.908546
59.896126
59.887264
59.876030
59.903778
59.890625
Control Period
59.939453
59.898079
59.899330
59.872543
59.899170
59.909279
59.862846
59.910370
Control Period
59.906048
59.878815
59.894848
59.898430
59.904770
59.899422
59.905182
59.942146
59.903229
Control Period
59.913025
59.883488
59.900448
59.875584
59.919037
59.893700
59.904255
59.894943
Control Period
59.906784
59.921375
59.908352
59.912449
59.871040
59.904480
59.893631
59.876862
59.889153
Control Period
59.880417
59.897408
59.901794
59.921375
59.926144
59.900574
59.900993
59.880447
Control Period
59.903008
59.889122
59.913986
59.870049
59.905632
59.893696
59.881824
59.914623
59.892899
Control Period
59.908482
59.874626
59.900768
59.906815
59.914337
59.854752
59.890049
59.893120
Control Period
59.900482
59.882240
59.906849
59.922112
59.911938
59.878654
59.916767
59.867104
59.922592
Control Period
59.911934
59.897919
59.884800
59.919426
59.893921
59.904129
59.924126
59.892799
59.896160
Control Period
59.902786
59.919617
59.890144
59.879520
59.887520
59.882465
59.877632
59.883934
Control Period
59.896065
59.880157
59.886978
59.878368
59.878433
59.888802
59.849888
59.906494
59.863873
Control Period
59.894783
59.864578
59.893982
59.893822
59.885246
59.893730
59.881088
Control Period
59.860928
59.886528
59.919006
59.894016
59.903969
59.904190
59.916542
59.881950
Control Period
59.943230
59.903263
59.914047
59.853249
59.913345
59.897408
59.893345
59.918846
59.904289
Control Period
59.890625
59.873474
59.883327
59.854691
59.891521
59.894943
59.889183
59.890686
Control Period
59.878113
59.892830
59.902111
59.892288
59.905983
59.895805
59.879520
59.871807
Control Period
59.901154
59.856606
59.922432
59.900543
59.925117
59.895905
59.908768
59.902367
Control Period
59.894176
59.881470
59.906624
59.908482
59.906082
59.904831
59.902145
59.894302
59.886082
59.874176
Control Period
59.878624
59.881248
59.890400
59.912128
59.901249
59.898109
59.893311
59.897598
Control Period
59.881760
59.893856
59.897919
59.907265
59.883743
59.884674
59.908226
59.868065
Control Period
59.897312
59.879936
59.890915
59.881985
59.894112
59.891518
59.891037
59.899933
59.885437
Control Period
59.896255
59.893280
59.874397
59.903198
59.905602
59.877151
59.870850
59.895554
Control Period
59.892097
59.874626
59.905342
59.887619
59.881470
59.897758
59.869408
59.877533
Control Period
59.886368
59.915550
59.918911
59.909279
59.908577
59.911617
59.882465
59.864861
Control Period
59.900574
59.901119
59.901665
59.868317
59.876255
59.876896
59.867840
59.865952
Control Period
59.882019
59.887711
59.885887
59.872513
59.868511
59.888252
59.880226
59.899361
59.912960
Control Period
59.896255
59.899391
59.890015
59.885601
59.893661
59.898979
59.904896
59.892128
59.880867
Control Period
59.896545
59.905952
59.894691
59.891747
59.895840
59.862720
59.913727
59.889759
Control Period
59.897663
59.881504
59.891167
59.889984
59.875008
59.907104
59.874237
59.900803
59.888256
Control Period
59.901600
59.911903
59.901855
59.881504
59.854111
59.861694
59.883904
59.903938
59.890114
Control Period
59.882881
59.866367
59.892288
59.896160
59.878048
59.860962
59.867874
59.884865
Control Period
59.906464
59.888733
59.905441
59.866497
59.887936
59.892159
59.896355
59.882721
59.879105
Control Period
59.894016
59.879776
59.892990
59.897758
59.865730
59.883743
59.899712
59.919006
Control Period
59.890945
59.928513
59.896286
59.961792
59.895008
59.914558
59.920769
59.929825
59.917534
Control Period
59.908863
59.892319
59.897377
59.884064
59.896194
59.898239
59.893921
59.906849
Control Period
59.904190
59.917122
59.883842
59.902367
59.879677
59.880707
59.878082
59.890526
59.920547
59.905983
Control Period
59.891106
59.885506
59.895134
59.878914
59.876961
59.865471
59.873795
Control Period
59.876610
59.880798
59.850655
59.885506
59.899231
59.889091
59.881344
59.878815
59.888863
Control Period
59.867233
59.888802
59.879871
59.890495
59.860451
59.871170
59.866241
59.893856
Control Period
59.878113
59.885986
59.861408
59.852127
59.902237
59.893890
59.913246
59.882339
59.894367
Control Period
59.879356
59.891582
59.874557
59.870270
59.892670
59.892258
59.876099
59.906654
Control Period
59.833534
59.855042
59.840446
59.873795
59.860703
59.877953
59.890335
59.878914
59.895519
Control Period
59.874336
59.885983
59.898178
59.887840
59.891266
59.887260
59.912323
59.878082
Control Period
59.891487
59.873055
59.900928
59.874878
59.888771
59.911743
59.881279
59.892448
59.878563
59.903809
Control Period
59.897793
59.894657
59.926399
59.873280
59.888321
59.901955
59.863487
59.896866
59.898460
Control Period
59.876129
59.884865
59.930111
59.890686
59.887009
59.905533
59.883232
59.910141
Control Period
59.890560
59.874176
59.875298
59.899231
59.886177
59.879936
59.887711
59.903198
Control Period
59.895744
59.889694
59.887680
59.856064
59.901726
59.897026
59.899330
59.909664
59.895679
59.905090
Control Period
59.860703
59.877571
59.865822
59.893250
59.868225
59.892033
59.868511
Control Period
59.859360
59.909950
59.902782
59.889729
59.875679
59.892353
59.891266
59.901474
Control Period
59.886848
59.907806
59.882751
59.901825
59.900417
59.894432
59.880032
59.846016
59.890400
Control Period
59.881504
59.898720
59.884285
59.885471
59.900192
59.871456
59.890751
Control Period
59.879425
59.880386
59.902657
59.896481
59.904224
59.908707
59.868034
59.892609
59.878433
Control Period
59.921059
59.894432
59.878525
59.906914
59.870239
59.875328
59.890625
59.894432
Control Period
59.856865
59.891907
59.893696
59.875584
59.895325
59.884224
59.873795
59.870018
59.874626
Control Period
59.911362
59.913345
59.908863
59.939487
59.896034
59.913025
59.924515
59.904961
Control Period
59.891487
59.893120
59.882401
59.879681
59.882210
59.916737
59.873726
59.887264
59.888992
59.885666
59.916096
59.870079
59.909058
59.870399
59.898819
59.867970
59.899712
59.885597
59.867134
59.892673
59.872894
59.891903
59.887520
59.859840
59.896801
59.871361
59.872353
59.858879
59.962173
