160
159.185
159.024
158.887
158.766
158.658
158.565
158.479
158.405
158.337
158.274
158.223
158.171
158.12
158.072
158.027
157.982
157.942
157.905
157.869
157.831
157.794
157.76
157.73
157.698
157.666
157.636
157.607
157.579
157.552
157.525
157.502
157.478
157.452
157.429
157.406
157.385
157.368
157.351
157.329
157.309
157.286
157.265
157.249
157.233
157.215
157.196
157.179
157.16
157.142
157.125
157.108
157.091
157.075
157.059
157.044
157.03
157.016
157.003
156.993
156.978
156.965
156.948
156.935
156.921
156.909
156.894
156.883
156.874
156.865
156.854
156.846
156.839
156.83
156.822
156.812
156.802
156.792
156.783
156.774
156.765
156.756
156.75
156.74
156.732
156.725
156.717
156.713
156.707
156.702
156.703
156.702
156.703
156.702
156.699
156.696
156.694
156.691
156.685
156.68
156.678
156.673
156.667
156.661
156.656
156.649
156.643
156.636
156.629
156.622
156.618
156.615
156.617
156.611
156.607
0
