57.8082
60.3909
63.5425
65.2094
65.2037
65.5586
66.9367
64.866
67.7409
65.7701
66.4963
67.514
64.079
65.7475
63.749
65.815
65.5084
65.6852
66.2375
66.5315
65.4548
65.822
66.0817
66.8997
65.8223
66.984
64.7519
66.6857
66.1712
64.241
66.3056
66.3425
66.0823
65.7171
64.6254
64.9393
67.3492
65.9701
64.3475
65.8809
64.8018
64.1535
64.6858
65.5457
65.6129
66.2782
64.1429
64.7887
67.2496
66.0322
64.0852
64.4675
65.4739
65.8107
67.4101
66.4344
66.5407
65.1441
63.5389
65.6182
66.3862
65.9178
66.3034
66.6953
66.0616
65.4291
65.2373
64.8492
65.7966
67.4056
67.0424
66.0927
66.4856
66.6941
64.6507
65.6007
65.8786
64.8707
65.1721
64.1834
65.1233
65.0637
66.0273
66.6566
64.7151
65.9143
65.5322
65.7927
66.8584
66.7606
64.1551
67.0182
65.8161
64.5709
64.4064
66.2627
66.4552
66.5716
65.6517
66.7356
66.0882
66.2178
65.4701
65.3662
67.6914
66.3581
66.6838
66.9832
66.6975
66.5657
67.4969
65.8536
65.9039
64.3325
