0.722602
0.767259
0.764229
0.762325
0.74691
0.748259
0.764274
0.732159
0.77532
0.734971
0.753723
0.765119
0.714862
0.757473
0.730089
0.765668
0.756136
0.753709
0.756345
0.7535
0.741598
0.752869
0.752665
0.757184
0.741095
0.759027
0.727896
0.764036
0.748172
0.728826
0.767443
0.754228
0.748432
0.745136
0.738639
0.74822
0.777849
0.744633
0.729411
0.760603
0.741752
0.738749
0.75287
0.757166
0.752834
0.759728
0.731308
0.752559
0.778091
0.742809
0.727096
0.74919
0.764665
0.751381
0.768937
0.742552
0.749695
0.736542
0.72934
0.772023
0.759948
0.747836
0.753997
0.750868
0.744509
0.747052
0.745796
0.745141
0.754161
0.768731
0.753026
0.741811
0.753852
0.754376
0.728085
0.757335
0.753772
0.737996
0.749059
0.73833
0.760209
0.750466
0.758272
0.757021
0.735697
0.759731
0.747477
0.749916
0.759073
0.753606
0.72343
0.771084
0.745906
0.736312
0.743501
0.764184
0.754148
0.753186
0.744221
0.761062
0.74477
0.754157
0.740986
0.745544
0.774667
0.741588
0.749983
0.754663
0.750635
0.749324
0.761446
0.73341
0.744765
0.731624
