5642.25
6175.17
5778.5
5669.1
5618.24
5522.3
5474.93
5544.03
5523.03
5490.8
5440.83
5539.87
5502.97
5485.59
5545.17
5386.17
5506.7
5527.93
5545.79
5433.77
5466
5529.87
5572.17
5477.07
5531
5497.2
5522.14
5511.2
5467.55
5488.57
5541.41
5499.17
5505.67
5434
5541.93
5485.79
5463.4
5511.55
5509.33
5481.97
5527.31
5492.53
5589.24
5505.23
5470.93
5437.13
5471.9
5529.38
5555.8
5462.8
5445.28
5423.8
5673.34
5493.87
5562.28
5477.7
5439.77
5447.67
5396.7
5639.43
5500.2
5492.48
5619.57
5465.97
5351.73
5525.9
5476.66
5625.7
5523.37
5470.34
5462.57
5449.31
5480.52
5507.57
5413.23
5542.38
5543.07
5512.66
5499.8
5427.4
5550.24
5571.8
5568
5363.93
5486.38
5530.67
5555.38
5573.97
5454.87
5459.1
5576.86
5429.27
5454.9
5503.72
5624.8
5562.14
5486.73
5410.41
5485.93
5535.83
5392.21
5546.47
5509.03
5512.4
5530.76
5524.07
5467.73
5441.4
5484.93
5470.97
5548.17
5510.1
5471.13
5492.39
