80
78.7099
83.1459
85.5401
87.2979
87.6149
87.5821
88.5955
87.3715
89.4866
88.2237
88.2399
89.6383
86.7985
87.3168
85.9576
86.6357
87.1493
87.5757
88.2966
88.2617
87.4281
87.797
88.3533
88.8177
88.2498
88.9577
87.2808
88.4438
88.1432
86.3981
87.9608
88.2943
88.1947
87.4926
86.7917
86.584
88.5941
88.2185
86.6166
87.3632
86.8408
85.919
86.5672
87.1546
87.2394
87.7099
86.0912
86.429
88.8953
88.1386
86.0496
85.6243
87.5864
87.6666
89.4676
88.757
88.4459
87.1183
84.9951
87.3561
88.1447
87.9359
88.8242
88.7317
87.5831
87.4733
87.0294
87.2448
87.6842
89.0306
89.0963
88.1945
88.4097
88.7955
86.6204
87.3986
87.9011
87.0052
86.9306
85.665
86.6978
87.076
88.0513
87.9644
86.7601
87.6712
87.7335
88.0791
88.5881
88.6819
86.9142
88.2365
87.6949
86.6258
86.7105
88.1195
88.3866
88.2153
87.6874
88.7364
87.8038
88.3554
87.6759
87.3813
89.4811
88.9137
88.7592
88.8548
88.8343
88.643
89.791
88.4895
87.9311
