117.717850
117.258301
117.267746
117.272255
117.272896
117.265701
117.237946
117.248703
117.240997
117.219131
117.249954
117.241920
117.226883
117.254303
117.259140
117.270081
117.261536
117.289375
117.261185
117.257278
117.249184
117.257156
117.255905
117.257690
117.250046
117.261154
117.285446
117.279907
117.255356
117.277084
Control Period
121.890778
117.259071
121.158272
117.241951
118.310303
117.247452
117.263069
117.259071
Control Period
119.383041
123.222466
125.922783
127.207108
122.018623
122.065247
125.287292
124.034431
124.323364
Control Period
125.616669
126.767937
126.506470
124.336418
123.045761
124.637665
126.549500
123.556961
124.042496
Control Period
128.541275
128.340744
128.626495
123.289024
128.234619
124.536224
128.491226
Control Period
128.621246
128.038940
128.496552
128.411331
128.754089
128.442078
128.580261
128.670654
Control Period
131.053986
128.684601
128.374329
128.414154
128.817352
128.426880
128.382263
128.025925
Control Period
131.052490
130.217163
127.464256
128.265564
128.610077
128.600281
128.818588
Control Period
128.963364
128.552414
128.798187
127.664169
128.821701
128.876892
130.208008
129.760635
Control Period
129.922882
128.750824
128.031998
128.186859
129.589661
129.320953
129.856964
131.826294
Control Period
129.311905
129.610687
126.532990
130.471130
130.955872
128.788803
128.590973
128.683746
Control Period
129.041214
128.392319
128.656830
129.149704
127.168640
126.013214
131.244263
127.593857
Control Period
130.549164
127.245056
126.712006
128.166855
128.596741
128.548996
129.131775
128.396988
Control Period
127.721855
126.773407
127.109573
132.077545
130.864685
130.896255
126.968994
127.950592
Control Period
127.232613
127.517960
128.741470
128.781738
128.714172
128.677567
128.462555
Control Period
128.534210
131.294739
128.888855
128.875580
129.024857
128.844543
128.265320
128.765244
129.297150
Control Period
128.507843
126.310852
128.567413
128.431519
128.425659
126.429474
127.667816
Control Period
128.475464
127.840416
127.883743
128.633377
126.779678
126.587875
128.488327
128.991196
Control Period
128.208038
128.508453
128.749725
129.052521
128.984955
128.422516
126.580643
126.188515
Control Period
133.527679
128.893433
129.024323
128.953827
128.851349
128.456070
128.965179
128.459808
Control Period
128.759903
128.612442
129.023590
127.952156
128.801178
126.248703
126.705246
128.291489
128.753510
Control Period
127.990845
126.630722
129.091553
128.370361
127.418915
128.727264
127.013695
Control Period
126.819077
127.375137
128.767776
128.886047
127.746918
126.760605
127.106430
128.551422
Control Period
128.705246
128.694748
129.138046
128.547012
128.480896
129.079453
130.187531
126.951645
Control Period
126.379974
126.579552
130.466080
131.070084
126.723618
126.464287
126.482750
126.754913
Control Period
128.955643
128.790848
129.589890
129.087784
127.112167
130.673431
130.620956
131.517944
Control Period
128.674805
129.149567
128.650467
129.032196
128.971588
129.213089
128.647980
Control Period
128.485657
131.086014
127.378975
128.864746
128.730133
128.987488
128.464767
127.711296
Control Period
128.594467
128.935028
128.818619
128.788315
130.743362
128.571014
128.878143
Control Period
128.960922
128.641373
129.100067
128.787491
130.225342
130.946014
131.110046
126.146149
Control Period
129.330170
128.966629
128.740891
128.519897
128.797470
129.068802
129.033539
Control Period
128.693176
129.439163
129.872864
129.150406
128.296188
128.904770
129.107880
129.486359
Control Period
128.581314
129.180893
128.768509
129.153885
130.130402
130.104858
130.219803
Control Period
128.437149
131.019287
128.777084
128.370728
128.692413
128.499771
129.775620
130.882111
Control Period
128.898438
128.484070
128.403809
128.260193
127.905731
127.581535
128.727432
128.574112
Control Period
129.217987
130.558853
128.823624
128.655746
128.914200
128.497726
128.189667
128.737946
Control Period
128.595428
128.275421
128.599457
128.669434
128.449402
128.994324
129.070953
128.445465
Control Period
128.853439
128.658752
128.056427
128.261566
128.902924
128.799042
130.765045
131.069183
Control Period
128.215515
128.922623
128.877533
128.580643
128.730270
128.664764
129.090210
128.385086
Control Period
128.571594
128.821930
128.635391
128.924667
128.053955
128.390182
129.056992
Control Period
130.353119
128.771576
128.755585
128.517853
128.675812
128.216217
128.417480
128.027008
Control Period
133.877991
128.538239
128.793640
128.573914
129.054855
128.416702
128.548157
129.068100
Control Period
128.471970
126.464638
130.521500
130.746796
130.572159
130.893250
131.512924
Control Period
132.691559
128.901276
128.856232
129.521347
128.562180
130.958847
129.292480
128.638458
Control Period
133.557281
128.580811
128.456833
131.423553
128.616196
128.937561
131.110107
128.850433
Control Period
128.676285
128.738342
130.948212
129.821533
128.606049
128.922089
130.099976
Control Period
129.295013
129.781723
129.113464
128.805542
129.011841
128.706085
128.846466
128.519104
Control Period
133.994293
128.732666
128.886459
127.969086
127.109436
131.069443
131.485046
Control Period
126.650429
129.985153
129.817322
129.922943
128.650589
129.079651
128.623550
129.055161
Control Period
132.534302
128.932953
130.714752
127.906685
128.862976
128.315903
131.150177
128.878845
Control Period
131.265289
127.950714
128.496323
128.325729
128.606567
128.437378
128.442902
128.834106
Control Period
132.544067
128.873108
128.725433
128.453735
128.942780
129.832184
125.988159
126.593857
Control Period
130.728668
129.004227
128.247498
126.288055
128.881348
128.574402
126.783615
129.019196
Control Period
129.388763
131.348999
128.442490
128.851395
128.770996
131.166977
128.660645
128.674072
Control Period
128.786743
128.890213
128.608154
129.799774
128.909637
128.553802
Control Period
128.557602
129.932739
128.291260
132.871841
128.940964
128.837952
129.213959
128.844391
Control Period
134.072861
128.923874
132.273727
129.079132
128.687424
128.816010
128.122314
130.340485
Control Period
130.254654
129.810211
128.877151
128.753922
128.783417
128.862686
129.137283
130.208801
Control Period
134.100616
128.739777
128.574783
128.937988
129.190170
128.943497
128.364868
128.471970
128.060028
Control Period
126.384163
129.012360
128.428802
126.670425
128.526154
126.210373
128.093048
Control Period
133.098602
127.651031
129.273285
128.877670
128.878632
129.193512
128.953217
128.762115
Control Period
128.834946
128.799805
130.186142
132.055130
126.096573
128.908188
129.436523
128.910461
Control Period
129.229797
128.917374
128.259552
128.391296
128.615067
128.439423
Control Period
130.036224
129.193497
129.197083
128.642624
128.673248
128.138687
128.548157
128.649597
Control Period
134.006149
130.806427
129.725021
129.103271
129.068253
133.937714
128.431488
129.299896
130.822464
Control Period
128.433853
126.493530
126.754242
128.613251
128.997955
128.845276
128.355103
Control Period
131.356735
128.878433
129.117279
128.689346
128.917374
128.807327
129.059753
128.655914
Control Period
128.770401
127.986656
128.496323
128.459198
128.882751
126.689957
127.332832
Control Period
129.571716
128.795593
128.811768
129.511719
128.832245
128.950089
130.853668
129.330338
Control Period
129.529053
131.154938
128.521088
129.021332
128.826492
129.192169
129.588898
Control Period
132.564514
128.377014
128.736771
130.851166
128.820618
128.913437
129.109665
128.554474
Control Period
132.649277
128.876450
127.874268
130.791229
130.509094
130.794815
128.884796
129.616989
Control Period
133.999817
130.728516
130.238403
126.980095
126.241951
126.277954
126.774750
130.293762
Control Period
128.873886
128.412674
128.243332
128.008026
130.526917
126.558052
130.293335
128.996857
Control Period
133.999969
130.075485
126.553085
130.771301
128.822540
128.115784
128.793442
129.064575
Control Period
128.644348
128.894531
126.417152
127.759995
129.121536
128.838623
123.991905
128.799561
Control Period
129.762558
129.106842
126.569153
129.170013
129.114273
128.174728
126.801888
128.954178
Control Period
131.978943
130.188156
128.868668
129.026047
129.173462
128.660675
129.192780
128.353058
Control Period
128.658371
128.752960
128.108032
128.750977
128.905472
128.020416
127.608063
129.052002
Control Period
134.114441
128.734558
128.494492
128.845764
128.554367
127.472610
126.883881
131.594452
Control Period
130.777100
126.708572
128.903259
128.432510
126.617157
129.015869
128.617599
126.751160
Control Period
128.901566
128.919647
129.109924
128.776001
126.174271
125.518341
127.616730
Control Period
134.037567
129.160767
129.060455
128.727356
128.579834
130.763168
130.810791
Control Period
129.743713
130.752167
129.053955
128.743515
134.156830
128.814423
128.924576
128.986664
131.307526
Control Period
127.387619
130.686081
126.704994
129.510147
129.237640
128.916351
128.418503
128.925476
Control Period
128.663452
128.296890
129.056885
127.188904
127.008865
127.773117
127.632576
128.777496
Control Period
134.202209
126.590500
127.116516
130.208344
130.734680
128.627518
129.212509
Control Period
128.871750
130.708649
126.493568
129.569183
128.858887
129.000931
129.006592
128.905884
Control Period
128.110474
131.224350
129.557114
129.135620
133.193726
129.179169
128.861786
Control Period
134.042725
128.971680
130.556091
128.729691
128.909698
128.738556
129.191299
130.623779
Control Period
128.600571
128.829468
129.137985
128.927399
128.843903
128.445160
127.932648
Control Period
133.222229
130.126144
129.152222
128.495575
132.806824
128.866943
128.536804
130.873215
128.308578
Control Period
129.128677
128.345474
128.724899
128.701416
128.981857
130.814011
130.491013
Control Period
130.669891
128.244537
128.520447
128.849762
129.034729
128.682755
128.895081
128.813889
128.833496
Control Period
128.371643
128.417755
127.459839
127.620735
127.879395
127.124008
Control Period
131.808929
130.001663
128.792282
128.360352
128.997528
130.906036
128.783844
130.331207
Control Period
133.999359
128.893066
132.035172
128.805573
128.577271
133.782593
128.705276
Control Period
130.595490
129.034302
132.627716
128.719940
134.031525
128.505768
133.241547
Control Period
128.704956
128.912415
128.374786
128.878052
131.456451
129.029510
128.928192
129.006241
Control Period
134.012390
128.810150
130.647675
129.038849
128.513794
128.468704
128.620163
130.782043
Control Period
128.630219
128.833313
131.573883
128.784515
128.762680
130.644806
130.348740
128.428802
Control Period
128.707962
128.763840
129.009476
128.729477
128.734299
128.917480
128.994522
Control Period
133.964203
128.274506
128.754150
128.853210
128.893921
128.829849
131.176193
130.858276
Control Period
129.161469
129.410339
131.249481
130.987976
128.689514
128.731232
128.912476
128.891037
Control Period
128.903015
129.001694
128.278748
129.864410
128.798019
128.944489
128.949249
Control Period
131.051208
130.008575
128.911774
129.075256
131.061661
128.603271
131.682373
Control Period
128.737885
128.847458
129.678146
128.761597
128.989243
128.384796
128.863678
130.559723
Control Period
133.295486
129.170151
129.021240
128.788666
128.667908
130.928070
128.518051
128.607651
Control Period
132.816284
129.090942
128.914047
129.178085
128.813477
128.682556
128.199265
130.533310
Control Period
129.546082
126.955551
126.115295
126.228836
126.696548
131.192154
130.890305
130.654907
Control Period
129.017181
128.291962
128.817688
128.810715
126.542976
126.991455
131.083527
Control Period
129.961212
130.260345
129.014145
128.515900
128.844543
128.393860
128.635803
128.280579
Control Period
134.131042
129.181351
131.199402
130.643265
128.968842
128.839355
128.669052
128.683167
Control Period
133.969986
128.422852
128.537079
129.083710
128.582367
128.923431
128.791229
128.855484
Control Period
133.940765
134.028046
134.039139
133.909470
133.878754
133.777588
133.709152
133.970947
133.991608
133.945343
133.978058
133.861938
133.935486
133.873413
133.980225
133.965378
133.965759
133.915436
134.078094
134.007645
133.889603
134.043106
134.803558
