59.279617
58.518528
58.549824
58.517056
58.617023
58.553154
58.522785
58.531776
58.519009
58.535488
58.553921
58.522179
58.526718
58.600929
58.534592
58.526337
58.573952
58.538944
58.534782
58.533630
58.568417
58.547554
58.508957
58.544350
58.546333
58.559872
58.614304
58.530594
58.539551
Control Period
58.750656
58.716991
58.734688
58.678307
58.713600
58.754883
62.374146
58.767937
62.232292
Control Period
61.705376
59.056190
58.775391
62.244576
61.828064
60.563332
60.847584
Control Period
60.971775
61.810432
63.968960
62.026878
63.830528
62.191330
62.294044
61.059006
Control Period
63.119232
60.785408
63.242142
64.514084
61.060608
63.720894
60.930496
63.380001
Control Period
61.110176
60.795010
62.837570
62.255424
62.425117
64.729218
64.726044
Control Period
62.113693
61.631775
62.045441
61.952644
61.559551
61.593246
61.328770
61.760445
Control Period
62.985535
62.754013
64.694847
64.417633
64.719231
64.738724
60.555424
61.204285
Control Period
61.731041
61.349922
61.633598
61.219490
61.037086
60.677216
60.555168
63.434052
Control Period
64.715271
63.978493
63.081825
61.045982
60.826561
63.173504
61.859390
Control Period
64.720512
63.935040
63.604031
61.261696
61.396545
61.344608
61.157890
61.062622
Control Period
61.985916
61.039261
60.751488
60.774109
62.646812
63.159679
61.153248
61.766113
Control Period
61.673950
64.741920
64.767654
64.785889
64.773567
64.640961
64.147263
64.718979
Control Period
64.759552
62.190620
62.594978
62.031235
62.850975
62.572063
64.758911
64.811424
Control Period
64.801697
64.777374
64.789948
64.734818
64.789185
64.772507
64.774307
61.903713
62.170464
Control Period
64.814087
61.315136
60.889408
64.722046
62.973694
64.721344
Control Period
64.134369
60.995071
64.222778
63.188641
63.301376
60.840576
62.541569
64.673859
Control Period
64.791138
64.137535
61.766239
60.924927
60.790306
62.840225
64.477219
60.850113
Control Period
64.253540
61.817055
63.827583
63.184898
62.525154
60.849918
63.352287
62.773537
Control Period
60.967937
60.593185
60.415234
64.212288
62.952225
62.739071
60.755394
Control Period
60.981758
62.303711
64.702621
60.834435
64.435333
64.320770
62.973888
Control Period
64.755707
61.407902
64.598434
61.681923
61.125984
64.708611
61.079872
62.205280
62.303932
Control Period
62.905151
60.881760
63.391747
64.085091
62.580643
62.054337
61.080574
64.626114
Control Period
60.902367
61.307587
61.630238
61.150146
64.024963
63.725441
64.147713
64.665695
Control Period
62.661827
63.126404
62.832481
63.105698
63.268066
63.539585
64.716095
Control Period
64.780289
60.943298
60.804607
60.908157
62.018333
62.354973
62.161022
62.466370
Control Period
64.878845
64.843002
64.502502
64.429535
64.129181
61.014755
61.081635
64.826241
64.787781
Control Period
64.754211
62.072639
61.464127
61.286942
60.795391
64.515579
64.872833
Control Period
64.854019
61.278275
63.952961
64.790207
64.854561
62.139519
60.822910
64.020447
Control Period
64.592384
64.621475
64.875519
64.926178
63.023422
62.703266
62.736000
62.558083
Control Period
61.017822
60.824287
60.777153
60.827042
64.596313
64.865692
64.855301
Control Period
64.809723
63.655903
60.835678
62.160095
62.871075
64.851974
61.042561
60.654465
Control Period
64.763550
64.270401
62.150597
62.438625
60.660767
63.635006
62.207359
64.776703
Control Period
62.773922
60.723969
64.072449
63.598080
64.852997
64.050980
61.538750
Control Period
61.285217
61.203453
64.742401
64.498688
64.349602
64.682304
64.764130
64.702148
Control Period
64.720734
63.035583
64.230461
64.744385
64.789986
63.697437
63.395523
60.796288
Control Period
64.817505
63.760284
63.426788
64.787582
61.135841
60.352287
60.640896
61.229855
Control Period
64.782593
60.862625
61.206078
61.245377
61.561825
64.781540
63.105312
62.661217
Control Period
64.804161
63.795647
64.007683
63.933632
63.319107
63.270050
63.930176
64.322815
Control Period
64.833885
64.399582
64.824608
60.986050
60.887810
61.212189
64.775772
63.696190
Control Period
60.798111
64.426147
64.467873
64.762016
63.061600
62.781792
62.969891
64.832512
Control Period
64.776512
64.809662
64.827713
64.828156
63.403297
62.712032
62.977695
Control Period
63.829407
62.500931
62.451645
63.177086
63.418274
63.308418
62.891777
63.111740
62.085407
Control Period
63.830048
62.004608
64.736923
63.827553
62.671165
60.963360
64.235199
64.744186
Control Period
60.761024
64.795074
63.875710
62.803619
64.783714
64.136932
61.765282
64.779709
Control Period
64.756699
61.878975
61.295040
60.849728
63.254177
64.773216
63.728958
Control Period
64.767677
64.104736
64.327522
64.124710
63.977089
63.191811
62.311649
62.673088
Control Period
62.898659
63.013023
64.553154
64.585251
62.635330
62.658817
61.859550
Control Period
64.578461
63.258980
61.885155
60.774590
61.048767
60.763393
61.040287
60.844799
62.308159
Control Period
61.659935
61.627457
64.772736
64.872925
61.956993
61.919647
64.816833
Control Period
64.780159
64.705856
64.648575
64.235809
63.879074
63.479359
64.453117
64.771011
Control Period
63.105217
63.361664
64.720383
63.517059
63.943199
63.936131
61.369759
Control Period
61.405212
64.419678
61.812126
60.860001
64.440994
60.995583
64.028610
62.764801
60.766335
Control Period
63.152542
62.213028
64.769089
64.463486
61.235615
61.189598
64.840515
64.846146
Control Period
64.755836
63.425312
60.779457
61.877567
63.921089
60.908447
62.157475
62.229694
61.116226
Control Period
63.866302
64.776512
60.747902
64.825409
62.452606
64.561981
64.889214
60.720383
Control Period
61.251488
62.122498
64.831390
61.516068
64.809601
64.808060
62.057953
Control Period
64.795197
63.905346
64.787331
64.845764
63.157310
63.010239
60.770496
63.787132
Control Period
64.588379
64.194687
64.668900
64.815231
64.806595
64.267136
64.254944
Control Period
63.315071
61.076385
64.760605
61.383423
61.003231
62.214813
61.061821
62.487167
64.842270
Control Period
61.455009
61.779198
61.494431
60.954624
61.516769
64.509979
64.300674
63.947456
Control Period
64.801788
64.812096
63.138275
62.011841
62.651455
60.831902
60.646912
Control Period
60.748611
63.000862
64.428452
60.719681
60.733757
61.290077
61.114594
64.793663
64.785538
Control Period
63.655746
64.776123
64.067780
64.761917
64.876831
61.944160
64.780159
60.947807
Control Period
64.797180
64.800797
61.702335
60.855328
64.808990
63.355171
62.393150
Control Period
64.869476
63.405983
62.866047
61.035904
61.128899
63.403870
64.228897
62.818241
Control Period
64.850815
63.120003
62.967297
62.617439
63.585983
60.673344
61.081635
Control Period
62.779968
60.985886
64.800545
64.778854
64.803360
62.765182
63.539902
62.085888
64.429443
Control Period
63.993889
62.027039
64.857246
64.451485
64.764862
64.852768
62.792450
60.988991
Control Period
64.121086
60.934784
64.960571
64.834335
60.979519
64.890015
60.816803
62.421280
Control Period
64.811111
61.933727
60.867775
64.494881
64.794083
63.224930
61.054276
62.090561
Control Period
62.422752
60.723587
64.924667
64.902908
61.778751
60.979744
60.925186
Control Period
60.967262
61.052929
60.834526
63.508354
64.468414
63.987679
63.763454
Control Period
64.027428
61.873665
62.002274
61.229439
61.078110
61.440063
62.681503
63.874496
64.822266
Control Period
61.024258
60.989632
64.818367
63.673149
63.372993
63.199905
Control Period
63.154404
60.268799
62.406143
64.840126
62.111488
61.001663
64.311394
61.138786
Control Period
62.606529
60.536160
64.468964
62.557892
61.847809
61.694237
64.866432
64.509727
Control Period
62.596062
63.937248
64.837830
63.382111
62.988449
62.705986
60.715683
61.731293
Control Period
64.819580
60.780830
61.376545
64.844604
64.865891
64.879303
64.862144
Control Period
64.295044
63.483135
63.710754
64.877251
64.822693
64.844955
62.013950
Control Period
62.442177
62.283329
60.886017
63.783840
63.488510
60.941826
62.540512
64.834564
Control Period
64.835999
62.532639
63.240833
64.814011
64.261024
63.973282
60.976288
64.819839
64.785828
Control Period
61.658974
64.376801
63.238434
60.997055
60.811199
62.445984
62.154816
64.432190
Control Period
63.348450
64.783325
61.539139
61.031967
64.125313
61.745857
Control Period
64.771523
62.590782
63.066559
64.302849
64.831772
60.965790
62.482368
61.214081
Control Period
61.783871
62.167519
64.786560
64.748672
64.863495
61.614017
61.947678
61.058655
Control Period
60.843010
64.899200
64.888092
62.085472
61.753601
61.255074
60.530304
64.882973
64.584732
Control Period
64.823906
62.349731
63.093121
60.769985
64.880997
64.804382
63.077538
60.817314
Control Period
64.863617
61.743935
64.437248
62.899426
60.787842
64.865601
62.694077
60.998558
Control Period
60.771362
62.174366
64.819962
64.896484
62.837280
61.120129
62.039295
64.218369
Control Period
64.827652
62.900833
62.980545
64.901474
64.901566
64.908478
64.833984
64.908478
61.672707
Control Period
63.935295
64.899582
60.906017
61.935455
62.816673
64.781792
61.112610
Control Period
64.784286
60.576355
61.042496
64.255356
64.416801
64.859779
63.558784
63.346878
Control Period
64.836670
64.838333
64.789124
64.801987
61.535233
61.537663
60.972736
64.601761
Control Period
64.776703
64.786652
64.823578
64.867233
60.859745
64.837120
64.834755
64.802879
64.763458
62.267967
Control Period
63.961090
64.779678
64.256897
64.789345
61.135967
64.456924
60.768257
64.861343
62.641052
Control Period
64.910690
64.867783
61.004478
64.818626
61.532639
64.823227
64.853287
60.881699
64.903229
Control Period
63.711746
64.842148
61.680481
64.895493
60.969536
64.844666
60.885792
Control Period
64.815712
62.125889
64.773788
64.831360
62.917633
64.849274
64.836510
62.776161
61.061821
Control Period
61.716415
60.712864
63.282814
62.370049
61.081154
62.868286
64.794945
64.775581
Control Period
61.964672
60.896385
64.805954
64.801407
61.045731
63.707138
64.876030
Control Period
64.822205
62.804832
62.514305
63.597057
64.347717
64.404579
60.757858
60.712227
60.863487
Control Period
60.942719
62.409119
62.598145
64.841408
64.854462
64.904999
62.146942
62.630112
Control Period
64.821533
64.558525
61.367485
62.934464
64.888260
64.855911
62.177567
62.548035
Control Period
64.853027
63.669983
61.580990
61.068352
62.682724
63.086975
60.787582
60.740257
64.455330
Control Period
62.979843
60.814529
61.964031
64.171516
60.781921
64.789696
60.911873
64.807770
Control Period
61.876289
64.178299
64.833183
60.804352
64.756798
64.821793
60.710400
Control Period
64.831261
60.846558
62.542244
64.762787
60.906494
62.687969
64.772446
61.133984
61.833984
Control Period
64.116318
64.499878
61.477150
61.846275
60.977730
61.511650
60.777405
Control Period
60.999554
63.395454
63.488800
63.151649
64.418655
61.102402
61.244576
Control Period
61.477760
60.970432
61.248959
61.071678
60.838272
63.568253
63.601662
60.793121
61.212448
Control Period
63.520096
64.766975
64.766434
62.459583
62.430431
62.754082
61.251778
60.994781
Control Period
60.802017
63.250687
63.468510
64.867966
64.040062
64.035133
60.795074
61.078144
Control Period
64.788513
64.816353
64.876831
64.793915
62.775200
62.586403
62.832256
Control Period
64.683327
64.600029
64.603203
64.638237
65.577728
64.806915
