80
71.3202
75.2004
79.8688
81.1458
81.1949
81.1758
81.0392
80.9911
81.0861
80.3028
80.1874
80.4976
80.9583
81.0839
81.4386
80.4381
81.5398
81.6389
81.608
80.9514
80.9129
80.6428
80.5259
81.8483
80.6212
80.4642
80.9858
81.114
81.3437
80.9256
80.8601
80.9084
81.446
81.4428
80.796
80.6942
81.0287
81.0509
81.4777
81.4091
80.805
80.6951
80.8796
80.8257
80.8865
80.6987
80.5162
80.4586
80.896
80.9171
80.7477
81.2607
81.3411
80.5688
80.5679
80.5455
80.7385
80.799
80.7335
80.6068
80.8219
81.2242
81.589
80.5083
80.4716
81.216
81.0444
81.376
81.1802
81.4534
80.9441
80.7283
81.2679
81.2255
81.5869
81.5418
80.8135
80.3165
80.5508
81.2704
80.8732
81.1042
81.6154
81.4672
80.6985
81.6116
81.3226
81.2615
80.53
80.8041
80.8396
80.6525
80.6532
80.5442
80.6611
80.0492
81.0494
81.6514
80.9977
80.8051
80.8729
81.0362
81.3189
81.018
80.9269
81.0431
81.0927
79.3245
80.6036
81.9733
82.0091
81.2716
81.1254
0
