56.6388
55.909
55.9799
56.7511
56.7891
56.7694
56.6203
56.7215
56.5982
56.2792
56.743
56.5729
56.6951
56.826
57.1909
56.3654
56.8373
57.0355
56.6591
56.4899
56.6653
56.7235
56.1433
56.861
56.5114
56.6088
56.8379
57.0802
56.5133
56.6006
56.499
56.7439
56.6311
56.7519
56.6752
56.8239
56.7618
56.7845
56.6521
56.8465
57.0481
56.2679
56.7935
56.9497
56.4569
56.3781
56.9573
55.7961
56.5383
56.8031
56.6472
56.1302
57.0299
56.4946
56.6145
56.3284
56.6626
56.4382
56.5991
56.4617
56.6068
56.7296
56.7085
56.9451
56.53
57.0031
56.371
56.9091
56.4724
56.7851
56.6721
56.6774
56.9077
56.7092
56.5709
56.6924
57.1149
56.8198
56.6715
56.696
56.5787
56.8601
56.6006
56.9164
56.8981
56.7556
56.9655
56.8511
56.6533
56.6267
56.5963
56.5274
56.4109
56.6356
56.6745
56.4451
56.668
56.3673
56.6344
56.6143
56.6925
56.6782
56.8284
56.5642
56.6544
56.5756
56.6122
56.7804
56.5514
57.4014
56.6158
56.8463
56.5132
57.0199
0
