0.723871
0.753598
0.7154
0.689605
0.704123
0.697745
0.699873
0.703695
0.706641
0.694472
0.702555
0.6991
0.694578
0.69245
0.693017
0.71254
0.696459
0.699341
0.69887
0.704935
0.707639
0.690858
0.710652
0.692236
0.705541
0.696439
0.692097
0.69877
0.710465
0.697106
0.706785
0.698892
0.69682
0.698768
0.705333
0.698321
0.697707
0.698183
0.699805
0.702561
0.69797
0.705778
0.701283
0.693507
0.702672
0.704962
0.6927
0.714445
0.691425
0.69077
0.708602
0.710858
0.679704
0.707988
0.704503
0.703395
0.696981
0.695754
0.692588
0.704803
0.704846
0.700943
0.690453
0.706196
0.699094
0.696951
0.705226
0.694322
0.70412
0.69619
0.699494
0.697497
0.697346
0.704971
0.695472
0.706898
0.700248
0.697392
0.702236
0.699148
0.702842
0.701635
0.69659
0.700787
0.700469
0.700906
0.701245
0.693618
0.699716
0.702938
0.697753
0.699062
0.701505
0.698733
0.705353
0.704893
0.6922
0.703914
0.700155
0.700825
0.702516
0.695233
0.700117
0.695089
0.695408
0.699783
0.702633
0.704558
0.700077
0.681436
0.707187
0.714116
0.70234
0.700967
0
