918
918
918
986.763
998.388
986.264
982.462
982.011
981.703
981.352
981.672
980.328
982.903
987.336
988.004
986.919
987.029
987.298
990.413
985.808
984.785
981.73
982.325
982.611
985.178
983.989
977.485
981.329
983.665
983.244
984.918
981.422
982.235
981.724
982.319
978.293
976.566
979.117
981.662
981.039
981.305
977.579
976.822
981.715
980.549
981.243
983.893
982.629
982.393
986.892
983.524
981.734
982.758
984.054
977.608
977.992
980.741
982.205
981.904
982.362
981.38
982.136
982.724
982.724
982.357
980.408
976.702
983.593
985.04
984.046
982.085
980.821
978.973
976.665
978.122
979.833
978.512
977.626
973.011
970.527
976.169
981.541
982.836
979.586
980.443
980.401
975.446
975.1
979.942
974.957
976.008
975.958
979.843
979.532
979.492
980.476
980.165
982.17
983.281
987.708
984.547
977.608
978.947
979.809
980.174
979.411
978.01
977.825
978.111
976.754
975.594
988.818
986.223
982.636
977.226
978.928
977.481
979.555
