117.842941
117.314941
117.320190
117.318268
117.293884
117.304092
117.283707
117.316994
117.332512
117.284767
117.305923
117.346268
117.319077
117.356445
117.348991
117.309158
117.339294
117.354599
117.337372
117.321030
117.301346
117.313347
117.311234
117.318588
117.341019
117.341438
117.333153
117.304192
117.304794
Control Period
117.298111
109.934113
109.710625
110.059418
109.681374
109.454971
109.432800
108.837402
109.766205
Control Period
109.704704
109.726463
109.658401
107.308510
107.660645
105.845947
109.355583
109.615776
105.972412
Control Period
109.272514
109.705086
109.504799
109.517792
109.780960
109.864868
109.490082
109.607903
109.671555
Control Period
110.254494
109.548645
109.473602
109.430016
109.921089
109.101601
109.309601
109.857925
109.358528
Control Period
109.656067
110.077988
109.461342
109.539642
109.339996
111.418243
109.480026
109.651642
111.992767
Control Period
109.774078
110.045700
111.578140
109.586975
109.671204
109.654877
111.207260
109.716225
109.535713
Control Period
109.716896
109.599167
112.777504
109.224190
109.651550
109.584961
109.756157
109.842560
111.010239
Control Period
109.257797
108.765884
110.594650
109.486374
109.862335
109.689987
109.535133
111.331772
110.061378
Control Period
110.636902
112.189537
111.094910
109.725151
112.120636
110.404099
109.581467
111.796219
110.895554
Control Period
112.901947
109.636795
110.146942
109.528580
109.835098
109.660355
109.513054
109.548706
109.223808
109.517632
Control Period
109.503937
109.510178
109.760094
109.885086
108.162430
109.667236
109.403107
109.584763
105.792862
Control Period
109.380219
109.738686
109.524353
109.154686
110.060257
108.366333
109.732224
109.574234
109.781540
Control Period
111.674820
109.805603
109.447006
109.592224
109.405380
108.971909
110.052353
110.164673
109.736961
Control Period
109.489182
109.441826
109.416061
109.767136
109.671776
109.483070
105.880966
109.442780
109.804253
109.770493
Control Period
109.471588
110.033150
109.453247
109.534050
109.202782
109.843422
109.757187
109.218719
109.591553
Control Period
109.780861
109.508987
109.474335
109.296539
108.173340
107.327873
109.554176
109.541405
108.958618
106.465919
Control Period
109.899231
109.208420
109.322235
109.876740
109.554848
109.702148
109.582848
110.028992
109.878082
Control Period
113.384003
109.114815
109.267235
109.163452
111.825890
109.603683
109.646652
109.506500
109.731995
Control Period
110.112930
112.999619
109.487617
109.498337
109.487137
112.969788
109.663391
110.040993
109.519653
109.835327
Control Period
109.630020
113.060898
109.935043
109.517731
109.457375
109.750214
109.629379
109.736572
109.413246
Control Period
109.557892
112.956772
109.469254
109.605728
109.561600
112.150467
110.022079
109.277695
110.837372
Control Period
113.661758
109.645798
109.535141
109.896126
109.488419
109.453568
109.640228
109.693283
109.871391
Control Period
109.935333
109.623779
109.965057
109.790115
109.486465
109.817276
109.669090
109.549408
109.323044
Control Period
111.801086
111.567200
111.350334
111.445343
110.923645
112.277756
111.048126
109.567749
109.264359
Control Period
111.707840
112.385857
109.527489
109.544540
109.634529
111.149918
109.885498
112.009949
109.551170
Control Period
113.030716
109.483109
109.595779
109.545212
109.729797
109.911865
109.474304
111.534470
109.648415
Control Period
111.735168
110.287872
110.952606
109.279205
109.675034
109.858589
109.621758
109.516258
109.418335
Control Period
109.774078
109.909637
109.353470
109.828995
109.635620
109.229477
109.709946
109.265594
109.466530
Control Period
113.019135
109.419807
110.899780
109.572639
109.736481
109.423813
112.432037
109.805504
109.552383
Control Period
111.303909
109.682465
109.861572
112.434433
109.662178
109.972733
109.707039
109.612381
109.598694
Control Period
110.571228
109.566528
109.653625
109.627289
112.578949
109.573471
109.237823
109.690559
109.677055
Control Period
110.299484
109.663773
109.601120
112.066650
109.501663
110.048256
110.143425
109.674049
109.419777
Control Period
112.495193
109.901405
112.491516
110.376129
113.201408
109.536385
109.436035
109.831589
109.784927
Control Period
112.506081
110.674210
109.319679
109.845825
109.416542
111.878975
111.389694
111.344986
112.120667
Control Period
109.216003
109.605629
109.581886
109.716064
111.234978
111.662880
109.541954
110.513123
109.929085
Control Period
111.014946
109.657600
112.075684
109.863968
109.594269
109.714310
112.180130
109.129852
109.761505
Control Period
110.290588
109.421600
113.045120
110.232254
109.752548
109.745888
109.487167
109.368866
109.537888
Control Period
109.874557
109.478912
113.502785
109.945282
109.710052
113.393219
109.453369
109.607941
Control Period
112.251137
111.317635
112.406563
109.633148
109.817337
109.769951
109.823296
109.711487
110.183487
Control Period
109.859482
109.705376
109.596672
111.261505
111.866402
111.340454
109.602722
109.867554
109.536545
112.010406
Control Period
110.178719
109.876038
113.216003
109.628387
110.099167
109.475937
111.785408
109.537537
109.610336
Control Period
109.839493
109.111649
109.479935
109.582207
108.830750
112.347710
109.856445
109.506561
113.020294
Control Period
109.612289
110.017029
109.838783
110.890717
111.338913
109.357697
109.654495
109.892097
110.311424
Control Period
109.946045
109.791229
113.131683
109.307777
109.675323
109.670364
109.536636
109.866394
110.083878
Control Period
109.829887
111.179642
109.625092
110.101250
109.550911
110.053795
111.571426
109.905762
Control Period
109.719872
109.384506
109.470139
109.972580
109.668831
109.844833
109.754364
110.757309
109.903648
109.674530
Control Period
109.848511
110.157150
109.700699
109.624352
110.048859
109.746597
109.417633
109.482620
109.423134
Control Period
110.022110
109.718208
111.659653
109.657959
109.515808
109.484703
109.798981
109.835709
109.487228
Control Period
110.289986
112.744965
109.588669
109.617310
109.311325
111.951462
109.459869
109.666496
111.236282
Control Period
109.806915
109.891739
110.058853
109.803558
109.615807
109.827042
109.345276
109.789024
109.707069
Control Period
110.068741
109.488991
109.853409
109.946045
109.750366
109.556320
111.281570
109.624451
109.940826
Control Period
110.652931
111.578659
110.708191
111.428925
110.746750
111.625504
111.508377
110.096603
113.182144
Control Period
110.752060
113.109024
110.548737
112.563644
109.653954
112.849342
109.700195
108.953056
109.514687
Control Period
109.500229
109.429985
109.506783
109.996796
109.690842
111.350914
109.835526
112.997246
110.362717
Control Period
109.635582
109.824707
108.980896
110.850945
109.706337
109.671906
109.829826
110.774658
109.854401
Control Period
109.667168
112.138046
109.608383
109.323235
111.399643
109.624832
109.609024
109.670494
110.472122
Control Period
113.738464
108.975204
109.608864
110.019623
109.745789
109.551041
111.968445
109.326843
109.713631
Control Period
113.534241
112.639618
109.754494
109.694595
109.705826
113.094757
109.892258
109.935104
109.603485
113.575836
Control Period
109.456993
112.960670
109.132317
109.785187
109.824036
109.794052
109.738754
109.396378
110.023834
Control Period
109.593857
113.213470
109.984451
109.800415
109.793762
109.728485
109.468002
109.460541
109.530144
Control Period
109.572998
111.350693
109.731644
109.472992
109.421082
109.520828
109.465668
109.358047
109.665085
Control Period
110.688965
112.395813
109.431618
111.895103
110.604706
109.928284
112.207642
111.011520
Control Period
109.885788
109.909851
111.985184
111.513626
109.897858
109.483360
109.472351
109.696098
109.903137
111.672195
Control Period
109.826981
109.849442
111.224930
109.814751
109.761345
109.443008
109.384575
109.488258
109.792290
Control Period
109.647430
109.593315
109.905823
109.447998
109.536987
109.803040
110.008606
109.805313
109.672577
Control Period
110.106461
109.566940
109.707550
109.982819
109.475395
109.225662
109.600288
109.845154
109.352798
Control Period
109.828476
109.816444
109.601120
109.763229
109.346077
110.268959
109.665924
112.645721
109.715904
Control Period
109.564194
109.202942
111.000031
109.717346
111.168671
112.730110
110.032127
109.946144
Control Period
112.144226
108.967102
109.998497
110.729950
111.274597
109.674500
109.608612
109.771202
112.399582
Control Period
111.050140
109.684326
109.586975
111.705383
111.698433
110.016418
112.811615
109.945374
112.720512
Control Period
109.449120
109.462753
109.928284
112.800262
110.145798
112.773758
110.185883
112.261726
110.026527
Control Period
113.332863
109.864227
109.640671
112.679649
110.191231
113.270081
109.641502
109.815392
Control Period
109.571716
109.690079
109.894821
109.520294
110.956383
111.634308
112.139137
110.735008
112.494461
Control Period
110.688606
111.967712
111.160965
111.913536
111.174561
111.739075
110.422462
112.024902
Control Period
112.180702
110.739716
112.888481
112.844162
109.831070
110.331810
109.781601
112.662399
109.725822
Control Period
109.835297
109.767746
110.207039
111.143967
111.545570
111.457382
111.911232
111.897026
112.432220
Control Period
112.336128
109.405022
109.620384
109.711395
111.193024
112.508804
109.691803
109.579651
112.413116
Control Period
110.879425
111.743263
109.745056
109.555649
109.854622
111.958374
109.405823
109.623291
109.429535
Control Period
113.544571
109.197189
109.499100
109.438522
109.849251
110.018402
109.581406
109.721436
Control Period
109.441315
109.633469
110.189919
111.322624
113.274139
110.211266
109.797600
109.862534
109.616699
Control Period
109.415359
109.618881
110.444229
110.109726
109.432770
109.249725
109.526527
109.828835
109.559555
109.596992
Control Period
109.711395
109.802399
109.501823
113.157280
109.295135
110.058174
112.489761
109.458595
Control Period
110.169853
109.506432
113.020256
110.083710
109.543045
109.116608
110.091492
112.655334
109.565918
Control Period
113.358948
110.155327
111.356735
111.517281
109.630653
111.567932
110.703430
109.743683
Control Period
109.698883
109.470978
110.369186
109.521179
109.436478
109.168060
108.806114
109.421280
113.059616
Control Period
112.319138
109.419456
110.705826
110.805634
112.111069
109.306686
109.683456
110.772415
109.424484
Control Period
112.121475
111.372993
112.204643
109.405281
109.767937
109.565407
110.510109
112.783966
Control Period
113.094818
112.972031
110.840256
112.051102
110.894363
109.618469
109.794914
109.520035
112.689117
Control Period
112.798340
111.098846
110.697632
109.865189
109.296860
109.746948
110.101089
109.547295
111.270462
Control Period
111.375748
111.875328
111.209213
109.560867
109.422394
109.651260
111.859451
111.643456
109.732414
Control Period
112.375397
110.256607
113.072357
109.708061
109.844894
109.664764
109.718430
113.159584
109.918175
Control Period
113.260033
109.367584
112.955040
109.478783
110.252640
112.344193
109.778625
111.021599
109.923462
Control Period
109.548676
111.658661
110.408287
109.470276
113.169632
110.003174
109.847229
109.651840
109.911072
110.362526
Control Period
109.822495
111.505569
109.580322
109.518082
109.765411
109.523903
108.923294
111.150269
109.752060
Control Period
109.715294
109.754501
113.379456
109.217056
109.743164
109.527809
109.802238
109.732605
109.630882
Control Period
109.636032
109.454529
110.019333
109.676956
109.546112
109.545601
109.566940
109.295105
109.343903
Control Period
113.049179
109.603584
109.450783
109.070236
109.631073
109.580704
109.513153
109.988419
109.806435
Control Period
112.468094
109.578812
111.500641
109.618301
112.071648
109.684860
112.299294
109.661758
111.659393
Control Period
111.577316
109.660675
109.447998
109.445251
112.727455
110.592575
109.528580
109.332092
Control Period
109.716827
109.083809
109.569664
112.790848
109.718918
109.622559
109.643997
110.710495
109.813858
Control Period
109.198212
109.810211
109.611069
112.699776
109.429245
109.611618
112.528931
110.303238
109.829216
Control Period
113.115555
109.724609
109.623611
113.260635
110.203102
109.718491
109.350906
109.789276
109.552994
Control Period
113.214592
109.695778
112.503998
109.648254
112.708130
109.813828
113.191582
109.619644
109.743744
Control Period
112.147041
111.182556
111.804672
111.989319
110.828705
112.686974
109.981598
113.219009
109.543747
Control Period
113.275299
110.147614
112.883743
109.503876
113.286179
109.500481
111.885025
109.275940
Control Period
113.081665
109.555168
110.343491
113.423714
109.378525
112.995621
110.804733
111.600510
111.581604
Control Period
112.187935
113.073441
110.072159
109.741440
109.981277
109.640640
109.383453
113.343430
109.764992
109.469887
Control Period
112.919876
109.500961
106.332161
109.909348
108.972099
109.565887
109.595200
109.496384
108.851746
Control Period
109.283745
109.476730
109.877182
109.733505
109.928802
109.385895
109.396545
109.544289
109.456573
Control Period
113.000412
109.529953
109.744125
112.716797
109.712799
109.804642
109.971069
109.794914
112.108894
Control Period
111.696930
110.930618
109.621346
109.904320
109.380898
109.730591
109.601410
110.067360
109.643997
Control Period
110.654594
112.564774
110.839035
112.314049
109.707550
109.533569
109.840607
110.963196
Control Period
111.363205
109.580643
109.776352
109.483040
109.504257
109.495041
109.884415
109.696739
109.527267
112.514877
Control Period
105.812096
105.778557
105.776482
105.811554
105.859558
105.817337
105.800323
105.812286
105.751846
105.793053
105.817627
Control Period
105.812866
117.299683
117.305664
117.316605
117.272224
117.297699
117.280479
117.293915
117.315842
117.305634
117.321945
117.340988
