5671.72
6139.29
6045.56
5686.74
5342.3
5502.78
5500.11
5528.81
5521.52
5595.3
5483.59
5378.93
5538.41
5596.37
5558.22
5519.67
5432.48
5427.81
5454.67
5531.04
5627.93
5431.63
5478.22
5392.93
5488.48
5581.08
5463.81
5562.63
5556.89
5468.26
5576.22
5523.81
5394.81
5481.67
5523.3
5421.15
5560.78
5519.26
5452.81
5490.63
5517.75
5519.73
5505.3
5417.89
5483.63
5519.67
5485.11
5658.11
5427.33
5485.52
5493.59
5515.96
5506.04
5492.52
5558.33
5392.59
5462.67
5525.59
5527.07
5562.67
5484.85
5462.85
5486.96
5501.18
5533.67
5526.26
5471.31
5449.22
5571.21
5514.07
5493.19
5448.43
5513.89
5514.44
5487
5492.11
5486.22
5488.74
5562.22
5379
5533.96
5514.81
5606.04
5460.89
5481.44
5405.62
5540.43
5491.7
5521.19
5644.46
5503.96
5440.44
5460.15
5463.89
5481.11
5520.85
5566.3
5472
5377.15
5560.44
5699.44
5459.71
5419.04
5496.59
5640.85
5436.7
5430.48
5475.59
5488.79
5478.65
5477.25
5519.92
5566.56
5491.45
