0.708771
0.73314
0.777673
0.804316
0.810452
0.802117
0.806016
0.804331
0.798597
0.803662
0.818659
0.80514
0.80239
0.805943
0.811639
0.810668
0.807565
0.815971
0.803247
0.806096
0.804078
0.810164
0.807473
0.806776
0.800216
0.804083
0.806497
0.800226
0.816064
0.812645
0.813016
0.816059
0.813837
0.809145
0.804558
0.809166
0.805466
0.806133
0.810755
0.800101
0.808426
0.801777
0.811799
0.805119
0.805822
0.805337
0.805855
0.806217
0.81498
0.80351
0.811281
0.804221
0.80611
0.809017
0.803764
0.814558
0.806136
0.805002
0.807303
0.804281
0.807319
0.809123
0.80985
0.808305
0.804911
0.809267
0.810398
0.810824
0.805603
0.807353
0.808368
0.806637
0.803572
0.804323
0.803554
0.799538
0.805562
0.799557
0.808382
0.811899
0.803917
0.80809
0.807018
0.80128
0.809775
0.806424
0.800129
0.802462
0.8058
0.803853
0.811277
0.810836
0.819883
0.807524
0.812537
0.802845
0.808228
0.806697
0.811882
0.799748
0.803426
0.819393
0.817794
0.810555
0.811354
0.808595
0.814422
0.808829
0.80761
0.808612
0.806449
0.803399
0.803947
0.809409
