5719.16
5713.17
5176.73
4805.59
4779.07
4722.55
4557.23
4590.28
4691.28
4532.4
4482.24
4540.17
4586.73
4485.97
4492.86
4525.37
4476.52
4373.4
4490.07
4567.21
4513.52
4387.97
4498.45
4586.03
4508.97
4550.21
4572.14
4483.31
4399.2
4484.69
4629.28
4481.86
4482.03
4488.79
4475.07
4449.1
4373.41
4637.62
4512.4
4504.47
4488.69
4502.41
4561.7
4464.97
4453.14
4420.3
4480.59
4658.72
4468.34
4526.38
4573.97
4466.1
4486.14
4476.55
4482.3
4434.66
4470.97
4511.17
4505.37
4607.59
4403.34
4470.72
4523.1
4464.21
4536.93
4567.17
4529.38
4468.03
4401.9
4504.47
4607.1
4491.23
4607.86
4475.37
4545.52
4458.79
4504.23
4541.69
4479.03
4398.8
4377.03
4501.77
4530.21
4494.24
4435.62
4393.48
4611.2
4532.52
4449.27
4464.24
4576.93
4524.17
4511.86
4509
4568.28
4501.83
4483.34
4533.07
4560.97
4407.34
4461.41
4462.79
4502.73
4553.9
4493.93
4496.79
4377.14
4470.23
4524.34
4583.72
4491.23
4437.21
4558.86
4580.04
