113.437
127.044
136.069
142.484
145.176
146.432
148.885
150.059
150.702
152.896
154.758
153.057
151.039
155.368
153.02
154.915
153.871
153.01
153.754
153.524
152.422
154.757
150.978
151.614
151.392
150.935
153.291
154.541
154.999
151.468
152.686
154.311
155.071
154.073
154.831
152.334
153.324
152.352
156.142
151.443
156.231
152.607
155.465
154.592
153.382
151.797
153.011
151.042
153.598
151.425
156.104
154.765
153.186
154.32
152.594
152.236
154.237
153.093
152.989
152.878
153.816
153.004
153.047
152.956
151.749
153.753
151.232
154.225
151.697
152.279
152.587
154.086
153.935
155.747
154.824
154.953
154.618
154.943
156.012
154.735
153.593
151.678
151.998
153.269
152.379
152.979
150.663
151.415
153.044
152.192
150.764
152.479
152.803
152.81
151.875
150.69
156.218
152.612
155.244
154.725
151.868
152.945
153.108
153.375
152.805
153.594
153.824
151.434
152.297
151.159
152.959
152.455
150.66
152.879
