-1219.16
-1213.17
-676.733
-305.586
-279.067
-222.552
-57.2334
-90.2759
-191.276
-32.3999
17.7588
-40.1724
-86.7334
14.0347
7.1377
-25.3667
23.4829
126.6
9.93115
-67.207
-13.5171
112.035
1.55176
-86.0347
-8.9668
-50.207
-72.1377
16.6895
100.8
15.3105
-129.276
18.1377
17.9668
11.207
24.9312
50.8999
126.586
-137.621
-12.3999
-4.4668
11.3105
-2.41357
-61.7002
35.0347
46.8623
79.7002
19.4136
-158.724
31.6553
-26.3794
-73.9653
33.8999
13.8623
23.4482
17.7002
65.3447
29.0347
-11.1665
-5.3667
-107.586
96.6553
29.2759
-23.1001
35.793
-36.9312
-67.1724
-29.3794
31.9653
98.1035
-4.4668
-107.104
8.7666
-107.862
24.6333
-45.5171
41.207
-4.2334
-41.6895
20.9653
101.2
122.965
-1.7666
-30.207
5.75879
64.3794
106.517
-111.2
-32.5171
50.7334
35.7588
-76.9312
-24.1665
-11.8623
-9
-68.2759
-1.8335
16.6553
-33.0669
-60.9668
92.6553
38.5864
37.207
-2.7334
-53.8965
6.06689
3.20703
122.862
29.7666
-24.3447
-83.7241
8.7666
62.793
-58.8623
-80.0356
