117.826202
117.314651
117.317345
117.325989
117.343430
117.324257
117.325699
117.322693
117.334534
117.325409
117.305183
117.348061
117.298172
117.299232
117.324066
117.317596
117.359520
117.367615
117.350304
117.346657
117.337341
117.334106
117.341629
117.320602
117.355331
117.337090
117.341507
117.322044
117.329407
Control Period
127.062622
124.219330
128.785919
129.124573
127.615005
128.565659
124.735748
126.241920
Control Period
129.736938
138.322021
137.009979
138.347961
134.075226
138.644379
134.122650
138.289032
Control Period
142.062592
143.525986
140.902649
145.261414
141.678589
142.011230
141.942749
Control Period
146.156387
146.193405
145.357849
143.189178
146.173126
143.064896
146.099808
Control Period
145.866852
146.108490
148.695831
146.065338
145.459625
146.394165
145.154510
Control Period
150.694580
146.146179
150.709702
150.683395
150.715134
150.693985
146.283493
Control Period
150.693375
150.711700
146.150620
150.714462
150.692200
150.738556
150.712357
Control Period
150.669693
150.701889
150.708069
150.709625
150.721497
Control Period
156.226303
150.710999
150.692932
156.048447
155.247070
150.652771
150.690918
Control Period
156.000381
156.213409
156.517426
151.244232
150.709961
156.414398
156.206299
Control Period
156.176544
155.920929
150.689789
150.670502
154.152191
150.731995
Control Period
150.717163
150.682648
150.680511
150.679077
150.687653
152.784790
Control Period
162.256134
158.561859
150.752167
156.235107
155.927841
150.748993
155.347351
Control Period
152.098175
152.426559
156.517670
155.267517
150.752228
151.056702
Control Period
158.556992
156.268829
156.260284
150.726044
156.294434
151.384415
Control Period
150.664886
156.834335
155.918854
150.722107
156.011810
156.230270
150.714813
Control Period
156.045380
150.738037
150.714432
156.119492
150.709274
150.713791
156.032074
Control Period
161.756317
155.371155
150.733917
152.353699
156.412735
150.719940
150.684097
Control Period
150.674271
156.193024
156.379166
150.689575
150.681580
156.524033
Control Period
150.708923
150.746719
150.727875
151.033249
154.825836
156.489182
Control Period
161.410950
157.480957
156.363861
150.713196
150.731445
150.693726
155.980133
156.093597
Control Period
151.973755
150.687134
150.681702
150.701813
150.723785
151.101562
Control Period
150.673401
150.683014
156.176727
150.729065
150.726868
150.693512
150.704010
Control Period
150.665115
150.714172
156.166687
150.699936
150.731293
150.725281
150.727554
Control Period
150.750244
152.024200
150.700409
150.711548
150.697540
150.728210
Control Period
156.320312
156.111359
155.106598
150.717026
150.720947
150.770279
Control Period
153.191833
155.907135
154.886566
156.413498
156.151138
150.693283
Control Period
158.421875
155.967651
152.745285
156.389114
150.700958
154.638611
156.127289
Control Period
152.025955
153.689209
151.714661
150.706116
150.702454
150.734970
150.700226
Control Period
150.731293
156.486267
154.747391
150.724426
150.741943
150.735107
Control Period
155.940796
155.531036
154.960892
156.585342
150.718369
155.708862
Control Period
160.225067
152.214691
155.873917
156.107071
150.698792
154.324707
156.281067
Control Period
153.803421
156.428223
156.445572
150.675934
150.704987
156.381821
Control Period
161.760574
154.567642
150.712158
153.235321
155.843079
156.561462
152.895721
Control Period
150.677460
150.707428
156.253571
156.617188
150.683624
150.701050
150.696167
Control Period
150.732224
152.353973
151.040985
150.718475
156.170654
156.318481
155.931458
Control Period
155.314789
150.692383
156.011719
150.683960
150.715652
150.696503
Control Period
156.277573
155.880341
156.145950
156.236969
156.232452
156.081573
156.026978
Control Period
150.637726
150.673767
150.637604
150.718750
150.707550
150.701630
Control Period
156.173340
156.241241
156.686890
155.846375
156.212509
156.253891
156.201187
Control Period
150.680832
150.632385
152.769791
155.061218
151.150467
155.347290
Control Period
156.044540
151.565063
156.290115
156.227295
156.046753
156.617157
Control Period
156.121185
150.690582
156.086823
155.604156
150.699936
156.499573
156.442398
Control Period
161.042877
155.977249
152.225403
150.692825
150.710358
150.687317
153.482727
Control Period
150.750427
150.720444
155.890472
151.381592
150.690399
150.697723
150.764862
Control Period
150.742783
154.295044
150.739975
155.782104
150.747833
155.760742
Control Period
152.586014
150.763870
150.706360
150.721100
150.756256
150.716797
Control Period
156.121002
151.996735
150.724731
150.747406
156.101730
155.894012
155.757141
Control Period
150.753143
150.715714
150.708710
150.668518
150.665802
150.708099
Control Period
155.864197
156.471390
156.238617
155.786621
156.131683
156.128876
Control Period
157.749146
151.411224
156.222870
155.810944
153.567169
156.352234
152.238464
Control Period
151.306793
153.727753
150.689758
156.030457
156.678818
150.683716
Control Period
154.424286
150.708481
156.273788
156.153473
156.377792
151.981506
Control Period
151.708313
156.208313
150.768387
156.220276
151.825439
150.709305
150.716339
Control Period
155.914581
150.714813
150.692932
150.735352
150.736298
150.740845
156.118683
Control Period
161.153183
157.103561
150.725403
150.705475
150.726562
156.159042
156.186081
Control Period
150.722137
156.522781
150.719086
150.701141
156.093658
150.708130
Control Period
156.222107
150.686432
150.708801
155.921692
150.724121
150.748596
155.909271
Control Period
156.104218
150.689346
156.166779
150.688904
150.741959
150.714020
Control Period
155.126251
151.846207
150.682037
156.196259
156.394135
155.755005
150.705750
Control Period
150.690079
150.740204
155.962280
155.969727
150.692963
156.266754
Control Period
156.476959
150.710785
150.690186
156.000763
150.731842
150.717438
156.001114
Control Period
150.690887
155.765884
152.341339
154.486359
156.013397
150.696472
150.700226
Control Period
150.684052
150.706528
150.699036
156.490631
150.700958
151.210022
150.716553
Control Period
150.697113
156.358917
156.085938
156.816925
154.856262
150.739685
Control Period
150.734680
150.749298
150.744293
150.719589
151.297668
153.148102
Control Period
150.739136
150.746490
155.178848
156.367371
156.060883
156.259705
Control Period
152.891479
154.127777
152.127350
150.691498
150.681183
150.679871
150.679718
Control Period
150.756866
150.665634
156.199127
150.715240
150.725540
156.175110
150.716446
Control Period
155.874756
150.708450
150.675751
150.689987
156.893799
150.680084
Control Period
156.047684
156.646942
156.229828
154.418884
153.900024
150.683517
150.675491
Control Period
156.157593
156.100510
156.026184
150.682953
150.709122
Control Period
154.233566
156.124298
156.003296
155.617798
155.833923
156.125244
156.290802
Control Period
156.013702
154.610367
156.139648
155.736191
150.697571
155.744293
Control Period
157.267273
156.214600
150.678467
156.153473
153.312576
156.092163
155.979813
Control Period
155.907501
150.729660
156.200165
156.364548
150.926941
156.219391
Control Period
156.749634
155.922119
154.433960
155.994781
150.694687
155.861984
Control Period
160.061539
155.741898
156.742004
156.837250
155.008286
156.124634
151.631302
Control Period
161.279724
151.916290
155.839905
151.801208
156.138153
150.677002
156.775330
Control Period
156.007614
156.431335
155.886978
152.158112
150.652832
150.671753
153.343994
Control Period
150.683624
151.126007
150.748230
156.106232
150.697479
150.704376
Control Period
153.028381
150.699875
156.212738
150.676773
150.641251
152.058075
150.666748
Control Period
155.860352
155.796997
150.670166
150.691437
155.907288
150.687714
150.675201
Control Period
150.724228
156.367706
150.691193
156.361313
151.822083
150.685516
151.701538
Control Period
156.184067
150.663483
150.668640
156.473145
150.707840
155.496002
150.662338
Control Period
150.668091
150.649658
150.666168
150.647141
150.675934
150.668243
Control Period
150.700317
150.672806
150.652008
150.642731
150.673920
155.873505
150.692383
Control Period
156.588928
150.659515
152.530396
150.668823
156.426270
150.661118
153.771179
Control Period
155.148193
151.416412
150.655365
150.625031
150.631287
150.632812
156.236328
Control Period
150.648636
150.642914
150.631943
150.620819
151.408798
150.633575
150.626114
Control Period
150.661179
152.426117
150.646042
156.132141
150.631348
156.230591
Control Period
156.446274
150.624451
152.310593
153.110336
150.659622
155.851807
150.620697
Control Period
151.986206
156.861694
150.659302
150.694916
155.947006
150.709152
Control Period
150.704956
150.708572
150.680023
150.694305
155.903046
152.561432
150.695007
Control Period
150.686493
150.692474
150.697205
150.675140
150.686218
150.699005
Control Period
156.069855
156.353348
156.165726
156.293823
156.143890
156.187073
156.313919
Control Period
150.721832
150.735962
150.696671
151.836929
155.301727
156.379196
Control Period
161.158432
157.307114
150.777832
153.865601
153.259399
156.254364
Control Period
158.249573
156.092865
152.320862
150.985825
156.259796
153.190369
155.977722
Control Period
157.084671
152.503510
150.733765
150.717468
150.704575
150.669434
150.665787
Control Period
155.799561
156.004700
153.830170
150.709885
150.660919
150.665283
156.235458
Control Period
156.243042
150.715332
150.698273
150.679901
156.453735
150.731491
Control Period
155.982910
156.331085
150.704987
150.641174
155.932220
150.656128
Control Period
156.451904
152.500427
150.675461
150.683960
150.688141
152.798645
155.838684
Control Period
155.588715
155.881470
155.978333
152.786713
150.650497
150.680511
Control Period
150.664764
150.661118
155.913818
156.039261
150.637146
156.453217
156.428131
153.792191
Control Period
156.024704
150.656509
150.667511
150.647461
150.695526
150.661636
150.683426
Control Period
156.552277
150.695923
150.675018
150.686310
150.672226
156.108459
150.691864
Control Period
153.664001
150.627777
150.640060
150.673248
150.700836
150.647202
Control Period
156.249054
150.664673
150.646484
156.088196
150.669098
150.650085
155.747589
Control Period
150.692734
156.104980
150.705215
153.870972
150.698120
154.427811
150.683807
Control Period
150.686584
150.634216
150.660187
150.662369
150.662567
150.651642
Control Period
155.914429
150.668854
150.630753
155.847748
150.654968
153.556824
150.639938
Control Period
169.540512
184.568375
199.598297
214.634933
229.661560
244.693878
259.714783
274.728455
289.765228
304.820404
319.862701
334.890808
349.897369
364.936584
379.975464
395.016510
410.038666
425.068542
440.982452
