821.063
-87.6665
-102.276
-178.6
-81.2998
-116.967
58.2334
38.9312
50.2998
-130.133
-73.8999
3.8623
59.4331
-200.1
65.4331
-22.3105
78.1035
55.9331
34.4829
-100.767
3.0332
49.7334
73.6206
72.2998
-123.621
16.1001
-25.9668
120.633
21.3105
-45.2998
-15.1001
2.17236
-37.1665
64.3667
-39.2759
-27.3335
-94.2998
106.6
0.862305
-2.06689
6.8999
-82.4482
14.7334
120.467
10.6895
26.0332
40.1001
-133.733
57.8623
-37.4668
-16.7666
-181.104
85.4668
6.65527
20.8389
136
-8.90332
-162
11.7666
106.867
35.5518
81.2666
-159.793
-6.8667
-129.133
-33.1724
60.1333
7.56689
42
56.2759
17.7002
-15.1333
63.4136
-26.3335
-13.8276
-21.1001
-111.033
-4.96533
55.5
-43.2998
17.3667
152.2
-31.7588
-164.267
51.5669
-18.8276
6.6001
-26.8999
80.1035
25.6001
-10.6001
3.20703
-20.7334
50.793
6.8667
-43.6206
3
-30.2002
-0.600098
-76.5332
92.0347
-44.0669
-79.0332
4.1665
93.9668
71.6665
-14.7588
84.2002
-13.7998
-169.414
14.3999
40.5864
-30.6001
-14.1001
