80
77.9342
80.4837
82.1049
84.1384
84.3998
84.6677
84.3988
84.2211
84.0814
83.8656
84.4545
84.586
84.3232
85.2848
85.159
85.2726
84.6763
84.3993
84.3794
84.1026
84.4543
84.436
83.8595
83.625
84.0712
84.2274
84.6392
84.3955
84.4093
84.3512
83.7934
84.1831
83.5718
82.973
83.8494
82.7514
84.3275
84.1478
82.8424
84.5848
84.473
85.5583
84.6524
83.4175
83.7076
83.7587
83.4083
84.6991
83.4622
84.0027
84.0376
84.4778
84.3191
84.7743
84.6768
83.8617
84.1917
85.2482
84.9559
84.1143
84.7796
84.1062
83.9121
84.7409
85.5762
85.3653
84.6039
84.7902
84.3775
84.2846
83.345
84.8225
83.3685
83.8031
84.854
85.3937
85.5512
84.7706
84.9977
85.1583
85.1964
84.2992
84.6746
86.0214
85.2542
85.2481
85.1807
84.9697
84.9655
84.7607
84.8974
84.9115
84.4749
83.6482
84.6834
85.1172
83.9802
84.3226
83.8477
84.7337
82.9544
84.8111
85.3215
84.6257
84.3898
84.4786
85.2432
83.7444
84.2319
85.1165
84.9309
84.4434
84.8776
