5678.94
6587.67
6602.28
6678.6
6581.3
6616.97
6441.77
6461.07
6449.7
6630.13
6573.9
6496.14
6440.57
6700.1
6434.57
6522.31
6421.9
6444.07
6465.52
6600.77
6496.97
6450.27
6426.38
6427.7
6623.62
6483.9
6525.97
6379.37
6478.69
6545.3
6515.1
6497.83
6537.17
6435.63
6539.28
6527.33
6594.3
6393.4
6499.14
6502.07
6493.1
6582.45
6485.27
6379.53
6489.31
6473.97
6459.9
6633.73
6442.14
6537.47
6516.77
6681.1
6414.53
6493.34
6479.16
6364
6508.9
6662
6488.23
6393.13
6464.45
6418.73
6659.79
6506.87
6629.13
6533.17
6439.87
6492.43
6458
6443.72
6482.3
6515.13
6436.59
6526.33
6513.83
6521.1
6611.03
6504.97
6444.5
6543.3
6482.63
6347.8
6531.76
6664.27
6448.43
6518.83
6493.4
6526.9
6419.9
6474.4
6510.6
6496.79
6520.73
6449.21
6493.13
6543.62
6497
6530.2
6500.6
6576.53
6407.97
6544.07
6579.03
6495.83
6406.03
6428.33
6514.76
6415.8
6513.8
6669.41
6485.6
6459.41
6530.6
6514.1
