58.0375
56.9265
57.5969
58.7815
58.7578
58.7615
59.2764
59.0875
59.0644
57.9351
58.9688
59.2834
59.2325
59.0359
59.9043
59.6192
59.4428
59.2617
59.2385
58.2314
59.2752
59.3585
58.8562
58.8229
58.3813
59.1067
59.2761
59.6126
59.2045
58.7838
58.3507
59.097
58.0587
58.1776
58.8419
57.3398
59.1689
59.3905
57.469
59.9007
59.1235
59.8966
58.9673
58.5262
58.7686
58.7877
58.456
59.1077
58.2273
58.8242
58.7519
58.3624
59.4074
59.5606
59.3429
59.0887
59.0212
59.2493
59.4123
59.1018
59.8004
59.0294
57.8212
59.6176
59.5633
59.4964
59.2303
59.4676
59.1187
59.2568
58.0552
59.8915
58.1055
58.6994
59.7492
59.8819
59.3667
58.9982
59.881
59.4491
59.7435
59.4464
59.2575
59.8954
59.6398
59.5725
59.6345
59.2512
59.895
59.385
59.4271
59.4614
58.8467
58.487
59.7316
59.5281
58.3434
59.0055
58.498
59.2705
57.8326
59.8859
59.5152
58.9793
59.4711
59.5479
59.9015
58.458
59.0874
59.0473
59.4532
59.1259
59.4294
59.0532
