0.707359
0.766357
0.718731
0.696177
0.70077
0.696156
0.692306
0.707228
0.698429
0.70191
0.685442
0.701534
0.700945
0.702367
0.694188
0.697645
0.698598
0.705602
0.703469
0.701044
0.697259
0.69768
0.703
0.707608
0.700877
0.696689
0.703718
0.698158
0.696326
0.7046
0.70198
0.698071
0.696869
0.701189
0.698772
0.706557
0.700714
0.691375
0.698873
0.705905
0.684845
0.691746
0.707667
0.70467
0.710784
0.696533
0.703747
0.698225
0.701308
0.697635
0.69715
0.692509
0.695802
0.70455
0.701806
0.70427
0.705243
0.700818
0.695448
0.69948
0.703675
0.705096
0.703048
0.688162
0.692922
0.6955
0.70049
0.705895
0.700372
0.702067
0.699157
0.709431
0.693994
0.704344
0.705738
0.691721
0.703238
0.693061
0.696881
0.701871
0.699459
0.698358
0.707064
0.706633
0.681938
0.70432
0.699302
0.702715
0.699866
0.697971
0.706221
0.699003
0.697507
0.703267
0.70709
0.693178
0.698338
0.70281
0.700392
0.692142
0.702628
0.698739
0.697476
0.700116
0.699306
0.70232
0.694166
0.697681
0.712964
0.707647
0.692109
0.69797
0.700319
0.697123
