0.725469
0.730443
0.715634
0.715932
0.698347
0.696228
0.700106
0.700099
0.701302
0.689035
0.703135
0.701956
0.700264
0.700114
0.702403
0.700093
0.697091
0.699862
0.701884
0.690114
0.704796
0.702847
0.697051
0.701446
0.698132
0.703055
0.703763
0.704315
0.701513
0.696414
0.691759
0.70527
0.689672
0.696139
0.70917
0.683843
0.71502
0.704285
0.682952
0.723068
0.698985
0.709062
0.689206
0.69137
0.704512
0.702298
0.69791
0.708656
0.68746
0.7048
0.699405
0.694481
0.70323
0.706371
0.70001
0.697814
0.703792
0.703743
0.696933
0.695676
0.710942
0.696269
0.687478
0.710476
0.702887
0.695245
0.693845
0.702894
0.697236
0.702282
0.6888
0.718597
0.685025
0.704095
0.712972
0.705705
0.695211
0.689625
0.706389
0.69942
0.701558
0.697758
0.702943
0.70736
0.693313
0.698763
0.699541
0.695594
0.704898
0.69893
0.701116
0.700391
0.693036
0.692359
0.714082
0.702949
0.685447
0.702612
0.693741
0.706883
0.682521
0.721914
0.701739
0.69126
0.702755
0.705629
0.709072
0.685779
0.705569
0.701009
0.698492
0.696165
0.703777
0.695745
