60.242462
59.937538
59.878304
59.911041
59.916607
59.927040
59.885025
59.891426
59.894562
59.901184
59.883808
59.872833
59.899136
59.894753
59.894657
59.895805
59.900352
59.904961
59.899391
59.908863
59.908669
59.878208
59.891327
59.869537
59.912033
59.907295
59.908607
59.886429
59.895809
59.904991
59.897949
Control Period
57.762817
55.639488
57.697952
55.986050
57.271839
57.219971
56.125568
57.708225
56.093407
Control Period
58.644833
55.619648
56.040062
58.289375
57.782082
59.921440
56.070946
59.910271
Control Period
59.897633
57.752865
59.219490
59.512383
59.618145
59.448864
57.680702
57.122307
Control Period
59.892990
57.969505
59.924385
59.935135
56.839169
59.328480
56.491554
58.546528
59.892670
59.662399
Control Period
57.449539
57.714912
59.911743
59.453537
58.872448
55.954624
59.933792
59.874786
55.980255
Control Period
59.898849
58.790718
59.915585
59.914429
59.908546
59.911362
59.887455
55.984257
Control Period
59.895744
59.912159
59.893661
59.903297
59.283360
57.860802
59.912674
56.038338
Control Period
59.919197
59.894882
59.919266
59.924480
56.296066
55.910591
59.934944
59.893501
59.886848
Control Period
59.926369
55.827393
58.175522
59.906879
55.948418
58.752831
59.897568
56.244095
56.736446
Control Period
59.905602
59.879837
59.916992
59.913761
59.918530
58.966431
57.910145
55.339455
Control Period
59.890785
59.893410
59.180511
59.903679
59.872063
55.779423
59.880417
59.866848
Control Period
59.879230
58.285759
59.902306
59.919327
56.345757
59.889313
59.907997
59.730209
59.905151
Control Period
59.885185
59.301056
57.107811
55.933697
59.898338
59.035679
59.491486
59.907837
59.892799
59.905022
Control Period
59.891647
59.923744
59.874947
59.878143
59.907200
59.928001
59.925858
Control Period
56.882401
59.912163
59.922211
59.919167
59.920128
59.916351
59.889503
59.941887
59.947647
59.940544
Control Period
59.918816
59.929245
56.105793
59.923809
59.907646
59.944061
59.873760
59.939293
Control Period
59.893890
59.897953
59.909664
55.958687
59.906719
59.899616
58.070946
59.899681
59.918274
Control Period
59.900513
59.890816
58.668419
56.646782
59.891808
59.893631
59.904190
59.112030
Control Period
55.774303
56.112961
56.697346
58.285088
59.289185
59.891041
59.908478
59.892544
Control Period
55.874847
59.882656
59.241791
59.921982
59.907841
59.495331
59.894592
59.346397
59.911552
Control Period
59.886787
59.898624
59.872894
55.844482
59.923935
59.923294
59.301376
59.908127
59.666595
Control Period
59.898464
59.896351
56.704288
59.874336
59.898018
55.841057
59.880707
Control Period
59.890945
59.912163
57.040798
59.769569
58.447041
59.519714
57.929119
59.798622
57.098114
Control Period
59.888447
59.912064
59.910080
55.633118
55.955391
59.907391
59.904736
55.938911
Control Period
59.883648
59.500191
59.922371
57.484291
57.173058
59.894497
59.888737
Control Period
59.894241
59.901123
59.924606
59.909378
58.242943
57.156319
59.904190
59.896191
Control Period
59.884224
59.886688
59.890625
59.910561
57.639587
59.901505
59.891712
Control Period
58.388512
59.895775
59.900063
55.451454
59.886528
59.899170
59.915905
59.605789
59.897667
Control Period
59.896957
57.416351
58.472927
59.873535
58.810337
59.892738
59.895424
56.012253
Control Period
58.942753
59.895264
59.894848
59.915138
58.069794
55.760609
55.657059
57.124416
59.896320
Control Period
59.906078
59.894337
59.910080
59.906845
59.917759
59.430878
57.666275
56.143967
Control Period
59.664703
55.765854
57.963646
56.283714
56.482239
58.507614
59.908447
59.893215
Control Period
59.886784
56.584351
58.875839
59.900574
59.397186
55.977280
56.817955
58.789085
57.369217
Control Period
59.873024
59.880898
55.602112
55.761696
59.906242
59.891392
59.916000
59.904095
Control Period
59.891647
55.912289
55.598591
55.806717
57.177406
55.500511
57.188766
59.087776
59.894562
Control Period
59.882401
59.907360
59.761986
57.416290
59.318336
56.837982
59.604225
59.890049
59.901405
Control Period
59.892738
59.881344
59.874687
59.896606
59.893055
59.890079
59.876225
55.919456
Control Period
59.887360
56.503967
57.824417
56.269089
58.338974
57.095810
57.909153
55.958721
57.433151
Control Period
59.937630
59.934238
59.900452
59.889854
59.864067
59.903709
59.893730
59.881889
59.893410
Control Period
59.890274
59.876896
59.879967
59.890785
59.241982
59.914879
58.498146
57.238304
56.285343
Control Period
59.936447
59.898464
59.904831
59.878242
59.885536
59.889568
59.923424
59.898209
59.894722
Control Period
59.886719
59.860451
59.894016
59.922176
56.053825
58.724224
59.908382
59.883904
56.572159
Control Period
59.901695
56.681442
59.882622
57.614174
58.092480
57.602047
59.908707
Control Period
59.902626
56.121696
59.911552
59.903038
59.898113
57.735970
55.646591
59.895679
59.902336
Control Period
59.893730
59.891075
59.894623
59.515587
55.705090
59.886112
59.897823
55.617344
59.846466
Control Period
56.162369
59.894783
59.900448
56.783295
57.964993
59.916451
59.728161
55.907200
Control Period
59.872414
59.917053
58.536480
59.915615
59.127678
56.070847
59.896896
58.354942
59.933281
59.452255
Control Period
59.896927
58.128448
57.244831
59.413441
56.867744
56.811649
59.199520
57.354851
59.128258
Control Period
59.852318
57.150429
56.045731
59.595936
59.879807
59.897984
59.838173
58.332863
Control Period
56.255646
58.628159
59.907520
58.621536
58.075935
59.894432
59.880127
58.572254
Control Period
59.868675
57.580765
59.280258
57.283649
59.704414
59.884224
57.477890
56.264736
57.707710
Control Period
59.893696
59.918465
59.882942
59.919712
59.896416
59.895649
55.974846
59.877216
Control Period
59.877983
56.774979
59.898560
59.891838
59.900894
59.878815
59.921570
59.961021
59.939774
Control Period
59.921570
59.894493
59.879425
59.897472
55.464993
59.899170
59.874786
59.911011
Control Period
59.916672
58.535839
59.900162
59.870750
59.891392
59.895233
55.496288
59.203232
59.880737
Control Period
58.079937
57.654560
59.905502
59.891457
59.272640
56.181408
59.921505
59.915936
59.508675
Control Period
58.630081
59.875938
59.897663
59.877888
59.874977
57.589310
58.360767
59.887810
Control Period
59.911491
59.896927
59.898304
56.748417
59.894207
59.882656
58.688351
59.870464
59.919807
Control Period
59.875999
56.966339
59.907776
59.905247
59.865662
59.860062
56.563713
59.869633
Control Period
59.905022
59.152542
59.890274
59.890594
59.891197
59.868801
59.907135
59.897346
Control Period
59.871231
59.903107
59.880928
59.864738
59.884384
59.408928
58.052864
56.357822
58.040413
Control Period
59.888256
58.868126
56.177155
59.880928
56.012993
59.903839
56.266335
55.571968
Control Period
59.908226
58.194271
59.332321
59.887230
59.925953
59.897152
59.887779
59.907616
59.906208
Control Period
59.895905
59.888992
59.898239
57.621597
59.151424
59.917053
59.896160
59.894051
Control Period
59.878654
59.892929
59.912514
59.899231
57.824097
59.899422
58.776131
59.888161
57.784832
Control Period
59.885761
59.905342
57.609055
59.910690
59.865891
59.909218
59.896255
58.305565
Control Period
59.892353
59.894272
59.883713
59.903587
59.907875
55.980671
59.923203
59.902241
59.920288
Control Period
59.895325
59.919487
56.399902
59.910110
59.884480
59.885216
59.883682
56.391937
59.898590
Control Period
59.890656
55.529854
59.891808
59.884575
59.186882
59.839199
59.919586
59.911552
Control Period
59.897087
59.876064
59.781090
58.053089
56.436035
56.024544
56.212738
58.161247
59.875298
Control Period
59.895134
59.894463
59.913025
59.906403
59.894241
59.866272
59.882465
59.895775
Control Period
59.882431
56.021759
57.156258
59.080929
55.683327
57.462173
59.664192
59.893185
59.910110
Control Period
56.341629
55.739746
56.860447
59.893215
59.886017
59.867043
59.898880
59.897507
Control Period
59.917824
58.512672
59.915230
59.884705
59.922531
59.893982
59.892864
59.905151
59.898304
Control Period
59.887299
59.861889
59.880993
59.861313
59.882271
59.896194
59.891136
59.894016
Control Period
59.871231
55.721889
59.883774
59.883583
59.891743
59.900223
59.882210
59.898624
Control Period
56.383041
59.893822
58.049118
59.875488
59.897217
59.881119
59.869312
57.258530
59.876225
Control Period
59.886467
59.812286
59.914558
59.883263
59.882210
59.881569
59.906975
Control Period
59.891937
59.061218
59.869633
59.888222
59.645088
59.859200
59.882626
57.039551
59.904064
Control Period
59.868671
59.879230
59.881599
59.335938
59.890465
59.485214
59.863327
Control Period
59.888290
59.876030
59.900448
59.882782
59.885757
59.888992
59.895554
59.904961
55.894974
Control Period
59.894913
59.896255
59.875618
59.919807
59.902626
59.034813
56.896576
57.980640
59.916256
59.892864
Control Period
59.868767
59.916481
59.873474
59.905983
59.896095
59.907967
59.907936
59.888962
Control Period
59.902336
60.011616
59.873920
59.334435
59.901024
59.196735
59.900764
59.934944
58.702145
Control Period
59.886108
59.912449
59.897182
59.897247
59.906334
59.898048
57.017376
59.861725
59.875744
Control Period
59.895294
59.871456
59.890270
58.866974
59.887615
58.631073
59.894051
59.906239
59.867424
Control Period
59.886749
59.863297
59.865982
57.632736
59.884384
59.875778
56.464161
59.901951
59.885441
Control Period
59.902306
59.909821
59.889725
59.913280
59.870178
59.884766
59.903778
Control Period
59.890755
59.882656
57.059425
58.755039
60.057983
59.866051
59.872894
59.176125
Control Period
59.883488
58.400417
59.903297
59.901440
59.893570
59.897026
59.900673
57.872002
58.728352
59.890526
Control Period
59.884544
59.899776
59.880928
59.864704
59.892799
59.961792
59.907715
55.946114
59.913918
Control Period
59.904736
59.881729
58.863041
56.230816
58.532829
59.895584
59.917023
57.547840
Control Period
55.792160
58.911423
59.882690
59.876289
59.918785
58.924225
56.103394
Control Period
59.888802
58.579773
59.850719
59.858978
59.867519
59.875359
59.880352
59.896992
59.886269
Control Period
59.908386
59.880192
59.883232
59.879875
59.862335
59.880928
59.197411
57.732414
58.858528
Control Period
59.876415
55.831970
59.908958
59.887520
59.892193
55.841248
56.650238
Control Period
59.888927
55.739231
57.946304
59.880989
59.870464
59.855042
59.857857
57.364799
Control Period
59.875359
59.858017
57.193760
57.571968
59.920639
59.898781
58.172897
56.625664
Control Period
59.907486
59.191650
59.902466
59.884289
55.587906
59.894302
59.904289
59.891777
Control Period
59.908386
56.062752
59.889374
55.567616
59.865215
55.680351
59.911232
55.775616
Control Period
59.866463
59.871807
59.882336
59.901760
59.891712
59.896767
59.878048
59.888351
59.896126
Control Period
59.893185
59.896126
59.885986
59.891678
59.898720
59.896320
56.116035
59.887360
59.896637
59.889984
Control Period
59.880898
59.885437
56.893856
59.887230
59.894753
59.870720
59.910019
55.611679
Control Period
59.888000
59.891232
59.873123
59.907326
59.915775
56.450943
59.922241
59.920448
Control Period
59.906013
59.917248
59.933411
59.937538
57.405407
59.898430
59.910690
59.881218
59.140961
Control Period
59.906559
59.916000
59.885727
59.923168
59.918755
59.887619
59.873344
59.900513
Control Period
57.755264
55.754814
57.288765
59.725922
59.913792
59.883934
59.921570
57.419678
Control Period
59.895363
59.915905
59.894241
56.528095
55.987106
59.897438
59.897312
59.895294
59.876320
Control Period
55.674782
57.322655
59.137154
59.918304
59.871841
59.872929
59.881699
59.876671
59.869698
Control Period
59.899712
59.882816
59.888096
59.905441
59.885155
55.942879
59.892193
59.905792
59.876770
Control Period
59.910942
57.282879
59.893631
59.891266
57.707329
59.898178
58.513565
59.909538
Control Period
59.909344
59.894753
59.885792
59.901760
59.942558
59.901054
55.749474
59.341343
59.880478
59.887138
Control Period
59.883774
59.901215
59.924606
55.678913
59.868607
59.904385
59.921375
55.669373
59.895874
59.883522
Control Period
59.867264
59.951393
59.941151
