56.8085
60.8705
62.8811
64.822
65.7925
65.907
66.5418
68.1788
66.5349
67.6916
66.405
66.8382
66.5585
66.5542
66.6738
65.9597
66.6056
66.9235
66.6227
66.7507
66.8192
68.2772
67.5964
66.5033
67.6935
66.4282
66.3055
66.0597
66.8518
65.8937
65.4684
66.2441
65.7976
65.7558
66.712
65.8753
66.7998
66.0444
66.2867
66.4086
67.6225
66.2758
66.7647
66.4735
65.4084
66.7004
66.1641
66.2175
65.4567
65.0491
65.5925
67.3536
66.8222
66.7218
67.1461
65.8525
67.076
66.4086
66.8992
66.1432
66.6257
66.4461
66.5583
66.2093
66.2902
66.2446
65.4054
66.2313
66.0705
65.4504
66.3362
66.1149
65.8691
66.5874
66.2421
66.2982
66.8858
66.3389
66.8811
66.2415
65.0435
66.0397
65.8461
66.205
66.7851
68.8979
66.9051
66.7771
66.8219
67.0409
66.6561
65.999
66.1045
67.0473
66.5145
65.9723
66.4525
66.9654
66.4496
66.468
66.1675
66.1024
66.9588
66.1133
66.7552
65.4058
66.2577
66.2234
65.8001
66.6912
66.3323
66.6501
65.9831
66.6593
