0.70818
0.750258
0.760428
0.768883
0.776248
0.781812
0.786555
0.790342
0.793722
0.796153
0.798182
0.79987
0.801063
0.802124
0.802976
0.80356
0.804033
0.80416
0.804449
0.804988
0.805189
0.805018
0.805119
0.805271
0.805278
0.805271
0.805206
0.805108
0.804946
0.805036
0.805017
0.805049
0.805059
0.804668
0.804919
0.804612
0.804787
0.804396
0.804454
0.804433
0.804193
0.804231
0.804098
0.804075
0.804031
0.803955
0.803681
0.803572
0.803599
0.803465
0.803621
0.803515
0.803439
0.803341
0.80311
0.803259
0.803144
0.803018
0.802892
0.80285
0.802884
0.802747
0.802668
0.802842
0.802523
0.802652
0.802721
0.8024
0.802574
0.802407
0.802311
0.802081
0.802044
0.802092
0.802046
0.801928
0.802108
0.801885
0.801889
0.801899
0.80172
0.801789
0.801651
0.801608
0.801597
0.801365
0.801612
0.801507
0.801528
0.80127
0.80143
0.801364
0.801458
0.801487
0.801478
0.801297
0.801105
0.801398
0.801115
0.801086
0.801115
0.801027
0.801095
0.800925
0.801153
0.801035
0.800952
0.801157
0.801085
0.800852
0.800766
0.801076
0.801118
0.800566
0.800636
