0.723812
0.766383
0.776128
0.784112
0.79076
0.796272
0.800409
0.803465
0.806326
0.808246
0.809532
0.810715
0.81134
0.812007
0.812433
0.812563
0.812686
0.812613
0.8125
0.812647
0.812319
0.812061
0.811714
0.811454
0.8111
0.811074
0.810934
0.810388
0.810049
0.809883
0.809705
0.809339
0.809001
0.808911
0.808504
0.808353
0.808209
0.807768
0.807645
0.807644
0.807179
0.807033
0.806851
0.806608
0.806831
0.806355
0.806136
0.805969
0.805623
0.805408
0.805485
0.805257
0.805264
0.804951
0.804755
0.804762
0.804496
0.804532
0.804345
0.804205
0.804269
0.803921
0.803944
0.803768
0.80358
0.803653
0.803658
0.803373
0.803438
0.803174
0.803223
0.803048
0.802857
0.802677
0.802749
0.802549
0.802696
0.802415
0.802443
0.802245
0.802421
0.802419
0.802168
0.802086
0.80209
0.80172
0.801868
0.801791
0.801618
0.801794
0.801684
0.801702
0.801605
0.801761
0.801681
0.801601
0.801347
0.801544
0.801395
0.801249
0.801418
0.801264
0.801225
0.801051
0.801325
0.801102
0.801296
0.801226
0.80103
0.801066
0.801049
0.800985
0.801017
0.80084
0.801019
