0.708931
0.742102
0.74718
0.751533
0.755383
0.758483
0.761237
0.763355
0.765391
0.767251
0.768684
0.770126
0.771221
0.77227
0.773324
0.774184
0.77494
0.775589
0.776452
0.777287
0.777969
0.778414
0.778956
0.779518
0.779978
0.780607
0.781105
0.781619
0.782086
0.782447
0.782904
0.783405
0.783862
0.784147
0.784619
0.785045
0.785515
0.785747
0.786159
0.786515
0.786774
0.787085
0.787503
0.787765
0.788232
0.788478
0.78878
0.788997
0.789209
0.789387
0.789808
0.790006
0.790265
0.790412
0.790641
0.790903
0.791182
0.791435
0.791671
0.791942
0.792114
0.792194
0.792574
0.792587
0.792849
0.793159
0.793273
0.793326
0.793788
0.793874
0.793951
0.794052
0.794089
0.794204
0.794382
0.7946
0.794828
0.794822
0.794988
0.795108
0.795304
0.795501
0.795463
0.795561
0.795705
0.79572
0.795785
0.796029
0.79599
0.796179
0.796168
0.796511
0.796394
0.796616
0.796688
0.796764
0.796815
0.796923
0.796997
0.79703
0.797083
0.797101
0.7973
0.797289
0.79734
0.797435
0.797684
0.797661
0.797754
0.797733
0.797736
0.797899
0.798053
0.797856
0.79793
