792.514
560.25
565.242
559.031
590.969
560.219
555.312
616.25
520.688
551.097
600.812
652.781
487.031
549.062
562.719
561.406
550.03
539.562
528.125
493.219
539.156
637
609.375
552.812
555.281
561.438
505.219
554.094
562.688
570.094
554.031
570.125
551.064
577.25
576.312
536.156
541.273
475.484
626.333
545.406
550.375
571.188
625.875
583.656
557.719
556.469
556.531
579.719
548.875
536.688
598
454.312
541.688
491.212
606.688
495
541.719
557.75
560
561.606
553.969
544.219
554.125
605.656
551.656
561.438
545.375
641.938
583.5
559
551.562
518.812
549.156
476.125
509.781
598
554.031
555.312
546.625
556.5
499.031
555.375
546.75
553.212
546.688
607.938
557.781
581.719
594.938
594.312
546.594
524.75
505.969
554.062
549.094
588.606
548.516
516.969
583.5
542.875
485.125
552.531
540.375
573.562
583.469
537.906
549.125
555.25
547.906
508.906
552.812
464.781
547.812
494.969
549.188
