113.429
117.312
117.309
117.309
117.331
117.324
117.334
117.305
117.309
117.328
117.316
117.331
117.316
117.311
117.322
117.318
117.307
117.289
117.308
117.33
117.339
117.316
117.309
117.309
117.296
117.311
117.311
117.316
117.316
117.3
117.301
117.311
117.317
117.3
117.31
117.316
117.33
117.312
117.319
117.32
117.31
117.306
117.32
117.312
117.336
117.331
117.334
117.324
117.314
117.299
117.319
117.311
117.313
117.299
117.296
117.298
117.306
117.31
117.313
117.321
117.317
117.3
117.326
117.301
117.312
117.33
117.323
117.308
117.351
117.343
117.332
117.325
117.308
117.301
117.304
117.315
117.327
117.308
117.312
117.31
117.32
117.331
117.31
117.307
117.31
117.296
117.286
117.305
117.283
117.294
117.277
117.312
117.282
117.3
117.299
117.299
117.295
117.297
117.298
117.29
117.286
117.277
117.294
117.282
117.278
117.282
117.309
117.298
117.304
117.293
117.285
117.299
117.315
117.281
117.281
