57.905
59.8858
59.8851
59.8793
59.8837
59.9009
59.8956
59.8759
59.8929
59.9048
59.8891
59.8927
59.8798
59.8861
59.8902
59.8853
59.8879
59.8831
59.8785
59.8978
59.89
59.889
59.8806
59.8789
59.8717
59.888
59.8987
59.8805
59.875
59.8812
59.8872
59.88
59.8745
59.8869
59.8745
59.8814
59.888
59.8747
59.8805
59.8968
59.8801
59.8835
59.8847
59.8812
59.9116
59.8939
59.8923
59.8928
59.8793
59.8738
59.8886
59.8841
59.8956
59.8843
59.8794
59.888
59.8784
59.8898
59.8856
59.8838
59.8973
59.8816
59.8904
59.886
59.8803
59.8922
59.9017
59.8906
59.9019
59.8923
59.9035
59.8984
59.8899
59.8808
59.8898
59.8798
59.8945
59.8805
59.8861
59.8758
59.8926
59.8975
59.8851
59.8825
59.8859
59.8621
59.8729
59.8696
59.8592
59.8734
59.8673
59.8705
59.8668
59.8809
59.8799
59.8786
59.8632
59.8787
59.8718
59.863
59.8766
59.8678
59.866
59.8551
59.8754
59.8621
59.8781
59.8767
59.8662
59.8716
59.872
59.8685
59.8738
59.8647
59.8773
