59.353374
58.548576
58.568512
58.568222
58.663456
58.564671
58.539810
58.532639
58.581120
58.600349
58.580032
58.548096
58.551842
58.676254
58.590271
58.582207
58.567581
58.562881
58.571583
58.560669
58.555103
58.580513
58.685055
58.581726
58.556129
58.596447
58.556671
58.631104
58.577888
Control Period
58.594078
58.586174
58.573921
58.585407
58.549309
58.578941
58.575905
58.597633
58.568031
Control Period
58.568161
58.545151
58.585953
58.555168
58.560322
58.557503
58.613953
58.630688
Control Period
58.579071
58.555870
58.548992
58.554878
58.568001
58.561951
58.567169
58.571426
58.625603
Control Period
58.613983
58.600159
58.579262
58.657856
58.605629
58.600830
58.554752
58.555584
58.542786
Control Period
58.567680
58.562752
58.595230
58.550270
58.589729
58.560318
58.585888
58.561729
Control Period
58.582432
58.552128
58.562656
58.587391
58.562656
58.592926
58.564960
58.560226
58.568672
Control Period
58.561890
58.559006
58.594528
58.558846
58.561859
58.551777
58.575233
58.551231
Control Period
58.549854
58.682114
58.557693
58.543999
58.555550
58.564255
58.620605
58.566910
Control Period
58.583263
58.575615
58.568512
58.588417
58.549698
58.551712
58.594398
58.620575
58.537476
Control Period
58.561218
58.546688
58.581085
58.544128
58.566338
58.582592
58.647488
58.566910
Control Period
58.558334
58.592484
58.681122
58.563583
58.561981
58.575203
58.544067
Control Period
58.578175
58.540192
58.539619
58.570465
58.621696
58.607552
58.582047
58.577599
58.554848
Control Period
58.647202
58.562687
58.578621
58.563683
58.573891
58.559998
58.562370
58.570240
58.573215
Control Period
58.632477
58.572350
58.560738
58.543873
58.582146
58.585373
58.602562
58.563713
Control Period
58.582718
58.634239
58.580994
58.567459
58.574303
58.546944
58.563934
58.598881
58.554947
Control Period
58.589149
58.607166
58.650978
58.545441
58.540894
58.540062
58.580318
58.565086
Control Period
58.543999
58.525311
58.637089
58.546814
58.555393
58.560707
58.549664
58.580544
58.535233
Control Period
58.556736
58.536831
58.535873
58.570625
58.576706
58.542946
58.556190
58.579521
Control Period
58.557823
58.613441
58.594398
58.549118
58.540771
58.608608
58.593857
58.572670
58.576897
Control Period
58.552288
58.560989
58.582207
58.572254
58.651741
58.572319
58.588448
58.600960
58.582272
Control Period
58.585373
58.558880
58.597313
58.570656
58.574177
58.546207
58.538177
58.541344
Control Period
58.580833
58.537792
58.561535
58.587296
58.574272
58.600830
58.567619
Control Period
58.570877
58.631294
58.616547
58.542717
58.541283
58.594307
58.586784
58.535202
58.566177
Control Period
58.565636
58.614975
58.578880
58.555199
58.566818
58.551296
58.597214
58.573601
Control Period
58.563934
58.549919
58.650429
58.565281
58.589378
58.559010
58.570847
58.541729
58.578560
Control Period
58.580734
58.571167
58.598045
58.536736
58.552254
58.557121
58.576321
58.602562
Control Period
58.528450
58.557247
58.560352
58.572189
58.543297
58.566658
58.569923
58.568512
58.647552
Control Period
58.551582
58.542816
58.595490
58.554337
58.579842
58.557888
58.552032
58.537537
Control Period
58.613857
58.541759
58.561790
58.559937
58.533665
58.575394
58.553791
58.598526
58.546143
Control Period
58.585854
58.565086
58.538048
58.579166
58.564514
58.581245
58.584480
58.580032
Control Period
58.571968
58.634750
58.562080
58.605278
58.566849
58.552002
58.559906
58.558914
Control Period
58.575874
58.561951
58.648735
58.568703
58.561760
58.580032
58.576035
58.572990
58.598526
Control Period
58.541283
58.577057
58.626911
58.541599
58.550400
58.519394
58.567104
Control Period
58.591232
58.577663
58.544319
58.565472
58.592606
58.599167
58.580223
58.576897
58.618496
Control Period
58.586754
58.549438
58.566307
58.576797
58.548416
58.582272
58.542465
58.578339
58.571518
Control Period
58.564766
58.570175
58.616993
58.578144
58.702816
58.555649
58.553120
58.537567
58.571232
Control Period
58.533791
58.547775
58.523842
58.576321
58.604000
58.602371
58.586975
58.547199
58.589504
Control Period
58.584450
58.557472
58.522781
58.570400
58.637856
58.569504
58.551266
Control Period
58.550816
58.569473
58.582241
58.572575
58.566399
58.578018
58.637215
58.573853
58.565311
Control Period
58.572418
58.582748
58.545120
58.563583
58.548195
58.549118
58.653984
58.523487
Control Period
58.573502
58.585091
58.657696
58.555870
58.544769
58.553215
58.569885
58.557121
Control Period
58.550369
58.575005
58.540257
58.613152
58.566593
58.590816
58.553825
58.574623
Control Period
58.543552
58.551777
58.591293
58.629856
58.589760
58.574657
58.543388
58.572670
Control Period
58.572929
58.549919
58.554878
58.565311
58.612671
58.569504
58.615677
58.575329
58.574718
Control Period
58.602432
58.610626
58.578495
58.521664
58.601250
58.606499
58.576225
58.548637
Control Period
58.556000
58.581600
58.551262
58.585922
58.544033
58.576767
58.561409
58.578659
Control Period
58.552704
58.517632
58.599007
58.561859
58.601540
58.576736
58.536354
58.576126
58.555168
Control Period
58.559937
58.600830
58.546783
58.564354
58.568321
58.598175
58.584541
58.541344
Control Period
58.546402
58.544670
58.578499
58.610336
58.548065
58.529823
58.566750
58.563103
58.595264
Control Period
58.568062
58.590942
58.661823
58.560543
58.549919
58.566750
58.553986
Control Period
58.564480
58.571297
58.567295
58.581985
58.594818
58.589504
58.560547
58.576706
58.561279
58.607201
Control Period
58.703072
58.534847
58.560768
58.581505
58.566719
58.571167
58.555199
58.546143
58.572159
Control Period
58.620926
58.582718
58.571358
58.584930
58.553314
58.570816
58.562431
58.568161
Control Period
58.562592
58.601089
58.566559
58.558434
58.550690
58.568161
58.558369
58.548958
58.561249
Control Period
58.580959
58.680290
58.561760
58.536285
58.562462
58.587166
58.552895
58.559357
Control Period
58.555424
58.551613
58.602943
58.539455
58.555298
58.667137
58.580288
58.577278
58.541023
Control Period
58.558594
58.563488
58.641472
58.563042
58.548672
58.550816
58.568451
58.563423
Control Period
58.571712
58.552032
58.569023
58.581474
58.589539
58.565697
58.541634
58.551743
58.569633
Control Period
58.550049
58.544800
58.545120
58.613503
58.586849
58.581444
58.563644
58.542175
Control Period
58.595139
58.569313
58.559166
58.557053
58.577187
58.581474
58.544449
58.601410
Control Period
58.558525
58.590176
58.534176
58.572159
58.563904
58.577087
58.637505
58.553471
58.533150
Control Period
58.558815
58.559425
58.563488
58.573059
58.584961
58.564640
58.581726
58.545502
Control Period
58.556801
58.576225
58.641251
58.559937
58.533440
58.601055
58.634624
58.567135
Control Period
58.555584
58.542240
58.569569
58.561790
58.568802
58.547935
58.547840
58.632736
58.565247
Control Period
58.551262
58.585632
58.561825
58.568031
58.575966
58.563744
58.557823
58.661728
Control Period
58.571548
58.609886
58.575809
58.541313
58.564323
58.570305
58.597054
58.600510
58.671837
Control Period
58.564354
58.573822
58.539200
58.612610
58.559166
58.585411
58.575233
Control Period
58.573730
58.561188
58.585888
58.597122
58.691231
58.564991
58.578781
58.558495
Control Period
58.569248
58.561729
58.585091
58.570526
58.562592
58.679810
58.565632
58.577663
58.573696
Control Period
58.565697
58.584320
58.572544
58.575455
58.575840
58.645023
58.567936
58.578079
Control Period
58.578560
58.562592
58.566750
58.585087
58.571903
58.564415
58.555233
58.601631
58.545891
Control Period
58.561279
58.582592
58.555168
58.548157
58.554337
58.572578
58.565727
58.627647
58.564926
Control Period
58.572800
58.568802
58.563362
58.679104
58.569759
58.528030
58.586975
58.568222
58.541985
Control Period
58.567776
58.546528
58.587425
58.660385
58.536800
58.574528
58.555424
58.562141
58.601440
Control Period
58.531746
58.561569
58.560192
58.655712
58.545059
58.523743
58.575104
58.555870
Control Period
58.540192
58.553055
58.587715
58.598274
58.682365
58.586754
58.567581
58.545792
Control Period
58.566273
58.580799
58.552864
58.533920
58.553505
58.655552
58.575745
58.553055
58.551201
Control Period
58.568863
58.594143
58.565472
58.564640
58.536480
58.669342
58.559006
58.553089
Control Period
58.571903
58.560993
58.569920
58.572479
58.571808
58.565025
58.647072
58.557663
Control Period
58.553696
58.549919
58.587551
58.572258
58.561569
58.576126
58.583328
58.573536
58.540417
Control Period
58.555550
58.561249
58.573822
58.666752
58.551331
58.571907
58.556320
58.558369
58.576767
Control Period
58.531166
58.560543
58.578880
58.638367
58.557091
58.556480
58.565025
58.553440
Control Period
58.553440
58.555424
58.529057
58.556831
58.623360
58.589088
58.565918
58.551777
Control Period
58.549629
58.598946
58.553345
58.564354
58.564896
58.569283
58.584961
58.557632
58.569984
Control Period
58.566658
58.557312
58.564926
58.562401
58.535362
58.563805
58.538879
58.537537
Control Period
58.546593
58.618080
58.593056
58.554306
58.561440
58.561440
58.544189
58.572418
Control Period
58.553986
58.515518
58.618015
58.557632
58.558495
58.572098
58.582272
58.559265
58.558365
Control Period
58.550304
58.545982
58.584225
58.555840
58.572670
58.528992
58.632320
58.566338
Control Period
58.538559
58.583679
58.535683
58.549183
58.563011
58.542625
58.530529
Control Period
58.557983
58.551682
58.592960
58.576866
58.561729
58.549984
58.546143
58.571327
58.541569
Control Period
58.554081
58.540482
58.573280
58.527328
58.575905
58.589470
58.535969
58.562782
Control Period
58.550880
58.561630
58.519554
58.572674
58.553986
58.631073
58.574974
58.550240
58.585022
Control Period
58.549568
58.589825
58.540062
58.525856
58.558594
58.653473
58.582272
58.566753
Control Period
58.557022
58.537155
58.573280
58.567680
58.561951
58.569344
58.660095
58.567490
Control Period
58.546913
58.575714
58.586494
58.541473
58.562496
58.583359
58.546463
58.577503
Control Period
58.544289
58.540001
58.551010
58.604958
58.556770
58.555168
58.515903
58.560768
58.553185
Control Period
58.537247
58.549728
58.560318
58.627838
58.561470
58.512321
58.586304
58.561119
58.678272
Control Period
58.544609
58.517662
58.575745
58.605537
58.557407
58.547073
58.547073
58.558754
Control Period
58.537506
58.520897
58.565632
58.567810
58.639198
58.550079
58.522499
58.553696
Control Period
58.551682
58.572319
58.553440
58.515072
58.552094
58.604736
58.553440
58.558464
58.576546
Control Period
58.522720
58.546242
58.543808
58.556736
58.560608
58.626560
58.527233
58.556221
Control Period
58.572639
58.547714
58.590881
58.580894
58.559875
58.540131
58.531586
58.552834
58.566910
Control Period
58.557922
58.524704
58.562366
58.548832
58.596031
58.528099
58.554241
58.524803
Control Period
58.588192
58.522179
58.529728
58.536194
58.526016
58.566147
58.579777
58.677826
Control Period
58.537407
58.556000
58.551231
58.562336
58.588478
58.530846
58.532768
58.547520
58.632416
Control Period
58.548477
58.559425
58.536003
58.561951
58.560192
58.569439
58.549377
58.556099
Control Period
58.665024
58.592800
58.549950
58.554115
58.526783
58.582081
58.563137
58.548447
58.553310
Control Period
58.638206
58.571777
58.543583
58.565151
58.558685
58.570526
58.594147
58.548065
Control Period
58.538368
58.656353
58.544224
58.570721
58.544704
58.581055
58.506081
58.537598
58.536095
Control Period
58.562016
58.532066
58.586594
58.532192
58.566467
58.550529
58.545341
58.552322
58.540642
Control Period
58.557442
58.575905
58.578625
58.566528
58.559326
58.558720
58.551487
58.687294
58.539391
Control Period
58.573441
58.598846
58.546463
58.544544
58.559235
58.554432
58.564255
58.709599
Control Period
58.533470
58.521187
58.552162
58.546944
58.609985
58.523743
58.534176
58.548321
58.539139
Control Period
58.534271
58.563808
58.566303
58.550240
58.555840
58.536995
58.543839
58.539200
Control Period
58.580288
58.399742
58.429825
58.426178
58.406433
58.434753
58.391869
58.411297
58.415489
58.431458
58.395584
58.437889
58.431778
58.443649
58.417534
58.409790
58.414749
58.438370
58.399422
58.416576
58.403008
58.412354
58.408703
58.406334
58.392509
58.420353
58.406242
59.239197
