918
918
918
908.446
875.406
852.087
849.091
847.921
845.297
846.401
846.093
847.548
850.006
847.709
843.053
843.443
844.113
844.224
845.853
845.316
849.097
852.543
851.929
850.709
847.768
840.477
842.512
836.809
839.049
839.453
840.874
839.267
840.056
843.601
849.312
840.643
840.854
842.418
845.67
845.825
845.232
846.748
842.518
842.066
841.549
838.356
847.479
845.778
844.197
843.509
843.451
848.663
847.451
844.617
838.936
845.342
845.342
845.553
847.779
843.56
843.602
841.902
840.984
841.254
842.76
842.531
843.459
843.821
840.563
840.051
843.65
843.261
837.705
839.542
843.061
845.719
843.426
843.13
845.468
852.34
846.575
845.136
849.81
845.85
843.701
845.249
844.215
843.148
847.418
851.901
844.283
842.272
843.997
836.961
839.758
841.399
849.475
848.713
850.899
845.546
846.627
845.711
843.346
845.608
844.974
842.222
846.289
843.272
841.444
842.986
840.076
838.64
836.262
837.277
840.514
836.869
839.711
843.535
