-178.929
-641
-452.1
-58.6001
-23.1035
-50.8667
21.0669
-5.75879
28.1001
47.9312
-44.6553
-90
7.06689
13.0688
1.7666
31.8965
-10.4668
72.8335
66.7241
-11.5669
-23.4829
-56.7002
-141.104
39.1377
-110.2
43.2334
7.5332
27.6895
-31.2002
15.1035
68.7334
110.3
-167.7
4.43311
29.9668
63.0347
2.75879
-11.5483
29.8276
-81.9653
-8.7666
-10.1001
-61.4136
175.896
-32.4331
-30.4668
-13.4331
-0.862305
100.345
-23.2334
-54.6333
-110.069
123.9
4.58643
42.8711
-82
0.799805
-33.1333
-17.6333
5.24121
28.9331
-4.06885
18.0332
7.1001
-63.1377
-10.2334
69.793
-7.4668
-107.655
35.6333
67.8276
51.4829
-44.2002
-5.65527
45.3999
132.759
-111.567
-27.3105
90.1665
-76.9312
-41.5332
29.8999
-20
-20.5332
82.4136
86.8965
-147.567
-38.2759
32.8999
-135.967
53.7998
31.8965
156.133
-14.5864
42.1333
-103.3
20.8667
-17.6895
-45.4668
43.4829
-12.2002
-53.8335
78.7334
-57.4482
-35.4668
29.4482
-56.3335
-28
-45.793
19.4331
62.6665
-70.5332
55.0669
74
