57.9539
60.4922
63.3746
64.2868
65.1957
66.217
66.061
64.8162
64.8561
63.8075
65.4853
64.9529
66.8783
65.507
67.4452
66.3484
66.5485
66.1282
65.1081
66.1107
65.1928
65.353
64.8749
67.2767
65.8629
66.444
66.8915
65.5437
66.5046
67.3938
66.1433
67.1992
65.4891
65.3866
66.1621
66.0315
66.8835
66.1196
67.2479
66.1792
66.4577
67.0105
65.9425
67.3285
65.103
66.0376
65.4557
66.4156
66.2244
65.0587
66.3659
67.2689
66.3559
62.9543
64.4771
65.1606
66.819
65.8386
65.9802
65.8269
66.7961
65.5701
66.1868
66.2654
65.3783
67.3019
66.1093
64.2942
66.4533
67.1887
66.6464
66.5255
66.7128
66.2724
64.7142
65.9195
65.6632
63.4818
63.7713
66.0346
65.4498
67.0168
66.1384
66.9455
66.2207
64.1768
65.9345
65.5618
65.2889
66.569
66.6014
66.4902
65.8985
65.6551
66.6749
66.0605
65.6466
65.9317
65.0607
67.2092
65.5095
68.2063
66.2
63.6096
65.4345
66.7861
66.5129
67.2456
66.1176
66.5173
66.0027
65.4691
67.2546
66.4712
