60.038910
59.911648
59.855202
59.881218
59.890015
59.903072
59.884354
59.863487
59.867485
59.893570
59.864864
59.873920
59.887550
59.850914
59.931297
59.887135
59.908066
59.895424
59.895935
59.871582
59.890881
59.850433
59.869186
59.856354
59.889729
59.855934
59.877441
59.859264
59.869087
59.897537
Control Period
59.892193
64.634369
59.899200
59.897888
59.909920
59.903358
59.905472
59.895264
Control Period
62.790913
64.112900
64.668610
64.648193
63.817570
60.971233
62.602463
64.849602
61.910370
Control Period
62.928703
65.648125
63.306046
64.276993
64.706177
63.081566
64.686081
65.661057
Control Period
65.783615
68.553635
68.581985
65.381599
62.827007
65.162880
64.616478
62.929184
62.924992
67.111229
Control Period
65.716705
67.905594
68.230659
64.121567
63.543007
64.606400
68.501091
Control Period
68.514725
63.207520
62.841057
63.087551
63.055389
68.480637
68.449249
68.459457
68.453369
Control Period
66.709854
68.143837
64.229019
64.805153
65.151550
63.193825
63.188927
63.107262
Control Period
63.010048
63.179588
65.661438
65.553886
66.276703
67.369659
62.941471
Control Period
62.818336
63.021538
66.060829
65.149284
62.986816
63.314880
63.300831
Control Period
67.321663
63.549824
67.213150
67.431961
62.965439
65.542656
66.800995
63.056576
Control Period
63.046883
63.498398
66.130302
66.501442
62.913120
66.548386
66.031998
Control Period
68.464294
65.719139
68.571007
68.594269
67.818298
68.054306
63.535263
64.269600
Control Period
68.616737
64.312386
64.188004
63.381824
63.027199
66.758942
65.203873
68.567070
Control Period
64.350342
64.891487
68.636513
67.802750
68.546814
68.108292
68.619812
68.605789
Control Period
64.872482
65.394753
63.216255
68.549988
67.372284
68.684708
68.664032
Control Period
64.079872
62.826302
63.271103
68.086815
68.506012
68.482910
68.470779
Control Period
68.258240
63.598976
65.021919
64.610306
66.766052
67.141342
65.830109
67.798912
Control Period
68.669830
65.283714
63.313377
65.678528
62.885567
63.547203
68.556549
62.929695
Control Period
66.419937
66.562561
63.335075
68.562241
63.463585
68.245987
64.679619
67.378975
66.348099
Control Period
62.946144
65.822365
66.923843
65.683296
67.823456
64.039742
63.110847
64.633156
Control Period
63.228386
65.945793
67.948990
63.882690
63.178467
68.178047
65.828636
Control Period
66.225342
63.076160
63.812477
62.930557
64.662849
65.478752
63.003937
67.553818
67.130173
Control Period
68.559845
68.279648
68.530685
66.627327
66.123489
68.553726
67.264252
64.274559
Control Period
63.046879
66.780411
68.536484
65.449089
65.399261
68.539650
62.964066
66.679550
65.370369
Control Period
65.408218
68.480736
62.882141
68.610245
65.247841
68.074371
67.888062
64.960190
Control Period
68.624802
66.969185
65.711807
67.243454
66.788574
68.519775
62.757984
68.516739
Control Period
62.897408
68.544350
62.892960
67.352127
65.389725
63.065437
68.551132
65.656830
Control Period
67.015106
68.508064
65.636482
63.165634
68.086655
68.590302
63.249790
67.784546
Control Period
68.542725
63.008926
68.504318
68.484451
68.428802
62.987293
Control Period
62.664032
68.513985
67.139137
64.295296
68.425407
67.546555
65.169762
68.548355
Control Period
65.515549
68.521889
68.595741
68.588287
68.309891
68.605988
64.571167
64.884995
Control Period
65.346466
67.498978
65.854530
67.031006
62.889282
68.590431
63.406815
63.295647
Control Period
63.014946
68.100929
63.812191
62.914207
68.591293
64.190140
63.938110
68.531067
Control Period
68.561218
67.380898
68.610718
66.230209
63.300159
65.844193
66.248032
63.121151
Control Period
68.619781
64.489822
63.159966
68.584030
65.427780
66.379547
62.950813
68.640640
68.629280
Control Period
66.082367
65.775360
66.737762
66.736420
67.217598
66.419487
67.469437
Control Period
68.658051
65.334946
64.804543
64.693314
65.525345
65.864929
65.457314
68.618401
Control Period
68.649216
68.656509
68.681122
68.564636
68.593056
68.628006
63.336510
62.874466
Control Period
63.094849
65.823875
64.866821
64.538818
67.903748
68.659935
68.366173
67.971878
Control Period
68.611588
65.920929
62.821377
62.692322
68.584320
68.601212
66.816132
Control Period
68.657379
67.679260
62.975742
64.483780
68.616348
68.441986
68.413284
Control Period
64.181702
68.521759
65.833435
63.038177
67.880707
68.525253
66.125984
63.433342
Control Period
68.524094
68.549057
68.564735
66.203903
66.319901
65.432320
68.545502
66.488251
Control Period
66.086685
65.784576
64.093185
65.041824
67.350304
62.686626
66.802750
64.738403
62.516670
65.928513
Control Period
63.070015
62.973854
63.325821
67.816772
68.023361
68.573990
68.479645
68.290657
Control Period
66.776703
67.448669
63.673668
62.702751
66.854912
63.780895
64.117058
Control Period
64.126816
68.539330
68.221756
68.542145
68.584442
65.201408
64.330780
63.777885
Control Period
68.558113
68.480484
68.508545
66.520645
65.669121
62.828415
63.005630
67.185150
Control Period
65.782463
68.177376
63.632225
63.733604
62.751137
62.829376
66.378052
Control Period
65.008545
63.346687
67.328506
67.913086
65.797218
64.530563
68.488220
68.514755
Control Period
68.502174
63.045212
68.462753
68.383041
68.410339
66.452957
67.625763
68.271835
Control Period
65.182976
68.464355
62.547935
62.770336
68.461563
64.807709
68.198364
68.497696
Control Period
62.806465
63.324001
62.673248
63.260605
63.296417
62.776001
62.543678
63.556641
Control Period
66.671837
64.969437
66.029633
65.345055
63.152321
63.076672
63.015198
Control Period
63.235138
65.994499
62.745983
63.304893
64.507164
64.545349
68.575836
68.375549
Control Period
68.578140
63.713379
64.520897
67.524384
67.275230
68.595840
68.620422
65.723518
Control Period
68.553787
67.384293
67.181732
64.124992
66.456100
65.238304
62.551712
65.217506
Control Period
68.480255
65.641823
63.056065
68.515839
68.493027
63.640450
63.514046
66.500351
Control Period
65.096222
68.546974
67.027267
63.137726
65.344963
63.048706
68.586365
Control Period
64.348740
67.891235
68.552643
63.530369
68.574463
67.414108
67.261307
Control Period
62.979744
68.380157
68.534592
65.339424
66.284866
62.783009
62.886078
67.373024
Control Period
68.516350
62.996864
68.505722
68.544479
68.480988
64.864929
63.035648
64.549248
Control Period
68.507111
67.248512
67.525955
62.943550
63.092384
66.144737
66.061821
68.599197
Control Period
62.128639
62.455299
65.885506
67.392700
67.894394
68.553055
62.589760
66.126816
Control Period
65.181061
68.431168
68.473312
64.562752
67.395111
68.523361
68.546371
Control Period
62.880993
65.348640
67.898399
64.115616
68.087708
68.471169
65.962402
Control Period
63.162529
65.011230
64.434174
65.390976
63.113213
64.050751
64.896515
Control Period
68.331238
68.573471
68.649796
63.968098
64.243164
64.026047
67.112579
66.722397
Control Period
62.549152
68.205635
68.534752
68.586174
67.399429
68.628990
65.007103
68.598495
Control Period
68.521637
62.705730
68.599747
65.591522
68.047653
68.686981
63.141727
67.876190
Control Period
63.175392
66.203873
66.787643
68.538338
65.456963
66.043106
67.420609
68.577820
Control Period
68.585571
63.617027
64.086945
67.201950
67.651619
67.849251
67.997375
Control Period
68.554657
62.996799
63.525764
65.057091
65.162430
68.537827
67.700165
68.644135
Control Period
68.591293
65.848740
63.008160
63.304478
66.030533
62.947712
63.268639
Control Period
68.573532
68.475677
68.516098
63.037918
63.444611
63.471584
67.658913
64.177444
Control Period
63.170975
66.785057
63.444191
68.426620
63.896355
67.538818
66.380638
Control Period
63.091679
63.448864
63.154175
63.777855
63.926750
64.023491
62.949921
Control Period
63.241180
66.228127
65.917221
63.152130
63.321281
63.290016
62.966461
62.972031
62.852898
Control Period
68.305634
65.884293
62.829117
66.557312
67.089279
65.541824
63.000992
Control Period
67.815430
67.664581
62.813087
63.047325
62.838051
63.487808
68.040634
67.827133
67.963226
Control Period
62.839233
63.893982
68.167038
68.493538
68.424255
68.643326
68.656189
Control Period
66.326782
65.722145
66.876961
66.986115
68.038971
68.562943
63.088417
63.318207
66.325470
Control Period
68.495712
67.430145
68.545761
62.911613
63.692513
68.519325
68.066048
67.902786
Control Period
67.544128
68.559647
65.412735
65.135933
63.472927
68.548927
64.870369
Control Period
65.072067
62.871681
63.847584
63.846016
65.215965
64.997147
63.543678
65.430176
62.767265
Control Period
68.556480
65.303360
68.391457
63.190659
68.401764
64.669502
63.028416
Control Period
68.602524
66.593826
66.538078
66.700226
66.814468
62.985474
62.841759
63.417759
Control Period
62.834305
66.979294
68.572639
66.790588
62.526878
62.947357
66.666176
64.993637
Control Period
64.247452
64.055267
68.528801
68.554367
64.124062
65.763359
68.655907
68.622627
Control Period
66.878242
67.981155
68.511810
64.481659
68.530945
62.826050
68.534302
63.100704
68.567680
Control Period
68.547363
62.980640
65.423775
68.002716
64.678528
67.230148
68.568573
66.346909
Control Period
63.668228
66.810173
65.784607
68.612030
66.986755
63.080673
Control Period
68.605316
64.983521
63.347042
68.290085
64.944221
62.765568
68.318787
63.986176
Control Period
68.638176
67.786880
68.083839
65.060799
64.367233
62.982655
67.938622
68.540703
Control Period
68.337860
64.532158
62.906433
66.955612
65.988930
66.599548
65.937187
67.225983
Control Period
63.741249
62.972160
63.308929
63.811874
68.550430
68.575745
68.565475
Control Period
68.556702
64.853249
64.734657
62.744896
68.603683
66.896515
66.943680
64.919418
65.132767
Control Period
67.049889
67.236603
64.839844
64.263428
64.081566
64.790588
63.163010
Control Period
68.516190
68.569092
68.530106
64.377472
63.482975
68.560799
68.224762
67.412354
Control Period
62.355618
64.820511
65.745850
66.266846
66.464676
66.340027
66.369278
65.713280
Control Period
68.588547
68.620987
68.613312
68.598206
67.417603
67.489441
68.116158
Control Period
68.619781
63.604637
62.268738
65.072449
68.628929
68.632256
66.573380
Control Period
62.537056
62.461311
62.765442
63.101761
63.263390
62.597408
68.540543
Control Period
64.378403
64.721344
68.574142
68.191010
64.320030
64.708481
63.491394
65.091393
Control Period
68.564316
64.443138
68.537766
68.501953
63.930847
63.544029
68.345062
68.421982
Control Period
63.176704
66.337761
66.296318
68.531525
65.777473
65.930717
68.564865
67.487968
Control Period
68.537056
68.495552
65.817734
65.947708
68.574432
68.529663
64.816833
Control Period
68.575516
63.085278
68.238335
64.398880
68.619362
64.108734
68.645950
63.268734
Control Period
68.622528
67.281601
65.917343
68.675682
62.960350
68.540985
66.824219
64.963615
68.497116
62.889664
Control Period
68.472672
64.313759
68.614944
63.547325
68.513626
63.200867
68.502106
62.856575
Control Period
63.347488
65.503555
63.127777
63.909279
68.493378
65.335197
68.566910
Control Period
68.554398
62.723969
68.566528
66.345055
67.495041
68.555618
68.500992
67.295197
Control Period
62.984772
68.478790
66.785278
65.058464
68.497726
62.946529
68.515999
68.501724
65.213089
Control Period
68.428574
68.577118
68.625473
68.563843
