117.435394
117.303070
117.315140
117.311714
117.300545
117.332062
117.302109
117.309921
117.331390
117.293694
117.294174
117.306305
117.303871
117.272034
117.308510
117.330139
117.344635
117.333084
117.300354
117.300385
117.311905
117.283295
117.311134
117.287811
117.279678
117.313248
117.308128
117.300125
117.281471
Control Period
122.077278
117.307678
117.310532
119.890747
117.321022
121.860863
117.305824
117.309189
121.902687
Control Period
126.547134
127.318298
122.312416
122.279007
124.520004
122.700485
125.119423
Control Period
128.582718
126.389435
128.527878
127.147423
127.091621
127.286209
127.167969
129.127045
126.630341
Control Period
128.249115
128.179352
127.025055
128.652954
128.701447
129.006332
126.780479
Control Period
131.023682
127.707619
128.704865
129.094696
128.281342
127.848770
127.256607
128.961090
Control Period
128.840317
129.260574
128.981445
128.564148
128.451614
128.502533
128.779816
Control Period
128.557159
127.568573
126.260803
131.356537
127.313858
127.163132
130.133789
128.941696
Control Period
128.746429
129.148804
129.245819
128.947418
129.061829
129.056442
128.722366
128.845673
130.005463
Control Period
128.824219
126.802910
127.218018
127.286209
130.816574
128.382629
129.066177
128.927841
Control Period
129.084549
128.453064
127.538116
126.122208
129.322876
128.826431
126.802170
128.157944
Control Period
128.718842
128.275879
128.810043
128.834839
130.119904
126.191170
130.922058
128.527130
Control Period
129.122467
128.865799
129.104538
129.597092
126.667168
130.845505
128.590790
Control Period
128.947296
130.672897
128.169403
129.006363
129.009216
128.811798
129.135193
128.840576
Control Period
134.253693
128.963074
129.301270
128.544357
128.879074
128.532486
128.737183
129.094269
Control Period
131.681442
126.514938
128.859497
129.393311
128.183517
128.762527
128.986847
128.860229
Control Period
128.813889
129.028992
128.956726
129.325058
128.913345
128.623047
128.903076
128.994873
Control Period
131.753860
132.272339
130.929535
131.276123
126.650116
126.035995
126.839554
126.413177
Control Period
130.932983
128.713440
128.932922
126.538177
128.704926
129.199768
127.900253
129.272415
126.723679
Control Period
126.249695
128.733704
126.697662
129.229248
127.178108
126.831932
128.449066
Control Period
126.653954
128.789917
129.176483
125.737534
128.869019
126.237122
129.398178
129.236328
126.238274
Control Period
128.805786
126.518845
128.457886
129.018951
128.779205
126.320740
128.737503
127.059143
Control Period
128.812668
128.200348
128.867172
127.313438
126.493568
129.126724
Control Period
128.124329
128.987366
128.636353
129.023651
130.745819
128.997757
129.287552
130.561798
Control Period
129.322144
128.253601
128.690170
130.793945
130.820679
128.967453
128.853149
Control Period
129.878403
128.584290
134.173279
129.234711
131.965210
128.485794
129.323608
Control Period
129.284286
128.684830
129.194656
131.625504
129.018234
129.640472
128.805923
132.810028
Control Period
128.858551
133.352356
128.799332
131.831131
128.814438
128.876617
131.160858
Control Period
132.759125
128.274490
128.944733
131.221252
129.259644
128.390976
130.493256
129.765991
Control Period
128.799774
134.029419
128.380066
130.077179
130.689667
129.046265
129.174088
129.907623
Control Period
133.935303
128.885529
128.048477
130.550781
128.490784
128.873062
130.837036
129.119873
Control Period
133.946075
128.719620
128.886948
128.961472
128.857025
126.881981
131.241119
126.982468
Control Period
131.571594
128.514221
128.856674
126.328926
129.222336
128.257889
131.245880
Control Period
129.126816
130.754883
128.807007
128.856567
132.862366
129.024796
129.074005
128.931686
Control Period
129.172852
128.569183
130.745697
129.078171
129.293671
131.207428
129.544418
Control Period
129.181381
131.008606
130.206497
128.891006
129.221100
129.032837
132.295959
129.193207
Control Period
134.352264
131.338470
131.561340
130.378464
127.417786
126.548767
126.753662
126.684219
Control Period
129.003464
129.061951
129.325592
129.015106
128.932037
129.078201
128.913147
129.099228
Control Period
128.595840
128.333603
128.951324
129.482178
128.861115
128.601440
128.803528
128.735352
Control Period
129.019424
129.020538
128.994110
128.522858
129.233398
128.706619
126.924477
Control Period
129.216156
129.164062
129.313309
129.193344
131.015366
128.375305
129.469543
129.130753
Control Period
129.188156
129.767105
130.925507
129.135590
129.083679
128.939560
126.756927
131.323608
Control Period
128.802139
128.990143
131.044769
129.741760
128.420120
129.150940
128.660034
Control Period
130.068802
129.306747
128.657471
130.730774
128.685333
129.816544
128.689285
129.043167
Control Period
127.365891
126.826691
126.423492
129.082397
128.830566
128.296417
129.000031
Control Period
128.960190
128.958557
129.155396
129.106720
129.172668
128.617538
128.618622
128.728485
Control Period
128.666656
128.844223
129.391205
128.882935
128.743454
128.986404
129.112091
128.016602
Control Period
131.224289
128.703842
129.124771
129.030243
128.621399
129.112030
128.821442
127.846939
Control Period
129.187912
128.888870
128.625626
131.016907
127.216835
129.928192
128.429092
128.861374
Control Period
131.456024
128.304474
128.687622
127.938950
128.451477
126.274307
127.647362
129.180420
Control Period
128.770782
128.929886
127.759842
126.968155
127.274536
126.693848
127.367172
128.786057
Control Period
128.792603
128.079361
128.575333
128.755829
128.624481
128.465240
128.732513
Control Period
131.585281
128.088867
129.226501
133.686050
128.623077
131.207428
128.562592
128.943588
Control Period
128.598663
128.278366
129.401672
128.741241
128.792603
129.548706
128.930618
128.979263
Control Period
130.606750
130.269150
127.328186
127.543289
126.503387
127.170456
129.236267
128.343689
Control Period
134.116150
128.712219
128.526337
127.380188
130.911102
127.002174
129.142487
128.558853
Control Period
128.610657
128.603745
128.811172
128.828415
128.786102
128.405914
130.920258
Control Period
134.154114
129.822021
127.356216
130.453094
130.700470
130.782684
128.863525
128.354843
Control Period
128.693344
128.768127
131.832916
128.842377
128.324097
128.993286
129.893539
Control Period
130.971100
131.692810
128.393066
128.962280
129.155701
131.398041
129.203796
128.776581
Control Period
134.200836
129.244354
128.853821
131.190109
128.799133
128.787048
130.553925
131.172165
Control Period
129.042786
128.848236
131.463226
130.461472
129.968613
128.726562
129.125534
128.217468
Control Period
128.772476
128.014847
128.919937
127.343071
130.633316
128.660126
128.446884
Control Period
128.762695
129.905762
126.729156
130.282364
128.779648
129.214996
128.808609
128.292542
Control Period
134.148132
128.863586
129.017792
128.353470
128.775421
128.872574
128.820358
Control Period
131.382462
130.378815
128.643524
128.924164
130.967133
129.713318
128.755066
129.061707
Control Period
134.108063
128.741882
129.149185
132.302490
129.233093
128.766602
129.117157
128.949799
Control Period
134.177765
128.998428
127.822372
131.686523
130.732025
128.967621
128.827255
128.569122
Control Period
129.452774
128.889832
129.212067
128.883575
128.995102
126.363419
130.678818
Control Period
128.902237
128.518692
128.661758
129.138489
129.209732
130.352264
128.905350
Control Period
130.560822
129.131927
129.285568
131.182037
128.649338
128.542496
133.378235
128.953156
Control Period
134.355133
129.221832
128.507584
128.953476
131.521957
130.479294
130.275711
129.105057
Control Period
128.945221
129.096405
128.799774
128.749054
128.601654
128.651779
128.563782
128.852356
Control Period
128.726776
129.130554
128.768341
128.918777
128.725861
128.943878
129.062134
Control Period
128.564636
131.376862
129.032227
128.901505
129.146240
128.714310
129.033890
129.429947
129.254425
Control Period
126.788605
127.607101
128.068573
129.548828
128.545929
128.872391
126.453278
131.145752
Control Period
132.296631
126.994690
128.556671
126.122467
128.014145
128.728516
125.758652
129.175644
Control Period
128.302139
128.589569
130.212479
126.970306
130.525940
128.079132
128.226410
130.126495
Control Period
130.183136
126.866531
130.934052
131.041473
130.744232
130.139008
129.043457
128.856323
Control Period
134.006073
128.190689
126.685982
128.896317
129.091843
126.358498
129.320160
129.182434
Control Period
129.806595
129.809021
129.122040
128.717194
128.885376
129.066299
128.769989
Control Period
129.220413
128.875107
130.716827
130.903748
126.970978
129.226944
129.191742
129.090332
Control Period
129.084778
126.206238
126.658203
126.724960
126.939262
126.524414
129.987839
130.808060
Control Period
128.465118
129.029602
128.813507
131.739716
131.074982
126.560226
127.346237
Control Period
129.579712
129.611481
129.081604
128.994308
128.742661
129.059143
128.837311
130.590332
131.078156
Control Period
128.668030
127.629059
127.725761
127.257568
127.343842
128.805542
128.785629
129.063812
Control Period
128.775787
128.912674
123.873184
129.258621
128.162018
128.937790
128.555206
Control Period
124.048225
130.739960
130.480637
126.558273
126.753220
129.509277
128.852570
128.662506
Control Period
134.133514
128.712738
128.835587
130.675110
129.890976
129.850143
128.352417
128.806427
Control Period
131.683868
127.749252
128.853516
128.564087
129.141510
128.924835
130.487137
Control Period
129.374634
129.181091
132.550171
129.058243
134.240967
128.702087
133.548096
Control Period
129.000153
128.755463
129.437988
130.503906
128.859161
128.747452
132.950134
128.691422
Control Period
134.170624
128.758942
130.633316
130.788803
129.458435
129.277695
128.784958
130.559418
129.775711
Control Period
129.143738
128.843109
129.073029
126.543396
128.983200
128.732483
126.384285
128.157211
Control Period
128.834503
126.037949
127.137535
128.870911
128.936096
128.788071
126.309090
128.866241
Control Period
129.217957
129.114624
128.981827
126.055489
128.440536
125.236641
129.228928
Control Period
129.119064
128.554535
128.982590
128.210876
128.662659
129.344772
128.859619
129.047775
129.471649
Control Period
128.463364
128.822906
128.822586
128.633438
130.070007
131.058441
127.461472
Control Period
129.585892
126.713470
126.514656
126.885757
127.299271
130.741119
130.510788
131.324493
Control Period
130.897797
128.850586
126.902435
130.666977
128.161438
129.120255
128.836212
128.744537
Control Period
132.267548
131.018204
131.250626
131.189331
130.985153
126.850304
126.426979
126.971741
Control Period
129.032166
128.870590
128.973801
129.001022
129.130051
128.551773
129.178467
128.948639
Control Period
129.102371
129.290695
128.462708
128.973312
131.724884
128.415359
128.764679
129.021896
Control Period
129.434464
130.043137
128.113602
128.810562
128.822815
128.916733
128.658691
129.012024
Control Period
129.008301
128.736069
128.447296
130.607269
131.309479
128.628616
128.259171
Control Period
128.987549
129.084869
128.997025
128.410278
131.241760
128.622498
128.647644
129.040283
Control Period
133.043701
128.991104
129.006622
129.085190
131.250076
126.646301
128.589157
Control Period
128.687744
129.024902
129.363037
129.470627
130.980576
128.732605
128.829086
131.088608
Control Period
128.598526
134.140289
128.545090
133.203949
128.744186
131.424133
129.114014
Control Period
131.143967
131.279877
129.290756
134.129532
128.915527
128.830627
132.691528
Control Period
134.000732
132.825821
128.616547
131.624359
128.202972
131.491669
128.927811
133.814728
Control Period
134.108521
128.809219
128.469315
133.520233
129.103714
129.013885
129.064026
Control Period
129.064667
134.107452
129.008896
130.499802
129.484039
128.713379
128.926147
128.739487
Control Period
134.052094
128.949219
129.186111
130.877121
128.930084
129.052887
128.998566
Control Period
127.133087
134.098083
134.116821
134.199265
134.177917
134.303741
134.220123
134.219177
134.264648
134.202332
134.195068
134.131165
134.171967
134.221802
134.234467
134.126709
134.170135
134.100281
134.160645
134.216415
134.146210
134.130707
134.149094
134.075256
134.994232
