0.708885
0.847521
0.860306
0.859651
0.863523
0.851511
0.845483
0.855014
0.84968
0.849435
0.849319
0.855535
0.847029
0.846675
0.860846
0.8434
0.85151
0.845001
0.854783
0.844784
0.854318
0.847194
0.848832
0.852869
0.849397
0.852881
0.844726
0.846908
0.847395
0.852838
0.84908
0.848533
0.857013
0.847793
0.849924
0.863967
0.839905
0.84763
0.858088
0.845132
0.84661
0.853249
0.847912
0.846931
0.85238
0.84957
0.850724
0.851232
0.851129
0.848031
0.847238
0.851115
0.851287
0.849784
0.851824
0.849021
0.849553
0.84691
0.852981
0.85855
0.846294
0.849917
0.844319
0.851535
0.84846
0.847641
0.850892
0.847485
0.852128
0.855932
0.846503
0.850615
0.846784
0.844422
0.859395
0.851549
0.846537
0.850025
0.847229
0.851457
0.84527
0.854924
0.852476
0.846198
0.855725
0.853244
0.848849
0.847529
0.853791
0.844032
0.85278
0.844056
0.851302
0.848598
0.854529
0.840813
0.859463
0.850745
0.848374
0.850845
0.84698
0.853417
0.849742
0.849234
0.847548
0.85278
0.849489
0.851084
0.848202
0.850767
0.847009
0.853031
0.84727
0.846198
