0.709598
0.774976
0.784295
0.779049
0.76227
0.751381
0.7506
0.750222
0.750106
0.752567
0.756424
0.743376
0.746249
0.753719
0.749975
0.746179
0.754527
0.748182
0.750211
0.749714
0.752639
0.748432
0.748593
0.753983
0.749818
0.747619
0.750607
0.743559
0.750368
0.754935
0.749599
0.751302
0.749443
0.751127
0.749383
0.748917
0.750996
0.750429
0.74832
0.748616
0.748062
0.749765
0.75062
0.753262
0.749168
0.751964
0.750092
0.752969
0.748868
0.747523
0.749188
0.748843
0.749309
0.75137
0.752268
0.74769
0.749007
0.75247
0.755315
0.744562
0.749668
0.753618
0.747301
0.745765
0.75096
0.753938
0.748795
0.748148
0.749818
0.750651
0.750471
0.752878
0.745871
0.7508
0.748129
0.742558
0.754898
0.751286
0.753852
0.746025
0.751135
0.747773
0.75165
0.745717
0.754385
0.750342
0.751855
0.749766
0.752823
0.749348
0.7486
0.746483
0.748786
0.748475
0.754959
0.755587
0.751166
0.751125
0.748474
0.750502
0.745436
0.752402
0.745355
0.753855
0.742547
0.75079
0.749185
0.754927
0.749897
0.749147
0.749519
0.750123
0.751295
0.750801
