3907
5893
5912.5
6031.5
5660
5383
5011
5011
5110
4932
5189
5149.5
4880
4991
5150
4971.5
5011
5070.5
5169.5
5090.5
5165
5051
4932
5070.5
4856.5
5050.5
4876.5
4797
4991
5070.5
4955.5
5070.5
4892
4991.5
5031
4952
5050.5
5050.5
5169.5
5150
5130
5050.5
5050.5
4971.5
5110
5130
5165
4912
5090
4856.5
4915.5
5129.5
5209
4952
5209
4951.5
5050.5
5031
5011
4892
4876.5
5090
5149.5
4951.5
5110
5090.5
4912
4991.5
4916
5050.5
4995
4876
4952
5051
4975.5
5189.5
4971
5030.5
5011
4971.5
5074
4912
5090
5149.5
5011
4896
5050.5
5130
4912
4912
5090
5011
5343
5011
4761
5070.5
5050.5
4975
5011
5150
5189
5169.5
4991
4912
5011
5169.5
5011
5090.5
5130
4931.5
