57.8978
63.4745
67.6905
69.3555
71.376
69.7912
68.9032
69.1774
69.5273
70.1719
70.1376
69.9789
71.0028
70.5607
70.3153
70.0468
69.7981
70.0601
70.1756
70.1459
71.1078
70.7695
71.6962
69.8842
71.1731
70.8779
69.7543
70.0642
70.0948
69.8711
70.5131
70.6189
70.5518
70.9659
71.1036
70.3543
70.3557
69.8897
70.0033
69.4987
70.4373
70.9803
70.4792
70.7031
70.4066
70.0519
70.344
70.7798
70.2448
70.4438
70.255
69.991
69.3082
71.3062
71.7396
71.5674
69.9042
70.8129
71.0096
72.6111
70.2105
70.6512
69.873
70.2069
70.2224
69.9849
70.4596
70.1396
70.3481
70.8048
70.043
69.7254
70.4468
70.2294
69.8469
70.8311
70.7803
69.6966
69.1568
69.8697
70.3034
69.9654
69.576
70.1075
70.1609
70.189
69.0589
70.8114
70.1618
70.9048
70.8176
70.9289
70.2729
70.4914
71.3685
70.4585
69.839
70.99
70.5474
71.1019
71.1855
70.7127
70.8971
69.0801
69.9905
70.0333
70.0524
70.063
71.1043
69.9785
68.6765
70.3974
70.1956
71.1594
