113.536
122.509
131.799
137.077
138.733
138.301
138.133
138.194
138.239
138.987
140.034
137.897
137.432
138.383
138.244
137.104
138.283
137.887
138.166
138.358
139.136
138.721
138.412
138.976
138.543
138.16
137.903
136.412
137.125
138.058
137.799
138.443
138.271
138.497
138.49
138.181
138.3
138.297
137.664
137.613
137.497
137.546
137.541
138.31
138.125
138.54
138.326
139.417
138.921
138.433
138.431
137.41
137.381
138.348
139.073
138.474
138.141
138.698
139.751
138.152
138.337
139.013
137.773
136.959
137.729
138.553
137.966
137.787
138.093
138.102
137.893
138.454
137.585
137.847
137.21
136.178
137.495
137.337
138.025
137.127
137.637
136.927
137.275
136.603
137.788
137.66
138.356
137.999
138.592
138.42
138.158
137.205
137.065
136.989
138.284
138.892
139.33
139.591
139.095
139.529
138.459
139.085
137.523
138.194
136.422
137.205
137.189
138.26
138.051
137.938
137.925
137.807
138.083
138.174
