56.6203
60.4719
64.4883
66.0558
66.1744
67.9276
68.0341
68.4204
67.6477
67.4244
66.6207
66.9273
66.2628
65.7062
66.5931
65.989
65.736
66.5494
66.3143
67.1784
66.978
67.3231
66.8844
66.9852
66.0834
66.1399
66.0302
66.1154
66.076
66.0426
65.9317
66.61
66.3997
66.4952
66.2839
66.6638
66.2801
66.8891
65.9689
66.6138
66.7796
66.2007
66.4578
66.1628
66.7749
66.9094
66.4891
67.0493
67.1319
67.3904
68.1551
66.41
66.3324
65.8592
66.5954
66.9697
67.9164
66.3057
66.5854
65.316
66.9022
66.5829
66.3693
66.1617
66.0164
66.2474
65.9668
66.9158
67.162
65.9496
66.5749
66.3171
66.2796
66.2725
66.5146
66.4311
65.6932
66.4885
66.5013
66.2503
66.3493
66.1257
66.2494
66.7742
66.147
66.4744
68.569
66.294
66.6458
66.1431
66.3508
66.0174
66.3112
66.325
65.5732
66.032
67.2924
66.7219
66.8952
66.7937
67.396
66.8025
65.9125
66.0461
66.179
65.9377
66.6669
66.0152
65.8441
67.0388
67.4989
66.3269
66.4656
65.5196
