60.185024
59.880226
59.869247
59.900414
59.878845
59.863327
59.889053
59.865730
59.880001
59.908417
59.877247
59.857826
59.867203
59.880226
59.875778
59.867489
59.881027
59.873405
59.891197
59.880608
59.878433
59.874878
59.897629
59.883774
59.922531
59.905251
59.938496
59.886688
59.873280
Control Period
64.431236
64.505791
63.652672
62.925697
62.899902
59.954498
64.380959
63.002304
64.475838
64.516159
Control Period
68.505630
66.033730
68.557983
68.554108
64.232704
68.520859
68.549026
68.569603
Control Period
68.560577
68.575294
68.612061
68.625381
68.574112
69.996643
72.544319
Control Period
72.804451
72.531357
72.760895
72.799744
71.754715
68.466240
68.514236
Control Period
69.433952
69.148354
70.120285
71.107841
68.473541
71.094650
68.534912
70.416031
Control Period
68.516006
68.535965
68.440262
68.544357
70.135971
69.636124
68.513855
Control Period
68.430878
70.281921
68.527328
68.455009
69.766113
68.543930
70.236671
Control Period
72.415680
70.158783
68.426529
69.305122
68.455299
69.458206
68.471230
Control Period
69.920868
72.253113
72.919678
68.469437
70.311554
70.489021
68.472443
68.538818
Control Period
69.923042
68.499199
68.397980
70.171356
72.413567
72.774307
68.784065
Control Period
72.680573
71.409729
68.866150
70.090752
68.429565
68.396767
Control Period
76.710876
68.372192
68.388062
72.698364
69.739578
68.453247
72.657219
70.521858
Control Period
72.790268
71.701920
68.504318
68.445724
72.637665
71.422722
68.461121
Control Period
68.434906
72.439041
68.496223
68.590752
71.743546
72.187584
Control Period
73.359039
68.394043
70.523071
68.444733
68.391998
72.821022
68.394012
70.076225
Control Period
71.963455
68.423935
71.452515
68.781052
69.383331
68.666656
69.637375
Control Period
69.503265
68.450180
68.858276
72.275101
70.400703
68.421722
72.511169
Control Period
71.332123
68.440224
68.767776
72.580513
72.847069
68.824509
68.436737
Control Period
68.943130
70.355682
72.557312
68.815109
69.789627
71.677986
68.882690
Control Period
72.556290
68.522751
69.774750
72.119644
71.092705
72.580544
68.483582
Control Period
69.446976
70.559807
72.494530
71.534943
68.513153
72.543327
72.579453
Control Period
72.660324
72.934494
72.771164
72.607872
70.489212
68.714211
Control Period
72.608192
71.470947
70.631805
69.252731
68.607773
69.395782
68.530304
68.576447
Control Period
73.113663
68.562500
71.822342
68.576286
72.533859
70.855743
72.747169
Control Period
72.641502
72.331551
72.385406
68.528610
68.502434
Control Period
70.447777
68.537735
72.653412
68.441505
68.449219
71.261055
68.489349
Control Period
68.552963
68.484161
72.731491
72.656578
70.952255
68.574432
68.497375
Control Period
70.959229
68.743362
72.582977
68.533829
72.610466
68.704803
68.528732
Control Period
69.255676
69.227356
68.518494
72.471939
68.560837
72.462914
68.600418
Control Period
68.650879
72.598877
68.557762
72.253761
68.561150
72.546310
68.468674
72.467361
Control Period
71.871262
72.740356
72.707298
71.138786
68.774887
68.525314
68.574203
Control Period
69.155426
68.611839
69.781219
72.515648
72.880798
71.884933
71.082596
68.502045
Control Period
72.715805
72.593948
71.910912
70.694176
68.571899
68.538727
71.735489
Control Period
72.677505
71.885406
70.894531
69.569763
72.002365
69.079132
71.616638
Control Period
72.916031
71.580612
70.120705
68.481308
68.493919
71.593826
69.293953
Control Period
70.623901
69.312767
70.153763
72.137817
70.122658
68.494171
71.644608
Control Period
69.246597
70.923553
68.549026
70.152000
73.262756
68.592957
68.500832
Control Period
70.707199
68.495041
70.692581
69.325600
68.643173
71.155998
71.003174
Control Period
68.542587
68.504990
69.538086
69.371521
69.891586
68.459290
72.493187
69.188507
Control Period
71.675461
72.892059
68.510399
68.492638
70.615746
72.820190
Control Period
70.178436
70.119995
72.688828
68.516830
73.139389
69.398239
Control Period
69.313980
72.894073
68.513947
72.313019
68.500580
71.015228
72.159485
69.123489
Control Period
71.927422
72.592125
69.261124
68.525955
69.556610
71.491875
71.566559
Control Period
69.310623
72.689987
71.122688
68.494400
68.459808
69.477158
71.445152
72.253181
Control Period
70.507263
70.307648
68.591583
68.583588
68.673218
69.185471
71.491013
73.075745
Control Period
73.026146
68.605568
68.967934
70.561890
68.596542
69.989281
71.565247
71.439590
Control Period
69.434784
72.410843
70.059586
68.801254
72.930298
72.472061
69.349564
Control Period
72.604286
69.552574
68.475906
68.487900
68.444862
72.463333
71.684578
70.715714
Control Period
68.519073
72.782753
71.314720
68.451744
68.476547
68.490082
72.896667
72.346878
Control Period
71.622467
69.506943
68.547516
68.457314
68.796677
71.300835
73.111450
70.696899
Control Period
72.489792
69.985306
68.521538
69.278847
69.814911
68.590622
71.256165
Control Period
68.612671
68.539230
68.793442
71.799835
68.602203
68.582848
70.227036
Control Period
72.558716
71.336258
69.303970
70.669472
71.963615
72.514847
70.796738
Control Period
72.378937
72.703331
72.744255
68.554138
70.205597
72.796448
72.794144
Control Period
72.580475
72.602982
73.049530
71.474396
70.109146
69.587585
72.512573
Control Period
68.463776
68.592957
68.391167
68.840836
68.456352
69.830246
71.374046
72.675812
Control Period
68.500221
68.485031
72.516350
73.203812
71.334335
72.629791
69.020477
Control Period
72.370941
72.460220
68.485413
70.370682
72.072510
72.729630
68.577728
Control Period
73.004028
72.773506
72.287109
72.712479
72.399933
72.348740
72.751907
72.008987
Control Period
68.509628
68.427841
69.059204
71.343399
68.706337
71.210266
72.417984
Control Period
72.845276
72.534081
72.106140
68.689636
70.461182
68.562851
69.359230
68.598946
Control Period
72.144096
68.557793
70.325378
68.492798
72.451706
68.539963
Control Period
72.548676
68.568390
68.566620
72.550621
70.761475
68.533119
69.919098
Control Period
70.686752
68.566788
72.610916
68.504227
72.929764
69.797760
68.460709
Control Period
69.673630
69.436577
72.449310
71.263649
68.474747
68.611420
72.536003
Control Period
73.310333
68.510010
71.602203
68.490494
68.558464
72.126175
68.543045
Control Period
68.597824
68.599869
71.289917
71.703964
68.473022
69.704803
72.607803
Control Period
68.649307
68.621506
72.792862
72.485023
71.389824
69.969025
68.529083
68.541374
Control Period
68.531776
70.306625
72.803680
70.979324
72.511551
71.959518
69.686371
Control Period
68.509377
70.742271
68.533409
73.026497
68.546021
72.790146
68.510239
Control Period
69.618210
69.215546
72.942978
68.528580
69.955711
69.257126
68.559715
Control Period
71.148163
69.437950
72.859589
68.467072
70.006119
72.608032
68.600418
Control Period
73.285439
68.477730
68.585793
71.418114
68.463554
72.879486
68.495621
Control Period
68.516029
72.742020
68.489021
68.479935
72.836700
68.598495
69.265884
Control Period
72.784576
72.391457
68.412643
72.544098
68.514656
72.737503
68.432961
Control Period
72.771584
68.439903
72.508987
68.447006
72.371071
72.543259
68.380188
Control Period
69.109856
69.282333
68.338654
72.644485
68.462341
71.565376
68.472931
Control Period
68.407166
70.767746
68.472031
69.039047
68.427139
69.827652
Control Period
68.371353
72.781372
68.448029
68.741180
70.828224
70.048325
68.956421
Control Period
69.779137
68.663139
68.399391
72.607391
72.810081
68.379333
72.832611
Control Period
72.699615
68.469376
68.418816
71.507645
68.479454
70.217438
Control Period
72.233025
68.535072
69.223167
68.825600
68.383583
70.255585
Control Period
68.477890
71.918427
68.475395
72.395172
68.399673
72.609375
68.476768
Control Period
69.970917
72.548676
68.426689
71.403687
71.709061
68.531036
68.536064
Control Period
68.666016
70.505981
72.457916
68.477440
68.471710
72.681854
70.062431
Control Period
72.892700
68.452988
68.432068
68.441116
68.464935
68.774307
68.512390
68.500763
Control Period
72.738335
71.762299
68.803391
68.420898
68.759933
72.770813
72.424225
Control Period
71.479584
69.101921
68.469757
68.505600
69.618752
71.000641
72.956161
Control Period
71.495911
69.480736
70.966209
68.723709
71.642395
72.427010
71.597954
Control Period
72.829788
69.652733
68.427040
73.007042
72.532158
69.849602
68.696671
71.545601
Control Period
76.438782
68.414276
71.755295
72.239746
68.414749
70.792259
68.447075
Control Period
68.482178
72.724731
68.428352
72.694977
68.499878
72.588837
68.491425
Control Period
72.282433
71.152542
68.466110
72.668549
69.855072
68.834076
68.520897
72.151581
Control Period
72.553116
72.789085
71.832191
72.868576
72.062241
68.967453
68.506882
Control Period
72.667938
71.675423
69.249954
68.370499
70.410141
72.626205
68.451553
70.216415
Control Period
68.897507
70.801025
70.783424
69.418182
70.130402
70.966171
69.256256
68.459396
Control Period
74.476929
68.596161
70.760605
72.078339
72.688324
68.576324
69.753571
Control Period
72.776993
68.394653
71.726753
69.109825
69.172638
71.604385
71.046333
Control Period
69.655334
72.640381
69.658813
72.548737
72.034241
69.656189
71.519554
Control Period
72.725830
72.828934
72.853889
68.422882
70.684540
72.226242
68.556190
Control Period
71.696320
73.260284
68.512833
68.512161
70.462524
72.188095
70.505829
70.563774
Control Period
72.736320
72.417572
71.417122
68.391006
70.175964
72.724960
68.417053
Control Period
68.450500
70.808258
68.346527
68.417152
69.202179
69.987289
68.348579
Control Period
68.323486
69.578949
72.468895
68.403519
68.451813
71.726463
70.980164
Control Period
72.707489
68.316452
72.484192
68.351166
71.599648
68.399261
68.374908
71.218338
Control Period
69.614944
69.714142
68.462944
71.865158
68.437729
72.784836
68.321411
Control Period
69.610497
68.424805
70.861725
72.076385
68.438660
68.426819
72.602173
Control Period
72.838852
72.380768
71.685982
68.412155
69.624702
72.570084
70.217728
69.298370
Control Period
68.708992
71.074081
72.278015
72.688194
68.879135
68.433701
68.467903
Control Period
68.332642
68.444771
70.066971
68.456985
68.407455
68.350143
Control Period
72.910110
68.423363
72.751617
68.369019
68.354530
72.614105
71.432358
68.324257
Control Period
68.365219
68.339645
71.951965
71.238335
68.999649
70.057343
72.417114
Control Period
72.614975
72.517212
68.454178
68.461060
71.845505
72.628098
71.594406
Control Period
68.513474
76.807205
76.814751
76.832611
76.834625
76.786591
76.812256
76.776611
76.810974
76.775490
76.837341
76.793442
76.810463
76.800995
76.789215
76.829788
76.800545
76.835266
76.816002
76.773788
76.796387
76.802368
76.823875
76.818909
