3882
5833.5
5813.5
5892.5
5695
5382.5
5050.5
5070.5
5031
5051
5288
4951.5
4872.5
5130
4935.5
4932
4931.5
5130
5070
5129.5
5030.5
4991
4932
4991.5
4832.5
4912
4951.5
4852.5
4971.5
5070
5169.5
5070.5
5070.5
5030.5
4971.5
4951.5
4991.5
5169.5
5090
5070.5
4915.5
5090
4912
5129.5
5130
4872.5
4971.5
5070.5
4912
5050.5
5070.5
4971.5
4836.5
4816.5
5030.5
5149.5
4991
5110
4912
4796.5
5011
5130
5070.5
4912
4971
5189
4896
4991.5
5030.5
5110
4916
4951.5
4932
4856.5
5070.5
4951.5
5209
4892
5050.5
5110
5090.5
5149.5
5011
5169.5
4971.5
5031
5070
4952
5050.5
5150
5090
5169.5
4971.5
4912
5070.5
5031
5110
4931.5
4836.5
4971.5
4952
4971.5
4912
4971.5
4952
4991.5
5149.5
5070.5
4955.5
5129.5
