113.947
121.874
127.463
133.916
136.942
137.663
138.492
139.046
139.074
138.795
140.183
138.429
138.455
138.864
138.077
138.086
138.695
139.14
138.432
138.869
138.217
137.502
139.702
139.274
139.364
139.775
139.129
139.179
138.721
138.665
138.67
139.011
138.878
139.453
138.705
139.15
140.062
138.942
139.072
139.568
139.051
139.589
140.351
139.43
138.027
138.59
138.29
137.06
134.725
137.195
137.567
137.704
139.002
139.194
138.65
137.895
137.676
138.976
138.832
136.865
137.468
138.521
138.116
138.497
139.355
138.254
138.093
138.517
137.487
137.188
138.573
137.814
138.873
139.121
138.985
138.121
138.606
139.022
138.552
138.813
137.722
138.855
138.605
137.689
137.741
138.591
139.122
136.997
138.635
139.589
138.55
138.051
138.602
139.949
139.365
138.123
138.955
138.1
139.344
138.734
138.743
137.607
138.039
137.75
137.092
137.34
137.463
138.738
138.06
137.474
137.791
137.215
138.095
138.426
