80
70.1624
74.1744
77.0247
77.7711
77.718
77.9341
79.2218
79.1207
79.0066
78.5982
78.2971
79.1982
79.1243
77.6894
76.9281
78.0065
79.594
77.5052
81.3077
78.1473
78.6509
79.9133
79.7405
80.1005
79.515
78.5194
78.068
78.4271
76.8625
76.1412
77.6527
79.0131
78.071
79.1234
79.3589
79.2734
78.6509
78.1274
77.9567
79.3138
80.1721
79.7668
78.7272
79.6515
79.3185
77.8358
77.2126
78.8623
80.7232
78.7175
78.4518
78.3425
78.1575
78.3104
78.44
78.2286
76.9974
77.0324
76.5752
77.9777
78.4025
78.5216
78.528
78.6602
78.7891
78.4709
78.7761
78.0992
77.9946
77.997
77.9106
78.1257
78.1036
77.9983
77.8768
78.4802
79.219
78.5846
78.5358
78.3817
78.8359
78.6916
77.4146
78.2502
78.2684
78.698
77.5311
77.7591
78.6074
78.4059
78.7077
78.4231
78.869
77.7976
78.4028
78.7064
79.719
79.2015
78.8579
78.7805
78.248
78.428
77.8921
77.6467
77.9655
78.4905
77.9619
78.4268
78.2878
78.7951
78.6415
79.0543
78.0951
