56.8493
59.8758
62.4929
64.7926
65.8748
66.5054
65.011
66.2764
66.7819
67.4649
66.9202
66.2285
66.6381
68.004
67.552
65.7496
65.202
67.8783
64.5118
67.6456
66.0517
66.5705
66.5443
67.7048
68.0463
66.9321
67.1472
66.8087
68.2243
68.2842
67.5351
66.7797
67.0386
66.2546
66.3779
66.1895
66.6069
67.8123
67.7784
66.4429
66.7453
67.5867
67.2261
66.2423
65.9854
66.2594
66.9949
65.8
65.5294
66.2418
66.0934
66.6242
66.984
66.4963
66.7156
66.0451
66.2428
64.8287
65.5771
66.1229
66.7606
66.5669
66.7075
66.7704
65.5819
66.2095
66.0097
66.1067
66.3339
66.617
65.9001
66.2189
66.4696
66.6038
66.9402
66.3725
66.5222
66.9232
66.4858
66.1749
66.2171
66.9147
67.6077
66.3811
67.0899
65.6275
66.5416
67.0709
66.1757
66.3905
66.6671
66.8166
67.1001
67.0859
65.7832
66.9987
65.5779
67.1214
67.1687
66.3432
66.9154
67.0639
66.2312
65.7733
66.1441
66.7372
66.4631
65.871
66.2452
66.1785
66.1442
66.2844
66.7418
66.2203
