113.446
117.332
117.337
117.333
117.335
117.3
117.323
117.308
117.345
117.326
117.332
117.335
117.311
117.308
117.314
117.329
117.313
117.322
117.311
117.308
117.337
117.344
117.346
117.298
117.313
117.321
117.3
117.314
117.322
117.306
117.312
117.3
117.298
117.297
117.312
117.3
117.289
117.284
117.313
117.303
117.322
117.328
117.314
117.306
117.331
117.312
117.315
117.304
117.302
117.331
117.32
117.321
117.328
117.33
117.336
117.341
117.349
117.336
117.345
117.348
117.343
117.348
117.347
117.346
117.339
117.335
117.32
117.316
117.308
117.296
117.315
117.306
117.317
117.304
117.316
117.329
117.341
117.329
117.335
117.344
117.352
117.36
117.335
117.304
117.302
117.316
117.327
117.333
117.315
117.32
117.326
117.318
117.327
117.318
117.301
117.312
117.323
117.314
117.329
117.31
117.304
117.299
117.309
117.313
117.325
117.325
117.32
117.342
117.31
117.327
117.31
117.306
117.295
117.305
117.307
