0.709035
0.742218
0.747337
0.751652
0.755359
0.758285
0.761148
0.763362
0.765604
0.767194
0.768743
0.770102
0.77113
0.772182
0.773214
0.774218
0.774932
0.775761
0.77641
0.777063
0.777906
0.778558
0.779129
0.779356
0.780011
0.780593
0.780956
0.781545
0.782077
0.782422
0.782916
0.783271
0.783684
0.784093
0.784589
0.784895
0.785213
0.785561
0.786135
0.786413
0.786872
0.787235
0.787445
0.787705
0.78819
0.788338
0.788663
0.788872
0.789135
0.789608
0.789784
0.790046
0.790353
0.790598
0.790871
0.79112
0.791396
0.791504
0.791769
0.791997
0.792165
0.792388
0.792574
0.792752
0.792891
0.793052
0.793127
0.793276
0.793409
0.793513
0.793828
0.793923
0.794162
0.794226
0.794473
0.794684
0.794893
0.794924
0.795087
0.795272
0.795437
0.795596
0.795514
0.795437
0.795556
0.79578
0.79598
0.796113
0.79609
0.796229
0.796372
0.796408
0.796567
0.796587
0.79656
0.796729
0.796889
0.796906
0.797091
0.797032
0.79707
0.79712
0.797268
0.797361
0.797517
0.797573
0.797595
0.797799
0.797614
0.797806
0.797736
0.797776
0.797768
0.797904
0.797976
