59.328033
58.587746
58.543392
58.560959
58.581470
58.581154
58.593277
58.581345
58.568031
58.603970
58.582081
58.580994
58.584385
58.543198
58.581955
58.585793
58.594017
58.567459
58.653763
58.555519
58.587936
58.600639
58.606270
58.570946
58.549919
58.571968
58.591072
58.679745
58.576927
Control Period
58.559872
58.646400
58.592033
58.598015
58.570816
58.538017
58.556961
58.617310
58.581406
Control Period
58.564545
58.581215
58.575104
58.557919
58.593857
58.570717
58.606499
58.587555
Control Period
58.576767
58.591103
58.592545
58.579201
58.595585
58.588737
58.586529
58.579391
58.568832
Control Period
58.579262
58.603168
58.580608
58.589119
58.560513
58.554527
58.593346
58.581184
58.618210
Control Period
58.588898
58.555489
58.581726
58.575455
58.683327
58.600578
58.561535
58.538750
Control Period
58.592896
58.580963
58.571072
58.553600
58.568672
58.627518
58.579266
58.575710
58.527168
Control Period
58.569534
58.577026
58.580608
58.547680
58.564354
58.639328
58.624931
58.607422
Control Period
58.575485
58.540352
58.584736
58.570145
58.581474
58.589024
58.576160
58.578400
Control Period
58.566559
58.620224
58.559776
58.594559
58.569374
58.589439
58.585342
58.565376
Control Period
58.558113
58.582336
58.573696
58.661568
58.544895
58.576866
58.574211
58.578625
58.592064
Control Period
58.573536
58.589569
58.562141
58.654625
58.571358
58.577824
58.548065
58.573761
Control Period
58.573601
58.581631
58.549633
58.581535
58.641441
58.581760
58.582626
58.546272
58.582047
Control Period
58.572289
58.576477
58.569824
58.547585
58.713184
58.581055
58.607681
58.609314
Control Period
58.578495
58.580864
58.588673
58.588318
58.645538
58.579491
58.791458
58.532227
58.576736
Control Period
58.600864
58.585022
58.591713
58.551071
58.574432
58.559391
58.650627
58.588799
58.580448
Control Period
58.548195
58.593346
58.588066
58.564640
58.562241
58.571617
58.618752
58.586208
Control Period
58.583584
58.579231
58.596066
58.567104
58.606178
58.555969
58.582272
58.618015
58.601791
Control Period
58.583969
58.559937
58.574493
58.549187
58.581024
58.558434
58.669216
Control Period
58.592323
58.592514
58.574242
58.568573
58.554398
58.566719
58.564896
58.586849
58.648064
Control Period
58.548832
58.565475
58.583298
58.646591
58.551456
58.563328
58.583199
Control Period
58.603363
58.568062
58.584221
58.578175
58.720417
58.574657
58.593792
58.557663
Control Period
58.570240
58.569759
58.554977
58.567490
58.551170
58.722687
58.570976
58.589569
58.561920
Control Period
58.581375
58.546593
58.604034
58.567680
58.589569
58.688160
58.554688
58.549057
Control Period
58.587234
58.564445
58.564095
58.619072
58.549152
58.602692
58.662018
58.581566
Control Period
58.574207
58.553089
58.554241
58.573730
58.586945
58.578270
58.602528
58.612770
58.589409
Control Period
58.567902
58.585091
58.551743
58.551712
58.556351
58.588577
58.675648
Control Period
58.580799
58.564194
58.582878
58.642624
58.540001
58.558464
58.566338
58.585281
Control Period
58.588512
58.552223
58.580418
58.646210
58.678909
58.571678
58.598656
58.578239
58.569283
Control Period
58.570435
58.548195
58.637405
58.577278
58.579041
58.655712
58.573120
58.598526
58.575966
Control Period
58.598145
58.588066
58.568062
58.550270
58.524639
58.617027
58.575073
58.585377
Control Period
58.593376
58.556610
58.579102
58.597214
58.588097
58.614494
58.570717
58.587231
58.606339
Control Period
58.608574
58.554527
58.571426
58.587006
58.582912
58.677376
58.541954
Control Period
58.589569
58.547840
58.575394
58.558784
58.591297
58.572189
58.562847
58.705280
58.555904
Control Period
58.556290
58.590527
58.575520
58.608063
58.599487
58.544415
58.573471
58.665951
Control Period
58.580608
58.599648
58.601215
58.551582
58.575359
58.580673
58.591522
58.567261
Control Period
58.606049
58.565632
58.586529
58.599808
58.575233
58.612862
58.575554
58.600510
58.586655
58.590401
Control Period
58.607872
58.558563
58.602402
58.576546
58.592831
58.638786
58.577759
58.553886
58.568512
Control Period
58.582146
58.571518
58.574562
58.573025
58.562462
58.682240
58.546654
58.534111
Control Period
58.577217
58.576065
58.585182
58.569695
58.584160
58.548927
58.658592
58.569183
58.602463
Control Period
58.567905
58.613182
58.578239
58.560833
58.598045
58.582527
58.664734
58.583519
Control Period
58.564800
58.576160
58.601730
58.585632
58.571869
58.596893
58.578850
58.684418
58.548126
Control Period
58.523972
58.550690
58.575424
58.564865
58.569633
58.532959
58.561218
58.665089
Control Period
58.603554
58.564674
58.592865
58.553886
58.565311
58.549950
58.567425
58.556416
58.643681
Control Period
58.579647
58.566238
58.569599
58.614239
58.528481
58.579872
58.580864
Control Period
58.568512
58.606560
58.563839
58.544159
58.543903
58.602272
58.575329
58.544609
58.545311
Control Period
58.572830
58.564865
58.579391
58.571072
58.556259
58.621056
58.549377
58.582718
Control Period
58.558559
58.552799
58.598335
58.582527
58.535583
58.553917
58.615871
58.566017
58.548126
Control Period
58.561378
58.546814
58.669857
58.550911
58.567230
58.563873
58.573341
58.544991
58.637630
Control Period
58.575645
58.579582
58.544899
58.561310
58.559105
58.569504
58.575489
Control Period
58.560349
58.576031
58.561054
58.649120
58.563969
58.554623
58.575134
58.570271
58.557087
Control Period
58.576286
58.574783
58.585697
58.686974
58.556221
58.558495
58.588417
58.600128
Control Period
58.603874
58.588192
58.553986
58.562817
58.626526
58.591423
58.577087
58.543999
58.534622
Control Period
58.549759
58.568291
58.589600
58.538528
58.664928
58.574688
58.602531
58.594238
58.570110
Control Period
58.553635
58.536095
58.648865
58.579391
58.581375
58.679970
58.640511
58.564926
58.573952
Control Period
58.563362
58.583710
58.588543
58.545536
58.545090
58.575233
58.673088
58.580318
58.611107
Control Period
58.581184
58.572193
58.536800
58.570786
58.582497
58.604416
58.682144
58.605118
Control Period
58.573952
58.565376
58.550941
58.560993
58.595070
58.576927
58.559486
58.651550
58.600990
Control Period
58.586273
58.584541
58.561470
58.554752
58.587105
58.569855
58.584221
58.687454
Control Period
58.549278
58.575714
58.564606
58.571262
58.558464
58.562431
58.565472
58.576126
58.693825
Control Period
58.561089
58.568863
58.593472
58.598881
58.612862
58.561089
58.549248
58.595421
Control Period
58.681984
58.590015
58.612095
58.565823
58.551296
58.576797
58.560638
58.559998
Control Period
58.610626
58.711746
58.557983
58.561218
58.576351
58.589409
58.594112
58.604576
58.543938
Control Period
58.562210
58.593376
58.560097
58.538208
58.538593
58.624382
58.568733
Control Period
58.587006
58.552353
58.567680
58.569153
58.611137
58.568382
58.676674
58.568611
Control Period
58.593632
58.588833
58.557758
58.585411
58.594177
58.583649
58.596542
Control Period
58.566078
58.593056
58.567295
58.604836
58.564285
58.541023
58.579010
58.634209
58.735905
Control Period
58.605438
58.583393
58.584930
58.584320
58.598560
58.627838
58.564384
58.543678
Control Period
58.690464
58.591103
58.604416
58.541374
58.559395
58.602654
58.626656
58.542751
58.575489
Control Period
58.607491
58.594910
58.589951
58.555588
58.538048
58.604160
58.598175
58.566338
Control Period
58.561665
58.640289
58.595200
58.574814
58.569122
58.549248
58.607582
58.561985
58.575745
Control Period
58.588318
58.639137
58.580414
58.574688
58.551041
58.567169
58.563202
58.562370
Control Period
58.577057
58.575455
58.640671
58.538719
58.572990
58.585182
58.598686
58.562656
Control Period
58.549538
58.565281
58.571838
58.613121
58.541183
58.553535
58.573502
58.548286
58.582718
Control Period
58.540417
58.555584
58.584702
58.611359
58.568382
58.574142
58.602432
58.605663
Control Period
58.618622
58.570911
58.551170
58.552864
58.600449
58.573601
58.573921
58.583778
58.545696
Control Period
58.578239
58.562622
58.576477
58.580673
58.618847
58.570721
58.575134
58.588383
Control Period
58.598976
58.547394
58.556190
58.548962
58.580734
58.682274
58.554913
58.567520
58.552959
Control Period
58.576576
58.598175
58.556961
58.580864
58.560223
58.621471
58.562141
58.595680
Control Period
58.963200
58.584099
58.541183
58.572769
58.577888
58.547394
58.604385
58.543167
Control Period
58.586914
58.548607
58.594749
58.536926
58.572639
58.575134
58.571873
58.591713
58.567360
58.552322
Control Period
58.560638
58.556320
58.632355
58.577538
58.570114
58.554047
58.578465
58.592129
Control Period
58.576065
58.584160
58.581726
58.634750
58.570435
58.570045
58.601151
58.570080
58.574814
Control Period
58.566624
58.587585
58.579071
58.572704
58.673729
58.565632
58.581791
58.557022
58.567425
Control Period
58.597473
58.584862
58.551231
58.547585
58.640350
58.567551
58.615360
58.563293
Control Period
58.558594
58.560638
58.576641
58.596897
58.565792
58.652321
58.561569
58.569153
58.671265
Control Period
58.542786
58.558624
58.579453
58.552414
58.550499
58.646561
58.608864
58.561821
Control Period
58.546173
58.532192
58.565247
58.573502
58.580448
58.576096
58.673023
58.625694
58.552448
Control Period
58.556992
58.574272
58.575745
58.763008
58.562141
58.561119
58.566273
58.620865
58.581921
Control Period
58.559265
58.535393
58.580734
58.556862
58.573761
58.591488
58.545570
58.598495
Control Period
58.581505
58.586113
58.541313
58.564766
58.581566
58.583679
58.579010
58.560703
Control Period
58.578720
58.591969
58.556576
58.569443
58.566658
58.544098
58.522816
58.572899
Control Period
58.577217
58.570595
58.553825
58.546528
58.563614
58.604355
58.606079
58.580093
58.575363
58.562462
Control Period
58.692131
58.572319
58.586334
58.574814
58.571552
58.597248
58.568672
58.537151
Control Period
58.567261
58.578880
58.562241
58.552483
58.554337
58.582306
58.604000
58.576736
58.557693
Control Period
58.575169
58.572128
58.574337
58.551422
58.587395
58.602013
58.537025
58.603584
58.572960
Control Period
58.647522
58.570751
58.665695
58.522049
58.571106
58.557213
58.562881
58.579361
Control Period
58.538498
58.518559
58.552834
58.638718
58.578945
58.575264
58.558403
58.591362
58.568993
Control Period
58.564674
58.567169
58.748322
58.678398
58.569122
58.554272
58.580063
58.579491
Control Period
58.555229
58.544064
58.563744
58.581600
58.674656
58.581726
58.571838
58.547203
58.569218
Control Period
58.575905
58.543938
58.563843
58.533470
58.628098
58.609695
58.570721
58.568993
Control Period
58.555038
58.574242
58.559616
58.585793
58.585922
58.688675
58.548286
58.560829
Control Period
58.568352
58.568703
58.595711
58.576447
58.563011
58.563614
58.638115
58.563133
58.581505
Control Period
58.600990
58.563042
58.570274
58.551582
58.598434
58.596447
58.679741
58.603645
Control Period
58.601311
58.568062
58.594719
58.605919
58.600288
58.576000
58.574242
58.686592
58.604736
Control Period
58.589630
58.545952
58.536224
58.561214
58.580639
58.565636
58.574913
Control Period
58.566338
58.585983
58.590721
58.587967
58.651615
58.556580
58.574432
58.560867
58.564926
58.674210
Control Period
58.588547
58.535713
58.536129
58.548866
58.574654
58.551521
58.589024
58.521183
Control Period
58.689598
58.570431
58.549408
58.547935
58.569664
58.554718
58.562271
58.581535
Control Period
58.569443
58.659199
58.663361
58.547714
58.576160
58.586945
58.603329
58.543552
58.557693
Control Period
58.532032
58.637505
58.560608
58.554306
58.547009
58.582977
58.599232
58.519264
58.546402
Control Period
58.561600
58.530945
58.562366
58.561821
58.535072
58.576767
58.608482
58.566498
Control Period
58.565441
58.706047
58.547775
58.536514
58.555939
58.554306
58.547874
58.595390
Control Period
58.551617
58.554848
58.581474
58.556671
58.531746
58.537346
58.563934
58.566303
58.571201
58.545090
Control Period
58.531517
58.556290
58.589279
58.683777
58.576385
58.575199
58.547745
58.517822
Control Period
58.413666
58.432064
58.434975
58.428192
58.400543
58.415489
58.423679
58.578655
58.412605
58.436958
58.421631
58.406624
58.441761
58.450050
58.398499
58.425186
58.415710
58.453247
58.420479
58.437149
58.406464
58.434719
58.439201
58.444992
58.440063
58.460865
58.431038
58.437153
58.413345
58.416542
58.414528
58.423203
58.410145
58.401314
58.419807
58.426590
59.153343
