59.309761
58.576477
58.559074
58.569313
58.627136
58.608673
58.607872
58.561760
58.580734
58.581856
58.583775
58.576035
58.585091
58.626305
58.593121
58.581566
58.588673
58.575043
58.578369
58.565952
58.569759
58.587006
58.609344
58.581310
58.583008
58.577469
58.623138
58.567329
58.572609
Control Period
58.593185
58.582848
58.649025
58.566078
58.560509
58.561249
58.585342
58.575073
Control Period
58.590462
58.551743
58.591904
58.669888
58.563808
58.565025
58.581375
58.598270
58.579456
Control Period
58.578175
58.577919
58.579521
58.648285
58.603489
58.585693
58.553505
58.553951
Control Period
58.586113
58.590496
58.574142
58.585152
58.554943
58.557568
58.562691
58.565792
Control Period
58.564991
58.564445
58.561630
58.566818
58.655937
58.586845
58.560547
58.559200
Control Period
58.576576
58.581184
58.584766
58.582146
58.551487
58.682175
58.617695
58.567776
58.556961
58.571007
Control Period
58.572224
58.553154
58.585854
58.585217
58.557022
58.646431
58.562206
58.594978
Control Period
58.561981
58.664673
58.560349
58.594528
58.585442
58.566238
58.606018
58.584320
58.586143
Control Period
58.616096
58.602432
58.679585
58.591457
58.560638
58.595840
58.580223
58.549118
58.565666
Control Period
58.582146
58.572067
58.687523
58.546463
58.552448
58.580257
58.584927
58.657150
Control Period
58.590401
58.573280
58.566303
58.556831
58.602177
58.578560
58.599808
58.565437
58.580959
Control Period
58.603294
58.599457
58.573856
58.718815
58.582718
58.598976
58.609123
58.600864
Control Period
58.550751
58.562431
58.580734
58.567970
58.609726
58.552448
58.560387
58.614784
Control Period
58.601089
58.534111
58.558975
58.571232
58.594147
58.563522
58.570686
58.555489
Control Period
58.613728
58.592094
58.579933
58.595615
58.584190
58.600990
58.569153
58.578110
Control Period
58.561951
58.639107
58.568512
58.599777
58.574814
58.545536
58.555840
58.560707
Control Period
58.561504
58.559265
58.581535
58.593506
58.571709
58.586525
58.598206
58.581215
58.604992
Control Period
58.584930
58.600830
58.592384
58.586304
58.582176
58.583458
58.584705
58.572865
Control Period
58.547134
58.594879
58.570847
58.603584
58.568291
58.552254
58.617630
58.567261
Control Period
58.587997
58.567360
58.531746
58.582977
58.606430
58.602367
58.601791
58.552128
58.558239
Control Period
58.691967
58.564224
58.624287
58.576897
58.590591
58.604992
58.573410
58.561729
Control Period
58.600189
58.571198
58.617538
58.578911
58.557663
58.632160
58.588512
58.578880
Control Period
58.573792
58.576832
58.580292
58.556736
58.564896
58.555038
58.691936
58.535198
58.599007
Control Period
58.565025
58.566269
58.553761
58.544609
58.555168
58.560829
58.554657
58.685249
58.590496
Control Period
58.595390
58.584099
58.571007
58.551010
58.570751
58.582367
58.542786
58.656704
58.567425
Control Period
58.589695
58.580544
58.562561
58.559170
58.563999
58.574207
58.569153
58.661278
Control Period
58.568893
58.552895
58.551903
58.574558
58.584766
58.562210
58.572899
58.580353
58.583359
Control Period
58.651871
58.581184
58.599617
58.579422
58.579903
58.579811
58.558208
58.566658
58.569244
Control Period
58.591808
58.537086
58.580704
58.580864
58.604797
58.557213
58.552513
58.557121
Control Period
58.563202
58.638786
58.572384
58.548035
58.564445
58.591328
58.578655
58.572544
Control Period
58.530209
58.659744
58.577118
58.591713
58.563263
58.580383
58.567421
58.574272
Control Period
58.576481
58.568642
58.573730
58.576607
58.571487
58.559998
58.606976
58.576866
58.580673
Control Period
58.604607
58.600704
58.628799
58.564194
58.675682
58.557953
58.580162
58.570465
Control Period
58.573441
58.576897
58.567009
58.577438
58.590942
58.581245
58.594944
58.576607
58.580254
Control Period
58.584801
58.582977
58.588737
58.600033
58.551102
58.553791
58.547615
58.539169
Control Period
58.529182
58.537727
58.547073
58.551167
58.605377
58.695869
58.579041
58.542625
58.538528
Control Period
58.560192
58.572670
58.538208
58.541183
58.553474
58.657696
58.532032
58.560898
58.564865
Control Period
58.564129
58.611389
58.539009
58.541443
58.568321
58.646175
58.569633
58.562080
Control Period
58.584736
58.574177
58.572510
58.546112
58.540127
58.579903
58.696159
58.586014
58.593155
Control Period
58.593281
58.562561
58.559265
58.542816
58.560989
58.570175
58.585922
58.589470
Control Period
58.595104
58.610237
58.610397
58.647583
58.587135
58.565216
58.579807
58.591263
58.567551
Control Period
58.547710
58.559551
58.567329
58.654881
58.578079
58.596992
58.611839
58.552288
Control Period
58.573982
58.543713
58.555038
58.568130
58.556736
58.583584
58.554077
58.551552
Control Period
58.592926
58.676449
58.588387
58.593727
58.564384
58.684223
58.584862
58.591362
58.610146
58.574493
Control Period
58.538113
58.585503
58.580193
58.572189
58.571327
58.595459
58.549759
58.591805
58.599136
Control Period
58.575809
58.617889
58.592766
58.579136
58.574528
58.538399
58.576031
58.567135
58.599998
Control Period
58.576515
58.578785
58.656448
58.559361
58.567810
58.585953
58.556736
58.581314
58.563362
Control Period
58.572289
58.557442
58.675774
58.564255
58.548832
58.555840
58.546753
58.578690
Control Period
58.599678
58.597794
58.540543
58.639870
58.576096
58.602882
58.581665
58.571587
58.550621
Control Period
58.553314
58.572895
58.605824
58.637344
58.582401
58.551331
58.572098
58.611870
Control Period
58.579102
58.558689
58.579231
58.597534
58.590401
58.582912
58.554718
58.533859
Control Period
58.641182
58.577469
58.558975
58.548191
58.565632
58.607616
58.586784
58.592896
58.599552
Control Period
58.562050
58.594528
58.583168
58.575264
58.557217
58.569054
58.607742
58.574112
58.611519
Control Period
58.567200
58.626209
58.686241
58.594078
58.588066
58.606941
58.588158
58.563007
58.575008
58.597122
Control Period
58.576385
58.568161
58.560158
58.580257
58.594303
58.566528
58.650688
58.581795
58.615711
Control Period
58.584129
58.708191
58.580544
58.590656
58.591522
58.579422
Control Period
58.595360
58.570435
58.568542
58.619171
58.606339
58.609314
58.577698
58.596062
58.633312
Control Period
58.567329
58.569473
58.559235
58.557888
58.692768
58.591999
58.591969
58.563744
58.579327
Control Period
58.586174
58.577312
58.577087
58.580002
58.657501
58.593472
58.582787
58.556095
Control Period
58.592766
58.580223
58.592255
58.579807
58.560158
58.619522
58.578850
58.622147
58.584896
Control Period
58.579552
58.576385
58.582336
58.584129
58.571072
58.646721
58.569374
58.588638
Control Period
58.591583
58.575996
58.569954
58.563072
58.575394
58.615906
58.605824
58.585854
58.575165
Control Period
58.576958
58.574337
58.540573
58.575874
58.578049
58.579136
58.663776
58.551262
Control Period
58.593632
58.596031
58.576385
58.564064
58.543266
58.577759
58.582432
58.649437
Control Period
58.609245
58.559841
58.576832
58.577026
58.596733
58.591808
58.595329
58.590431
58.623871
Control Period
58.571037
58.573341
58.588192
58.607521
58.645569
58.565117
58.618179
58.578209
58.588993
Control Period
58.583775
58.593056
58.579422
58.577057
58.582466
58.571266
58.567520
58.577858
Control Period
58.568642
58.545536
58.594429
58.579453
58.672928
58.549984
58.555618
58.548546
Control Period
58.580418
58.521343
58.538818
58.562241
58.564224
58.656544
58.575584
58.563843
Control Period
58.558689
58.577538
58.564194
58.562561
58.573341
58.572418
58.630051
58.562336
58.556221
Control Period
58.562336
58.576515
58.575073
58.588928
58.567421
58.562336
58.653152
58.562496
Control Period
58.578144
58.550144
58.539551
58.605919
58.577984
58.560898
58.567261
58.667519
Control Period
58.586403
58.569889
58.561890
58.567070
58.561375
58.553825
58.572578
58.575840
Control Period
58.564865
58.559166
58.584160
58.685730
58.558754
58.568893
58.593567
58.593758
Control Period
58.573856
58.554306
58.562206
58.593887
58.674530
58.606400
58.566849
Control Period
58.585503
58.641026
58.592445
58.557472
58.566879
58.566498
58.696255
58.589859
58.598976
58.588638
Control Period
58.555328
58.603519
58.556896
58.580734
58.577568
58.699074
58.593185
58.609795
Control Period
58.548355
58.550655
58.580864
58.611038
58.584061
58.603523
58.601570
58.547585
58.599201
Control Period
58.583298
58.612801
58.593407
58.587841
58.608833
58.588673
58.577919
58.534912
Control Period
58.572861
58.572739
58.579422
58.571266
58.592125
58.593536
58.583839
58.578049
58.605888
Control Period
58.583199
58.593311
58.568096
58.610592
58.602848
58.617889
58.606049
58.692287
Control Period
58.612160
58.572418
58.579491
58.570114
58.553406
58.577988
58.560669
58.584831
Control Period
58.614464
58.582687
58.588898
58.587746
58.529888
58.585217
58.590050
58.548256
58.568222
Control Period
58.539135
58.656990
58.582722
58.555038
58.558880
58.576000
58.571232
58.564705
58.587326
Control Period
58.554592
58.600418
58.574112
58.561569
58.560959
58.566498
58.553535
58.574142
Control Period
58.606976
58.583900
58.652992
58.574013
58.578209
58.586433
58.572479
58.547199
58.559586
Control Period
58.571167
58.609695
58.666431
58.558975
58.570946
58.579170
58.592003
58.555107
Control Period
58.557922
58.587521
58.548706
58.692513
58.561504
58.533310
58.568863
58.589890
58.577248
Control Period
58.585918
58.561375
58.559807
58.635811
58.575394
58.582207
58.542816
58.573219
Control Period
58.610367
58.576416
58.566338
58.578976
58.587166
58.595104
58.585857
58.593597
58.568832
Control Period
58.654015
58.579937
58.569443
58.554783
58.572258
58.567585
58.595840
58.585182
58.554081
Control Period
58.641151
58.567295
58.582878
58.549377
58.574337
58.575134
58.595490
58.612095
Control Period
58.568481
58.641502
58.587585
58.616482
58.583618
58.563007
58.572418
58.589218
58.560928
Control Period
58.575970
58.659966
58.560417
58.576897
58.577152
58.566338
58.538689
58.576416
Control Period
58.567619
58.565475
58.603714
58.623230
58.586784
58.573536
58.568001
58.613121
Control Period
58.570370
58.550144
58.584671
58.676163
58.604481
58.575615
58.565567
58.554977
58.569534
Control Period
58.541405
58.552925
58.596767
58.587906
58.527649
58.582306
58.560989
58.581726
Control Period
58.589855
58.594273
58.570240
58.571426
58.666656
58.599136
58.567711
58.555264
58.604160
Control Period
58.583584
58.582878
58.561440
58.548195
58.611298
58.553314
58.584000
58.569599
Control Period
58.562813
58.558464
58.548195
58.556671
58.595299
58.641567
58.568256
58.579041
58.569344
Control Period
58.570366
58.627712
58.539936
58.563679
58.603394
58.575329
58.578499
Control Period
58.562973
58.567936
58.642593
58.550339
58.548477
58.571999
58.561504
58.670273
58.578560
Control Period
58.553825
58.566849
58.594818
58.567585
58.575455
58.565117
58.537216
58.601730
58.575584
Control Period
58.592960
58.596447
58.571487
58.554497
58.596577
58.596771
58.592735
58.595615
Control Period
58.569534
58.564575
58.595551
58.638687
58.587521
58.580959
58.562271
58.587616
Control Period
58.593536
58.607811
58.595360
58.566303
58.665375
58.556095
58.586559
58.593311
Control Period
58.609440
58.599903
58.587646
58.590496
58.571037
58.628639
58.587006
58.588863
Control Period
58.529442
58.632256
58.580383
58.586048
58.568672
58.549759
58.573502
58.562656
58.569664
Control Period
58.653248
58.562050
58.554848
58.572193
58.597794
58.595261
58.569759
Control Period
58.586685
58.572865
58.647583
58.580448
58.563007
58.568737
58.571873
58.578815
58.599007
Control Period
58.576546
58.570114
58.673439
58.567520
58.591774
58.531616
58.531326
58.565186
Control Period
58.568382
58.563297
58.571198
58.659584
58.573185
58.571712
58.587967
58.579361
58.561054
Control Period
58.580193
58.564224
58.586849
58.684830
58.574814
58.569439
58.574562
58.570656
58.569248
Control Period
58.580704
58.586689
58.582237
58.564003
58.615875
58.567230
58.540928
58.546719
Control Period
58.549824
58.439842
58.419586
58.424225
58.417183
58.436989
58.409470
58.416260
58.419071
58.444061
58.399616
58.427261
58.410881
58.431549
58.436737
58.461823
58.433662
58.459007
58.403713
58.417603
58.413826
58.435585
58.440800
58.433983
58.425186
58.449310
58.438431
58.836544
