60.195709
59.909824
59.903969
59.944256
59.887810
59.934334
59.917664
59.879776
59.896065
59.888290
59.902592
59.902557
59.906754
59.920738
59.910336
59.895073
59.886909
59.893311
59.901344
59.888702
59.932030
59.885536
59.928322
59.877792
59.919197
59.903969
59.916962
59.910110
59.902081
Control Period
59.904255
59.907265
59.881981
59.897026
59.876801
59.888542
59.905533
59.888290
59.887424
Control Period
59.877983
59.922211
59.904610
59.903069
59.888222
59.899582
59.877697
59.914589
Control Period
59.901634
59.928768
59.896355
59.916096
59.906815
59.895233
59.896160
59.882561
59.906559
Control Period
59.887775
59.920193
59.873985
59.907330
59.922142
59.864960
59.881119
59.899361
59.865982
Control Period
59.871937
59.862114
59.873440
59.861885
59.904770
59.863907
59.906048
59.869343
Control Period
59.911167
59.889248
59.920128
59.886978
59.857597
59.880318
59.884834
59.881599
Control Period
59.895329
59.855774
59.871262
59.894592
59.867073
59.916031
59.893600
59.901249
Control Period
59.883614
59.899811
59.896961
59.923744
59.886272
59.927902
59.916351
59.916672
59.912575
Control Period
59.903999
59.897438
59.886909
59.890434
59.888191
59.870560
59.887585
59.900383
Control Period
59.881920
59.902496
59.886272
59.901569
59.889217
59.864418
59.869118
59.890305
59.899170
59.949951
Control Period
59.881695
59.914238
59.873344
59.924320
59.879555
59.906624
59.875298
Control Period
59.913277
59.903744
59.903519
59.904259
59.862400
59.866272
59.876190
59.875744
59.875744
Control Period
59.873695
59.863201
59.866528
59.884319
59.860992
59.882561
59.904896
59.892830
Control Period
59.881985
59.862625
59.888226
59.868767
59.906368
59.881058
59.880608
59.867966
Control Period
59.905087
59.928352
59.873154
59.919521
59.906723
59.876221
59.872929
59.888577
59.897568
Control Period
59.885315
59.870270
59.882019
59.880543
59.905216
59.866943
59.890976
59.877567
59.885246
Control Period
59.883873
59.891617
59.896675
59.912159
59.881504
59.872162
59.893440
59.882530
Control Period
59.893150
59.880898
59.874016
59.883904
59.905727
59.903809
59.897984
59.896481
59.887039
Control Period
59.879395
59.888161
59.872833
59.886337
59.862816
59.872543
59.870018
59.905025
Control Period
59.878082
59.898849
59.857025
59.872894
59.897469
59.891808
59.914398
59.871841
59.870590
Control Period
59.890785
59.907806
59.919487
59.905602
59.897247
59.918655
59.917564
59.925117
59.877602
59.905022
Control Period
59.901184
59.896866
59.915459
59.916962
59.888161
59.921535
59.910690
59.894211
59.895966
Control Period
59.898304
59.876610
59.863617
59.855328
59.886909
59.878815
59.865887
59.919327
Control Period
59.870369
59.858528
59.893921
59.869087
59.873375
59.857025
59.873600
59.892509
59.916481
59.893471
Control Period
59.900513
59.902847
59.882782
59.882912
59.893696
59.893120
59.877377
59.899391
Control Period
59.872734
59.882561
59.889534
59.870399
59.871136
59.875038
59.887230
59.869698
Control Period
59.878048
59.869152
59.857025
59.882591
59.889793
59.898018
59.901344
59.884384
59.898659
Control Period
59.891167
59.906723
59.894814
59.900642
59.894302
59.868034
59.893661
59.878273
59.902912
Control Period
59.867523
59.870018
59.915298
59.891968
59.872608
59.875328
59.852833
59.872993
Control Period
59.870174
59.860512
59.865471
59.861565
59.865662
59.913506
59.916737
59.891037
Control Period
59.859264
59.885887
59.888962
59.893024
59.870590
59.871582
59.864033
59.901794
Control Period
59.855202
59.874401
59.884670
59.890465
59.865631
59.899651
59.879871
59.861443
Control Period
59.879295
59.901184
59.878403
59.860191
59.875874
59.894814
59.887329
59.860931
59.872257
59.884995
Control Period
59.879135
59.853184
59.861603
59.886433
59.900925
59.914303
59.879360
59.872063
Control Period
59.903297
59.887169
59.886467
59.885983
59.885281
59.832352
59.870815
59.870850
Control Period
59.863037
59.874557
59.856319
59.876190
59.876289
59.844193
59.878944
59.864735
59.869152
Control Period
59.870174
59.889313
59.856384
59.860992
59.856125
59.877056
59.859936
59.865891
Control Period
59.899231
59.875137
59.864990
59.866592
59.863747
59.852062
59.877373
59.885952
59.889534
Control Period
59.869598
59.874687
59.879841
59.855137
59.868416
59.877056
59.921280
59.878685
Control Period
59.915810
59.883743
59.848255
59.862465
59.881790
59.916702
59.901440
59.886944
59.929375
59.875198
Control Period
59.900642
59.889534
59.898849
59.872963
59.898430
59.897408
59.910851
59.901089
Control Period
59.875103
59.895199
59.899937
59.888577
59.878563
59.878433
59.890526
59.861282
Control Period
59.868515
59.874557
59.865662
59.883808
59.864639
59.933537
59.885216
59.895554
59.894978
59.913792
Control Period
59.878014
59.904289
59.910496
59.875744
59.894913
59.898113
59.919746
59.891006
Control Period
59.843010
59.887680
59.859390
59.869698
59.884003
59.863552
59.870209
59.883232
59.903969
Control Period
59.892864
59.906593
59.872032
59.885986
59.874878
59.905090
59.871456
59.877281
Control Period
59.900673
59.926559
59.885986
59.889503
59.900162
59.883423
59.892159
59.887970
Control Period
59.863297
59.894051
59.889183
59.879265
59.877472
59.865631
59.889217
59.888351
59.897087
Control Period
59.912960
59.905502
59.849854
59.893696
59.896385
59.908478
59.917824
59.891647
Control Period
59.849152
59.890369
59.889442
59.879616
59.899521
59.887520
59.919617
59.895008
Control Period
59.905602
59.878944
59.893150
59.861664
59.874878
59.902912
59.891041
59.854752
Control Period
59.893120
59.880222
59.913376
59.888222
59.912544
59.902077
59.909920
59.887390
Control Period
59.890144
59.916927
59.910942
59.897827
59.889954
59.877762
59.883293
59.879135
59.883648
59.876350
Control Period
59.894753
59.881569
59.902401
59.920097
59.888222
59.911934
59.914879
59.918114
Control Period
59.877151
59.925667
59.879997
59.896992
59.887459
59.874977
59.916481
59.900032
Control Period
59.923649
59.889885
59.902176
59.908958
59.926018
59.932510
59.913185
59.927299
59.888412
Control Period
59.878399
59.898499
59.900192
59.910721
59.908607
59.903137
59.897247
59.939743
59.902275
Control Period
59.916931
59.862816
59.890945
59.897888
59.909088
59.919041
59.925503
Control Period
59.922527
59.904770
59.912354
59.890114
59.906464
59.902977
59.891357
59.876419
Control Period
59.939102
59.902431
59.948318
59.882690
59.904259
59.872322
59.906883
59.920639
Control Period
59.912640
59.916061
59.873474
59.901600
59.923584
59.944641
59.893696
59.894207
59.898624
Control Period
59.914177
59.929409
59.896286
59.882271
59.892479
59.906689
59.921856
59.913246
Control Period
59.938751
59.922882
59.876545
59.871681
59.916126
59.905922
59.910656
59.985279
59.905472
Control Period
59.918880
59.917282
59.905567
59.876095
59.883362
59.866722
59.886078
59.890785
Control Period
59.911362
59.900864
59.887009
59.880577
59.886463
59.919167
59.915455
59.873024
59.920769
Control Period
59.897667
59.921410
59.891712
59.902752
59.891041
59.894592
59.883297
Control Period
59.879330
59.898304
59.886589
59.879906
59.880287
59.870529
59.893055
59.875389
Control Period
59.907043
59.879646
59.858559
59.865345
59.859104
59.878368
59.900414
Control Period
59.890816
59.872448
59.864223
59.850563
59.880577
59.879074
59.906174
59.868706
59.861954
Control Period
59.886909
59.896191
59.892738
59.888737
59.878975
59.891552
59.898430
59.896736
Control Period
59.881859
59.859650
59.866753
59.882881
59.896481
59.859936
59.874752
59.878113
59.896477
Control Period
59.889954
59.873119
59.889023
59.910851
59.868256
59.864159
59.893311
59.877247
Control Period
59.887070
59.858433
59.853825
59.841026
59.874527
59.873444
59.866047
59.890400
Control Period
59.889824
59.922592
59.897823
59.908897
59.902466
59.891197
59.900734
59.875458
59.909985
59.914307
Control Period
59.880959
59.869312
59.911041
59.889633
59.896286
59.885986
59.874336
59.919777
Control Period
59.930847
59.910400
59.888161
59.873055
59.898659
59.910690
59.893890
59.891106
Control Period
59.884735
59.874146
59.868000
59.874146
59.897247
59.900639
59.890244
59.894173
59.886944
Control Period
59.856033
59.891838
59.879906
59.916832
59.917534
59.915329
59.918144
59.896545
59.918816
Control Period
59.921856
59.916451
59.919712
59.927261
59.898499
59.918526
59.907806
59.893982
Control Period
59.891296
59.910976
59.905216
59.888897
59.916771
59.913506
59.906719
59.892769
59.937984
Control Period
59.915390
59.940414
59.898659
59.920383
59.928574
59.908066
59.896225
59.892899
Control Period
59.900253
59.870209
59.881599
59.883968
59.884064
59.900928
59.880737
59.879841
Control Period
59.873215
59.890755
59.873985
59.875969
59.877342
59.893250
59.865376
59.885185
Control Period
59.889473
59.881981
59.895134
59.882050
59.852577
59.885185
59.879711
59.882401
Control Period
59.866974
59.862881
59.881313
59.892899
59.850880
59.869667
59.897152
59.881760
59.904800
Control Period
59.933567
59.906433
59.904160
59.893921
59.878563
59.896000
59.873535
59.881985
Control Period
59.902527
59.923363
59.906242
59.895008
59.874878
59.889694
59.885437
59.854561
Control Period
59.861954
59.894688
59.881119
59.900417
59.878304
59.877407
59.889503
59.892704
59.897152
Control Period
59.895615
59.891327
59.877823
59.890911
59.872097
59.868416
59.869087
59.865952
Control Period
59.907104
59.905891
59.878082
59.877728
59.890015
59.884544
59.889984
59.883297
59.901955
Control Period
59.892258
59.872673
59.876930
59.895874
59.865341
59.875359
59.884960
59.877472
Control Period
59.888512
59.870049
59.891357
59.904449
59.894333
59.875778
59.881569
59.888992
59.893410
Control Period
59.861954
59.902687
59.903709
59.889984
59.883934
59.850594
59.886879
59.884800
Control Period
59.892578
59.864544
59.890144
59.893570
59.887230
59.873920
59.864799
59.878944
59.874592
Control Period
59.900833
59.899361
59.901535
59.866051
59.890945
59.890816
59.880417
59.872353
Control Period
59.849121
59.893822
59.919167
59.915970
59.893345
59.885056
59.854816
59.868546
59.904255
Control Period
59.883297
59.908829
59.894817
59.888416
59.873920
59.885406
59.903263
59.885345
Control Period
59.886818
59.874466
59.874046
59.880287
59.928097
59.887230
59.860451
59.886147
Control Period
59.889282
59.877697
59.881889
59.885056
59.871872
59.888191
59.899616
59.871361
59.879005
Control Period
59.859360
59.886429
59.908607
59.873470
59.873600
59.884544
59.859329
59.895714
59.869728
Control Period
59.886978
59.849411
59.843613
59.865601
59.894497
59.880829
59.895714
59.936417
59.858879
Control Period
59.875427
59.870304
59.873055
59.888447
59.879936
59.874657
59.898109
59.882141
59.885826
Control Period
59.877888
59.863041
59.883392
59.888577
59.888222
59.895966
59.877022
59.886017
59.885155
Control Period
59.865601
59.904831
59.896095
59.898144
59.876030
59.888290
59.890816
59.925217
Control Period
59.870880
59.899010
59.885567
59.885567
59.886177
59.889694
59.872353
59.899582
Control Period
59.891872
59.898178
59.878944
59.868671
59.888000
59.890495
59.881699
59.913986
Control Period
59.887169
59.916096
59.906528
59.916641
59.891586
59.922207
59.903072
59.901600
59.888962
Control Period
59.872608
59.901184
59.899551
59.880352
59.841633
59.868416
59.876385
59.910847
Control Period
59.918915
59.902176
59.891617
59.862366
59.895840
59.897438
59.883293
59.877731
59.887970
Control Period
59.869629
59.879009
59.877312
59.890079
59.880226
59.879391
59.864384
59.875389
59.875744
Control Period
59.868706
59.863808
59.889053
59.873985
59.874401
59.867264
59.847069
59.883842
Control Period
59.873760
59.881729
59.846466
59.842720
59.868736
59.867809
59.878113
59.872673
59.859459
Control Period
59.899040
59.876610
59.893600
59.884800
59.860352
59.874336
59.877857
Control Period
59.870499
59.897858
59.892418
59.894051
59.880257
59.874718
59.859680
59.868546
59.864769
Control Period
59.834595
59.853664
59.872543
59.858719
59.952896
59.923523
