56.7132
59.6527
60.4434
62.5405
62.5905
62.9773
62.53
63.276
63.3599
63.3243
63.547
63.4085
63.5317
62.6434
63.4484
63.8749
62.7228
63.7633
63.1439
63.0019
63.2252
63.1999
62.7926
63.5384
64.1131
63.766
63.3983
62.855
63.5611
63.4752
63.3329
62.9156
63.5456
63.168
62.2251
62.063
63.9426
64.2328
63.4608
63.4256
63.5717
63.4815
63.3416
63.4821
63.5961
62.7402
64.6849
64.1233
62.825
62.5206
62.1821
63.1236
62.9597
62.7966
63.1138
64.4479
63.2673
62.7415
62.9152
63.2654
63.8685
63.8999
63.602
63.3669
63.1762
63.5249
63.3463
63.3249
62.6403
63.6477
63.3212
61.0788
63.8991
63.1715
62.2502
62.0304
62.481
62.6526
64.0994
63.3307
63.1067
63.4154
62.9993
62.4125
62.9942
61.5516
63.0606
62.9906
62.8927
63.5707
63.8179
63.7078
62.9646
62.3584
62.6732
63.7133
63.3687
62.5576
62.9306
62.707
63.1909
63.9054
64.1013
62.3041
63.314
62.5589
63.0016
63.4922
62.9392
63.9002
63.3193
63.2661
62.5322
62.8085
