-209.911
-647.7
-362.667
-110.655
-16.1001
3.5
-236.2
-41.7588
98.1377
88.7334
-80.3794
-44.1001
16.2759
-24.6665
44.7241
101.333
-5.7002
-41.1035
-37.207
60.6665
-82.793
-10.3999
-50.4668
-6.93115
40.7002
-28.6895
10.9331
-28
32.7334
-15.7998
18.6553
135.033
-189.104
64.6001
71.4668
-2.1001
-9.51709
-30.8999
50.4482
-149.2
-26.3447
12.3105
60.9331
44.1724
128.833
-43
-24.6333
10.3999
8.31055
-23.2998
-33.5669
6.8623
-16
80.8335
2.5
-41.2002
101.172
-126.033
-29.6333
-89.4331
-35.1377
190.172
45.3999
-84.4668
-55.5518
45.7666
31.1377
-31.8999
-9.8623
6.1665
60.6333
-18.7588
-64.6001
41.3794
24.3335
-24.3667
-38.8335
-8.44824
6.7334
16.1377
2.1665
14.2998
-2.72412
20.6206
45.7666
-75.2666
7
-16.7588
-52.7666
-65
59.6333
48.5171
63.6665
-13.2759
0.5
-26.2759
11.0332
-11.9653
-21.0669
44.1001
42.8999
-25.2412
25.0332
43.8667
-18.4482
-84.5
-16.9668
109.6
-28.6206
-89.8276
-57.8335
60.5518
-23.9653
-69
