918
918
918
907.504
875.119
856.986
851.453
850.648
850.823
839.013
836.925
841.832
846.269
842.25
840.045
840.859
839.625
841.862
846.928
846.643
844.588
842.728
845.761
841.621
841.101
838.578
838.231
840.266
838.832
839.379
837.979
839.615
838.825
839.758
846.51
837.055
840.284
843.858
843.753
843.277
841.732
844.254
836.794
835.477
836.093
839.139
841.348
847.79
845.64
844.408
844.928
845.343
844.178
842.5
842.843
842.043
846.085
846.21
844.15
849.209
849.209
842.907
841.425
836.954
835.197
844.705
846.975
842.752
839.974
842.263
843.82
842.225
841.732
842.04
845.072
844.134
840.904
842.973
844.189
842.971
841.029
840.607
840.944
841.75
841.859
842.574
842.438
843.469
845.757
841.994
842.344
841.506
838.867
835.617
838.599
841.025
844.208
843.544
843.569
842.256
842.807
842.209
841.156
843.361
845.506
844.244
845.495
847.689
846.766
842.541
841.693
847.173
845.742
841.25
838.359
841.386
840.188
836.738
