5709.91
6147.7
5862.67
5610.66
5516.1
5496.5
5736.2
5541.76
5401.86
5411.27
5580.38
5544.1
5483.72
5524.67
5455.28
5398.67
5505.7
5541.1
5537.21
5439.33
5582.79
5510.4
5550.47
5506.93
5459.3
5528.69
5489.07
5528
5467.27
5515.8
5481.34
5364.97
5689.1
5435.4
5428.53
5502.1
5509.52
5530.9
5449.55
5649.2
5526.34
5487.69
5439.07
5455.83
5371.17
5543
5524.63
5489.6
5491.69
5523.3
5533.57
5493.14
5516
5419.17
5497.5
5541.2
5398.83
5626.03
5529.63
5589.43
5535.14
5309.83
5454.6
5584.47
5555.55
5454.23
5468.86
5531.9
5509.86
5493.83
5439.37
5518.76
5564.6
5458.62
5475.67
5524.37
5538.83
5508.45
5493.27
5483.86
5497.83
5485.7
5502.72
5479.38
5454.23
5575.27
5493
5516.76
5552.77
5565
5440.37
5451.48
5436.33
5513.28
5499.5
5526.28
5488.97
5511.97
5521.07
5455.9
5457.1
5525.24
5474.97
5456.13
5518.45
5584.5
5516.97
5390.4
5528.62
5589.83
5557.83
5439.45
5523.97
5569
