80
80.281
81.0359
81.6597
82.1756
82.6025
82.9558
83.2443
83.4825
83.6796
83.8401
83.9685
84.071
84.1547
84.2233
84.2776
84.319
84.3503
84.3744
84.3859
84.3931
84.3952
84.3937
84.3881
84.382
84.3782
84.3686
84.3618
84.3535
84.3441
84.3345
84.3257
84.3145
84.2993
84.286
84.273
84.2581
84.2477
84.2386
84.2261
84.2145
84.2017
84.1885
84.1737
84.1609
84.1505
84.1353
84.1235
84.1118
84.101
84.0914
84.082
84.0729
84.067
84.061
84.0559
84.0484
84.0398
84.0297
84.0154
84.0052
83.994
83.9849
83.9762
83.9676
83.9591
83.9513
83.9414
83.9325
83.922
83.913
83.9039
83.8959
83.8924
83.8834
83.8767
83.869
83.8626
83.8592
83.8544
83.848
83.846
83.8453
83.8428
83.8405
83.839
83.8365
83.8379
83.8358
83.8299
83.8262
83.823
83.8191
83.8152
83.8125
83.814
83.8124
83.8095
83.8064
83.804
83.8019
83.8001
83.8019
83.7997
83.7975
83.7975
83.7968
83.7961
83.7956
83.797
83.7927
83.7934
83.79
83.7851
83.7834
