0.723089
0.858191
0.848349
0.846946
0.845683
0.864785
0.840861
0.844719
0.839602
0.866864
0.851692
0.839851
0.86187
0.852602
0.837858
0.836989
0.863271
0.861621
0.839774
0.855326
0.836195
0.854815
0.854494
0.852599
0.822803
0.872341
0.849782
0.846735
0.844687
0.848437
0.865899
0.854285
0.836741
0.849643
0.858366
0.853337
0.843853
0.849115
0.837484
0.861646
0.861474
0.844718
0.861378
0.84433
0.826424
0.87451
0.838961
0.850824
0.845776
0.854168
0.852089
0.84922
0.85468
0.847436
0.847919
0.852504
0.862077
0.839637
0.84305
0.840514
0.864064
0.840065
0.869023
0.847347
0.845722
0.850836
0.845728
0.854314
0.838857
0.847184
0.853299
0.851802
0.851406
0.847092
0.864912
0.843541
0.849183
0.852301
0.840534
0.861139
0.825456
0.869375
0.858723
0.831858
0.860274
0.863408
0.843145
0.846173
0.861324
0.844541
0.847628
0.858946
0.85125
0.837938
0.845622
0.841407
0.849718
0.853176
0.842873
0.859655
0.847962
0.853338
0.847771
0.866293
0.849371
0.823392
0.857222
0.855964
0.860734
0.839525
0.846969
0.857536
0.837016
0.863542
0
