0.709026
0.893717
0.854041
0.834829
0.843837
0.845752
0.846796
0.847847
0.847193
0.86096
0.857312
0.849652
0.845623
0.837368
0.849638
0.85328
0.856731
0.849114
0.853774
0.836956
0.84933
0.851462
0.838646
0.860347
0.848987
0.844143
0.85342
0.852889
0.850133
0.854262
0.847517
0.835894
0.867125
0.844439
0.847355
0.845358
0.865598
0.838317
0.846669
0.851232
0.845083
0.87063
0.854976
0.84373
0.85393
0.825754
0.872584
0.840524
0.863275
0.853536
0.843167
0.851129
0.853149
0.834696
0.851409
0.85105
0.850434
0.846537
0.86095
0.840048
0.864507
0.8466
0.844006
0.857061
0.857586
0.839562
0.834203
0.854824
0.848301
0.856604
0.861509
0.854198
0.85078
0.845117
0.83487
0.845128
0.851919
0.850817
0.865912
0.845967
0.845939
0.845035
0.861966
0.845754
0.843745
0.849264
0.859721
0.845993
0.858926
0.850213
0.850155
0.851175
0.836962
0.849642
0.839314
0.85675
0.852256
0.838769
0.854509
0.852048
0.85485
0.838916
0.852417
0.863788
0.849827
0.856931
0.836501
0.859802
0.840819
0.841458
0.85689
0.847135
0.857515
0.859701
0.840587
