160
152.116
155.745
159.193
161.594
163.022
162.622
162.208
161.339
162.156
161.927
162.231
162.659
163.722
162.669
162.802
161.749
161.799
162.276
162.516
162.896
162.621
162.375
162.422
162.158
161.918
161.611
162.333
162.185
162.86
162.865
162.366
161.571
161.693
161.153
161.403
161.235
161.889
163.102
163.043
163.346
163.33
163.785
164.336
163.684
164.019
162.848
163.034
162.597
162.875
163.002
163.249
163.409
162.411
162.388
162.596
162.776
163.638
163.052
163.213
162.944
162.088
162.512
162.106
162.006
162.944
163.114
163.127
162.417
163.012
164.314
163.177
163.075
162.505
162.761
163.106
164.066
163.612
163.162
161.14
161.862
162.297
162.093
163.111
162.703
162.485
161.692
161.542
161.595
162.131
162.892
163.138
163.849
163.491
163.479
163.476
163.001
163.159
163.187
163.443
163.623
163.753
163.06
162.493
162.289
162.898
163.132
162.91
162.781
161.739
161.81
162.553
162.537
162.184
