80
74.6351
79.6605
82.1808
81.6931
80.4142
80.0486
80.5645
79.4425
79.6849
80.258
79.8902
81.0279
80.9282
80.2844
80.7854
80.2632
80.457
80.9767
81.3611
80.8067
80.1858
79.8639
80.4233
80.0217
80.281
80.2584
80.6705
80.9383
80.031
79.649
80.393
80.919
79.5328
79.96
79.4951
80.4547
81.2435
80.5619
79.9425
80.3342
81.2675
81.3069
81.0425
80.9575
80.2252
80.2294
79.8059
81.1558
81.9523
81.6993
80.5636
80.2858
80.2056
81.1027
81.0275
82.2109
81.3776
80.7044
80.8835
80.7878
80.8527
80.9945
81.5469
80.5231
80.5905
80.8789
80.5869
81.111
81.1101
81.1516
80.6639
80.77
80.4182
80.4058
79.9316
80.4685
79.925
81.9517
81.2196
79.7222
80.6345
80.4771
81.391
80.8345
80.4066
81.0002
79.8628
79.9562
81.0619
80.811
81.7577
80.9316
80.665
80.4076
80.4553
81.119
80.9408
80.3857
81.4478
81.2636
81.3681
80.5442
80.9494
80.6897
81.6404
80.8037
80.9781
82.1584
80.1863
81.0691
79.6682
80.0247
80.8562
