0.708638
0.759286
0.75727
0.763328
0.757904
0.752404
0.745975
0.751051
0.753774
0.746457
0.749948
0.748564
0.756926
0.745259
0.755045
0.742155
0.748697
0.751752
0.747948
0.755157
0.749837
0.748897
0.749971
0.748932
0.749901
0.747618
0.752427
0.749082
0.755367
0.75192
0.743396
0.74676
0.755284
0.744756
0.754485
0.745403
0.749326
0.756505
0.752416
0.752047
0.745593
0.751756
0.754875
0.747258
0.754214
0.745571
0.751041
0.742496
0.75065
0.752263
0.750152
0.753288
0.747936
0.747009
0.749557
0.752515
0.752599
0.751179
0.74627
0.750898
0.744806
0.752337
0.748338
0.749849
0.753295
0.7492
0.751698
0.74908
0.749907
0.75739
0.746364
0.751018
0.745391
0.749305
0.75077
0.752545
0.752269
0.747335
0.740306
0.756725
0.750564
0.748119
0.75138
0.748063
0.750948
0.745259
0.753931
0.74991
0.749409
0.754734
0.747736
0.75602
0.747182
0.749513
0.752961
0.743443
0.75303
0.751234
0.748489
0.749939
0.752852
0.74757
0.749334
0.74933
0.748963
0.75121
0.749039
0.751139
0.745338
0.747724
0.754934
0.750788
0.74804
0.754233
