57.8867
58.6913
59.8292
61.8812
63.8563
62.1283
61.9286
62.055
60.9642
61.8071
62.4195
62.4375
62.1303
62.9634
60.2518
62.658
61.8515
61.9919
63.1421
62.3172
62.7021
62.592
61.6958
62.6905
61.8106
62.9284
61.9026
62.123
62.0948
62.129
62.2362
62.4173
61.9005
61.7549
61.5496
61.4196
62.1298
62.9569
62.8518
61.9441
62.1418
62.8826
62.5752
62.4968
62.6284
61.8897
62.2096
61.8191
61.6667
61.2661
63.8144
62.6105
61.4462
61.4858
62.9803
60.0835
62.6862
61.3081
62.5386
62.1203
62.5611
61.8315
61.3456
62.6072
62.158
63.0779
62.5482
60.8217
62.2798
61.7759
61.7882
61.4601
62.1526
63.2682
63.7038
63.9956
62.8966
60.4031
62.7192
62.3709
60.9119
62.5252
62.1336
63.0225
62.9339
62.6247
62.0981
61.8548
61.5336
61.4558
61.6005
62.5499
62.9202
63.8582
62.2249
63.0351
62.2081
62.5033
62.1533
62.4457
62.2625
62.5269
61.5372
61.345
61.2011
63.4206
62.7053
60.2823
63.785
62.132
64.0026
62.3272
61.6941
61.6087
