59.260063
58.534752
58.546242
58.519806
58.615005
58.533504
58.493568
58.504864
58.532990
58.506241
58.535648
58.497406
58.542046
58.616287
58.563007
58.541283
58.542366
58.537312
58.548477
58.508095
58.521313
58.549950
58.620129
58.531391
58.510303
58.516899
58.532063
58.567490
58.564705
Control Period
58.698334
56.686848
57.842590
58.693726
58.705826
58.690338
58.401405
58.835197
58.747681
Control Period
62.231682
58.717697
58.757507
58.715294
60.686497
58.702881
58.721535
58.744736
58.711231
58.760864
Control Period
62.148415
62.281857
59.639648
58.755043
61.996063
60.786911
59.308960
58.735138
Control Period
63.901054
60.465279
58.701824
58.740799
58.726723
58.731522
58.790497
58.701183
58.712578
Control Period
61.888000
62.216190
59.438210
59.317249
62.039330
60.857727
60.684959
Control Period
59.720131
58.719681
61.240097
62.036129
58.703392
60.877888
58.733856
62.208420
61.053505
Control Period
62.369087
59.193344
62.151230
62.187138
58.710045
58.739777
Control Period
58.742016
58.719299
61.191105
62.434845
58.741249
58.706879
58.716576
58.699104
Control Period
61.078144
59.530434
58.712418
62.236382
58.688835
58.735489
62.287647
58.763390
Control Period
58.756035
61.109535
58.767105
61.207970
58.733471
59.565151
58.703934
58.710274
58.771523
Control Period
58.736290
58.753281
62.419998
59.889473
61.011135
61.522720
60.036610
58.714622
61.747009
Control Period
61.127712
58.701344
59.745792
59.223648
61.548866
60.094208
62.172577
62.233246
Control Period
62.302238
62.063171
60.071297
58.743233
58.717888
59.591232
61.982880
60.158047
Control Period
63.223869
59.717438
60.680130
61.351936
62.280575
62.334045
62.069122
61.030655
Control Period
60.215168
58.679649
61.839458
58.744606
61.951679
58.770401
60.087296
58.695999
58.729408
Control Period
62.287521
59.129982
58.748928
62.257343
58.728065
61.329056
60.848770
58.733440
Control Period
62.355133
59.030655
58.690048
59.613373
62.281662
60.446049
61.793026
60.756706
Control Period
62.216320
61.671135
60.572388
60.797058
61.910812
60.232254
59.702782
58.978016
58.738911
59.469791
Control Period
59.159233
60.793407
62.139458
62.314911
60.255009
58.728737
61.399582
62.560608
Control Period
61.597153
59.115967
60.017056
61.767937
58.926144
59.533600
59.833374
61.267906
Control Period
60.603680
61.836353
60.198048
58.748863
59.099167
60.539009
59.415264
58.724159
Control Period
58.980797
60.456993
62.013248
59.897438
59.175171
58.699680
62.124962
62.225697
Control Period
60.734879
59.372963
58.729664
58.719646
59.678978
62.424961
60.716385
59.762207
Control Period
61.128098
58.732033
62.088478
59.755676
62.258080
58.856033
60.271553
61.748291
Control Period
61.026909
58.717857
62.275650
59.873314
58.703232
60.795712
58.752159
58.722946
62.286781
Control Period
59.527069
58.763008
61.079330
58.716255
60.697887
61.615135
58.756767
60.919487
61.337505
Control Period
62.143105
61.988899
60.967422
58.734627
58.710880
58.732704
62.670013
62.577919
Control Period
58.729473
58.715935
59.310432
60.478561
61.720448
60.782272
60.263268
58.842911
Control Period
61.014111
58.784992
58.703293
60.364349
61.374146
60.842911
60.036896
58.686142
Control Period
59.593025
58.708351
61.209728
61.141888
58.716480
61.412064
58.690498
59.875233
62.409248
Control Period
59.875389
58.702431
60.278271
62.293633
62.462238
62.315742
62.079327
Control Period
58.766304
60.805695
59.763489
61.150307
58.763519
58.703392
62.292095
Control Period
59.943424
60.696384
58.718819
59.900894
60.074242
58.756927
60.410496
60.016861
Control Period
58.735008
62.338882
58.710304
62.445919
58.699329
60.337280
58.742371
Control Period
61.798111
58.705471
58.785507
61.498302
59.361599
58.741184
58.702496
60.136417
62.287102
Control Period
61.396866
60.936192
59.945023
58.734818
59.110271
59.184734
61.722401
60.615356
60.164223
Control Period
60.920387
59.049469
59.630848
60.076481
58.660355
61.108479
59.979843
59.248512
58.699104
Control Period
58.735649
60.182304
62.289185
60.488640
61.491875
61.960159
58.967522
59.858849
Control Period
61.919556
61.577248
60.471230
58.980831
58.775810
59.839199
59.786018
61.529823
60.606720
Control Period
62.328735
61.146851
60.657410
59.708191
58.746304
58.877823
61.296352
60.174271
60.896961
Control Period
61.744705
62.332321
60.058083
58.728256
62.325821
59.513119
58.814400
60.818626
62.256191
Control Period
60.805313
62.059105
59.738655
62.108223
62.142143
61.152802
59.653728
59.817726
60.811424
Control Period
60.655235
60.308739
58.717506
60.214497
62.543808
62.697727
60.706432
62.281502
61.012413
Control Period
62.624191
60.537601
58.742081
58.917568
59.036896
61.387009
59.069633
62.078400
Control Period
61.623585
60.585728
59.466370
61.964191
59.865501
58.741184
62.571873
62.081505
Control Period
58.736351
58.980160
58.712898
58.800575
62.335838
62.265953
58.707550
58.746239
Control Period
62.369408
58.829857
58.737602
62.669983
58.821632
62.392288
58.715935
62.380032
59.064354
Control Period
60.333183
62.548126
61.734753
62.225693
62.306946
62.324959
62.295746
58.738434
60.992928
Control Period
62.766525
62.090015
59.212158
59.045185
62.373344
62.106659
62.174881
61.941185
Control Period
61.173569
59.563969
58.720448
58.708897
58.720993
59.369438
58.885727
61.704445
60.629921
Control Period
62.341919
61.123936
58.762943
60.034851
62.274078
61.485634
59.678909
58.736801
Control Period
58.764927
58.725151
62.229309
60.580353
62.487137
62.202339
62.397152
Control Period
61.846786
58.733665
62.267746
58.723808
62.071007
59.126400
62.047329
58.724899
61.706108
Control Period
61.762688
58.740608
58.726208
58.986080
60.745087
62.506687
58.768387
61.210175
61.946625
Control Period
63.723457
62.225632
62.053120
62.322433
61.793182
62.302818
62.184383
62.051456
Control Period
62.497150
58.684319
58.735329
61.610752
60.695583
58.823807
62.332191
58.718880
58.776543
Control Period
59.539104
61.580482
62.478561
61.343422
60.609154
62.113251
61.518753
Control Period
61.276608
59.669857
60.986465
62.058495
58.907234
58.711586
59.101761
58.719650
59.998306
Control Period
62.494972
62.460415
60.109505
58.762527
58.724861
61.431904
62.177475
62.611198
Control Period
58.709312
59.181538
60.671394
61.374115
62.013885
62.150784
61.922241
61.526623
59.485344
Control Period
59.949440
62.631264
61.703362
58.725662
62.298431
61.353279
59.714783
59.125473
Control Period
61.024193
61.955040
62.145149
62.233536
62.538143
62.127396
61.250751
59.297024
Control Period
61.489952
60.375488
59.126400
58.744125
62.511650
61.416702
58.716225
58.704128
61.127136
Control Period
58.698494
62.356865
59.256195
58.863007
58.733345
62.227325
58.727745
58.721760
Control Period
62.565186
59.753181
59.379074
61.962593
60.626720
58.947556
60.223038
61.207615
58.706879
Control Period
59.845921
62.192032
61.367874
58.728001
60.999390
62.200863
61.120514
58.797729
Control Period
60.110718
62.547489
61.227039
62.387775
62.250687
61.481697
62.023262
62.279617
Control Period
60.463490
61.098625
60.657890
58.733150
62.271324
58.752701
60.221695
58.777374
59.104195
60.074402
Control Period
62.331940
62.379745
58.734402
59.298111
58.736801
60.458878
60.417473
62.411392
Control Period
61.579712
62.381248
60.415615
62.429665
60.895489
58.736225
60.553154
62.012032
Control Period
64.042557
61.839844
60.406689
58.917213
58.716385
59.627998
62.068352
62.014015
Control Period
59.843777
59.484032
58.702560
61.403999
61.138275
58.701633
60.186111
62.122307
58.769058
Control Period
59.546173
62.380127
58.695583
58.798817
61.537437
58.740608
58.705185
60.146912
Control Period
58.732960
58.734463
58.760033
58.721760
58.779648
59.484802
58.715744
62.213310
61.094593
Control Period
61.906815
59.677216
58.726402
58.750175
60.537727
60.675522
58.705597
59.430241
59.409470
Control Period
61.485569
60.446785
62.160992
58.717537
61.910881
61.013214
62.043777
58.735935
Control Period
64.891327
62.114880
62.195778
62.360863
61.173470
62.119072
62.140064
61.028641
59.991425
Control Period
64.458084
62.252739
59.616638
61.364578
62.170876
61.025887
60.683075
Control Period
58.715935
58.719421
61.060318
58.747581
59.184608
62.110271
58.750977
Control Period
63.739361
58.759262
62.007294
58.821056
61.244991
59.734467
59.271969
60.617344
58.725632
Control Period
62.298016
58.700035
58.741119
62.596352
58.757343
58.980705
62.370590
59.192093
Control Period
60.865505
58.721603
61.542210
58.726082
61.255424
60.777344
60.138176
61.694881
58.730431
Control Period
60.627007
58.868801
59.634911
62.626686
62.240097
61.427967
58.976608
60.333443
Control Period
61.943459
62.335938
60.074654
60.750816
58.721504
60.528511
58.965088
61.750431
Control Period
62.346592
58.743423
58.707775
62.281601
60.954815
61.469986
62.044384
62.151741
Control Period
58.749855
62.078175
61.698402
58.702560
58.737343
62.394974
60.778877
60.616417
Control Period
60.447998
59.062431
61.664673
58.719521
62.178658
58.677505
59.845951
58.696861
Control Period
59.867714
58.725311
62.533409
59.518013
60.279839
60.887970
58.685440
62.314781
58.704288
Control Period
59.461983
58.756126
58.808609
60.658592
62.143234
61.683426
61.198494
62.471649
Control Period
62.127361
58.771454
58.705246
62.567265
62.456448
61.989471
60.718689
59.648354
58.719742
Control Period
62.551582
60.810333
58.715042
59.699615
62.140610
58.725441
61.827969
62.643265
Control Period
60.475426
58.727455
60.864990
59.375359
62.413761
61.321472
62.259232
58.769535
58.704479
Control Period
58.989697
59.428734
61.997761
59.180607
58.747936
58.725410
60.516579
62.457504
61.155041
Control Period
60.620605
62.406559
60.801918
58.807426
60.972065
59.976387
61.792126
62.233471
Control Period
59.974464
62.491646
60.805054
59.280960
58.736256
58.721985
58.751457
62.432961
62.236931
60.646721
Control Period
62.484322
61.775009
58.814339
59.465698
62.315426
62.665344
61.375870
59.351265
Control Period
58.732063
61.116192
59.845600
58.744801
61.244865
59.587997
62.093857
61.962563
59.387775
Control Period
62.230240
62.196289
58.728386
59.184158
59.773247
60.603840
61.608738
62.202690
Control Period
62.052284
62.230431
59.424637
58.814621
60.739555
61.080959
58.734657
60.379745
62.210243
Control Period
63.364864
62.284286
62.135361
59.496643
62.465919
62.275139
60.025726
58.713120
62.341347
Control Period
60.045441
58.731968
60.460419
62.613182
61.259491
62.328125
60.372128
58.693409
Control Period
62.426434
60.914082
61.996864
62.342079
62.045059
62.208420
61.216637
58.728386
Control Period
62.161121
61.666656
58.698303
60.145630
62.257889
58.730179
58.750977
62.126881
Control Period
58.689346
60.000607
62.230621
60.841377
61.921852
58.742847
62.308353
58.711517
62.288994
59.696289
Control Period
61.402115
58.719616
59.720352
58.979614
58.724640
61.567680
60.575714
62.176674
Control Period
60.199074
59.189663
61.094978
59.849182
62.302914
61.686337
62.400192
60.495552
Control Period
64.568985
62.346657
62.424610
62.435680
62.172512
62.036995
62.476128
61.008865
61.185471
Control Period
58.695007
59.281281
58.718369
58.819710
58.729343
61.662750
62.259647
62.204159
Control Period
58.706657
61.727264
61.328033
58.688385
62.138908
58.704224
62.112480
59.531166
Control Period
58.699585
58.693439
58.727936
58.732800
58.715008
59.362240
60.393761
60.516739
Control Period
60.706398
59.514114
60.014400
58.953472
58.712318
58.799232
62.633793
61.962173
61.600353
Control Period
60.234367
62.183968
61.205505
59.724449
62.340065
61.986176
60.595936
59.906368
Control Period
60.055969
60.988930
58.721024
62.122593
61.065315
61.830750
60.196320
58.723713
58.404289
Control Period
64.635040
64.670784
64.690369
65.291641
65.157410
