0.722879
0.90262
0.921797
0.907108
0.900789
0.879541
0.90749
0.895478
0.899996
0.910697
0.903267
0.894245
0.89883
0.894763
0.911246
0.893542
0.90021
0.897878
0.913837
0.87683
0.904257
0.914674
0.880869
0.918685
0.897744
0.89589
0.900554
0.915331
0.89516
0.901168
0.884036
0.906344
0.87862
0.92556
0.903636
0.902571
0.865453
0.916555
0.903577
0.901751
0.910888
0.895588
0.901305
0.894813
0.918807
0.883515
0.900323
0.898172
0.887644
0.918435
0.894914
0.89617
0.895962
0.902922
0.907153
0.877302
0.920034
0.883021
0.923465
0.894158
0.898516
0.891344
0.904615
0.90722
0.898214
0.902256
0.913242
0.886182
0.898337
0.896726
0.894535
0.913876
0.891961
0.906556
0.88992
0.902528
0.905447
0.88818
0.908102
0.900821
0.906185
0.92115
0.891992
0.887833
0.887283
0.91289
0.891815
0.905618
0.896477
0.910046
0.887648
0.898363
0.903065
0.89605
0.901371
0.910872
0.9018
0.88933
0.899739
0.899045
0.89799
0.899829
0.904474
0.897085
0.908343
0.902965
0.88555
0.907066
0.890772
0.909223
0.897439
0.902268
0.904687
0.90551
