160
124.737
121.112
120.984
121.203
121.84
122.519
122.169
122.704
122.269
122.175
121.948
122.117
122.44
122.832
123.145
123.806
123.301
121.437
121.986
122.382
122.664
122.116
121.95
122.216
122.269
122.626
121.817
121.958
121.834
122.7
122.749
121.68
121.648
121.386
121.369
121.812
122.212
122.231
122.335
122.564
122.311
122.643
122.425
122.22
122.389
122.703
122.068
122.38
122.259
122.501
121.831
122.334
122.47
122.4
121.803
121.513
121.87
122.317
122.515
123.408
122.648
123.046
121.749
122.311
122.43
122.028
122.118
122.077
122.305
121.229
122.98
123.438
123.61
122.871
123.261
123.633
123.159
122.699
121.987
123.016
121.545
122.106
122.248
121.743
122.222
123.027
122.499
122.112
121.948
122.415
122.598
123.325
122.468
123.303
122.711
121.746
122.306
123.443
122.595
121.97
121.957
122.406
122.283
123.344
122.307
121.474
122.409
122.733
122.611
122.156
122.609
122.343
122.775
