80
56.7374
63.1023
64.005
63.484
63.2605
64.1342
62.3802
63.4913
62.5789
62.5313
62.7667
63.12
62.809
63.293
63.3656
63.6962
62.9084
61.6284
62.5317
63.8568
62.9428
62.5973
62.0588
63.0062
62.784
63.6895
62.2856
62.093
61.9396
63.926
63.2635
62.4425
62.9176
62.9408
62.2578
62.9968
63.9811
63.1781
63.0484
62.9199
62.6679
62.8079
62.3196
62.7542
62.8958
62.7729
62.4529
62.6855
63.8224
62.5208
63.1286
62.982
63.4778
63.0518
62.3588
62.6644
63.5228
64.0815
63.4533
63.6346
62.3604
63.2484
62.7646
63.1123
62.4115
63.0077
62.6267
63.0056
63.366
62.153
64.3897
62.6343
63.2083
62.6183
62.7233
63.4216
63.0639
62.9507
62.8792
63.3411
61.8555
62.151
62.9815
62.3899
63.6481
63.7573
62.2631
62.6271
62.5488
62.9497
63.7131
63.2153
62.7145
62.9885
62.8928
62.9442
63.3123
62.8923
62.7057
62.9695
63.0303
63.5771
63.3826
63.2372
62.2212
62.056
63.7358
63.2347
63.9321
63.271
62.7414
62.8515
62.6462
