60.194336
59.880383
59.871777
59.889023
59.906174
59.921501
59.890846
59.877888
59.863136
59.856003
59.893410
59.864449
59.884480
59.909439
59.865440
59.892353
59.864738
59.877762
59.873985
59.883904
59.878242
59.877247
59.913506
59.884926
59.906494
59.884254
59.884544
59.889248
Control Period
59.902206
54.534782
54.064194
54.036034
54.007202
54.011070
54.270111
54.814110
54.471619
54.510208
Control Period
57.705280
53.983135
54.012062
54.893250
54.033699
54.033249
57.688095
55.389374
Control Period
58.062302
56.627136
54.033089
54.181728
54.023647
57.616898
54.037376
55.814785
Control Period
54.018463
54.022079
56.712898
57.719200
54.038464
55.522659
57.952576
57.521248
56.515488
Control Period
56.944351
56.935905
57.073311
54.290657
54.015903
54.281281
54.297729
54.043297
54.019680
Control Period
57.301792
54.021248
55.243744
57.772575
57.534691
54.002144
57.000992
57.339104
56.928253
Control Period
56.603775
56.323997
55.059715
55.380638
55.600418
55.386463
56.081089
54.879295
54.163712
Control Period
57.829247
56.116386
54.586304
57.779167
54.026146
56.069984
54.018974
57.789375
54.751263
Control Period
55.956863
55.839870
55.496063
55.454369
55.756001
56.638527
57.113251
57.653183
55.830429
Control Period
56.371296
56.953407
56.546688
56.105026
55.368481
55.110081
56.939041
56.757889
55.724701
Control Period
55.828320
54.974785
54.987617
55.441246
55.001442
55.522495
55.802689
57.661087
57.734207
Control Period
55.679615
54.109215
57.653183
57.734467
54.056000
56.875263
56.342785
54.197472
57.781952
Control Period
57.192703
56.359455
54.574303
55.507935
57.838593
54.076832
54.055424
57.642944
54.054848
Control Period
55.641953
57.696800
56.323807
54.664093
57.950111
56.048702
56.180992
57.910175
57.733761
Control Period
57.862049
55.407837
57.718975
55.787743
54.009827
57.661953
56.169056
57.276062
Control Period
57.520798
57.987808
57.724319
54.064865
56.194527
56.113056
57.436352
57.980545
57.701469
Control Period
55.679230
54.981441
57.351646
57.478401
57.759968
56.014786
55.522690
56.820702
57.749374
Control Period
56.342945
56.956192
57.706879
57.600739
54.238815
54.014275
57.580704
56.586082
56.637375
57.268032
Control Period
54.025246
54.127518
55.349922
55.788639
56.529823
57.940125
54.053696
54.038177
54.007423
Control Period
54.010048
56.974945
56.514656
54.022625
56.010624
57.270210
54.638115
55.654716
58.000641
Control Period
56.874367
57.816448
57.272865
56.268188
57.891712
54.738560
54.909409
57.633728
Control Period
57.726624
54.078140
54.212669
54.047264
54.041759
54.022240
56.764992
57.016544
56.878143
Control Period
57.039742
57.953438
54.620064
54.031902
57.846527
54.670303
55.411903
54.379326
57.914593
56.296127
Control Period
55.554466
55.114464
55.120094
55.814911
55.785152
56.299133
56.502274
57.611649
58.039520
Control Period
54.162720
54.015587
57.753342
57.757759
57.614594
56.850624
54.040672
54.025536
54.008545
Control Period
55.734879
54.701088
57.709248
55.972897
57.530880
55.874786
57.781181
55.718784
Control Period
57.682495
57.731487
57.736450
57.311455
56.229309
55.966690
55.646782
55.851070
55.515488
Control Period
54.041824
57.618366
58.061184
54.068352
56.250401
56.642719
56.132191
55.870144
57.584671
Control Period
56.743969
55.064991
57.684319
57.657726
56.579262
54.041885
54.032097
55.632320
57.468735
54.023232
Control Period
57.873791
55.705406
55.087875
54.765022
55.475838
57.563232
55.697887
58.198017
55.814560
Control Period
54.599968
57.720291
57.732353
56.050850
55.221504
57.691170
55.852798
57.548126
56.920158
Control Period
54.047485
54.058846
54.039970
54.052704
54.033440
54.004478
54.037186
58.282883
Control Period
57.648674
57.772385
56.580223
54.041023
54.030174
56.255806
56.375999
57.737503
54.177826
Control Period
57.903748
57.711391
57.496765
58.008129
54.043232
54.026623
54.044701
56.645569
Control Period
56.994720
57.544224
54.421856
55.774498
57.795166
54.419807
57.407200
54.091072
54.036606
Control Period
54.611008
54.633507
54.043297
54.059105
54.050819
54.046497
54.024544
54.682495
Control Period
54.840927
57.515427
57.743454
57.689857
55.362400
54.482368
54.973923
54.191456
Control Period
55.584480
54.017376
57.225056
57.658691
57.764191
56.274879
56.076000
54.068287
54.239712
Control Period
55.782623
54.540802
57.786400
57.601185
54.039265
54.170048
56.176224
56.689697
57.116993
Control Period
56.935646
56.643997
57.045731
57.042915
54.021538
57.592865
56.676064
57.003166
56.963554
Control Period
56.576477
56.935776
56.313473
55.906654
54.773315
57.951363
57.700546
54.245857
56.048096
Control Period
56.020096
56.011902
57.473442
54.960896
57.671715
56.734367
56.590847
54.049919
57.442398
57.644867
Control Period
54.019104
54.025055
56.569504
57.344643
56.011776
56.569118
55.353859
55.579552
57.705956
Control Period
54.034401
57.793213
57.765503
57.982910
57.805855
57.389793
56.717823
56.954624
Control Period
56.170208
57.348320
57.080639
54.038528
56.205536
57.004448
54.044800
57.334881
Control Period
57.704895
55.089378
55.252991
57.960159
58.184097
55.831139
54.566113
54.431870
57.643166
Control Period
56.581635
56.846306
56.578621
56.409184
56.657791
55.264511
55.236641
54.835838
54.913761
Control Period
57.677826
54.753120
54.766785
54.869087
54.957184
54.154465
54.033440
54.009377
56.044319
56.383167
Control Period
57.855453
57.440704
56.092224
57.685822
54.010624
56.145699
57.744995
56.782402
Control Period
56.152512
54.449345
57.568001
57.582466
55.575294
54.708382
55.848961
55.415550
57.525600
Control Period
57.792290
54.033539
54.026527
56.190819
56.535774
56.043262
57.317600
56.736897
54.050110
Control Period
56.804768
54.041763
55.125473
55.752800
55.971008
57.214722
56.815105
54.071617
Control Period
54.163811
57.778114
55.800735
54.052353
57.582306
56.538078
57.048927
54.064415
57.771904
Control Period
56.545792
57.067810
57.326752
54.212704
55.701248
56.309982
54.388031
57.847038
57.789314
57.048512
Control Period
57.022209
54.824287
54.286110
54.029602
54.033630
54.018654
54.616989
54.194561
Control Period
58.026047
54.063042
55.936287
56.262688
54.037025
56.005760
57.664097
54.930912
54.046047
54.043232
57.292767
Control Period
57.129951
56.833794
54.037952
54.054466
54.070721
54.034687
54.056480
54.055618
Control Period
55.899521
57.942112
57.655903
55.542206
56.936386
56.628960
57.428864
57.739552
55.705856
Control Period
57.765182
54.028221
57.537315
54.503712
56.586914
55.667679
57.631134
57.269505
55.718269
58.134979
Control Period
58.628479
57.859680
56.173153
56.407295
57.072098
56.281536
56.294685
56.942627
54.032898
57.963135
Control Period
54.804543
55.111809
57.810528
55.320671
54.718369
56.827679
54.026688
57.012482
55.869507
57.712868
Control Period
55.831776
58.034561
54.594429
55.776131
57.476990
56.889919
55.986557
56.006817
54.394943
Control Period
56.217758
54.013763
57.501022
57.550529
57.832642
55.407936
54.723743
56.969826
56.495682
55.798141
Control Period
57.261600
56.390816
57.774750
54.583359
55.706718
56.245792
57.764320
54.016609
Control Period
57.528160
54.060959
54.021889
56.406082
57.101120
57.182945
57.139999
56.325600
55.689438
Control Period
59.084702
55.269985
55.143520
56.944351
57.845570
57.473888
57.645088
58.025696
55.620831
Control Period
58.427551
55.119137
55.841789
54.642208
57.958237
57.649155
54.386272
54.759201
55.552094
Control Period
57.829887
54.295715
57.365570
56.732769
56.256992
56.391586
54.007233
54.096096
57.520767
Control Period
57.446175
56.306496
56.641182
56.019169
56.725697
56.826401
54.008320
56.594589
55.182365
54.948704
Control Period
57.997440
54.054558
55.790817
54.745728
54.019234
57.708290
55.000832
54.881184
54.758751
54.651649
Control Period
57.473442
57.660896
56.519840
57.229919
56.061821
57.384033
56.659935
57.206593
56.799583
Control Period
56.775139
55.886047
57.820576
54.038429
56.849762
55.291710
57.913155
55.056770
57.925789
55.632957
57.643265
Control Period
57.457634
57.648514
56.514786
56.743202
57.944450
56.065697
57.526146
57.618752
55.971970
Control Period
57.348190
56.057377
57.708576
55.346176
57.913826
55.507683
54.202911
54.028381
57.853153
54.590466
Control Period
57.984863
55.560448
57.581985
55.698463
54.010784
57.481216
54.989601
57.500511
55.578941
Control Period
57.435585
57.398689
56.570595
57.472801
57.398430
56.075905
55.536736
57.491325
55.883553
57.658913
Control Period
58.087746
54.721825
56.091297
57.830303
54.160351
56.221664
57.912575
54.156097
55.875553
Control Period
57.826622
55.826336
55.971840
57.724159
57.473633
56.071327
54.019329
56.720928
56.545570
Control Period
55.483521
57.636513
57.882462
55.261795
54.019836
57.379044
55.679329
54.759392
57.822334
Control Period
55.999905
57.496960
56.819069
56.250465
57.298401
56.479294
57.636097
Control Period
57.696960
57.505379
57.799263
57.850685
57.141857
56.956322
55.665855
57.823776
57.640991
Control Period
59.912003
56.268768
56.158623
57.621475
57.582367
58.086113
54.416061
55.308769
56.214973
Control Period
59.899326
56.788673
54.009697
57.617630
55.828285
55.570400
57.626305
53.991905
57.116447
55.545055
Control Period
55.690144
54.095936
54.685890
54.332767
55.541122
55.761696
56.390205
56.770943
54.947777
55.180191
Control Period
57.575554
57.644096
57.495487
57.653183
54.044704
54.046753
56.997120
57.635201
55.640579
Control Period
55.787552
55.385506
55.372513
57.513184
55.976318
57.980831
55.588707
57.968925
57.588127
Control Period
54.790878
55.648254
55.642433
57.513599
57.773438
54.017406
56.765884
56.393410
57.479523
Control Period
54.038368
54.025505
54.093281
56.035645
56.540833
57.759842
57.574753
57.899422
Control Period
57.910015
57.369057
56.758785
54.807457
55.423073
55.141376
56.598274
57.722015
Control Period
56.125153
54.046337
57.577629
57.862206
55.114914
55.922050
55.072865
56.511456
54.049858
Control Period
58.335361
55.525726
54.699360
57.524803
56.930496
55.904991
54.035614
57.839043
54.926815
Control Period
58.643105
54.780861
55.693825
58.189056
55.994240
56.729599
57.021217
56.681087
54.050816
Control Period
56.412254
57.597408
55.047073
55.379711
57.604446
54.036575
55.988930
55.397793
Control Period
57.866402
57.594688
54.473534
55.198563
57.634880
55.914368
57.683777
55.496960
54.173599
Control Period
56.841599
56.813599
56.940353
56.062050
55.980640
57.543106
55.912930
57.719681
57.300800
Control Period
56.986366
57.643841
56.628479
57.546974
57.779903
54.025887
56.182114
57.908096
57.658783
54.248447
Control Period
56.139263
57.943169
54.041504
56.158852
54.031647
57.515518
55.899487
57.950722
56.443008
Control Period
59.914978
54.019554
56.321091
57.740864
55.392033
58.034050
54.656029
54.382210
55.497635
Control Period
54.683678
57.841152
57.656033
54.549698
56.129761
54.024479
57.572128
Control Period
56.249535
54.043968
57.858528
57.665375
57.683907
54.615265
54.780830
54.727554
54.072865
Control Period
55.913506
55.025024
54.828800
54.054718
54.049377
56.941025
57.309952
57.628479
Control Period
55.643806
57.776382
55.021599
55.296257
57.652832
57.539810
54.039230
56.154911
57.133858
55.714851
Control Period
54.323040
55.910881
57.499199
54.702431
55.198723
57.761635
56.013695
55.560577
57.820610
Control Period
57.588799
56.189312
56.887169
57.664864
56.469505
57.039230
57.673859
55.439903
Control Period
59.209503
57.714943
57.121506
54.024414
54.042717
56.772095
57.050816
55.693119
Control Period
55.928352
54.023167
54.022942
55.931709
55.179329
54.027298
54.026081
57.769470
54.850624
55.115711
55.127678
Control Period
55.555840
57.994911
57.585247
54.070915
56.754112
56.907745
55.990143
55.842690
54.984383
Control Period
54.411263
57.902081
55.835518
54.032097
57.164864
55.294525
57.975838
55.110466
54.527424
Control Period
55.425568
57.844482
56.053505
56.919903
57.320065
55.785378
57.542015
56.073345
56.748512
Control Period
57.160126
56.449024
54.036480
57.055649
56.650307
57.739552
56.300674
54.586880
57.613407
Control Period
55.332096
57.369186
54.017693
55.926910
57.933250
57.539265
54.019295
56.349251
Control Period
57.679871
56.509346
57.658657
57.053535
54.030014
57.534721
56.757950
56.750877
54.019810
Control Period
56.918079
58.513214
54.859680
55.076195
57.676285
58.045120
55.991135
54.729504
57.906654
57.717247
Control Period
59.879555
59.854176
59.855648
59.837601
59.852959
59.840385
59.871456
59.827103
59.830017
59.841309
59.821472
59.814590
59.851105
59.842018
59.876221
59.839905
59.866177
59.859329
59.862274
59.869152
59.883808
59.861248
59.864063
59.853951
59.869087
59.835617
59.865215
59.853985
59.853790
59.838913
59.849503
59.818718
59.838142
59.858368
59.892895
