332.198
-435.1
-321.767
-110.033
-10.0347
7.06689
97.1333
-15.4331
-143.035
-39.7002
-18.207
128.733
33.5864
81.2998
-17
-78
-53
41.4482
84.8667
-118.8
-16.9653
87.1665
43.8667
-49.6333
-109
14.8999
44.793
-122.1
31.207
178.6
-101.379
-34.5
-5.2002
127.724
-18.2998
-39.3335
-28.1333
-51.6553
-122.467
78.2666
151.724
47.9668
-75.8623
3.1665
99.0688
-148.4
-37.0669
101.414
-8.8335
119.931
-92.2002
-22.5864
-67.7241
25.4668
0.366699
9
-12.8623
-29.2002
19.6001
-117.138
86.8667
153
-72.1333
-45.8623
28.4668
-38.1035
137.655
-14.7334
-125.033
-192.552
4.96533
64.1333
189.448
-77.8999
56.6553
-96.1333
-22.0347
57.1665
43.9331
-29.1035
110.567
53.6206
-70.0669
-76.2002
49.8623
-10.1665
73.3335
24.4136
-73.1665
-49.2666
103.633
-96.7666
6.31055
69.7588
-106.967
-32.1665
9
22.8335
3.2998
8.6333
10.9668
8.27588
-16.6665
121.276
-44.3667
18.2759
-115.724
75.2666
32.0332
-44.4331
-41.7666
-23.1377
-27.8999
3.80762
