80
71.7478
73.2249
74.9963
74.5263
74.7487
75.0206
74.9805
75.7315
75.0455
74.9806
74.6308
74.9439
74.3458
73.8857
75.4985
74.5733
73.8941
74.5088
75.6984
75.0853
74.5024
75.9885
75.8552
75.1836
74.4128
74.8549
73.6009
74.1066
75.593
75.3171
74.6485
74.3204
74.3684
74.7635
74.7717
74.6384
76.0538
75.313
75.7797
75.6496
75.7833
75.4924
75.7175
75.3348
75.8313
75.3191
75.1549
75.0692
75.3289
74.6157
74.5962
75.9407
75.1779
75.5312
74.7429
74.6149
74.8809
74.3158
74.4207
75.12
75.2905
75.2396
74.6463
74.8989
74.8974
73.9649
73.2257
74.1937
76.1234
75.7906
75.8939
75.5263
74.9944
75.1508
75.2105
74.9012
75.3765
75.5845
75.4386
75.549
75.239
75.0781
76.0418
75.5339
76.0847
75.7347
76.086
75.1631
74.9593
73.8803
75.1753
75.1669
75.0946
75.4679
74.784
73.9083
75.0125
74.9379
75.37
75.6635
74.6482
76.1748
76.1478
76.0121
75.164
76.252
75.2673
75.5075
74.1275
74.4889
74.7823
74.8939
75.1063
