3788
5952
5972
6322.5
7141
7115.5
6989
6929.5
7042
6969
7101.5
6943.5
7022.5
7003
6890
7076
7062
7160.5
6969
7008.5
7214.5
7042.5
7298.5
7180
7081.5
6771.5
6983
7082
7101.5
7042
7253.5
7082
7081.5
7076
6929.5
6811
7115.5
7056.5
7160.5
7253.5
7160.5
7141
6923.5
7022.5
7253.5
6924
6949
6963
6910
7174.5
7081.5
7042
6963.5
6929.5
7022.5
7081.5
7141
7003
7008.5
7115.5
6983
7008.5
6924
7121.5
6884.5
7081.5
7081.5
7022.5
6969
6830.5
7028.5
7174.5
6890
7101.5
6909.5
7101.5
6949
7096
6963.5
7081.5
7199.5
7002.5
7313
7141
7022.5
6890
7042.5
7062
7194.5
6890
7022.5
7042
6890
6969
6884
7253.5
7121.5
6791
7155
7081.5
6929.5
7293
7352
7062
6983
7062
6929.5
7056.5
7174.5
6943.5
