160
146.568
145.156
145.941
146.534
146.799
146.891
147.007
146.6
147.676
147.467
146.658
147.136
146.605
146.293
146.242
146.743
146.486
146.501
146.125
145.743
145.407
147.077
146.455
147.293
146.526
146.67
146.312
146.181
147.189
147.188
146.585
146.822
147.281
147.136
146.839
146.647
146.382
146.773
147.439
147.258
146.976
147.405
147.788
148.589
148.161
148.016
147.601
147.201
147.557
147.558
147.12
148.31
146.996
147.601
147.331
147.355
147.627
147.226
147.033
146.795
147.462
148.295
148.054
146.886
146.558
146.713
146.224
146.674
147.353
147.315
147.281
146.428
146.967
147.441
147.654
147.394
146.879
146.953
146.528
147.388
147.402
148.203
148.228
147.669
148.053
147.475
148.056
148.929
147.926
146.706
147.163
147.618
148.102
147.83
147.155
147.768
146.958
146.534
146.823
147.13
146.108
146.557
146.255
146.752
146.765
147.174
148.095
147.117
147.896
147.446
146.621
146.666
147.55
