1326.18
242.733
-251.267
-63.207
-86.0332
12.8965
44
-28.1665
-65.4331
57.2334
51.3335
-0.933105
66
58.6665
-103.5
-36.8667
115.467
-34.8667
26.5
70.793
-1.06689
-232.9
-5.0332
19.3999
176.581
-63.3999
51.2412
-44.7002
-49.5332
-85.9312
94.6665
-50.0332
-20.7241
6.2666
21.1333
91.7002
-17.9331
-23.6665
-105.033
-14.0332
-2.8335
-29.6665
-92.8667
56.8335
-55.7334
100.433
47.2998
35.8276
-79.6333
69.9331
57.7334
-220.655
141.419
-79.0688
69.6665
45.0332
12.5669
-18.3667
59.7002
-79.6333
-46.8999
-77.3999
112.467
41.0347
8.2998
117.533
38.9668
-87.0669
-123.4
-28.7588
4.22559
90.2666
-50.1001
-40.7002
36.5864
21.9033
-13.7241
19.6001
30.7666
-129.6
6.9668
-8.79297
-85.9355
65.6333
-84.1724
27.4668
-19.7998
51
77.1001
174.862
-124.8
-19.4136
-46.5806
-24.0688
54.2998
59.2666
13.1035
45.3667
-85.6001
-25.793
172.067
-38.2002
4.8999
-54.0332
-54.0332
-108.552
45.3667
19.3335
43.8276
-3.48389
55.5332
-12.6553
-141.633
7.7915
