59.289986
58.554592
58.544384
58.577538
58.554657
58.549824
58.561184
58.536736
58.628349
58.577538
58.545856
58.583138
58.561470
58.547840
58.580063
58.589600
58.569214
58.646305
58.567936
58.567810
58.581886
58.565315
58.555618
58.544384
58.605953
58.576126
58.657536
58.550751
58.572319
Control Period
57.454079
57.442589
56.211456
55.431744
55.283554
55.376030
55.349602
55.294083
57.552032
Control Period
55.318718
56.451874
56.971069
57.379936
55.326817
55.300224
57.327614
55.294334
55.346848
Control Period
56.933472
55.929214
55.625408
55.591969
57.101631
57.094177
57.411201
57.061058
57.117630
57.388191
Control Period
56.714722
56.477055
55.755325
57.605888
57.597118
55.739872
57.329437
56.910622
57.503746
Control Period
57.350334
57.214527
55.264095
56.953247
56.912766
56.992897
56.693439
57.361214
56.651619
Control Period
57.764290
56.330559
55.430080
57.584450
56.365311
57.528542
56.356289
55.807713
57.576702
Control Period
56.521439
57.668320
55.868126
56.166656
56.799553
55.251488
57.085922
57.267040
56.557568
55.344765
Control Period
57.437248
57.538338
56.526466
56.472801
57.500927
56.594784
57.134399
56.832413
55.899681
56.551842
Control Period
58.404419
55.345856
57.300194
56.825790
57.231457
56.562531
56.988033
56.732353
55.282654
Control Period
58.729343
57.091072
56.658272
57.418846
55.290913
56.614624
57.310402
56.610878
57.525314
Control Period
56.487038
57.516384
55.353600
56.646431
56.097729
57.471039
57.735069
55.348610
56.181602
Control Period
58.171104
57.553631
55.738560
56.480095
56.109856
57.147011
57.578114
55.826210
56.476479
Control Period
56.139519
57.050911
56.474785
56.839394
56.680061
56.662209
56.769379
57.015488
Control Period
56.527939
55.324993
57.538559
57.512383
56.508480
56.239967
55.614529
55.303490
56.503265
55.598721
Control Period
58.320770
57.554237
57.467773
56.122368
56.510784
56.450462
56.543266
56.918716
56.443459
Control Period
55.652382
57.412800
57.372162
57.200703
55.312096
56.053185
57.443741
56.968193
Control Period
57.249634
55.315201
57.698143
55.274750
55.330750
56.867489
56.911362
57.168800
57.183838
Control Period
56.767006
57.455711
55.730240
55.268639
55.327202
55.277023
55.428833
55.572929
Control Period
55.538109
55.565151
55.436447
55.332191
55.321762
57.611359
57.476318
56.698914
56.789055
Control Period
57.009407
57.430946
55.785378
56.841408
55.298496
57.231041
57.271839
56.802944
Control Period
55.362495
55.333984
55.799454
57.474079
55.458946
57.086464
55.487999
55.349953
56.498718
57.701027
Control Period
56.524097
57.415840
56.506050
57.571999
56.559937
57.632065
56.442017
56.862526
57.448929
Control Period
57.469952
56.403137
55.337822
56.604000
55.703552
57.620445
55.314240
57.440289
Control Period
57.450401
56.514656
57.310081
55.371071
55.843742
57.476418
56.409538
Control Period
58.150589
55.527779
55.982979
56.874687
57.278305
57.388832
55.493217
55.389473
55.568642
Control Period
56.871010
57.509117
57.439682
57.678463
57.601662
57.602051
55.618496
57.201183
57.404991
Control Period
57.707359
57.710400
57.528542
56.405602
56.441666
56.782017
56.738815
55.324738
55.320351
Control Period
56.378784
55.743519
55.478333
55.336739
55.303421
55.308319
55.535072
55.367744
57.484768
Control Period
56.311394
56.521824
57.226143
57.064800
55.342079
57.545731
57.118782
56.640259
56.167809
56.243969
Control Period
56.456448
57.546654
56.505119
57.637505
57.202751
57.277920
56.753090
57.390785
Control Period
58.771584
56.201729
56.467007
55.901985
57.774464
57.480225
57.474720
57.161598
57.546848
56.851040
Control Period
56.831261
56.910976
55.347969
57.640259
56.948509
57.040096
57.074593
57.156574
56.591328
Control Period
57.323166
56.396957
55.482079
57.588799
56.452641
57.633827
56.319679
56.057217
57.744289
Control Period
57.557407
56.065506
56.267265
57.392448
56.596767
56.840126
57.366463
57.149345
57.114525
Control Period
56.428097
56.102592
57.377251
55.487358
56.809696
56.996864
55.329922
57.005119
Control Period
56.731613
55.315361
55.379745
55.299263
55.440834
55.955742
57.653759
55.329792
55.463715
55.334206
Control Period
55.327522
55.567551
56.029793
55.926144
57.698879
57.259296
57.081120
57.346306
57.562622
Control Period
55.264576
55.353279
55.663616
57.332672
56.301472
56.114594
57.133888
56.695549
56.723648
Control Period
56.530014
56.655937
55.477184
57.491135
55.423904
56.886272
57.232224
57.240578
56.865822
57.721344
Control Period
56.485725
57.448544
56.706497
57.226273
56.760834
56.865631
56.844448
57.384254
56.647648
Control Period
56.348511
57.474274
56.336258
57.647453
56.405121
56.728546
57.164993
56.871422
57.303425
Control Period
56.460865
57.149635
57.756001
57.403423
56.964512
56.595421
56.687393
57.496094
56.557568
57.724289
Control Period
58.251072
56.410591
56.613632
56.733505
56.753632
57.063553
57.007362
56.478210
56.314976
56.360928
Control Period
57.496895
56.806335
57.263329
57.462654
57.318718
57.239647
56.460541
56.717438
57.497475
55.931709
Control Period
57.476738
57.649666
57.432098
57.470337
56.298016
56.365887
56.324097
56.430527
Control Period
55.538750
57.195457
56.690208
57.131840
56.616386
55.264702
56.880928
57.328320
57.060829
Control Period
56.894943
56.517952
55.440128
57.519997
56.371166
57.617439
56.424160
57.555679
56.028320
Control Period
56.004189
56.691616
57.221283
56.849823
56.779713
56.929535
56.796318
56.568130
57.406624
55.954494
Control Period
56.583935
56.983231
55.341824
56.960289
57.531105
57.439934
56.762016
55.315071
57.388290
Control Period
56.370144
57.391361
55.366688
56.895554
57.687645
55.988415
56.114624
57.400002
Control Period
56.919266
56.471970
56.129280
56.781887
55.636032
55.652641
57.329472
55.341057
56.630657
56.654846
57.638336
Control Period
57.502594
57.510399
56.504829
57.656158
57.319904
56.753502
56.304417
57.501247
57.421696
Control Period
57.358589
56.224800
56.935837
57.278625
57.243935
56.401344
55.583393
57.486717
56.549984
57.667583
Control Period
58.357758
57.437309
56.432510
57.352192
57.238274
56.546047
57.432610
57.794273
56.419937
Control Period
56.337662
56.700989
57.529182
55.895714
55.642399
56.298111
55.866848
57.420513
56.589409
57.542080
Control Period
56.272320
55.555359
56.903709
57.031837
56.436256
56.869598
55.578751
56.589310
Control Period
58.720577
57.401825
55.282562
57.124096
57.178688
56.979362
56.978016
56.923649
57.588032
Control Period
56.548000
57.116512
56.223392
55.999779
57.207390
56.646336
56.509377
57.557281
55.977730
Control Period
56.476448
57.421059
57.293022
55.375423
55.771233
57.464226
57.613342
57.403107
55.606976
55.308865
Control Period
57.525887
55.685184
56.507042
56.925186
57.467072
57.190399
55.344643
57.258720
56.380096
57.286079
Control Period
57.506462
56.534050
57.519169
57.145309
56.885086
57.447807
55.347038
56.746178
55.387169
Control Period
56.462048
56.442719
57.363197
57.237217
56.799103
56.799362
57.362495
57.426979
Control Period
56.763329
57.287682
56.983585
56.787743
55.304928
57.762848
56.569504
57.542976
56.222336
Control Period
57.554337
56.681568
56.440002
57.381248
57.465088
56.188736
55.293121
57.170082
57.350334
Control Period
56.848896
55.277313
57.560257
56.010910
56.960510
56.917793
56.552322
Control Period
57.495552
57.556381
55.732994
55.530529
57.582657
57.437344
57.515617
57.559425
57.098911
Control Period
57.059200
57.147133
57.177246
55.762688
56.185184
55.342941
55.297028
56.804161
57.376701
Control Period
55.291233
55.335583
55.371712
55.942017
56.154976
57.605568
55.308609
55.312225
55.619202
Control Period
55.724289
55.817314
55.756096
57.559616
56.477730
57.421501
56.498367
57.463329
56.417664
56.724960
Control Period
56.438721
57.458527
55.925472
57.469505
55.866783
55.973183
55.964767
56.041054
Control Period
57.695038
56.337952
57.341663
56.511520
57.619453
55.708897
57.522369
55.310562
Control Period
56.959969
55.280479
57.436638
56.936798
57.359489
57.581375
57.621120
56.338531
55.699360
57.361248
Control Period
57.568897
56.552063
57.224190
55.415199
56.997437
57.231232
56.379456
57.411522
55.472702
Control Period
57.442688
56.825249
55.303936
56.852867
55.351517
57.355583
55.308929
57.511581
55.347424
Control Period
57.002464
57.227200
56.461182
57.628609
56.456482
55.339966
57.370655
56.566269
57.467457
Control Period
56.971970
56.939453
56.603935
55.802593
57.554913
55.775455
56.594112
57.715103
55.734909
Control Period
56.462273
57.525280
55.302879
56.475777
57.557087
56.503391
57.412128
55.821121
55.999264
Control Period
56.320641
57.816002
56.404640
56.747841
57.493824
57.427776
56.519394
55.342815
55.989342
Control Period
57.317024
56.523170
55.352097
56.784065
56.932541
57.159874
56.904160
55.313248
57.523743
Control Period
58.265888
57.587425
56.564354
57.529152
56.224701
56.694271
57.573441
57.495968
56.419201
57.553154
56.424385
Control Period
56.520256
56.439491
57.447937
56.337921
57.609886
55.366814
56.172256
57.581760
56.323586
Control Period
57.414818
56.943584
57.463646
55.300865
57.638592
55.738113
56.298851
57.478622
56.541374
55.690239
Control Period
57.563583
57.538399
57.470947
57.254593
57.375744
56.697441
56.652130
56.430046
56.330944
56.851166
Control Period
57.433250
57.162750
55.990143
57.462593
56.358273
56.589149
57.147552
57.303101
56.764065
57.198433
57.507263
Control Period
57.339394
57.314529
57.661308
57.548767
57.698051
57.452034
57.448895
57.464317
Control Period
57.850880
57.411331
57.075680
57.087456
55.295616
56.697727
56.656067
57.467773
57.320030
56.747936
Control Period
56.264416
56.481918
56.546402
56.327042
56.382305
56.667263
56.241379
56.767197
57.500481
57.387680
Control Period
57.483200
57.179008
57.286144
57.159645
56.548737
56.430206
55.402016
57.626080
57.519646
Control Period
57.293217
56.795235
57.245407
56.908607
56.840992
57.007935
56.977150
Control Period
57.333889
56.425186
56.114880
55.976353
57.247650
57.257698
57.594177
57.644547
55.385315
55.286110
55.466335
Control Period
56.835903
55.309376
57.538269
56.511421
57.540031
55.873665
55.552063
57.518143
56.405533
Control Period
56.334785
57.576000
56.114014
55.765152
57.444096
57.096802
57.099426
56.987743
57.410019
55.556736
Control Period
57.438080
57.161953
57.365471
56.667709
57.267361
56.443680
55.320671
57.514946
56.451134
Control Period
57.467167
57.614914
56.647331
57.278049
57.370304
56.525475
57.424671
57.661793
56.544415
Control Period
57.405312
55.983841
57.637054
56.204063
56.923393
57.288574
57.146210
56.391167
Control Period
56.588066
57.156738
56.345985
56.203552
56.693439
55.353569
57.403107
57.253696
55.281731
Control Period
56.927071
56.932480
57.362114
55.413635
56.571648
56.535328
55.619072
56.996063
56.726719
Control Period
55.332542
55.315361
57.860447
57.483582
57.520927
56.065247
56.795006
57.007904
56.017921
55.766304
Control Period
56.453152
57.565472
56.016640
56.322880
57.592831
56.506111
57.418976
55.283234
56.504669
Control Period
56.484608
57.075905
57.516159
56.300575
57.556511
56.371170
57.468929
55.597954
Control Period
55.269218
55.351616
55.289474
55.401215
55.923233
55.915459
55.301311
56.158302
55.963745
Control Period
56.138687
55.913795
56.211838
55.684704
55.932449
56.539581
55.687393
55.717438
55.822880
Control Period
57.600227
55.464958
55.316193
55.372093
55.312641
57.435806
57.435234
55.414272
55.320290
Control Period
57.322433
57.444801
56.416542
57.236351
57.293728
57.672607
55.442463
56.794014
Control Period
56.970589
57.822975
56.607231
56.281761
55.518368
57.475040
56.542271
57.081375
55.870529
56.415073
57.203903
Control Period
57.276321
57.036320
56.448318
56.691231
57.246559
55.367519
55.435009
56.696899
Control Period
57.248802
56.688000
57.437859
56.503937
57.433472
56.541473
57.584259
56.248383
55.709442
Control Period
58.391392
55.315971
57.835136
56.704895
57.504032
56.553825
57.512321
56.454815
57.619457
Control Period
58.654625
56.477249
57.691711
56.303200
55.903904
57.488991
57.242561
56.613216
55.663681
57.482338
Control Period
56.455265
57.415520
56.041695
57.501282
56.547585
57.530846
55.841919
56.004032
57.553215
57.335167
Control Period
55.301437
56.996384
57.588799
56.526237
56.490368
56.014977
57.566910
56.987617
Control Period
57.563553
57.403679
57.512062
56.862240
56.900928
56.881920
55.463425
56.751999
56.793312
56.917633
Control Period
56.627106
56.852959
57.492096
56.590626
56.451168
57.312256
57.588417
54.916130
Control Period
57.774624
58.430077
58.436192
58.430336
58.446655
58.426750
58.443039
58.415905
58.403038
58.421825
59.083900
59.334496
