117.740829
117.291290
117.275101
117.299362
117.321281
117.333282
117.314880
117.283524
117.326233
117.286079
117.317276
117.295425
117.284775
117.282974
117.280258
117.306778
117.329437
117.338654
117.303650
117.337570
117.340485
117.309219
117.305634
117.310043
117.302559
117.327805
117.370911
117.308289
117.324768
117.327072
Control Period
111.597885
109.732483
110.037025
109.844833
109.354492
109.497185
109.921890
109.612450
109.653152
Control Period
113.037598
105.802628
106.548767
105.823685
108.323685
109.365479
105.813889
108.929092
109.714462
Control Period
109.616478
109.777214
109.801254
109.533920
109.895935
109.775070
109.205826
109.575516
110.208160
Control Period
109.089188
109.522339
109.943619
109.859238
109.497543
109.365440
109.973511
109.752548
109.830429
Control Period
110.167488
112.477249
109.638176
109.859589
109.725792
109.750305
109.540543
111.094048
111.196701
Control Period
112.211487
111.207199
109.549248
109.606308
109.502815
111.782654
110.585892
109.530975
109.435326
Control Period
109.258148
109.414108
110.547867
109.561798
109.557472
109.616806
109.284927
109.978882
112.270081
Control Period
111.941605
111.781342
109.416061
109.804321
109.352036
109.626022
112.493378
109.820892
109.455612
Control Period
113.484062
110.492867
112.417084
110.209793
109.411133
109.844673
109.513062
113.161499
109.700127
Control Period
109.737984
109.438080
109.572540
113.133278
109.797569
109.735840
109.589249
109.579742
112.829117
Control Period
109.953598
113.449570
109.564514
109.440094
109.822334
109.680542
109.597244
110.309692
109.575714
Control Period
109.355232
113.106659
109.520287
109.642593
109.990623
111.968475
109.432961
109.717926
109.522400
Control Period
112.444733
109.390366
109.640480
110.072159
109.577568
109.652740
109.508484
109.753403
109.686783
110.080223
Control Period
109.494522
109.447807
107.307526
109.453667
107.826561
109.454147
109.307068
109.265060
109.537827
Control Period
111.847328
109.605820
109.408005
109.758362
109.892929
109.713440
110.829819
109.504257
109.441086
Control Period
112.814682
109.290337
109.300476
109.556511
112.342339
109.913246
109.521606
109.598976
112.974785
109.714561
Control Period
109.645157
109.651871
109.872734
109.836319
109.417984
109.421471
109.868835
109.584290
Control Period
109.511070
110.149025
109.382240
109.661057
109.615967
109.677124
109.532959
109.286720
109.726562
109.743546
Control Period
109.369858
109.812286
109.712891
109.689636
109.602051
109.671326
109.663391
109.526047
109.584351
109.559067
Control Period
109.878113
108.091141
109.409821
109.656219
108.325989
107.031006
109.696449
109.650688
108.634209
Control Period
107.074844
109.666367
109.518303
110.274498
109.935455
109.605057
109.716125
109.621597
105.921501
Control Period
112.612442
109.386208
109.275131
109.686172
109.846268
109.722687
110.071487
109.762939
Control Period
109.972961
109.762527
109.537987
113.165283
109.919617
113.191010
109.873627
112.921631
109.643204
Control Period
113.637115
112.517311
109.599106
109.444733
109.803619
112.513412
110.500511
110.027328
109.731613
109.623840
Control Period
110.539230
109.605637
109.523270
109.745056
109.714973
109.326752
109.567680
109.180542
109.680511
Control Period
109.449280
109.662109
109.562111
109.727486
109.586433
112.848419
109.387421
109.462585
109.685791
Control Period
109.663040
109.680099
109.459290
109.490974
109.495934
109.552765
109.478271
107.414658
109.527298
Control Period
113.083710
109.657379
109.535683
109.587425
109.755875
109.787323
109.577469
109.570045
113.367393
Control Period
109.646973
109.705093
109.374847
112.699493
109.474144
109.457565
109.460960
109.823967
108.977570
Control Period
113.387878
109.362854
109.481728
109.643494
113.046234
110.734657
109.520859
109.415070
109.564346
109.075203
Control Period
109.824158
109.517792
109.889282
109.496063
109.400131
110.004257
109.705215
111.235901
Control Period
112.568352
110.385437
112.330338
109.539360
111.108002
109.258240
109.465668
110.000351
109.771584
Control Period
109.591705
111.098557
111.036736
109.311455
109.799843
109.519196
112.018494
110.849243
109.834106
Control Period
110.488930
112.172768
110.384705
109.620445
109.532730
109.722656
109.555099
109.326370
110.620415
Control Period
112.135834
109.664093
109.755775
111.451843
109.642563
111.549057
110.818367
109.814529
109.642303
109.771973
Control Period
109.664993
109.678848
109.815964
109.662918
109.915558
108.863007
109.666565
109.393692
109.379227
Control Period
113.198044
109.582748
109.537216
109.534401
110.066910
109.484451
109.635101
109.763840
109.811073
Control Period
109.276443
110.018311
112.349670
109.727203
109.921860
109.620834
111.187134
109.591072
109.661217
Control Period
111.219070
111.069382
109.737762
111.791199
109.620354
109.376480
109.520477
109.982208
Control Period
113.032700
109.819580
109.797729
109.463806
109.671844
109.882980
109.685349
110.096031
109.576706
Control Period
111.306816
109.811493
109.561539
109.704636
109.685532
111.871010
110.915489
110.058464
111.741440
Control Period
111.081474
109.700485
109.303619
113.072922
110.032448
109.903938
109.697861
110.314621
Control Period
113.030144
113.463905
112.758469
112.821503
109.777885
110.691422
111.812317
112.320961
Control Period
113.307838
109.316704
109.810013
109.545921
111.810562
111.286018
109.507202
110.349121
Control Period
113.398369
111.190979
110.211998
109.997055
109.318405
112.721893
112.028320
112.981598
112.512955
Control Period
111.841660
110.031067
110.959679
111.790688
111.172478
112.607361
109.720413
109.724449
109.833183
Control Period
113.345535
109.667328
112.928482
109.840897
109.601471
109.439941
109.472931
109.528320
110.555237
Control Period
109.787903
110.824539
109.599747
109.797951
110.726852
109.917313
109.444702
112.227234
Control Period
108.853439
109.827744
112.429977
111.043839
111.743523
110.950111
111.813507
112.289307
111.042175
Control Period
112.897858
109.440193
113.417542
109.645889
109.895172
109.709381
109.376610
110.270050
111.174240
109.678368
Control Period
109.810814
109.473503
109.706116
113.114685
109.844833
109.812416
110.052582
109.876892
Control Period
109.859650
109.420097
113.188507
112.936996
109.603302
110.054558
111.181313
109.844742
110.785728
Control Period
111.845184
110.642853
109.632126
109.837158
109.623230
112.791107
109.446747
109.509949
109.621185
Control Period
110.064255
109.649597
113.086075
110.216797
109.615486
113.102654
110.180321
109.618370
113.273346
Control Period
109.442398
109.449051
109.582336
110.198914
113.071426
110.389214
112.561920
109.632828
112.958176
Control Period
112.822586
109.865341
113.244583
109.469376
110.622208
109.967651
109.768959
111.357666
110.955040
Control Period
110.479263
109.655327
112.334785
109.848801
109.746368
109.647873
109.302338
111.031876
109.401093
Control Period
112.092484
109.660126
111.849411
109.717567
109.781250
110.923141
109.806625
109.638306
111.793411
Control Period
109.329407
109.657181
109.375298
109.668991
109.317444
109.766174
109.403717
109.512001
109.544510
Control Period
111.979996
109.653824
111.341919
111.280579
109.563202
109.333115
109.566330
112.379936
109.720764
Control Period
110.105247
113.099678
109.761856
109.872063
113.070496
109.684708
112.808128
109.809219
Control Period
113.096992
113.130943
113.336609
109.821274
110.175873
112.834175
112.642624
109.936897
110.019455
Control Period
109.624573
109.542496
109.468544
110.483009
111.792961
109.747261
109.858627
110.039673
109.546341
Control Period
109.550812
111.284958
110.004379
109.744354
109.760284
109.418465
109.695740
109.612129
109.626945
Control Period
113.497955
112.226944
109.523941
109.870850
110.760033
112.548355
109.414108
109.495171
110.155136
Control Period
110.931458
109.719772
109.590271
109.659653
109.535583
110.104767
109.756989
110.162560
109.680992
108.280731
Control Period
110.607971
109.809792
108.683838
109.962944
109.958176
108.267426
109.755806
109.772766
109.714050
Control Period
109.615967
109.543198
109.977249
109.639130
109.844421
112.437347
109.409889
109.507744
109.806976
Control Period
112.633118
109.939583
109.702080
109.594559
109.805222
109.406204
109.730270
111.505661
Control Period
109.702721
109.442017
109.425858
110.201790
109.562683
110.281792
112.593346
110.452446
112.613663
Control Period
109.798340
109.707870
109.898911
108.888260
109.333252
110.242081
109.675003
111.158020
109.738113
112.456352
Control Period
109.796417
112.657310
109.142845
109.747940
109.541695
109.634171
110.510590
109.766113
Control Period
113.198395
109.130585
109.563110
111.507042
110.416382
109.849060
109.746368
109.595322
111.407234
Control Period
111.714813
110.552002
111.807777
110.988998
111.985123
109.638947
111.911163
109.781372
112.360191
Control Period
112.873123
109.880676
109.503807
109.574173
109.845596
113.390175
109.519363
109.374176
109.602913
Control Period
109.694176
109.738365
109.428574
109.615616
109.709564
111.442719
109.639236
109.854721
110.112640
Control Period
109.474655
109.374878
111.719620
111.955612
110.011292
109.938911
109.693634
111.006401
112.254623
Control Period
109.501442
109.674240
109.798943
110.102341
109.419907
109.655746
109.332451
109.724197
Control Period
109.845535
112.167328
109.718460
109.522018
109.655716
110.175430
109.724960
109.390915
Control Period
111.721214
109.646622
113.079521
109.765312
109.506531
112.939011
109.682625
109.682114
109.378273
Control Period
113.512894
109.432991
109.501343
112.640518
110.577530
111.955231
112.039009
110.371353
112.383453
Control Period
109.390976
109.494720
110.138306
110.843712
112.784485
109.550781
109.962494
112.931747
Control Period
110.419205
110.039780
109.627930
110.029541
109.965279
109.766556
112.928963
113.188354
112.742973
Control Period
112.928833
109.638245
110.187622
109.212479
110.893982
111.886147
109.579681
110.826172
Control Period
110.374268
109.994850
109.539230
109.738724
110.534782
111.664642
111.207581
111.184479
110.934402
Control Period
109.682205
110.668900
110.296997
112.700897
113.343201
109.588158
109.420410
113.280769
Control Period
112.977341
113.487076
113.372131
112.877312
112.804802
113.406563
109.598175
110.092804
Control Period
109.611618
109.874527
110.101639
111.895905
112.040482
111.343201
111.566719
111.719650
111.542946
Control Period
111.694427
109.560928
110.797310
112.303421
110.439552
112.268799
109.901276
109.760773
110.584412
109.721115
Control Period
110.299484
109.541031
109.468895
109.857574
109.615166
109.601089
109.798943
109.793022
Control Period
112.758331
109.521637
113.211426
109.518974
109.678238
109.626144
110.189697
112.611870
109.644386
Control Period
112.621407
109.958786
109.821693
110.269920
112.843781
109.450500
109.723297
110.407333
113.476189
Control Period
110.312866
109.213982
109.543167
111.125412
111.994690
110.992386
111.913025
109.896317
109.457504
Control Period
111.415909
109.401764
110.605568
111.682724
109.855263
111.099075
110.935226
109.771652
111.663071
Control Period
110.861374
112.198593
110.624161
111.158722
112.698334
110.178818
112.121826
109.615074
113.056160
Control Period
110.032158
109.540253
110.736931
109.555489
109.545242
109.503006
109.187225
112.029312
109.564804
Control Period
109.659874
109.769669
109.765915
109.268509
111.254463
109.429443
109.982788
111.895462
109.782532
Control Period
109.487778
109.841339
110.104767
109.476028
109.557533
109.563713
109.640511
110.101440
109.335518
Control Period
109.683395
109.742844
110.763618
111.767517
109.592987
109.530914
109.388382
111.877945
112.008484
Control Period
112.387558
109.554337
111.419136
109.729187
109.525185
109.938202
109.511551
109.536736
109.456894
111.294754
Control Period
109.633217
109.780670
109.963104
109.862076
109.481697
109.249786
109.667297
109.600571
109.514496
Control Period
109.925858
109.403519
109.229248
109.610207
110.202332
109.711685
109.425018
109.516930
109.614075
Control Period
109.402237
109.685532
109.560837
109.161285
109.474747
109.915329
109.520294
113.072540
109.292068
Control Period
109.452667
109.730911
109.964607
110.129089
109.607834
109.481598
110.042267
109.471069
109.610886
Control Period
109.485474
111.317703
109.581917
109.620514
109.444611
109.649277
109.779358
110.062912
Control Period
112.225090
112.307648
112.583199
109.508835
109.907394
113.181763
113.074310
109.620316
112.729126
Control Period
109.770943
109.360573
109.954468
110.038498
109.638237
109.747169
109.473724
113.096031
109.943939
Control Period
113.362335
110.161469
111.249344
111.384796
111.504410
111.034149
111.635841
111.463364
110.845184
Control Period
109.630554
109.742310
111.500549
110.811363
109.666306
109.753922
109.631073
112.598083
109.863647
Control Period
109.394463
109.667099
109.792679
109.546051
109.710434
109.427963
112.819397
110.385788
109.480545
Control Period
109.671234
109.999298
110.027420
109.607269
109.523262
109.509697
111.922943
109.647873
109.517151
Control Period
109.898331
109.765373
109.734558
109.757568
112.490273
109.571289
109.500130
109.920929
Control Period
113.389282
111.272865
111.425507
109.279037
111.234337
111.496414
109.469025
105.797600
Control Period
105.796188
117.306244
117.317856
117.336670
117.348389
117.339584
117.316574
117.328796
117.326599
117.299553
117.292542
117.306717
117.280991
117.299332
117.316254
117.300835
117.286430
117.302528
117.304413
117.293182
118.185379
117.325569
