0.709045
0.69131
0.678347
0.683422
0.686716
0.685536
0.689082
0.69385
0.687777
0.686007
0.692745
0.69292
0.687192
0.688181
0.687464
0.685575
0.688396
0.685713
0.685388
0.685755
0.686948
0.685876
0.687374
0.685734
0.691021
0.692031
0.689943
0.688131
0.689522
0.689814
0.693242
0.691982
0.689356
0.692273
0.691389
0.687797
0.694592
0.697323
0.690964
0.68551
0.68767
0.685219
0.684883
0.68484
0.68797
0.689651
0.690938
0.686556
0.691106
0.688543
0.69029
0.684867
0.694218
0.692681
0.691511
0.686708
0.689181
0.69633
0.686869
0.68877
0.685838
0.691764
0.685716
0.686123
0.691681
0.686273
0.684804
0.689997
0.688353
0.690644
0.693412
0.693036
0.694102
0.695745
0.693728
0.692155
0.695531
0.688159
0.686134
0.681327
0.686024
0.685845
0.685936
0.692208
0.689505
0.688887
0.690942
0.692308
0.688869
0.687212
0.690034
0.696316
0.689076
0.688433
0.687474
0.692274
0.688217
0.685539
0.693411
0.692168
0.690358
0.687518
0.684724
0.689524
0.687604
0.695424
0.697001
0.695132
0.689285
0.687588
0.694442
0.689034
0.688812
0.68719
