1330.92
257.6
-76.1665
-188.6
-34.5669
-27
-123.2
17.1665
69.1001
-123.733
66.1665
115
34.5669
63.8335
-31.5332
-43.3335
6.62061
31.3667
27.3667
-35.0332
28.6333
-49.5332
0.586426
-54.4331
15.3999
-11.7002
35.7998
-100.448
-49.1665
53.8667
-33.5171
66.9668
-95.8999
70
80.7002
-159.655
56.0332
71.8999
-14.0669
37.3999
27.4331
59.3447
27.0688
-48.7998
-73.7666
-0.700195
-8.2666
-57.1001
23.5518
-16.2334
113.267
-126.8
-54.5518
47.0669
131.833
-104.3
-38.5864
34.7998
95.0669
-18.6553
-26.2666
-19.6333
54.8999
-26.6665
13.3667
14.6665
-32.6553
-10.8335
8.5
-109.867
44.9331
-74.4482
10.7334
6.3335
28.9668
16.3667
33.1333
31.0669
147.793
-28.9312
-38.6001
-45.0669
-108.172
30.4331
39.7002
-1.68945
-5.2666
-1.6001
63.9668
-167.241
37.5864
46.6333
-11.7998
27.8335
6.3999
59.1001
84.8276
-175
12.4668
9.8335
66.1724
-2.1333
-17.6333
-4.7998
-186
7.10352
83.1333
46.2666
-40.9331
-21.1665
93.6206
26
-59.6895
16.1152
