0.708172
0.707417
0.705808
0.703093
0.707835
0.70938
0.703135
0.710328
0.711852
0.712338
0.710239
0.711644
0.70676
0.711368
0.70556
0.698713
0.706354
0.701112
0.717275
0.702813
0.70181
0.705103
0.706009
0.708581
0.709859
0.705345
0.707298
0.70987
0.712709
0.711715
0.711259
0.711801
0.71231
0.711188
0.707722
0.710312
0.708264
0.712202
0.7088
0.709443
0.707723
0.706704
0.714303
0.707284
0.717539
0.711233
0.706098
0.712211
0.709661
0.711569
0.708533
0.7103
0.70719
0.713874
0.71326
0.706309
0.708055
0.711835
0.71304
0.707415
0.708464
0.71189
0.711685
0.708477
0.70797
0.712705
0.712281
0.707739
0.708876
0.706797
0.712076
0.71035
0.707955
0.708659
0.708794
0.706269
0.707269
0.711522
0.709969
0.707354
0.710201
0.706222
0.710454
0.706128
0.709461
0.709804
0.704975
0.705649
0.705556
0.702096
0.710896
0.704911
0.710271
0.70997
0.705774
0.707306
0.707048
0.708351
0.708153
0.707797
0.712897
0.706916
0.706243
0.706206
0.70716
0.706956
0.709027
0.702331
0.709084
0.709934
0.706076
0.709678
0.709793
0.709475
