113.447
110.61
108.536
109.348
109.875
109.686
110.253
111.016
110.044
109.761
110.839
110.867
109.951
110.109
109.994
109.692
110.143
109.714
109.662
109.721
109.912
109.74
109.98
109.717
110.563
110.725
110.391
110.101
110.324
110.37
110.919
110.717
110.297
110.764
110.622
110.047
111.135
111.572
110.554
109.682
110.027
109.635
109.581
109.574
110.075
110.344
110.55
109.849
110.577
110.167
110.446
109.579
111.075
110.829
110.642
109.873
110.269
111.413
109.899
110.203
109.734
110.682
109.715
109.78
110.669
109.804
109.569
110.4
110.136
110.503
110.946
110.886
111.056
111.319
110.996
110.745
111.285
110.105
109.781
109.012
109.764
109.735
109.75
110.753
110.321
110.222
110.551
110.769
110.219
109.954
110.405
111.411
110.252
110.149
109.996
110.764
110.115
109.686
110.946
110.747
110.457
110.003
109.556
110.324
110.017
111.268
111.52
111.221
110.286
110.014
111.111
110.245
110.21
109.95
