0.723813
0.71796
0.728333
0.727885
0.748861
0.743275
0.742512
0.742357
0.748619
0.733658
0.733985
0.74416
0.733831
0.73948
0.724303
0.74235
0.743319
0.737628
0.746897
0.746628
0.744742
0.754831
0.747523
0.74314
0.723215
0.74123
0.730892
0.738633
0.737894
0.746084
0.733714
0.739547
0.745662
0.737561
0.749043
0.740986
0.745742
0.736459
0.749119
0.748885
0.742063
0.744006
0.743832
0.743878
0.743075
0.74867
0.717393
0.727026
0.721221
0.746241
0.746016
0.741272
0.744075
0.748808
0.748951
0.743201
0.736843
0.736676
0.7489
0.721543
0.749038
0.749066
0.738682
0.739057
0.735793
0.745155
0.742864
0.748947
0.742098
0.740759
0.749016
0.743362
0.745559
0.744871
0.739763
0.727548
0.742142
0.74314
0.736733
0.738405
0.748209
0.735088
0.731256
0.744941
0.736081
0.747621
0.741029
0.748787
0.748818
0.739145
0.740646
0.748694
0.711987
0.737447
0.728224
0.748493
0.741119
0.740707
0.738537
0.732099
0.734649
0.7241
0.740294
0.744587
0.737354
0.737964
0.736965
0.749013
0.743429
0.748617
0.73844
0.738715
0.746131
0.746029
