59.334465
58.611584
58.573311
58.588257
58.692894
58.613632
58.587425
58.593632
58.600895
58.603775
58.614914
58.597408
58.617821
58.694786
58.600224
58.614784
58.605598
58.591011
58.612831
58.608543
58.615074
58.599327
58.690720
58.616608
58.633217
58.588509
58.597984
58.623550
58.605118
Control Period
58.786079
57.495010
57.039391
58.795326
56.324673
57.501598
56.481087
58.795521
57.470848
56.914719
Control Period
57.928448
58.792702
56.421120
56.104477
56.469280
56.592003
57.370495
57.818913
57.566307
Control Period
58.095581
57.538979
58.776222
58.802269
58.475231
56.742050
57.885506
58.855553
58.155266
Control Period
58.792446
58.766205
58.796417
58.809410
58.779518
58.770592
58.762817
58.824417
58.786850
Control Period
58.822495
58.795357
58.776382
56.442593
58.780544
58.791264
58.817055
59.385345
Control Period
57.434238
58.853859
57.956417
57.430717
56.597885
56.371552
56.907200
58.231522
58.753952
58.806175
Control Period
59.006752
58.759167
57.310974
57.084290
58.765923
58.774689
57.722912
56.971199
Control Period
58.764736
56.616478
58.810654
58.746307
57.169441
58.850014
58.790112
58.778305
Control Period
58.814816
56.858303
58.189537
58.795967
58.773247
58.772354
58.850243
58.798561
58.761917
Control Period
58.842239
58.764702
58.807518
58.777504
58.803551
58.028030
58.798977
58.759422
57.314625
56.881088
Control Period
58.779648
58.796513
58.769440
58.762783
58.796127
58.772320
58.812160
58.806911
Control Period
58.803200
58.811104
58.789280
58.848511
58.657440
58.073505
58.803741
58.777473
58.802593
Control Period
58.776577
58.797119
58.814625
57.212639
56.358818
58.424355
58.799583
58.792671
Control Period
58.846272
57.822914
58.820190
58.797630
58.758179
58.789280
58.811485
58.799683
58.797440
58.774784
Control Period
58.813248
58.776001
58.831490
58.785568
58.779137
58.801792
58.800285
57.180225
Control Period
58.786530
58.839584
58.844032
58.790943
58.800705
56.460770
58.255104
58.830559
58.758049
Control Period
58.808960
57.667618
56.398781
58.399456
58.733345
58.812962
58.785473
58.775070
58.819458
Control Period
58.802658
58.830624
58.843422
58.863232
58.823456
58.783745
57.167038
58.760895
58.810303
Control Period
58.780098
58.812317
56.678078
58.762016
57.091297
57.422176
57.919998
58.807232
56.427742
58.820225
Control Period
58.778080
58.790817
57.096127
58.805084
58.811199
58.783875
56.473251
58.775616
58.344543
58.782528
Control Period
58.757599
58.813633
58.758209
58.804802
58.787170
58.818718
58.807327
62.545380
Control Period
58.789120
58.770462
58.799934
58.795967
58.808384
56.588417
58.829983
58.770081
58.864670
Control Period
58.797630
58.790817
58.803104
57.531105
56.572449
56.672352
57.492928
Control Period
58.791008
56.467617
58.548798
58.742081
58.763649
58.838497
56.721825
58.537918
58.781536
Control Period
58.801567
58.810242
58.789986
58.808670
58.798622
58.804096
58.736961
58.786049
58.610111
Control Period
58.756767
58.834206
58.806877
58.800705
58.780865
58.798241
57.372864
56.645378
Control Period
56.394691
58.760063
58.891552
58.773087
58.836319
58.770336
58.795872
57.094624
58.796928
58.803581
Control Period
58.806335
57.214687
58.833248
58.781120
58.268578
58.793854
58.777725
58.201313
Control Period
58.772991
58.807838
58.776642
58.807678
58.798176
56.903488
58.823936
58.769024
Control Period
58.799774
58.701599
56.529247
58.863583
58.819008
58.726849
56.327202
56.879135
58.809822
Control Period
57.002914
56.349888
58.776417
58.775360
58.782207
58.811584
57.511230
56.519680
Control Period
58.636993
56.975235
58.003040
57.556000
58.748672
57.552448
58.633633
58.815933
58.774273
58.833954
Control Period
58.803902
58.763424
58.766945
56.398750
58.756958
56.571552
58.813824
58.806721
58.783264
Control Period
58.775391
58.804672
58.779037
58.814911
58.766495
58.845406
58.798271
58.813278
Control Period
58.793854
58.817345
58.809376
58.033279
58.780800
56.853439
58.785503
58.810303
58.014275
Control Period
58.795906
58.813568
58.875648
58.352829
58.781250
57.878464
58.628929
58.808830
Control Period
58.774113
58.772926
58.774143
58.775681
58.320351
58.808800
58.545055
56.608002
58.901695
58.801601
Control Period
58.789597
58.797379
58.812637
58.796288
58.473888
58.781921
57.814079
58.827999
Control Period
58.765984
58.821888
58.501694
58.795265
58.825790
58.780670
58.786369
58.819038
58.811424
58.869537
Control Period
58.762112
56.613693
58.795681
58.803104
57.068192
58.243935
58.804733
58.828960
56.360832
Control Period
58.834435
58.810532
56.880287
58.833694
58.793571
58.827969
58.760639
58.803970
57.438019
Control Period
58.812511
58.768864
58.810017
56.867008
58.809731
58.792290
58.909409
56.533890
58.786110
56.412834
Control Period
58.771423
58.787743
56.500351
58.806206
58.783745
58.840481
58.790112
58.828960
Control Period
58.815071
58.799263
57.447906
58.786049
58.788544
58.803841
58.770657
58.879395
58.768318
Control Period
58.804611
58.784386
56.582367
58.773216
58.774658
58.798210
58.793728
Control Period
58.788544
58.046783
58.784706
58.785919
58.814240
58.785343
58.793922
58.884384
Control Period
58.800545
58.259743
58.780418
58.786816
58.841152
56.555359
58.810272
58.778275
58.802914
Control Period
58.797119
58.789246
58.800995
58.803139
58.768448
58.806145
58.787041
58.796478
58.749603
Control Period
58.802658
58.824352
58.777214
58.818913
58.806881
57.894463
58.799553
58.792961
57.916512
Control Period
58.793633
58.798111
58.828991
58.820160
58.808479
58.780544
57.294113
58.796127
Control Period
56.643745
58.821217
56.709248
58.804001
58.774464
58.793728
58.824959
58.800194
58.817375
Control Period
58.831776
58.678658
58.861954
58.835075
58.785439
58.782173
57.106239
58.889374
58.811554
56.904610
Control Period
58.799232
58.793888
58.816608
58.808159
58.788132
58.769279
58.761440
58.746944
Control Period
58.753120
58.777695
58.836384
58.770721
58.350914
58.764896
57.205727
58.814560
57.164513
Control Period
58.776062
58.781250
58.790527
58.861313
58.755455
58.475998
56.860771
57.341633
Control Period
58.807426
57.168800
56.553436
56.574814
57.429565
58.701088
58.773918
58.799522
Control Period
58.813248
58.790657
58.780289
58.800831
58.799583
58.762787
58.566975
57.598244
56.463135
Control Period
58.855934
58.773151
58.795746
58.790176
58.801056
58.791969
58.776642
58.806881
Control Period
58.754112
57.271202
57.797314
57.564640
58.230400
57.650238
57.785889
58.656509
58.804573
Control Period
58.766174
58.864639
58.798241
58.796352
58.773087
57.458241
57.073311
56.393055
Control Period
58.793983
57.539169
56.886719
57.421791
56.588192
57.477249
56.897247
57.640926
58.496964
Control Period
58.802528
57.997120
57.264862
58.794910
58.810974
58.791744
58.783199
58.832802
56.615646
Control Period
58.814945
58.791359
56.428127
58.762562
58.796158
58.815968
58.821762
57.712353
58.871487
Control Period
58.751198
58.794914
58.745346
57.235264
58.888962
57.221760
58.804096
58.787262
Control Period
58.878815
58.766045
57.257889
58.796318
58.832577
58.789597
58.805664
56.447392
58.775742
Control Period
58.880127
58.077728
58.801155
58.794624
57.557281
58.830849
58.793312
57.546913
58.730850
Control Period
58.745026
56.489536
58.756477
58.827774
56.531395
58.859936
58.792862
56.628899
Control Period
58.797440
58.774879
58.794594
56.660995
58.810303
58.777374
58.786400
56.604034
58.810272
Control Period
58.789024
56.512512
58.800800
57.102432
58.819103
56.708641
58.810143
58.754463
58.829376
56.536797
Control Period
58.771263
58.817375
58.830944
58.865601
58.816319
58.768990
58.794720
56.644547
58.794754
58.788288
Control Period
58.804802
58.750397
58.792191
58.804577
58.826942
58.758911
58.816223
58.749374
58.897537
Control Period
58.809216
58.800163
58.783424
58.807232
58.779713
58.807552
58.747551
58.785984
58.784161
Control Period
56.768703
58.795357
56.591904
58.793663
58.777153
58.809376
58.777794
58.763168
Control Period
58.872414
58.235008
58.798752
58.805279
58.710785
56.654755
58.770145
58.792576
58.774303
Control Period
58.776573
58.782974
58.803581
58.802528
58.723839
57.231106
56.517982
56.420193
Control Period
58.814110
57.385025
58.672546
58.784386
58.767426
58.815903
58.850754
58.753120
58.808258
Control Period
58.778080
58.793602
56.486946
56.433662
58.795998
58.784958
58.696575
58.087646
Control Period
58.786591
58.782562
58.839169
58.790077
58.811165
58.790592
58.782848
58.757854
58.799999
Control Period
58.808159
56.516190
58.811680
58.826401
56.588928
58.696480
58.770721
58.806847
Control Period
58.799454
57.058304
56.489216
58.819008
56.428864
56.880383
58.759808
58.778526
58.734016
Control Period
58.803741
58.742176
58.812702
58.696384
58.835678
58.827843
58.806496
58.657249
58.779232
Control Period
58.813377
58.770370
58.774559
58.795555
58.774754
58.768127
58.806595
58.796448
58.763939
Control Period
58.755043
56.368866
58.799934
58.796066
58.780739
58.802303
56.321411
58.755745
Control Period
58.770142
58.782143
56.953888
56.447266
58.528450
58.808189
58.751648
56.363487
Control Period
58.804447
56.771519
56.503296
56.876701
57.933632
58.788673
58.804131
58.775711
57.989407
56.898979
Control Period
58.764927
58.789951
56.944542
58.214657
58.812992
58.788704
58.265888
58.781761
58.890846
58.459518
Control Period
62.597443
58.774143
58.791840
58.785984
58.789314
58.767265
58.792351
58.740387
58.785919
Control Period
58.798977
58.751808
58.895393
58.754562
58.778976
58.790112
58.786720
58.786560
Control Period
58.775455
58.764671
58.765121
58.514431
58.757278
58.756672
56.626625
58.805794
Control Period
57.846176
56.494911
56.711517
57.827744
58.791550
58.757568
58.762077
58.785759
Control Period
58.841057
56.563103
56.445503
57.263458
58.526718
58.779488
58.615265
56.309666
56.510529
Control Period
58.819489
58.755936
57.414978
58.684639
57.472576
57.574688
58.645920
57.366302
58.756001
Control Period
58.794174
58.788925
58.759296
58.755455
58.593472
56.504868
58.758751
Control Period
58.768547
58.786560
58.776482
58.780704
58.735104
58.739075
58.860031
58.772415
58.774689
Control Period
58.775871
58.759682
58.786690
58.022270
56.584030
56.634941
56.323586
58.867233
58.768192
Control Period
58.791393
56.295135
58.761024
58.754913
58.785568
58.753250
58.314941
56.436066
58.763870
Control Period
58.766945
57.593056
58.804192
58.763710
56.497665
58.760834
58.792191
56.456062
Control Period
58.779552
58.758209
58.791039
58.872063
58.479649
58.792061
58.081245
Control Period
58.821022
58.802944
58.789375
58.812515
58.766685
58.833153
58.776573
57.718815
56.994370
Control Period
58.871361
58.785408
58.780064
58.784798
58.809055
58.754463
58.604481
57.348831
Control Period
58.812447
58.830208
58.575264
57.994270
56.754051
56.637405
58.842911
58.763779
58.803745
Control Period
58.764065
56.409660
58.782143
58.738689
58.795296
57.095970
58.196861
58.753090
Control Period
58.763809
58.769058
58.784607
58.617920
56.400131
58.786179
58.755455
58.892159
56.482849
Control Period
58.751072
57.193954
58.757278
58.799168
58.550369
56.582497
58.798531
58.840607
58.790848
Control Period
58.800255
58.767487
58.571266
56.483650
56.686081
58.819969
58.762878
58.788639
58.239361
Control Period
58.832321
58.761536
58.795135
58.751778
58.854721
57.396286
57.350243
58.763264
58.812958
Control Period
58.782143
58.785118
58.789440
57.548321
57.649918
58.771172
58.791264
58.771965
58.801151
58.753410
Control Period
58.874016
58.777054
58.798817
58.781631
58.822334
58.762337
58.805443
58.777409
Control Period
58.758369
58.850529
56.632961
58.765312
57.600033
58.803104
57.797310
58.785919
58.737888
Control Period
58.802464
58.785347
58.762238
56.641251
58.773506
58.752930
58.821693
58.775139
Control Period
58.779232
58.066113
58.789375
58.783203
58.781021
58.665024
58.317184
58.756447
Control Period
58.766369
57.876289
56.674019
56.488129
57.090530
56.375198
56.631393
57.474049
56.452675
Control Period
58.764832
56.938080
56.519646
57.125248
58.788353
58.760799
58.729313
58.783134
Control Period
58.459778
58.471489
58.486206
58.435616
58.484257
58.453598
58.467072
58.445442
58.465820
58.451744
58.459488
58.436192
58.455650
58.450081
58.464577
58.467297
58.461983
58.457314
58.443199
58.464958
58.465759
58.444416
58.468449
58.463875
58.498402
58.462368
58.462402
58.930977
59.649536
