849.536
10.0688
-293.933
-174.267
-27.9668
-30.1035
-40.5669
-58.9312
16.3872
-14.1035
33.2334
-4
156.724
-75.9653
-15.1333
56.6206
-18.7998
-96.3335
-3.62061
-109.767
47
103.207
28.2998
-67.3794
-75.9312
13.8667
-173.833
94.6895
93.6333
-22.9668
-33.793
9.2666
-81.8335
106.655
101.233
37.5864
-34.8335
-138.552
27.5332
35.5332
157
-160.7
-58.1665
84.207
53.4482
68.7334
-50.0332
-74.9653
-73.6665
-14.1035
55.7998
-14.5332
3.7002
32.7588
25.9331
-5.93311
4.2334
-27.793
-124.6
67.5806
-37.1724
50.6333
61.3667
73.9668
-117.933
8.8667
-28.6665
48.8276
36.5
16.3999
-44.0669
-14.4136
20.6333
-92.3999
166.931
-167.1
59.2334
99.2998
-46.3794
-95.2412
-102.448
59.1665
32.5332
58.8999
46.7588
-43.0669
18.5518
60.8335
-91.3667
28.1035
4.2666
-29.2002
23.9668
63.4829
-78.7998
-35.8999
43.0669
-15.4331
99.8623
-16.1001
-44.0669
-12.5669
-132.467
-96.5332
130.104
62.1001
2.8667
-57.2759
-5.2666
75
75.2334
-4.93311
-74.6001
-37.6787
