57.8472
57.4468
57.4542
58.2941
58.5159
59.7856
59.165
59.0884
58.2791
59.4574
58.5415
58.1461
59.5444
59.7866
58.8348
58.0006
58.5372
59.0113
58.591
59.2497
58.6082
59.1555
59.7557
59.3635
57.1968
59.383
59.3288
58.7587
58.5138
58.1548
59.2703
59.5172
58.5249
58.9572
59.6057
59.3803
58.7423
58.9428
58.5913
59.3589
59.5409
58.6693
59.9202
59.0338
57.7275
59.8984
58.6684
59.1162
58.5104
58.4223
58.6522
58.4879
58.885
59.5182
59.303
59.3023
59.921
59.3314
58.8288
58.3027
59.1608
58.2097
59.9054
59.4153
58.4889
59.4146
59.4922
59.9122
59.1858
58.8264
58.6596
58.3074
58.3017
58.3249
59.6237
59.4438
59.5446
59.5541
58.4693
59.4493
57.4842
59.3768
59.6151
58.1236
59.3884
59.915
59.0243
58.9238
59.8938
59.0502
59.058
59.9109
59.9021
59.3912
59.7532
58.8551
58.6636
59.3235
58.9205
59.2869
59.0139
58.9253
58.8672
59.9246
59.4863
57.7702
58.8171
58.6119
59.7709
59.4972
59.1467
59.2628
58.0026
58.9244
0
