5650.46
6489.93
6793.93
6674.27
6527.97
6530.1
6540.57
6558.93
6483.61
6514.1
6466.77
6504
6343.28
6575.97
6515.13
6443.38
6518.8
6596.33
6503.62
6609.77
6453
6396.79
6471.7
6567.38
6575.93
6486.13
6673.83
6405.31
6406.37
6522.97
6533.79
6490.73
6581.83
6393.34
6398.77
6462.41
6534.83
6638.55
6472.47
6464.47
6343
6660.7
6558.17
6415.79
6446.55
6431.27
6550.03
6574.97
6573.67
6514.1
6444.2
6514.53
6496.3
6467.24
6474.07
6505.93
6495.77
6527.79
6624.6
6432.42
6537.17
6449.37
6438.63
6426.03
6617.93
6491.13
6528.67
6451.17
6463.5
6483.6
6544.07
6514.41
6479.37
6592.4
6333.07
6667.1
6440.77
6400.7
6546.38
6595.24
6602.45
6440.83
6467.47
6441.1
6453.24
6543.07
6481.45
6439.17
6591.37
6471.9
6495.73
6529.2
6476.03
6436.52
6578.8
6535.9
6456.93
6515.43
6400.14
6516.1
6544.07
6512.57
6632.47
6596.53
6369.9
6437.9
6497.13
6557.28
6505.27
6425
6424.77
6504.93
6574.6
6537.68
