80
66.8011
67.2754
68.535
69.3924
69.6845
69.4417
70.4181
69.3889
69.7433
69.6419
69.8554
69.5058
68.776
69.3639
68.9412
66.8721
68.5413
70.2034
69.7917
70.1504
69.7956
69.1322
68.787
69.5537
70.1163
69.3498
70.6576
70.0593
69.5617
70.1629
70.4104
69.4993
70.4775
69.5393
69.117
69.5409
69.7261
70.1395
69.3339
69.6354
69.1057
69.95
69.7081
69.8978
69.6822
68.9323
69.073
69.8301
70.0353
70.4311
69.9616
69.6667
69.3916
69.3797
69.3849
69.8447
69.5411
70.2121
70.1928
69.813
70.1918
69.7532
69.5405
69.1385
69.9389
69.6032
69.757
69.6466
69.125
68.8123
69.2891
69.4036
70.0927
69.7898
68.9307
70.3648
69.708
69.3517
70.427
70.3328
70.916
70.2754
69.9109
69.353
69.6791
69.6407
69.7969
69.5774
69.396
69.2877
69.794
69.7361
70.0818
69.4039
68.7416
69.1036
69.5396
69.8587
69.3901
70.2836
69.6929
68.9373
70.1546
70.4895
69.8524
70.0218
70.1479
70.1374
70.3547
70.0819
69.8375
70.2202
70.0258
