3942
5952
6065.5
6204
6421.5
6229
6164.5
6011.5
6085.5
5991.5
5971.5
5972
6110.5
6051
6026.5
6051
6070.5
6031
6031.5
5972
5972
6011.5
6051
5932.5
6031
6091
5932.5
6184
6164.5
6263.5
5893
6090.5
5853
6011.5
6169.5
6090.5
5952
5991.5
6150
5992
6031.5
5991.5
5932
6125
5814
6071
6031
6145
6071
6031.5
5912.5
6070.5
6031
6031
6244
5893
6051
6011.5
6051
5971.5
5932.5
5991.5
6051
5952
6070.5
6070.5
5873
5833.5
6091
6011.5
6031.5
6110.5
6011.5
5976.5
5971.5
6170
5932.5
6085.5
6051
6051
5912.5
5972
5991.5
5798.5
5992
5893
6031
5932.5
6110.5
6125
6051
6110.5
5972
5991.5
6051
5992
5972
6051
5913
5813.5
6070.5
6184.5
6011.5
6051
5972
6051
5971.5
6090.5
5912.5
5287
