0.708808
0.726331
0.733289
0.736726
0.749615
0.755151
0.759194
0.756209
0.761271
0.757823
0.757589
0.763076
0.757411
0.76009
0.764577
0.767586
0.767275
0.76726
0.767893
0.768879
0.758753
0.764032
0.766589
0.76102
0.761313
0.760785
0.765944
0.762026
0.762946
0.768233
0.770144
0.762302
0.762237
0.756523
0.755138
0.765874
0.764963
0.760482
0.757999
0.760467
0.758475
0.764617
0.7615
0.756484
0.759414
0.76245
0.744596
0.749458
0.754876
0.756291
0.758251
0.761109
0.761463
0.757109
0.756968
0.765456
0.765486
0.765567
0.760548
0.766207
0.764063
0.764869
0.761939
0.765772
0.765313
0.767115
0.766183
0.7662
0.767501
0.755924
0.757655
0.761916
0.759829
0.763563
0.761104
0.76444
0.769971
0.766516
0.767026
0.763606
0.759925
0.763639
0.759108
0.758125
0.758125
0.759879
0.766672
0.75791
0.757471
0.761177
0.754759
0.756002
0.760082
0.761626
0.755176
0.765962
0.760676
0.763454
0.758597
0.762832
0.75576
0.757515
0.769062
0.764481
0.748839
0.756645
0.760205
0.762348
0.766723
0.762965
0.76427
0.765478
0.765038
0.762837
