59.252098
58.570465
58.852097
58.643360
58.554527
58.531361
58.534370
58.513504
58.568382
58.543552
58.563744
58.551422
58.664864
58.551647
58.587296
58.560543
58.589825
58.557854
58.571617
58.565086
58.560513
58.571869
58.570305
58.578945
58.560547
58.577667
58.606430
58.568001
Control Period
58.692513
57.308479
58.114655
58.779839
58.696480
58.716320
58.690559
58.738625
57.080383
Control Period
62.350178
58.705055
58.706593
58.742592
58.733280
59.403870
58.727165
Control Period
61.153473
58.732834
59.918526
58.740417
58.712158
58.754272
58.679970
58.720383
Control Period
58.734207
61.048641
58.739777
58.722401
58.832573
60.957405
63.004032
61.187485
59.056641
Control Period
58.732800
62.223167
58.717026
62.642559
58.751358
58.717918
62.889954
58.708351
Control Period
58.690849
62.317825
59.066753
60.630753
58.771263
62.357666
58.693214
59.779778
Control Period
62.726658
58.726143
62.748062
58.712830
62.844479
58.737602
62.345795
Control Period
60.712257
58.778114
62.665218
58.710590
62.315872
58.732800
62.341217
58.730816
63.241150
Control Period
60.908607
58.662624
62.892929
58.690338
61.267807
59.430782
58.694145
62.119583
Control Period
60.168064
59.644863
58.847359
61.747005
58.736099
62.758656
58.702721
62.479137
Control Period
58.704254
62.348927
58.767361
58.728512
58.808990
61.188286
60.136929
61.137535
Control Period
59.453857
62.677917
58.717697
59.400352
63.052608
58.686462
58.710335
60.104706
Control Period
61.760956
62.791584
60.139587
58.711197
58.698303
62.925602
58.704193
58.692383
58.713501
Control Period
58.704643
61.526657
58.697731
63.009727
58.796898
59.481537
61.061409
58.695423
Control Period
60.525665
61.213470
58.707264
63.366753
58.695938
59.161568
58.672958
59.329857
Control Period
62.480576
58.679390
58.878178
60.272320
58.743328
62.661983
58.709633
62.248192
59.859489
Control Period
59.136253
62.172928
58.729668
62.977341
58.712799
61.681473
60.598366
58.735069
Control Period
61.845440
58.737312
59.137535
58.731712
59.134819
62.819550
58.697472
62.184929
59.724895
Control Period
61.468353
58.890976
60.421921
58.736290
58.719650
62.630142
62.795296
59.942467
Control Period
58.803490
61.778305
60.264801
61.847904
58.706718
60.840416
61.432064
60.178879
Control Period
60.735905
59.765022
60.431198
61.387100
58.787807
61.243294
60.240993
60.377407
Control Period
62.433922
58.725601
62.838432
58.760414
62.374245
58.730370
60.318909
58.731808
Control Period
58.725342
62.828545
58.708225
60.356354
58.723232
61.994942
59.475777
58.730816
Control Period
62.079903
58.682945
60.246147
58.710686
61.716194
58.946720
62.911613
58.711166
62.094208
Control Period
63.382401
58.671009
58.723583
63.203106
58.697792
63.016510
62.787968
58.759583
Control Period
63.170559
58.683071
58.784096
62.787743
58.715904
61.493858
58.708031
59.300385
Control Period
61.132446
60.665855
58.708290
61.569473
58.696705
58.973759
62.908127
58.819454
59.822914
Control Period
60.065346
61.264481
60.288414
58.927811
61.457695
59.104000
62.354080
59.170303
63.097439
62.094654
Control Period
62.991840
62.635105
60.233917
58.707840
61.783615
59.218338
58.677437
58.828320
Control Period
58.762077
58.726784
59.090080
61.915680
60.781536
58.766850
61.264610
63.442497
62.200096
Control Period
60.016224
58.675903
58.727745
62.427071
62.241341
58.699806
60.878624
59.547199
Control Period
62.995296
58.695934
59.665569
60.876770
58.709122
61.149857
58.719231
Control Period
63.060448
59.865891
58.722786
58.740639
59.387070
63.092445
60.070240
62.253761
Control Period
58.713921
61.607361
58.747265
58.691330
60.041920
60.672318
58.702271
63.669983
Control Period
58.687679
58.718819
59.911392
61.469376
60.944801
59.816959
58.689949
58.731647
62.935936
Control Period
61.566307
63.046783
58.688480
58.860992
62.925407
61.742302
58.710434
59.473312
Control Period
61.673820
58.749729
62.976799
58.729439
62.976830
58.845856
58.692417
60.965984
Control Period
59.206818
63.113697
58.728958
60.612541
59.239071
62.410591
58.733631
62.252068
59.897247
Control Period
60.212990
58.734146
58.957985
59.079742
60.995136
60.709759
60.732098
58.750526
Control Period
59.111263
62.440224
58.759552
61.693916
59.944832
60.031807
60.682625
62.020065
Control Period
62.373344
58.782845
59.238335
58.680702
58.763199
62.892223
58.688896
Control Period
64.662140
58.718815
60.253151
58.724415
63.172607
58.733727
58.709984
62.961060
58.712769
Control Period
60.669342
61.443108
62.714016
58.772575
62.325375
58.709183
62.400383
58.734207
62.982018
Control Period
62.618210
59.468353
61.217987
60.794785
60.675583
58.746719
58.737698
Control Period
61.745987
58.741890
58.722237
58.724960
63.369949
58.737694
58.707298
58.722816
Control Period
59.525757
61.856926
63.274338
60.875393
62.135773
62.929119
59.208801
58.700928
Control Period
58.719391
58.708225
58.735390
58.732094
58.724640
58.748096
58.716351
58.706497
Control Period
62.803871
58.702911
58.677505
58.718910
63.150627
60.862114
58.695072
60.873055
Control Period
58.700317
61.819584
63.019165
58.749886
58.736320
62.491264
58.786976
58.704128
Control Period
62.456512
60.017090
60.048096
58.727806
62.860416
58.670845
61.938080
58.746208
Control Period
61.234112
58.704765
62.913086
58.714943
62.319775
58.722782
60.397408
58.712608
Control Period
58.746750
62.464317
58.736610
58.807587
63.027264
58.690880
58.737091
62.652222
Control Period
59.507454
62.998978
58.723263
61.802116
58.693569
59.095299
61.268608
58.705635
Control Period
59.800510
58.714367
62.276932
59.520958
58.732002
62.870304
60.916733
58.977024
58.762947
Control Period
61.680832
58.727776
62.653664
58.707169
62.930592
58.816093
60.816444
58.771904
62.618526
Control Period
62.443520
63.388321
62.028511
60.907646
59.566978
61.449024
62.962814
62.843487
Control Period
61.100544
58.784706
60.739166
59.932159
58.716640
61.394653
59.655392
58.694336
Control Period
63.347710
62.534019
58.772064
63.128769
58.932671
58.713951
62.611519
59.834305
Control Period
60.581024
62.574112
58.750046
59.119328
61.935551
59.999229
61.954880
60.606018
60.620705
Control Period
61.827808
61.382492
58.695072
61.417027
59.721569
61.298721
60.526527
Control Period
58.756256
61.823967
58.715073
60.036514
62.079010
58.728992
63.158432
58.771202
63.427551
Control Period
58.732574
62.792255
58.701248
62.167423
59.902977
61.896896
59.886749
60.253021
Control Period
62.000542
59.779648
58.699841
61.640800
58.909889
61.057087
61.265343
58.764481
Control Period
60.130016
58.739838
62.313217
59.639328
60.691807
61.720798
58.706947
58.895393
62.770210
Control Period
62.958912
58.707935
63.019295
58.732063
61.192928
60.498177
60.050110
61.727325
58.738720
Control Period
60.337696
61.333214
60.414848
58.773407
58.727646
59.142563
58.791103
58.714111
Control Period
59.744961
61.960510
62.942337
61.317665
60.287712
59.232674
62.797310
60.332447
Control Period
61.788963
60.984512
58.742016
61.432770
58.674240
60.370144
61.710686
60.254883
Control Period
62.941727
63.040833
58.690369
63.168449
59.158562
61.679779
60.822529
Control Period
61.004448
58.953026
59.000191
62.118015
59.893379
62.096222
59.470943
61.355713
60.331841
Control Period
58.712704
58.752541
60.119297
58.762753
61.484703
58.785217
63.107841
59.534721
Control Period
62.976799
58.717312
62.813599
58.723328
63.000671
58.705185
61.462692
60.680702
Control Period
59.555008
58.786179
62.432350
63.088898
58.736671
59.562271
60.814240
58.741089
Control Period
61.426559
62.924606
58.807938
62.190338
62.724350
58.706497
62.600735
60.256126
Control Period
58.806751
58.731422
62.022972
60.933151
58.748062
61.165535
58.776001
58.728928
Control Period
60.266624
60.490688
62.729729
58.720512
60.162560
61.638306
60.698463
58.902397
62.529663
Control Period
60.009277
60.262207
62.812031
58.813858
59.348640
58.690178
58.892128
58.775040
Control Period
60.749184
59.394302
58.824928
61.838142
60.010048
59.723999
58.683167
58.717346
Control Period
58.734016
63.020000
58.729057
60.069855
59.756065
60.980865
59.790337
58.819168
61.336063
Control Period
58.738495
61.075935
61.180386
58.695778
58.786911
62.729858
58.716637
Control Period
58.697823
58.720127
59.013405
60.709122
61.856609
58.721794
63.140736
58.710625
61.405151
Control Period
63.056736
58.741150
61.224865
58.737251
62.781792
58.715553
63.011520
58.707970
63.181343
Control Period
61.330303
60.806396
59.453568
60.903553
61.826370
58.747841
62.852417
Control Period
58.702431
62.813663
58.759262
62.334175
58.736130
59.428032
59.769501
58.651970
62.779137
Control Period
62.762978
58.723999
60.004192
60.811234
58.764095
63.284672
58.762558
62.878944
58.694305
Control Period
61.195518
58.720417
60.480705
62.140961
60.280865
62.465248
61.090622
59.545090
Control Period
58.736641
62.910881
58.713409
61.864674
58.755585
62.675201
58.839554
61.745537
Control Period
62.904831
59.368607
61.198494
60.693504
58.719902
61.985088
58.766785
63.002365
58.703842
Control Period
58.677917
62.756035
58.767166
61.611137
58.689312
58.973248
60.260704
Control Period
58.732735
63.083263
58.789536
62.914623
58.697472
61.016319
60.131073
58.706787
Control Period
58.697407
58.789791
62.988701
60.963905
58.711105
58.742561
61.757057
63.162399
Control Period
62.740067
58.718079
60.698879
59.362209
58.660160
60.515709
61.059235
58.785568
Control Period
61.851967
62.786140
58.759842
62.880383
58.730751
59.798782
59.255203
58.751778
62.600094
Control Period
62.889664
58.748447
62.144577
61.353760
58.690659
62.885281
58.739647
Control Period
60.823677
58.753502
59.219776
58.717377
61.669182
58.777985
61.831394
58.706657
62.404095
Control Period
63.057056
58.701599
61.554401
61.001728
58.734116
60.956573
60.544930
59.280739
Control Period
58.792130
58.721569
59.202110
58.694206
62.527870
59.415710
59.667809
Control Period
62.536644
62.753311
59.648605
58.745087
61.018112
58.702209
60.239296
58.678017
62.990173
Control Period
60.611458
61.759392
58.814499
58.700256
61.737984
58.709534
62.608643
58.724575
Control Period
59.793407
58.693726
61.910110
58.800705
62.973473
58.703968
61.916801
58.759232
62.903904
Control Period
60.823040
59.337761
61.993568
58.829662
63.081726
58.796032
62.874817
58.664993
63.075935
Control Period
61.050400
58.689117
59.012161
61.183197
58.723137
59.490944
61.360542
Control Period
58.737312
59.565281
60.883102
58.711197
62.830143
58.711426
60.388737
Control Period
60.151741
60.499359
58.750656
58.713249
58.707935
61.886463
61.956959
64.022781
Control Period
58.711006
58.745792
62.649345
61.335587
58.764931
58.715553
60.153564
59.543427
58.691170
Control Period
58.904831
62.346016
58.707169
58.976418
58.702145
62.873856
59.739647
60.982079
58.718178
Control Period
62.933792
58.709854
62.232002
58.765793
62.580418
58.718620
63.225185
58.701729
Control Period
58.707329
63.033409
59.188034
62.489281
59.584896
61.413921
59.662430
60.890240
Control Period
62.943268
58.702942
61.389122
59.986401
61.954494
58.969952
58.687805
59.629730
58.710880
63.121696
Control Period
62.612255
58.732319
58.958080
58.700798
62.528606
60.217152
60.916065
61.270336
Control Period
63.034019
60.947136
59.641823
58.719521
63.151741
62.512962
61.148094
58.722816
60.918434
Control Period
62.681694
60.135742
60.735168
61.369057
62.680893
62.369888
61.239426
59.912991
Control Period
62.876930
61.168034
59.136482
60.723743
60.847809
60.644127
58.429314
58.453377
58.433567
Control Period
64.717606
65.189056
65.457985
