57.974
58.8859
59.5389
61.3592
62.0833
61.9842
61.7644
61.766
61.9581
61.8772
62.2987
61.837
61.4167
62.2408
62.5706
61.4248
61.8147
61.636
63.2331
63.4909
62.1538
61.3126
61.6003
61.7676
61.7559
62.2601
61.5083
63.1502
62.044
63.455
62.7923
62.8044
61.6729
62.6633
62.6915
63.4535
62.1697
62.6269
61.8521
61.8399
60.8863
62.2354
64.8293
61.1469
62.2599
61.5667
62.3313
62.5175
61.5139
62.1234
63.1936
63.5962
63.2148
61.0691
61.4902
62.4835
61.5181
64.0035
62.287
62.3623
63.5783
61.0285
63.1944
62.1092
63.5398
61.712
62.5881
62.6558
60.3979
62.3092
61.1926
62.657
61.8333
61.1694
62.7712
61.9274
62.6832
62.6492
62.236
62.0503
62.0567
62.1682
62.0171
62.2372
62.6458
62.4671
61.6079
62.6973
61.226
62.274
62.4926
62.416
61.6438
62.497
62.5796
62.9532
63.5166
61.9706
62.4035
62.7413
62.3162
61.6581
61.9091
61.9536
64.0353
62.2932
62.2167
61.9774
61.4488
61.5106
62.2555
62.1012
62.387
62.4013
