160
137.571
137.629
139.818
141.644
142.659
142.937
143.062
143.508
143.547
144.095
142.046
142.377
142.618
142.579
142.269
143.486
143.473
143.64
144.05
143.658
142.548
143.05
143.247
143.223
142.933
143.642
142.953
142.699
143.567
143.505
144.889
143.562
143.11
141.831
142.606
143.052
143.568
144.12
143.274
142.766
143.004
142.909
143.504
143.531
143.772
143.355
142.649
143.1
143.118
143.261
144.638
144.828
143.789
142.888
143.032
142.275
142.737
143.069
143.597
143.207
143.745
145.002
143.859
144.445
144.346
143.669
143.411
143.468
143.805
143.604
143.643
143.333
143.055
143.391
142.416
142.992
143.299
143.796
143.392
143.038
143.83
143.533
143.336
143.336
143.735
143.217
143.013
142.566
143.238
143.628
142.705
142.377
143.557
143.589
143.979
144.189
143.656
142.448
142.566
142.985
142.615
142.505
142.567
143.149
143.958
143.921
143.012
142.023
142.554
142.697
143.005
143.034
143.244
