113.45
115.569
118.246
121.45
122.842
121.844
121.14
120.899
121.414
121.473
121.351
121.972
121.613
122.009
121.612
122.141
121.572
121.088
122.766
122.169
122.05
121.81
121.787
122.529
121.618
120.832
121.855
122.717
121.935
120.48
120.98
122.308
121.59
121.74
121.561
121.697
122.804
121.744
122.153
122.438
122.243
121.409
122.116
121.581
120.84
121.767
122.254
121.457
120.88
121.164
121.934
121.57
122.064
121.104
122.273
121.433
122.384
122.012
121.702
122.74
123.003
122.511
123.794
123.483
121.988
122.337
121.797
122.026
121.323
121.372
122.693
123.676
123.254
122.412
122.508
121.027
121.69
120.941
122.47
122.809
122.112
122.458
122.041
121.229
121.917
121.173
122.667
121.913
122.243
122.499
121.741
121.631
122.07
122.447
122.268
121.807
122.244
121.761
121.533
122.585
122.568
121.884
122.887
121.451
122.794
122.303
122.754
122.262
121.889
121.847
122.652
121.189
121.308
121.636
