160
130.344
130.074
132.369
133.939
135.031
135.168
135.245
135.239
135.138
135.539
135.019
135.409
135.505
135.438
134.56
133.942
135.311
135.188
134.495
134.038
134.393
135.473
135.211
134.395
134.4
135.045
134.771
134.998
135.649
135.4
134.926
134.968
135.303
135.459
135.307
135.301
135.309
135.152
135.082
135.877
136.08
135.383
134.813
134.391
134.705
135.409
135.257
135.419
134.554
134.226
135.16
135.629
135.965
135.03
134.694
134.183
134.291
134.68
134.778
135.446
134.63
134.772
134.401
133.778
134.339
134.812
135.341
135.04
134.374
135.76
134.959
135.577
135.291
135.7
135.602
134.073
134.019
133.671
135.439
135.206
135.411
135.137
135.11
134.482
134.194
134.336
135.728
135.165
134.339
135.52
134.838
135.192
135.954
135.485
136.01
135.369
135.181
136.048
136.536
135.544
134.737
134.344
135.524
135.155
134.669
135.079
135.036
135.879
135.617
135.72
136.357
137.175
135.523
