80
63.4895
66.8527
67.6856
68.3188
67.2697
67.3043
66.7241
66.5292
66.8359
66.7691
67.7734
67.3908
67.0778
66.9091
66.1208
66.7339
67.1963
66.672
66.774
66.6091
67.1431
67.2219
67.1587
66.8525
67.1418
67.0772
66.8283
67.184
67.161
67.7974
67.1177
67.4082
67.1772
67.1215
66.9864
66.6209
66.9964
68.1894
67.5535
67.4909
67.119
66.929
67.2351
66.0951
67.5929
67.0785
67.8546
66.3
65.8294
67.2252
67.253
67.8066
66.1398
66.6466
66.8875
67.2543
66.3351
66.7696
66.8862
67.0605
66.2036
66.2268
66.2021
66.6623
67.8401
67.8906
66.9477
66.5532
67.206
67.1047
67.1462
68.119
68.0944
67.3477
66.4084
66.7622
66.1729
67.799
68.473
66.248
66.5128
66.5626
66.9243
65.7401
67.3826
66.1352
67.7586
67.358
67.046
67.6071
67.1862
67.183
67.4799
66.3735
67.6152
66.9903
67.314
68.1781
67.2057
67.008
65.0932
66.6812
66.6728
67.2457
66.1917
67.5814
67.2058
67.6162
67.3669
67.3345
68.464
66.7202
66.901
