56.6291
59.6071
60.6752
62.5457
63.2906
61.9828
62.9873
63.2609
62.8196
63.4229
62.1467
64.2206
62.4937
62.5245
62.8119
63.5419
63.7766
62.9096
62.8678
63.0891
63.3674
63.4221
63.1781
63.1728
62.5087
61.9829
62.9691
63.3346
62.833
63.1647
63.3207
63.2428
63.3922
63.286
62.9162
63.5137
62.212
62.4172
63.2429
63.8142
62.8438
62.7551
62.8733
62.7435
62.3194
63.6293
61.7982
63.5249
63.1932
63.178
62.7879
63.3368
62.8981
63.0659
62.9077
62.9681
62.4371
62.5697
63.1292
62.8553
63.3917
63.0752
62.7857
62.1699
62.2106
62.8251
63.0671
62.9568
62.4317
63.0031
62.9321
63.8274
63.2625
62.5847
63.5782
63.6167
62.7823
63.2195
63.3881
63.0751
61.5107
62.7762
62.2851
63.8825
62.8415
63.2408
64.122
62.2815
62.8601
62.5051
63.2326
62.8977
62.6244
63.8471
63.1181
63.4511
63.1033
63.282
62.4817
61.909
63.1595
63.4861
63.9312
62.9783
63.5011
63.9847
63.4588
63.4717
62.1747
62.3793
62.7782
63.4577
62.6108
63.3637
