5667.8
6435.1
6321.77
6110.03
6010.03
5992.93
5902.87
6015.43
6143.03
6039.7
6018.21
5871.27
5966.41
5918.7
6017
6078
6053
5958.55
5915.13
6118.8
6016.97
5912.83
5956.13
6049.63
6109
5985.1
5955.21
6122.1
5968.79
5821.4
6101.38
6034.5
6005.2
5872.28
6018.3
6039.33
6028.13
6051.66
6122.47
5921.73
5848.28
5952.03
6075.86
5996.83
5900.93
6148.4
6037.07
5898.59
6008.83
5880.07
6092.2
6022.59
6067.72
5974.53
5999.63
5991
6012.86
6029.2
5980.4
6117.14
5913.13
5847
6072.13
6045.86
5971.53
6038.1
5862.34
6014.73
6125.03
6192.55
5995.03
5935.87
5810.55
6077.9
5943.34
6096.13
6022.03
5942.83
5956.07
6029.1
5889.43
5946.38
6070.07
6076.2
5950.14
6010.17
5926.67
5975.59
6073.17
6049.27
5896.37
6096.77
5993.69
5930.24
6106.97
6032.17
5991
5977.17
5996.7
5991.37
5989.03
5991.72
6016.67
5878.72
6044.37
5981.72
6115.72
5924.73
5967.97
6044.43
6041.77
6023.14
6027.9
5996.19
