3962
5952
5798.5
6164.5
6456
6189.5
5991.5
5952
6051
5932
6263.5
6031
6085.5
5833.5
6051
5853
6011.5
6164.5
5991.5
5778.5
5991.5
6110.5
5932.5
5853.5
6091
5991.5
6051
5932.5
6184.5
6085.5
5932.5
6283
6184.5
5912.5
5778.5
5971.5
6051
6303
6204
6085.5
5695
5986.5
6209.5
6031.5
5971.5
6263.5
5932.5
5932.5
5873
5972
6224
5952
6011.5
5972
6051
6011.5
6011.5
6125
5972
6011.5
6071
6051
6105.5
6046
5952
5754
6110.5
6164.5
6011.5
5952
5833.5
5873
6145
6066
6031.5
6071
5952
6011.5
5932
5952
6204.5
5774
6091
6031
5813.5
6051
6051
6011.5
6031
5952
5877.5
5971.5
6130
6070.5
6051
5991.5
6051
5991.5
5952.5
5893
5952.5
6031.5
5912.5
6130.5
5932.5
6110.5
6070.5
5972
6110
6051
