56.7143
58.1305
58.7691
59.9111
60.1604
60.2345
59.9425
59.5667
60.5598
61.3279
60.6057
60.2072
60.0374
59.4938
60.1646
60.5816
60.1385
60.6362
60.9371
59.8351
60.4777
61.4373
60.3034
60.2745
60.0222
59.1579
60.7807
60.3058
61.1655
60.515
60.0049
60.1697
59.3978
60.3069
60.2685
60.131
60.776
60.4105
59.3748
60.5288
61.5843
60.7509
60.3088
59.904
60.6874
60.1025
60.2073
59.5627
60.0883
60.5479
59.6773
60.6857
59.9024
59.9191
59.9858
60.7684
59.9335
60.2331
60.6776
60.7561
60.2815
59.5471
59.5793
60.1606
60.9515
60.6389
59.5244
60.2528
60.1746
60.1322
61.36
60.8943
60.4528
60.3917
60.7541
60.3218
59.2849
60.3257
61.1893
60.4812
59.4458
59.5723
60.0634
59.6945
60.4071
60.5488
59.7756
60.4658
60.1267
60.2846
60.5496
60.0328
60.8552
60.0882
60.4099
60.2343
59.9387
60.2364
59.9765
61.1911
60.2619
60.221
60.3607
59.3612
60.2966
60.365
59.9317
60.3477
60.3011
59.7692
60.435
60.6192
60.033
59.6941
