918
918
918
959.296
948.77
936.673
932.942
934.337
934.408
936.391
939.964
932.545
934.646
932.418
924.182
933.455
933.684
931.867
931.193
927.608
924.539
923.157
922.471
927.61
930.301
930.997
927.386
921.724
931.7
932.481
931.78
932.625
930.963
930.253
932.064
933.536
932.631
935.764
932.292
933.65
926.581
925.876
929.173
934.035
926.578
932.017
932.486
939.653
934.612
932.717
936.872
934.677
927.922
930.071
930.764
930.764
932.374
932.958
931.939
931.923
927.346
926.799
922.688
919.586
926.451
930.678
929.69
924.259
926.486
933.254
928.678
922.001
918.046
920.664
924.306
921.578
926.22
931.679
928.835
929.143
929.784
935.962
936.344
930.648
931.865
933.075
930.245
921.128
923.25
923.138
926.888
930.944
928.853
922.558
927.268
928.575
924.276
924.614
927.367
928.573
930.29
931.031
930.296
927.121
927.784
928.007
931.36
931.575
929.322
927.519
928.448
925.755
927.066
931.401
929.872
930.982
928.084
935.548
