827.433
-204.333
-233.433
-71.1377
26.9668
1.7002
38.0669
69.2412
-143.9
41.1333
-42.9653
-159.367
179.6
3.9668
-34.7998
-13.1333
-69.3999
-59.0332
-26.6895
-13.2002
99.4829
51.9668
13.1724
-70
-109.311
193.367
14.7666
-13.7998
16.1333
-32.1377
-13.2334
34.8623
28.2334
-17.5171
60.5
-67.1001
26.3105
-136.567
-13.3794
63.7666
93.7334
-144.035
105.233
8.89648
138.467
-97.6333
-36.5
80.5
-42.7002
-130.433
41.8667
13.2002
30.8999
11.5
-19.6665
-0.333496
-88.5171
-10.4668
-79.5
-59.7998
132.867
81.5332
-19.3335
-104.862
43.1001
130.833
-88.793
-128.833
-76.2002
50.8965
70.2666
-52.8667
89.7002
105.483
-55.2002
5.8667
12.5332
119.621
6.8667
-110.433
24.0347
23.355
-54.8667
-176.1
41.3999
-2.3335
72.5864
78.2998
-40.6665
-121.448
91.2666
25
-83.0332
6.6001
53.2666
23.0332
33.4482
14.1333
-14.4829
-61.1333
12.7998
4.6665
64.8335
3.62061
-43.3999
-34.7998
18.1333
-52.2002
25.5669
83.4668
-29.2998
21.3335
-56.2002
144.654
