113.581
112.771
113.596
113.809
117.097
114.636
115.098
115.161
115.243
116.17
115.134
116.411
116.724
114.798
116.966
115.686
115.228
116.639
116.529
116.699
116.663
116.417
115.291
116.665
116.142
117.355
115.568
116.511
115.604
116.607
115.196
115.765
115.567
114.043
116.942
114.501
115.21
114.323
116.025
115.586
116.106
115.706
116.607
115.14
116.01
115.257
113.922
113.863
114.08
113.557
115.641
116.079
116.446
115.786
116.372
115.678
114.21
116.039
116.119
116.742
117.317
116.252
116.02
115.525
116.99
115.902
116.095
116.155
116.8
117.32
117.329
116.328
116.892
115.612
114.907
116.373
115.405
116.084
115.914
115.69
115.586
116.321
116.593
115.869
116.837
116.864
116.461
116.446
116.164
116.165
117.112
116.384
115.9
116.766
116.378
117.353
116.103
115.337
116.316
116.474
116.567
115.502
115.973
116.17
115.377
115.921
115.919
115.647
116.887
116.779
115.211
115.517
115.718
115.813
