80
60.4003
64.454
65.7429
65.4662
63.6957
64.902
64.9504
64.2452
65.4713
64.4313
65.3432
65.5529
63.7973
64.4827
65.3068
64.8925
65.3411
65.3179
65.236
65.3562
64.5927
64.5758
64.7938
65.0859
65.8166
64.0383
64.8348
64.7228
64.3023
64.7588
65.1289
64.4991
64.5645
65.1039
64.0507
64.814
64.4629
65.9083
65.441
64.8713
64.2513
65.877
64.3108
64.7621
64.2197
64.9586
65.459
64.6583
65.3355
65.9127
65.0047
64.6567
64.3164
64.7937
65.3148
64.7045
65.6269
65.1265
65.6074
65.5397
64.3842
64.5322
65.0449
65.7345
64.7197
64.2605
65.7031
65.6995
65.6635
64.9877
64.6312
65.271
64.6404
64.2941
65.2327
64.9199
64.7377
63.6635
64.4388
64.9449
64.5111
64.3919
64.9348
65.9426
65.1143
65.1006
64.7367
64.3857
64.9249
65.7117
64.5662
64.707
65.2549
65.1336
64.8393
64.4436
64.5738
64.5825
64.5418
64.8708
64.6955
65.0292
64.7763
64.6273
64.9245
65.0754
64.9447
65.181
65.0763
64.1625
65.1381
64.6036
65.2968
