4064.5
5912.5
5912.5
6243.5
6771.5
6830.5
6495.5
6672.5
6495.5
6382
6752
6461
6594
6850.5
6209.5
6554.5
6554.5
6515
6554.5
6574.5
6574
6308
6461
6456
6673
6712.5
6229
6554.5
6475.5
6407
6554.5
6555
6303
6535
6421.5
6692.5
6574.5
6574
6594
6520
6436.5
6732
6367
6515
6461
6633.5
6574.5
6515.5
6594
6633.5
6520
6534.5
6574
6416.5
6554.5
6791
6480.5
6461
6495.5
6382
6406.5
6515
6712.5
6574.5
6288.5
6692.5
6539.5
6515
6401.5
6594
6441
6456
6402
6500.5
6382
6461
6288
6653
6480.5
6382
6692.5
6574.5
6421.5
6633
6480.5
6653
6653
6540
6401.5
6752
6554.5
6441
6441.5
6495.5
6520
6559.5
6436.5
6515.5
6436.5
6554.5
6500
6535
6535
6633.5
6520
6362
6515.5
6539.5
6653
6456
