0.707762
0.948084
0.894189
0.886977
0.873334
0.921075
0.905348
0.896209
0.903864
0.887275
0.910479
0.884798
0.891499
0.912358
0.90993
0.891462
0.899409
0.892646
0.895472
0.900474
0.898807
0.905902
0.905309
0.896679
0.899462
0.892752
0.915514
0.896472
0.894762
0.90399
0.904702
0.893458
0.904498
0.907131
0.889303
0.905091
0.897141
0.908442
0.890603
0.897884
0.900583
0.91067
0.886049
0.908814
0.907204
0.901017
0.904168
0.895949
0.906494
0.89439
0.889667
0.895668
0.897882
0.909548
0.906538
0.889654
0.90521
0.890356
0.898762
0.891844
0.896128
0.912282
0.906475
0.899294
0.888008
0.907715
0.914161
0.88485
0.890463
0.894588
0.902269
0.90464
0.899912
0.906637
0.909518
0.895407
0.89838
0.89589
0.914294
0.89551
0.895443
0.900749
0.902761
0.896262
0.890945
0.899503
0.902401
0.903325
0.904398
0.898971
0.891434
0.905401
0.89947
0.898723
0.901301
0.896016
0.906202
0.901845
0.897597
0.898327
0.898537
0.906221
0.903376
0.897925
0.899899
0.898441
0.899914
0.897845
0.901229
0.894392
0.913246
0.893473
0.90516
0.89473
