0.709881
0.882553
0.894989
0.89132
0.921359
0.885917
0.901048
0.902233
0.903849
0.902147
0.893987
0.907112
0.897387
0.89174
0.915603
0.89158
0.894361
0.907146
0.898111
0.899895
0.899182
0.901908
0.893701
0.910092
0.895028
0.904085
0.89463
0.906944
0.893712
0.907289
0.889166
0.901879
0.900201
0.889292
0.920117
0.887154
0.900451
0.8942
0.906732
0.897284
0.906118
0.901779
0.901548
0.893114
0.905882
0.900776
0.885849
0.89542
0.904152
0.894911
0.910176
0.906958
0.904658
0.896986
0.904452
0.894665
0.887585
0.908448
0.901743
0.901964
0.902412
0.897503
0.901004
0.895587
0.906346
0.894474
0.905742
0.897985
0.899477
0.900872
0.902242
0.895495
0.901426
0.89394
0.897616
0.908787
0.894342
0.904743
0.90436
0.899339
0.894678
0.905686
0.904086
0.892997
0.899173
0.901694
0.897113
0.902245
0.901365
0.898638
0.902219
0.898419
0.896967
0.902825
0.897785
0.90927
0.893002
0.894097
0.907111
0.901949
0.898643
0.892029
0.90237
0.904573
0.894846
0.901536
0.898872
0.898399
0.907249
0.901501
0.891487
0.899624
0.902358
0.898925
