60.515808
58.584991
58.553986
58.555199
58.559647
58.574142
58.541183
58.547359
58.589058
58.549313
58.570881
58.574303
58.568672
58.644066
58.536545
58.626049
58.607361
58.565315
58.554207
58.550945
58.577473
58.626305
58.584351
58.547359
58.556931
58.573792
58.589695
58.583939
Control Period
58.723103
57.776611
56.533218
57.577858
56.330559
58.729759
56.500771
57.515457
56.447235
56.511169
Control Period
58.749603
58.748352
57.609856
57.758400
56.563744
56.555103
56.418365
57.562847
58.740318
Control Period
58.738209
56.431488
58.726173
58.768223
58.748802
58.755264
58.687614
57.643646
Control Period
57.095871
57.271553
56.569279
56.383423
57.095390
57.570366
56.332771
57.552895
58.693184
Control Period
58.734146
58.735359
58.722916
58.734657
58.387615
58.719421
58.645309
Control Period
58.850113
58.752769
58.767521
58.726017
58.745346
58.738720
58.756287
58.734623
Control Period
58.735744
58.768158
58.724800
58.663265
58.368481
56.514145
57.146561
58.751648
Control Period
58.755550
56.557087
58.742241
58.762016
56.380512
58.765057
57.141853
58.784676
58.731201
Control Period
57.229187
56.971710
57.467392
58.065918
58.739265
58.707649
58.802624
58.744865
Control Period
58.735359
57.848320
58.746590
58.776382
58.746017
58.738335
58.754814
58.862976
58.761440
Control Period
58.753571
58.746719
58.747009
58.743649
57.740669
56.869152
56.261120
56.482689
57.995743
Control Period
58.727074
58.752861
58.763359
58.751938
58.774113
58.763618
56.549599
Control Period
58.763969
57.870399
58.685982
57.125057
58.401920
57.243168
58.553757
58.739006
58.470337
Control Period
58.804802
58.763870
58.701790
58.754272
58.542274
58.758400
58.576607
58.741760
58.428894
Control Period
58.841152
58.717506
58.732800
58.511581
57.622269
56.139137
58.440224
58.743328
Control Period
58.746178
57.707264
58.732639
58.774464
58.786270
58.747841
58.738686
58.745117
57.241661
57.428513
Control Period
57.808670
58.691200
58.807457
56.515549
58.739586
58.766529
58.798977
57.585567
58.788414
58.762657
Control Period
58.742371
58.718624
58.805794
58.778816
58.726688
56.322018
58.732033
58.824577
58.762497
Control Period
58.752098
58.773727
58.758911
58.755646
58.726112
58.708961
58.730816
58.748894
58.726654
58.750656
Control Period
58.729248
58.757378
58.714176
58.757664
58.712448
58.769600
58.727234
58.772926
Control Period
58.771328
58.716354
58.760479
57.626877
58.811806
57.768192
58.712063
58.699745
58.764416
Control Period
58.734909
58.786720
58.742241
58.750591
58.702816
56.460861
58.475838
58.739998
58.755871
Control Period
58.775616
58.732193
56.685661
58.148094
57.110558
57.238434
58.725601
58.761566
58.715969
Control Period
58.508064
58.806366
58.779968
58.722752
58.540352
58.746498
57.534782
58.746658
58.759392
58.716034
Control Period
58.747520
58.815296
58.740448
58.746624
58.741024
58.802048
58.753792
Control Period
58.741825
58.070400
58.834877
58.738529
58.769409
58.760193
58.207939
58.780415
58.748322
57.603615
Control Period
58.769951
58.791199
58.744766
58.752800
58.714142
58.075489
57.266174
56.385567
Control Period
58.753059
56.886787
57.232128
58.772160
58.759422
58.307423
57.267200
56.427937
58.797089
Control Period
58.728672
58.764832
58.753761
58.844925
58.766846
58.093086
56.848064
56.228737
Control Period
57.279968
58.740578
58.809250
58.712318
58.772671
58.781792
58.774078
58.725342
58.690498
Control Period
58.979645
57.477982
58.746113
58.756096
58.755646
56.720352
57.978016
58.105152
Control Period
58.737858
58.782402
58.753571
58.714943
58.726143
58.736191
58.297440
57.579712
56.725727
Control Period
58.736732
58.774849
58.321888
58.762688
58.251968
58.727074
58.239391
58.733665
58.378464
Control Period
58.722717
58.703331
58.725250
58.582367
57.228546
56.556129
56.280098
Control Period
57.088478
56.361568
58.729568
58.769344
58.738174
58.720093
58.701981
58.041634
56.594238
Control Period
58.753532
56.299423
56.466560
58.730400
58.742050
58.709854
58.748642
58.728191
Control Period
58.730209
58.751137
58.741825
58.813347
58.738113
58.279839
58.778206
57.300510
58.771614
58.703133
Control Period
58.771294
58.735039
58.761696
58.737663
58.856575
58.727680
58.787811
58.168159
58.737823
Control Period
58.740639
58.768066
58.736992
58.757378
58.830303
58.768318
58.727039
58.739201
Control Period
58.794113
58.716896
57.837505
58.707069
58.769890
58.744957
56.757378
58.738434
58.731647
Control Period
58.734112
56.302910
58.778912
58.786942
58.713631
58.727074
58.757118
58.814240
58.753922
58.748798
Control Period
58.740829
58.733566
57.749409
56.798813
58.738113
58.749599
58.704128
58.747810
Control Period
58.735680
57.008831
57.805214
58.750145
58.710274
58.746910
58.770752
58.738815
58.752769
Control Period
58.717472
58.740929
58.770657
58.730946
58.745598
58.828194
58.732929
Control Period
57.419167
57.084961
58.801857
57.823521
57.267326
58.751583
58.123074
56.685440
58.810143
Control Period
58.721855
58.742210
58.742882
58.742622
58.709602
58.726212
58.737663
58.745026
Control Period
58.758144
57.980415
58.740288
58.781921
58.734753
58.758179
58.709373
58.720451
Control Period
58.760609
58.721985
58.722977
58.024513
58.820770
58.357536
58.729568
58.760574
58.609215
Control Period
58.838722
58.742081
58.764893
58.038689
57.046688
58.114143
58.718624
58.727615
58.752831
Control Period
58.744991
58.825825
58.735744
57.912994
58.723106
58.819584
58.720482
Control Period
58.713570
58.755875
58.724609
58.756672
58.719456
58.272991
56.239746
58.813728
57.007393
Control Period
58.742336
57.884319
56.667358
58.762978
58.742016
58.710686
58.739040
56.448830
57.789410
Control Period
58.754654
58.759262
58.801311
58.789375
58.713890
58.264160
57.156670
58.751198
Control Period
58.745472
58.741600
58.744225
58.733376
58.721504
58.777634
58.681889
58.752544
58.742912
Control Period
57.521759
56.286591
57.141731
58.344093
58.725853
58.738564
58.723839
58.736256
58.749695
58.772354
Control Period
58.746017
58.733955
58.734592
58.725182
58.792801
58.739136
58.746143
58.738369
56.983135
Control Period
58.754272
58.773476
57.363712
58.756546
58.693119
58.847198
58.834560
57.113663
58.745758
Control Period
58.742271
58.719261
58.689503
58.765503
57.912094
57.320671
58.921375
58.745026
58.745407
58.771584
Control Period
58.731998
58.772160
58.741631
58.108704
57.100067
58.711456
58.738560
58.756031
58.731453
58.723167
Control Period
58.745186
58.771809
58.716736
58.747581
58.720161
58.736290
58.729889
58.710594
58.697731
Control Period
58.729759
58.754883
58.742653
58.719776
58.742210
58.732224
58.741470
58.729664
58.744991
Control Period
58.734432
58.730785
58.827682
56.479424
58.738243
58.757889
58.754814
58.703201
Control Period
58.734337
58.742336
58.760323
58.478401
58.743454
57.008640
58.741982
58.746048
Control Period
58.783424
58.759392
57.493790
58.763138
58.853024
56.529121
58.728481
58.724190
58.720192
Control Period
58.707394
58.763489
58.733215
58.765442
58.767231
58.727455
58.765854
58.746239
Control Period
58.785088
58.710403
58.729507
58.711998
58.759361
58.739586
58.760674
58.746979
58.756927
Control Period
58.748833
58.842751
58.742977
56.978016
58.717758
58.741631
56.493855
58.729790
56.637123
58.740673
Control Period
58.736000
58.770401
58.729088
58.735268
58.766685
58.743713
58.736546
58.711456
56.597763
Control Period
58.713505
58.752800
58.764416
58.753922
58.749214
58.743904
58.718430
58.723328
58.728447
Control Period
58.750275
58.702335
58.717827
58.744797
58.770657
58.715485
57.749954
58.736000
58.743134
58.733665
Control Period
58.740704
58.709854
58.616638
58.761024
58.726624
58.701027
58.737694
56.749794
Control Period
58.721569
58.757919
58.722626
58.731873
58.748543
58.747902
58.732704
58.756607
58.723228
Control Period
58.756287
57.605312
58.695709
58.848576
58.727005
58.740578
58.697727
58.772255
Control Period
58.722946
58.738400
56.432419
58.743584
58.725922
58.760513
58.720673
58.739616
58.705986
Control Period
58.810272
56.840126
58.714783
58.765472
58.203262
58.416927
58.763264
58.764771
Control Period
56.300354
58.751137
58.748322
57.383614
58.744095
58.728706
58.770882
58.717121
58.760128
Control Period
58.734367
56.450691
57.281761
58.699776
57.367104
58.718239
58.733185
Control Period
58.746624
58.559677
57.660866
56.578976
57.963425
58.664925
58.743839
58.739391
Control Period
58.311234
57.412285
57.601120
58.146431
58.741440
58.757790
56.675552
56.557728
57.146271
Control Period
58.738914
56.456448
58.729950
58.773788
56.392448
58.550240
58.727905
58.866371
Control Period
58.686882
58.757278
58.726593
56.474243
58.035202
57.402752
58.730049
58.053249
Control Period
58.770912
56.499424
56.991837
58.219200
58.573536
57.858337
58.737213
58.766369
58.757919
Control Period
58.841087
57.368736
57.847233
56.621666
58.739677
58.738560
58.751232
57.567329
58.759743
58.750946
Control Period
58.732925
58.749985
58.740578
58.744606
58.835266
58.730240
58.736191
58.740417
Control Period
58.725571
58.746910
58.765728
58.716675
58.755394
57.919106
57.373886
58.750465
58.729183
Control Period
58.765312
58.732643
58.777985
58.696545
58.769310
58.727135
58.757118
58.748383
58.715008
Control Period
58.786400
56.984062
58.778206
58.345024
58.760643
58.718910
58.738049
Control Period
58.710304
58.756477
58.765182
58.822273
58.761086
56.324959
58.743744
57.105057
57.582947
58.730976
Control Period
58.728161
57.557312
58.747299
58.783936
56.509056
58.719135
58.780067
58.728157
58.737282
Control Period
58.715424
58.705315
58.718689
58.734177
58.735870
58.725056
57.579842
58.706657
Control Period
58.780029
58.726368
58.756897
56.443680
58.779587
58.703682
58.745312
58.730461
56.460991
Control Period
58.754013
58.781181
58.251839
58.744255
58.718624
58.758495
58.757439
58.779392
56.591232
58.746658
Control Period
58.780991
58.768768
58.740959
58.714722
57.686653
58.826050
58.777283
58.772961
Control Period
58.758942
58.740990
58.757408
58.735901
58.761696
58.729855
58.816769
58.299809
58.743488
Control Period
58.718304
56.481441
58.741505
58.761280
58.755745
57.961216
56.634018
58.723007
Control Period
58.749599
58.736191
58.738400
58.430206
58.277344
58.741791
58.720734
58.762466
56.433342
Control Period
58.779488
58.731201
58.272961
56.732834
58.709763
58.748291
58.735424
57.173950
Control Period
58.719936
56.444096
58.714691
58.750946
58.776512
58.742783
56.856705
56.367523
58.348381
Control Period
58.727646
57.592960
56.389854
58.736832
58.768032
57.435646
57.428608
58.757469
Control Period
58.743454
58.737923
56.276642
58.731232
58.729599
58.794144
57.311455
58.746624
58.067871
58.749119
Control Period
58.719070
58.000191
58.727875
58.708130
58.738274
58.752800
58.629311
58.751999
Control Period
58.714142
58.765442
58.714783
58.740192
58.762943
58.727650
58.819038
58.741890
58.725727
Control Period
58.726879
58.775585
57.252224
56.755104
57.585983
58.721088
58.771008
58.726688
Control Period
58.737152
57.935074
58.731262
58.721375
58.739456
58.755264
57.609951
56.927261
57.915359
57.265694
Control Period
56.527390
58.735710
58.735329
58.732384
57.704895
58.721855
58.707230
58.781761
Control Period
58.729984
58.727936
58.716415
58.591713
58.732063
57.497280
58.729023
58.773918
Control Period
58.716194
58.718048
58.750881
56.482750
58.840317
58.740509
57.022049
58.746590
58.774719
Control Period
58.716515
58.757629
58.706078
58.737022
58.827553
58.747040
58.709251
58.743423
58.710560
Control Period
58.749184
56.703583
58.763199
58.719521
57.629280
58.764000
57.073410
58.720512
Control Period
58.751904
58.722816
58.777088
58.753216
57.519360
58.799999
58.705757
58.739197
57.400097
Control Period
58.746429
58.730370
57.154430
57.346912
58.735615
58.746208
58.732994
Control Period
58.710625
58.745918
58.833633
58.766304
58.736542
58.724609
58.746559
56.820541
57.987709
58.693153
Control Period
58.744835
58.830498
58.726784
56.658592
58.856991
58.720573
58.422813
Control Period
58.550465
58.387009
58.433823
58.398529
58.419777
58.414467
58.432449
58.409729
58.428352
58.431328
58.444382
58.434814
58.432991
58.426434
58.415840
58.416351
58.420830
58.411842
58.428864
58.400032
58.442238
58.436512
58.417183
58.444447
58.418880
58.434593
58.441727
