117.672668
117.342117
117.340195
117.326912
117.344955
117.315041
117.343903
117.311646
117.389343
117.360962
117.346176
117.339455
117.410492
117.345795
117.349121
117.377701
117.422241
117.380447
117.358910
117.362114
117.351776
117.356506
117.373123
117.335648
117.325279
117.365051
117.378082
117.357117
117.380959
117.348419
Control Period
111.872452
111.038910
113.255783
113.370850
113.442177
113.058273
113.355392
113.294205
Control Period
113.707001
113.606819
113.080574
113.287140
113.401886
113.276352
115.625954
113.083199
Control Period
113.428192
112.929443
112.848450
112.853821
117.316635
112.805405
113.354660
113.669220
115.077087
Control Period
117.307739
115.570236
117.041763
117.316101
117.304672
117.338974
117.351135
117.317795
117.328262
Control Period
117.345276
113.621536
114.116028
113.590363
113.890594
113.622208
113.542976
117.361053
117.336670
Control Period
117.380325
117.100830
114.998466
113.487488
115.212097
113.219040
113.641953
113.504128
Control Period
113.438400
113.103363
113.536224
117.366463
117.337311
113.317596
114.054916
117.353218
116.943199
Control Period
117.363205
113.260956
117.092766
117.382530
113.709694
116.017990
113.634750
113.482849
Control Period
115.245117
117.350563
117.376038
117.361824
117.362274
113.424835
113.831909
115.260063
117.133606
117.349625
Control Period
117.363327
117.351906
117.273254
115.214912
113.772865
113.447586
113.464325
113.181854
Control Period
113.506653
116.086113
117.366531
117.356766
117.376450
117.375839
117.342369
114.875938
Control Period
117.362045
117.339844
113.083649
117.386917
117.387619
115.845024
117.379837
117.382339
117.349091
Control Period
117.373566
115.016541
113.381599
116.430176
113.953094
115.436676
113.533661
113.262207
114.002914
Control Period
117.213600
117.367004
117.338745
117.355942
117.365402
117.356674
117.349182
117.341888
Control Period
117.340065
113.514786
113.781189
117.322266
117.321152
117.356766
117.342590
113.856514
113.342400
Control Period
117.360229
115.285347
113.589340
115.961502
112.956070
113.335068
115.999008
117.341125
Control Period
117.321503
115.032928
117.355774
117.384827
117.331039
113.581345
117.339233
117.393539
117.006882
Control Period
117.334885
117.379837
115.293121
117.356224
117.345154
117.364578
113.632034
117.362686
Control Period
117.326180
117.325409
115.010117
117.376129
117.349792
114.506973
117.331070
Control Period
117.365570
117.341469
117.359909
114.932159
117.374367
117.360191
117.331841
113.561188
117.341629
Control Period
117.325630
117.313698
117.319359
115.415390
117.318726
114.919006
117.301346
117.312607
113.522942
Control Period
117.318497
113.304321
113.250877
116.421982
117.309120
117.365120
113.912094
113.442528
Control Period
117.311714
116.372742
117.346939
117.338142
117.289474
117.343491
116.862183
113.456604
Control Period
117.383621
113.601990
117.372192
117.357056
115.283394
117.361565
113.405823
117.370331
Control Period
117.379715
117.347389
117.374466
117.313309
117.361725
117.342117
117.355743
117.380356
117.340286
113.819550
Control Period
117.367325
117.365982
117.364197
113.254852
113.554497
114.102875
115.918945
117.366783
Control Period
117.408768
113.351234
114.734497
116.326630
117.409698
117.328323
117.346619
117.331207
117.362495
Control Period
117.356895
116.909088
116.034653
113.406052
113.571869
114.350403
115.841217
117.360443
Control Period
117.366013
113.450722
115.202621
116.667587
117.362564
117.359200
117.361252
117.344162
117.346336
Control Period
115.966881
113.757889
113.146942
117.243713
117.328606
117.327164
114.263039
113.432701
114.299484
Control Period
117.357727
115.466621
113.262848
113.412254
117.348129
117.330368
114.574783
117.370560
117.329185
Control Period
117.332253
117.302879
115.623291
113.231743
113.383301
114.036514
115.322815
116.538017
Control Period
117.329086
113.394432
113.800194
113.330627
114.112930
112.977692
114.183517
113.078201
114.176315
Control Period
117.376541
114.560379
116.518585
117.323456
117.357918
117.328476
117.339706
117.332512
117.343140
Control Period
116.146011
113.443680
113.210014
115.611389
113.935997
113.497437
113.142014
114.263199
117.263550
Control Period
117.351074
117.329277
117.323547
115.464859
114.113022
113.392029
113.325470
113.384033
Control Period
117.292740
113.274780
113.402557
113.249023
113.327904
117.306175
113.533661
113.195618
Control Period
117.352646
117.348961
117.336189
113.697632
117.336411
113.400482
117.354950
114.373314
Control Period
117.324677
117.357475
113.260063
117.331299
113.443138
117.371010
113.416229
117.349602
113.423042
117.333664
Control Period
117.363770
114.984573
113.515549
117.365440
113.390854
116.444000
117.363235
117.193115
113.310043
Control Period
117.407043
116.258751
117.351105
116.796097
115.574623
113.478943
114.810745
116.366333
Control Period
117.375679
114.480865
117.348862
117.386688
117.362427
117.287521
117.354370
113.504799
117.361221
Control Period
117.332222
116.481018
115.124352
113.209091
113.163620
113.437881
115.488609
116.884003
Control Period
117.364029
115.946335
117.349854
117.357117
113.288101
113.528511
113.513794
117.339005
117.352898
117.064575
Control Period
116.018692
116.216797
113.547905
116.313156
116.994370
113.262115
114.212318
117.345665
113.402176
Control Period
117.322784
113.536797
113.344284
113.550301
113.808090
113.364418
113.184891
113.261627
Control Period
112.800095
114.366783
116.405670
114.775650
113.423965
112.990372
113.462303
112.810143
113.731583
116.154877
Control Period
114.487717
113.242271
113.344765
114.617508
113.534943
114.693665
113.412262
113.228378
Control Period
113.630974
113.346367
113.602173
113.694717
114.357536
112.998497
113.449860
113.373795
Control Period
113.319427
117.312668
117.316315
114.836349
116.196289
117.314621
113.745667
117.337723
113.392418
Control Period
117.350143
117.333786
113.885056
113.904770
117.356644
117.331871
114.103424
117.365410
117.368385
Control Period
117.343491
117.348099
116.734909
113.641083
113.552795
117.336670
117.346306
117.341057
Control Period
114.833504
113.476990
114.725792
116.351395
117.400513
117.410690
117.346817
117.352188
113.180351
Control Period
117.320099
113.377441
114.138466
115.704895
117.336639
117.374626
117.359741
117.374847
117.363647
Control Period
117.356995
117.352798
117.362564
117.340897
117.344864
113.994881
113.257599
113.482178
113.613152
Control Period
117.346947
113.247101
113.555740
112.808800
113.230621
113.510689
113.603134
116.373825
Control Period
117.312065
117.343521
117.335907
113.789566
117.327484
113.305023
117.329887
117.341759
113.265732
Control Period
117.345856
114.713058
117.321693
117.324738
114.242882
117.311714
113.362717
117.329636
Control Period
117.338531
117.365021
117.312485
117.296829
117.287743
113.271103
117.319229
Control Period
117.297150
117.304253
117.340286
117.345856
117.302338
117.347229
117.291649
117.347679
117.277893
Control Period
117.283424
117.311455
114.558685
117.332512
113.608902
117.348831
114.155327
117.323685
117.340866
Control Period
117.304352
113.487038
117.317444
117.338852
117.374367
113.430817
113.205826
117.356926
117.359940
Control Period
117.356163
113.744003
113.193405
116.191422
117.337311
117.328094
113.527740
Control Period
117.359131
117.348770
117.361214
117.335838
117.313568
117.340317
117.341309
114.522461
Control Period
117.369217
117.334114
113.346405
117.345535
115.962944
117.362213
113.562912
117.343811
113.486305
Control Period
117.338531
113.574310
117.346237
117.007584
115.112518
117.362396
113.673630
117.343460
Control Period
117.370148
113.744324
117.358177
116.341858
113.625351
117.342041
117.306396
Control Period
117.307838
117.311455
117.296707
117.324188
113.704132
117.312515
117.339035
116.807106
Control Period
117.288284
117.347008
117.355743
117.344452
117.329025
117.311966
117.291260
117.288773
117.323517
Control Period
117.298370
117.318306
117.324478
117.350403
117.326210
117.340225
117.346436
117.328262
Control Period
117.339775
117.303299
113.441185
117.305214
113.260284
117.335487
117.329086
117.306686
Control Period
117.323257
117.332451
117.344604
117.317055
113.372986
117.312416
117.323334
117.346207
117.359451
Control Period
117.355301
115.276833
117.326660
113.516739
117.327103
113.515518
117.326591
113.252319
Control Period
117.335777
113.271835
117.326462
113.331421
113.559708
113.223740
113.849182
117.361404
Control Period
117.325089
117.326950
117.306717
113.596390
117.327011
117.339424
114.010689
115.770782
117.351616
Control Period
117.320541
113.392868
117.341827
117.365372
113.228668
116.094429
114.848160
113.647583
113.361694
Control Period
117.318298
117.336731
117.333344
117.319458
116.791260
117.390335
117.349030
113.422462
113.214722
Control Period
117.333603
117.307877
117.336548
116.497986
114.681694
113.562149
113.805695
117.032288
115.671997
Control Period
117.357025
113.999207
115.929024
117.369949
114.329407
113.373764
117.174210
115.984772
Control Period
113.279457
117.341118
117.357437
113.461319
117.362175
117.372162
117.380646
113.631012
113.089691
Control Period
117.339554
116.739006
117.335426
117.338303
117.349380
114.502686
115.612511
113.262367
117.405533
117.367325
Control Period
117.338112
117.330818
117.345825
117.337791
117.334534
117.335678
113.331100
114.611588
Control Period
117.380859
117.366364
117.333603
117.339645
113.120636
115.200607
113.342590
Control Period
117.340027
117.339325
117.352737
117.343964
117.340546
113.274429
117.349472
117.357346
Control Period
117.354752
117.343323
117.336960
113.479492
117.340805
117.353180
117.356354
117.349991
Control Period
117.340729
117.367455
117.396423
113.593506
117.356796
117.359299
113.033699
117.350845
117.347519
Control Period
117.325279
117.361282
117.383011
113.973473
117.351105
113.284035
117.357056
116.597916
117.376480
Control Period
117.368896
113.344322
113.152672
117.374496
117.350723
116.012863
117.367104
117.342560
Control Period
115.042557
115.252800
117.320541
117.353088
117.315140
113.532097
117.335968
117.339874
Control Period
117.322655
117.345062
117.331169
115.097183
117.358597
117.313248
117.355232
117.331421
117.323616
Control Period
117.330109
113.634247
117.331039
117.340836
117.320740
117.362175
113.396545
117.357697
Control Period
117.372574
116.646049
117.347260
114.332802
113.206238
113.515900
117.394241
117.386780
Control Period
117.387810
117.368866
117.386848
117.383453
117.392319
115.483742
117.380096
113.728226
117.383492
Control Period
117.369537
117.376068
113.436226
117.345985
113.384796
117.351616
117.371902
117.386688
Control Period
117.347519
117.351776
117.335197
117.333282
117.440353
117.371582
117.354080
117.380959
117.258942
Control Period
113.650558
117.374496
117.350555
113.817215
117.368225
117.367523
113.286430
117.348480
117.363556
Control Period
117.344284
113.534813
113.976608
117.338943
117.309021
113.850945
113.276161
116.068542
Control Period
117.345154
117.313507
117.327362
117.341629
113.258438
113.223007
116.391556
117.328613
117.314850
Control Period
117.345665
115.252930
117.347488
117.329346
117.327393
117.346588
115.584000
113.386719
117.344032
Control Period
117.329727
117.215332
117.337891
112.991684
117.309692
115.681732
117.344284
117.327744
Control Period
113.548897
117.343842
114.406784
115.710464
117.330719
113.022629
117.344193
117.329376
113.477890
Control Period
117.334427
117.356796
117.345184
113.415558
117.331970
117.323715
113.096390
117.386749
113.167648
Control Period
117.336197
113.578308
115.922974
116.837402
117.357346
117.359772
116.622818
114.347008
113.286499
Control Period
117.488708
117.314529
114.411232
113.161728
113.236221
114.814651
117.344345
117.337921
Control Period
117.328156
117.344894
117.344452
114.889252
113.310623
117.340866
117.349442
113.550369
114.834595
Control Period
117.344383
113.735680
117.350555
113.725342
117.347931
117.337372
113.163391
117.347519
Control Period
116.592484
113.271484
117.310463
117.310150
113.523132
117.292419
116.406723
113.467422
117.348701
Control Period
117.347649
117.342079
117.323326
116.100647
117.323265
116.393921
117.314301
115.491554
Control Period
117.277794
117.301147
117.133629
117.324226
113.476318
117.319107
117.357536
116.452866
117.364799
Control Period
113.358337
113.144928
117.332893
117.353882
117.328293
116.307938
113.191170
113.327972
115.557983
Control Period
117.324707
113.183044
116.159966
117.344193
117.301178
113.618591
113.537949
117.347549
113.839783
Control Period
117.354233
113.059875
117.336899
113.497467
113.254501
116.607391
117.312096
117.324997
Control Period
117.323074
117.331268
113.081696
117.359650
113.272858
117.347137
117.298431
113.493317
117.324890
117.317917
Control Period
117.296066
117.310913
117.310562
117.288925
117.305885
117.306816
117.302109
117.325241
117.306145
117.336990
117.319679
117.316574
117.322304
117.302307
117.279518
117.300255
117.292450
117.304764
117.336197
117.319870
117.323647
117.346878
117.320358
117.338211
117.323715
118.179230
