60.245792
59.906559
59.885696
59.905502
59.895905
59.909119
59.907360
59.893730
59.901375
59.898079
59.902527
59.885567
59.901917
59.902626
59.925087
59.891777
59.932510
59.925377
59.907360
59.916100
59.940128
59.918560
59.945374
59.889759
59.908226
59.878014
59.926880
59.892578
59.902496
Control Period
59.935745
57.046753
59.635616
55.605377
57.596992
55.902946
57.022209
57.804543
55.980095
59.850754
Control Period
59.918404
56.104576
57.561630
57.331230
59.665344
59.922272
59.825310
57.497726
58.186497
Control Period
59.924095
59.910942
59.892258
59.918274
55.718178
59.884605
59.893661
59.893887
58.744480
Control Period
59.892387
59.899456
59.886463
58.453758
57.819298
59.806431
58.106880
55.600159
Control Period
59.566750
58.535488
57.421726
59.261566
59.959393
59.942944
59.906303
59.928608
55.950943
Control Period
59.932480
55.612896
56.243202
58.243999
59.925117
57.965153
59.913506
59.933056
59.932671
59.916672
Control Period
59.906303
59.933922
56.090431
55.856544
59.921089
59.920158
58.357246
56.158333
Control Period
59.932064
59.949505
56.279327
55.732864
59.916573
57.361248
58.699295
59.932541
56.131359
Control Period
59.909119
59.203873
58.167358
57.004383
59.902176
59.579681
57.748413
55.853504
Control Period
55.782051
57.326080
55.833725
55.812641
57.985474
59.958881
59.920670
59.913120
59.908287
Control Period
59.965343
57.222080
55.546753
59.895874
57.297249
59.091362
59.910175
59.897118
59.917374
59.930496
Control Period
59.914463
59.942818
59.952065
59.913727
59.930016
57.536510
59.916031
59.939842
59.930496
Control Period
59.954208
59.915810
59.956322
59.928894
59.925182
59.905247
59.952034
59.902466
Control Period
59.942047
56.233917
55.985729
55.760063
56.241280
55.971901
55.910591
55.818367
56.162910
Control Period
59.927361
59.893250
59.258240
56.143936
57.486210
59.910110
59.914368
59.895905
59.908863
Control Period
59.927711
59.962944
59.928963
57.585632
59.779137
59.928162
59.933216
59.943901
Control Period
59.899231
58.483551
59.907806
59.894081
57.558434
59.927551
56.140991
Control Period
59.935806
59.895233
58.317795
59.913567
59.957535
59.934433
59.924065
59.918049
59.920990
Control Period
59.910976
59.897247
59.893570
58.163811
59.885857
59.898399
58.668610
59.912384
59.901154
59.910881
Control Period
59.928574
59.912384
59.912193
57.816414
59.902878
59.921661
59.905537
59.908867
Control Period
59.902687
55.634750
59.890434
59.887936
59.888611
55.991745
59.874622
59.897312
Control Period
59.894688
59.905441
59.899937
56.722687
59.888351
59.921185
59.929760
59.905441
Control Period
59.880959
56.816963
59.358238
59.903839
59.891357
58.381535
56.570274
59.910500
59.955456
56.542561
Control Period
59.949409
59.889599
59.917088
55.943039
59.917885
59.913216
59.926529
59.900032
Control Period
55.791584
59.927200
59.920544
59.912544
55.878048
59.894241
59.934143
59.909119
Control Period
59.919807
57.045181
55.778496
59.903679
59.950497
59.942497
57.393951
57.879005
Control Period
59.939713
59.905342
58.362175
56.914589
56.053154
56.505150
58.657730
59.894241
Control Period
59.920929
59.916065
59.918205
59.919327
59.925186
59.934624
59.945213
59.936737
59.915871
Control Period
59.921951
59.688477
57.990974
56.359776
55.993408
56.832863
58.971584
59.889313
59.903934
Control Period
59.899200
59.911842
59.912769
55.792191
59.218079
56.351871
58.846817
59.897087
Control Period
59.061378
59.916801
59.934563
59.899200
59.893600
59.386944
59.892288
56.720127
Control Period
59.899841
56.060959
57.642525
59.750595
59.908001
59.888351
59.898239
59.902977
59.898720
Control Period
59.916542
59.912609
59.918846
59.910847
59.903328
59.914528
59.924034
59.902367
Control Period
59.910561
58.585697
56.275169
55.960865
56.357761
58.465984
59.578400
59.924641
59.902786
Control Period
59.896286
59.891235
59.883327
57.481918
59.055328
59.895203
59.894974
59.891392
Control Period
59.904224
59.907360
59.905762
59.906528
57.955902
59.068962
59.913597
59.884926
59.899490
59.873535
Control Period
59.890274
59.899456
59.918560
59.900864
59.927776
56.568256
59.897984
58.201538
59.903904
Control Period
59.898750
55.773407
59.911331
59.396481
59.924606
59.896641
59.908447
59.900352
Control Period
59.890816
59.897408
59.907871
59.884224
59.922401
59.939842
59.913025
59.923683
Control Period
59.911331
59.924961
59.951679
59.932770
59.948067
55.948097
59.941952
Control Period
59.926529
56.587231
55.958912
56.466461
57.527103
59.744606
58.515903
57.027008
Control Period
59.916321
59.885471
59.950497
59.143230
59.913315
55.753601
59.894562
59.675903
59.899841
Control Period
59.883648
59.895523
59.900383
59.922592
59.902271
59.929279
57.717697
56.249664
Control Period
59.903904
56.859840
55.816162
59.889408
59.890175
59.713184
56.174976
56.488029
Control Period
57.467171
57.917408
59.917728
56.505630
55.916512
59.916962
59.610466
55.728096
Control Period
59.915104
59.894814
59.491875
58.034847
57.351265
59.375744
59.930431
59.893761
59.908897
59.908703
Control Period
59.896637
59.868481
59.914337
59.895103
59.887360
59.895840
59.890369
59.407997
Control Period
56.944191
58.976799
59.900703
59.903809
59.899681
56.663296
58.670849
59.939934
59.883839
Control Period
59.920418
59.895008
59.914398
59.887169
59.897793
59.913601
59.914177
59.895233
59.890591
Control Period
59.921120
58.816608
56.968163
59.906174
59.910049
56.960255
59.928864
59.915138
59.892830
59.885536
Control Period
59.914337
56.054783
59.437950
59.895679
59.929214
59.906723
58.878433
58.829151
Control Period
59.917793
57.045280
59.925152
59.905121
59.908447
59.918400
55.905952
59.787682
59.920033
Control Period
59.948769
59.926781
58.713055
56.606178
55.846626
56.534142
58.640190
59.886593
Control Period
59.887390
59.306755
57.484928
55.945889
55.851967
55.657375
55.923073
58.087681
Control Period
59.947586
58.487297
56.386208
59.289154
59.911232
59.907135
59.893250
Control Period
59.900574
59.918243
59.902626
59.716160
59.911522
59.903233
59.929344
59.919426
59.924355
Control Period
58.242142
59.916416
59.335106
59.937313
59.921440
58.847168
59.915970
Control Period
59.921280
59.925377
58.231808
59.911583
59.909599
58.976288
59.890495
59.892128
59.887871
Control Period
59.891197
59.927040
59.906975
59.893375
59.944801
59.870239
59.896767
59.892067
59.905823
Control Period
59.878494
59.918686
59.892418
59.919487
59.885025
59.901920
59.901825
Control Period
59.890755
59.917282
58.703773
59.920448
59.896065
59.917213
59.088417
59.897667
55.833954
Control Period
59.913601
59.882240
55.617920
59.932831
59.949951
59.907490
59.917603
55.261375
Control Period
59.926590
59.949730
58.436958
56.722145
59.925278
59.904575
59.921696
59.905502
59.916000
59.927422
55.745438
59.889313
Control Period
59.894047
59.902241
58.074883
59.929600
59.902946
59.898750
59.893761
58.808544
59.917759
Control Period
59.938560
59.886879
59.925503
57.157696
59.928097
59.927841
59.942112
59.914146
Control Period
59.921249
56.181053
58.007042
55.681824
58.048927
57.700768
59.907711
57.946274
57.911873
55.804642
Control Period
59.926338
59.398144
59.911488
59.912865
59.928703
59.432129
59.892258
58.803551
59.923393
Control Period
59.911613
59.875427
59.913536
59.882271
59.912449
59.912445
59.907551
59.908958
59.896160
Control Period
59.908867
59.918144
59.914658
59.905922
59.899361
59.895744
59.866112
59.876225
Control Period
59.864128
59.893219
59.939007
59.924736
59.896095
57.649376
59.903458
59.899170
Control Period
59.913857
59.866718
59.898849
59.893215
59.898209
59.896160
59.888641
59.902946
59.128544
59.880318
Control Period
59.890785
59.908226
59.913506
59.880318
59.906815
59.898369
59.877441
59.933857
Control Period
59.902718
59.908386
59.950813
59.912479
59.897823
59.935745
59.900288
59.890720
59.821091
59.888607
Control Period
59.895714
59.895523
59.909599
59.909920
59.898109
59.897278
59.901470
59.481953
55.745697
Control Period
59.891998
59.331841
59.886658
59.887871
56.515713
59.883652
59.915615
57.823265
59.901855
Control Period
59.904099
59.895874
58.336258
59.930752
59.899200
59.912930
59.896000
59.910686
Control Period
59.901695
59.728897
57.604385
56.716576
58.020515
59.909248
59.902527
59.905731
59.900414
Control Period
56.155807
56.256927
57.412834
59.914112
59.928864
59.901917
55.900192
57.334465
Control Period
59.933983
59.946304
58.015358
56.584000
58.707138
59.927296
59.430946
59.924866
59.920547
Control Period
59.892929
59.918877
59.930401
55.539009
59.903038
59.920609
59.915550
59.924767
Control Period
59.890305
56.458015
55.935616
59.927071
59.923363
59.913376
59.930271
57.009117
Control Period
59.895329
59.882336
58.999104
57.028481
55.848320
57.313023
55.725822
59.921215
59.887199
Control Period
58.571838
59.949505
59.920704
59.724640
55.612320
59.895294
59.909149
59.898178
59.938850
59.919106
Control Period
59.935074
59.893761
59.917023
59.941151
59.900513
59.918144
59.907360
59.930046
59.918144
59.926018
Control Period
59.923935
59.919968
59.915745
59.896545
59.907360
59.910782
59.938496
59.920193
59.927872
Control Period
59.905632
59.936001
59.947136
59.916130
59.935616
59.914112
59.899902
59.910080
Control Period
59.912445
59.919678
58.623711
59.923199
59.931198
59.905212
59.929569
56.158337
59.926720
Control Period
59.916862
59.913887
59.926849
55.666786
59.911102
59.911007
59.891457
57.628353
58.110909
Control Period
59.916801
59.903423
55.631554
59.893501
59.923744
59.928192
59.890015
56.086304
59.901726
Control Period
59.880287
59.897667
59.899391
58.119682
59.910530
59.914497
58.035904
59.902336
Control Period
59.904800
59.901215
59.898018
59.891777
59.921150
55.927456
59.910210
59.926178
59.905857
Control Period
59.924320
56.426464
59.893120
59.914658
59.925186
59.917213
59.922241
59.932320
Control Period
59.944160
59.913635
55.743488
59.919777
59.952797
59.937538
59.952896
59.942238
Control Period
59.919968
59.935551
59.921219
59.922302
59.913601
59.915234
59.903458
56.929153
59.922813
Control Period
59.927902
59.914719
59.920609
55.880989
59.896225
57.053154
59.932770
59.916641
Control Period
59.949505
55.879391
59.925438
59.919456
56.333534
59.915234
59.436287
59.919907
Control Period
59.911137
59.913727
59.892830
59.905602
59.340637
59.487263
59.905602
59.901314
59.932800
Control Period
59.860611
59.876511
55.849697
59.898849
59.898529
59.894402
59.920387
59.911102
56.262466
Control Period
59.894016
59.901184
59.918560
55.847038
59.910721
58.124832
59.915901
59.923584
Control Period
59.902176
59.893661
59.909344
59.892990
59.909058
59.917633
56.901089
59.901886
Control Period
59.912354
59.906048
59.907005
57.736351
59.908226
59.885117
56.028511
59.916351
59.898560
Control Period
59.920929
55.768478
59.908096
59.917984
55.727875
59.917122
59.908066
59.912514
Control Period
59.889889
59.893631
59.897728
59.906654
57.887009
56.923683
58.966499
59.892258
Control Period
59.898304
57.298752
58.857086
59.897408
59.910496
59.913280
59.900703
59.219810
Control Period
59.896351
59.922882
59.815582
58.307137
59.916893
59.882782
57.761917
59.930496
58.555489
Control Period
59.904579
59.600224
59.899261
59.906334
57.896797
59.893951
59.921890
59.924927
56.460670
Control Period
59.912254
59.918530
59.921024
59.925537
59.900192
59.643326
59.896095
59.906113
59.907425
Control Period
59.916962
59.902016
56.133377
59.898209
57.037666
59.925278
56.733376
59.894402
57.585983
Control Period
59.893951
59.864288
59.888863
59.904224
57.835583
59.910400
59.909855
59.911232
Control Period
59.878815
55.781311
57.611809
59.913952
56.713856
59.918079
59.885345
59.913567
Control Period
59.907295
59.890114
59.897438
59.893536
58.041534
59.700546
59.897949
59.928032
59.932159
Control Period
60.055199
59.908127
55.915199
59.861439
59.907360
59.905441
59.882942
57.390945
55.612385
Control Period
59.910976
59.920067
59.904861
59.480064
59.889374
59.887421
59.871811
Control Period
59.867615
59.851551
59.873760
59.872002
59.876961
59.971779
59.880543
