160
160.281
161.045
161.691
162.24
162.709
163.109
163.451
163.745
164.002
164.224
164.416
164.582
164.73
164.862
164.981
165.087
165.181
165.269
165.343
165.412
165.476
165.533
165.586
165.637
165.689
165.735
165.782
165.826
165.869
165.911
165.952
165.991
166.024
166.057
166.09
166.12
166.154
166.187
166.217
166.246
166.274
166.3
166.324
166.349
166.376
166.397
166.42
166.443
166.466
166.49
166.513
166.535
166.561
166.586
166.61
166.631
166.651
166.669
166.683
166.699
166.714
166.73
166.745
166.761
166.776
166.792
166.805
166.818
166.829
166.841
166.853
166.865
166.881
166.892
166.904
166.914
166.926
166.94
166.953
166.963
166.978
166.993
167.006
167.02
167.034
167.046
167.062
167.074
167.082
167.092
167.103
167.113
167.122
167.132
167.147
167.158
167.167
167.175
167.184
167.193
167.202
167.215
167.224
167.232
167.242
167.252
167.262
167.271
167.282
167.287
167.297
167.303
167.307
167.314
