80
75.9564
73.197
70.998
69.2801
67.9622
66.9643
66.2278
65.6886
65.3065
65.0433
64.8624
64.7429
64.67
64.6309
64.6176
64.6259
64.6495
64.6799
64.7183
64.7618
64.8058
64.8571
64.9051
64.957
65.0023
65.0496
65.0996
65.1466
65.1929
65.2398
65.2863
65.3257
65.3613
65.4037
65.4414
65.4738
65.508
65.5435
65.5774
65.6096
65.6401
65.67
65.6986
65.7282
65.7597
65.7869
65.8087
65.8326
65.8535
65.8764
65.8978
65.9179
65.9375
65.959
65.9748
65.9905
66.0041
66.0185
66.0349
66.0505
66.0652
66.0803
66.0961
66.1111
66.1239
66.1365
66.1488
66.1631
66.1762
66.1888
66.1996
66.2135
66.2253
66.2318
66.2438
66.255
66.2667
66.2724
66.2818
66.2902
66.3024
66.3141
66.3204
66.329
66.3334
66.3385
66.3473
66.3494
66.3526
66.3593
66.3654
66.3702
66.3756
66.3807
66.3878
66.3944
66.4019
66.4121
66.4188
66.4238
66.4288
66.4325
66.4418
66.4446
66.445
66.448
66.4499
66.4514
66.4556
66.4611
66.4682
66.4704
66.4734
66.4798
