160
155.893
152.99
150.585
148.609
146.991
145.661
144.568
143.657
142.894
142.247
141.682
141.181
140.732
140.323
139.947
139.601
139.279
138.973
138.684
138.409
138.145
137.897
137.654
137.421
137.194
136.977
136.77
136.568
136.373
136.187
136.007
135.827
135.651
135.487
135.325
135.165
135.013
134.867
134.726
134.588
134.454
134.324
134.198
134.078
133.964
133.851
133.738
133.63
133.523
133.423
133.325
133.23
133.137
133.049
132.96
132.874
132.789
132.708
132.632
132.557
132.485
132.416
132.35
132.286
132.223
132.162
132.102
132.047
131.993
131.941
131.89
131.843
131.796
131.745
131.702
131.66
131.62
131.576
131.538
131.499
131.466
131.434
131.399
131.367
131.332
131.299
131.271
131.237
131.205
131.178
131.152
131.125
131.1
131.076
131.055
131.034
131.015
130.999
130.981
130.962
130.943
130.925
130.912
130.894
130.874
130.857
130.84
130.824
130.81
130.798
130.788
130.775
130.762
130.753
