347.216
81.125
82.4688
138.844
82.5312
182.438
103.531
24.75
77.4688
78.875
77.5312
84.9062
72.5625
87.4375
116.625
96.0625
39.9375
80.0625
84.9062
115.5
96.1875
83.75
76.3438
84.2583
76.4062
87.5
165.875
80.3438
82.4688
-0.969727
81.3438
73.8438
88.0322
77.5938
194.562
108.406
96.1562
75.0938
83.75
77.5625
88.7188
78.8438
89.9688
86.2905
68.9375
36.1875
126.469
92.4375
37.355
63.9062
72.5625
121.438
22.3125
61.4688
77.8711
92.3125
81.2188
85.0312
72.5938
27.8438
59.0938
72.6562
86.1875
83.0645
77.6562
78.5454
76.5806
180.394
109.742
83.7812
71.4375
54.125
94.8438
71.4062
86.2188
82.5
86.25
185.531
86.2188
154.281
127.594
80.0625
108.844
124.219
82.4375
56.25
125.25
76.4062
44.1934
73.875
190.091
136.936
72.625
82.5
8.65625
98.3125
99.9062
23.5938
129
81.25
156.182
83.6875
77.9033
86.2188
70.1562
196.469
104.719
121.406
116.656
171.031
75.1562
25.75
-6.53125
77.3125
79.1562
