60.299072
59.911999
59.867584
59.908386
59.909950
59.940994
59.883743
59.889954
59.891327
59.906528
59.900097
59.867264
59.883743
59.887936
59.896736
59.884640
59.870941
59.869698
59.865250
59.884926
59.906784
59.889824
59.868034
59.864864
59.912483
59.871681
59.881058
59.874847
59.908192
59.867363
Control Period
59.875969
59.893375
59.859871
59.892193
59.888062
59.858624
59.864799
59.857437
Control Period
59.876030
59.882847
59.893120
59.893250
59.902496
59.915901
59.893696
59.909538
Control Period
59.892639
59.905537
59.895519
59.880287
59.835648
59.881378
59.867744
59.874397
Control Period
59.862080
59.891357
59.876640
59.890846
59.887905
59.873085
59.881218
59.870110
59.869247
Control Period
59.887585
59.882721
59.898750
59.935104
59.856224
59.883999
59.845024
59.901760
Control Period
59.868675
59.874977
59.851616
59.881184
59.857727
59.887009
59.857758
59.848381
59.847649
Control Period
59.838017
59.911232
59.843491
59.860481
59.867393
59.895294
59.920227
59.861504
59.862625
Control Period
59.883617
59.865822
59.873184
59.836189
59.884926
59.867645
59.873119
59.855331
Control Period
59.859711
59.837791
59.866241
59.846081
59.850975
59.869888
59.850464
59.853630
59.846878
Control Period
59.849251
59.853825
59.864418
59.854305
59.877823
59.883553
59.875774
59.867584
Control Period
59.889408
59.870625
59.864960
59.873314
59.891296
59.865185
59.868000
59.879997
59.905441
Control Period
59.872322
59.862434
59.854942
59.873695
59.896671
59.876320
59.875584
59.854050
Control Period
59.887138
59.893631
59.855423
59.871777
59.902527
59.875328
59.903072
59.881470
59.909859
Control Period
59.885666
59.884415
59.879837
59.891167
59.878529
59.901054
59.868546
59.868958
59.888382
Control Period
59.898689
59.884865
59.874718
59.883804
59.879875
59.878849
59.873856
59.874401
Control Period
59.884449
59.871971
59.882080
59.916992
59.885536
59.890240
59.855488
59.908417
Control Period
59.900127
59.903107
59.902046
59.894562
59.900002
59.880638
59.886848
59.883743
Control Period
59.897697
59.887138
59.898659
59.895554
59.905983
59.904640
59.889759
59.868256
59.869183
Control Period
59.891201
59.892929
59.897026
59.903458
59.926659
59.907295
59.884415
59.864098
Control Period
59.867935
59.879009
59.868095
59.863106
59.842079
59.868958
59.852638
59.867134
Control Period
59.949249
59.866402
59.879009
59.888256
59.888481
59.863136
59.891006
59.887329
Control Period
59.872448
59.871101
59.872322
59.896866
59.877567
59.860703
59.882050
59.895645
59.888702
Control Period
59.889923
59.893120
59.880447
59.884766
59.885376
59.869759
59.871872
59.894623
Control Period
59.856003
59.900002
59.894463
59.846367
59.856514
59.874271
59.871426
59.868767
59.905281
Control Period
59.883968
59.883171
59.904095
59.847458
59.870880
59.881599
59.874786
59.889534
Control Period
59.886593
59.859936
59.878719
59.902817
59.886978
59.906944
59.901794
59.924801
59.874977
Control Period
59.902817
59.903648
59.886337
59.910179
59.874176
59.875038
59.862305
59.869087
Control Period
59.892864
59.877731
59.879585
59.883968
59.866688
59.917023
59.862526
59.855263
Control Period
59.866112
59.871742
59.885406
59.895584
59.851135
59.895679
59.878494
59.879936
59.871330
Control Period
59.895874
59.874592
59.893730
59.918785
59.897789
59.888577
59.882561
59.906975
Control Period
59.888702
59.886623
59.893021
59.883423
59.879997
59.899490
59.890305
59.891937
59.924576
Control Period
59.898911
59.896034
59.908707
59.872032
59.877151
59.865379
59.905632
59.888062
Control Period
59.890274
59.916542
59.887455
59.895874
59.891457
59.938461
59.897823
59.892609
59.870049
Control Period
59.935966
59.911392
59.893311
59.898113
59.872833
59.901409
59.887104
Control Period
59.897118
59.900928
59.898941
59.895489
59.906944
59.860962
59.877731
59.867393
Control Period
59.858528
59.881699
59.901920
59.879906
59.866688
59.888222
59.893982
Control Period
59.881538
59.873089
59.885281
59.889153
59.906303
59.873920
59.872223
59.888447
59.872448
Control Period
59.901283
59.900768
59.893570
59.842815
59.867104
59.905922
59.893120
59.875904
Control Period
59.895393
59.866688
59.915230
59.917217
59.896126
59.886879
59.905632
59.881535
59.908031
Control Period
59.886658
59.883808
59.880192
59.885887
59.904610
59.865761
59.885696
59.876801
Control Period
59.888062
59.897789
59.868416
59.875648
59.908546
59.881218
59.903778
59.890945
59.904640
Control Period
59.887550
59.897408
59.891201
59.910175
59.893631
59.911167
59.896706
59.896095
Control Period
59.915970
59.895840
59.883808
59.883232
59.866848
59.869667
59.883873
59.894497
Control Period
59.903618
59.884895
59.886944
59.866081
59.896511
59.893791
59.913887
59.876350
59.890560
Control Period
59.907040
59.905090
59.906464
59.861057
59.864799
59.888542
59.936352
59.935841
59.892319
Control Period
59.898399
59.868671
59.885921
59.863586
59.869568
59.903297
59.868225
59.894943
Control Period
59.864830
59.897472
59.901085
59.897408
59.871231
59.907745
59.901535
59.912575
Control Period
59.866302
59.912354
59.875904
59.863682
59.836510
59.865822
59.870880
59.895554
59.882881
Control Period
59.881310
59.871201
59.883999
59.867970
59.853439
59.874657
59.885376
59.897186
59.864899
Control Period
59.900963
59.882080
59.912128
59.868797
59.859615
59.875618
59.900803
59.881409
Control Period
59.871933
59.893856
59.896481
59.877342
59.894848
59.851616
59.847679
59.861984
59.854210
Control Period
59.875618
59.867554
59.882812
59.870110
59.919617
59.891743
59.890495
59.848289
59.877632
59.864479
Control Period
59.899231
59.894081
59.869183
59.873665
59.908447
59.891552
59.902367
59.898144
Control Period
59.889343
59.880669
59.872192
59.875107
59.870049
59.882401
59.865185
59.852768
Control Period
59.853889
59.899101
59.879646
59.886497
59.889984
59.892509
59.883362
59.892670
59.877571
Control Period
59.910912
59.887775
59.902206
59.902081
59.886497
59.901535
59.896477
59.883553
Control Period
59.888962
59.882015
59.889053
59.878368
59.876610
59.885086
59.910370
59.903648
59.879906
Control Period
59.920898
59.878849
59.885567
59.882751
59.925282
59.903038
59.890045
59.893600
Control Period
59.904991
59.883934
59.865730
59.878464
59.876030
59.886978
59.893055
59.900352
59.860031
Control Period
59.853790
59.888000
59.867584
59.876640
59.884766
59.853889
59.896961
59.859200
Control Period
59.886784
59.879265
59.884670
59.851967
59.899330
59.898495
59.882721
59.876320
59.878654
Control Period
59.868641
59.885471
59.895679
59.892670
59.869022
59.888702
59.878654
59.872925
Control Period
59.862305
59.872223
59.902527
59.892544
59.885185
59.877251
59.867233
59.897758
59.919041
Control Period
59.864258
59.890976
59.893501
59.850784
59.876450
59.837440
59.844894
59.880257
Control Period
59.864960
59.873440
59.864159
59.876575
59.876129
59.881760
59.903358
59.891552
Control Period
59.877953
59.856991
59.879265
59.872093
59.864895
59.836704
59.897472
59.862686
59.884033
Control Period
59.899490
59.902336
59.890560
59.876190
59.875679
59.894302
59.866562
Control Period
59.875584
59.843040
59.883904
59.873600
59.871231
59.887070
59.883392
59.881695
59.872192
Control Period
59.847389
59.867203
59.889248
59.856129
59.898560
59.851841
59.871265
59.868607
Control Period
59.882336
59.864830
59.848351
59.860001
59.875298
59.866688
59.865410
59.853825
59.880608
Control Period
59.888161
59.862560
59.860062
59.864418
59.864895
59.881859
59.896225
59.911934
Control Period
59.887520
59.909248
59.879200
59.913475
59.871807
59.857666
59.872734
59.865089
59.840927
Control Period
59.854370
59.865025
59.866302
59.886143
59.895008
59.862274
59.896797
59.892067
Control Period
59.879456
59.840576
59.851231
59.851074
59.895805
59.869122
59.898720
59.858398
Control Period
59.874943
59.850143
59.886497
59.871742
59.859520
59.858849
59.886818
59.881535
59.873280
Control Period
59.877853
59.880417
59.913921
59.873024
59.873665
59.902657
59.881985
59.877888
Control Period
59.869698
59.884705
59.895584
59.877663
59.875298
59.880898
59.881058
59.913055
59.873920
Control Period
59.875938
59.871681
59.880867
59.869598
59.866814
59.879295
59.872063
59.897858
59.881889
Control Period
59.903553
59.871391
59.893570
59.861443
59.871265
59.881859
59.873344
59.882912
Control Period
59.893055
59.882336
59.908417
59.889374
59.871777
59.909760
59.886978
59.887581
59.900063
Control Period
59.874081
59.862755
59.866432
59.893150
59.873344
59.889023
59.869026
59.877090
Control Period
59.881535
59.862206
59.852833
59.883522
59.904449
59.871201
59.872643
59.885567
59.888416
Control Period
59.857155
59.869698
59.892864
59.878525
59.883362
59.887680
59.854240
59.883423
Control Period
59.875679
59.880482
59.866783
59.833599
59.872128
59.907135
59.881760
59.879360
59.894112
Control Period
59.866081
59.882496
59.879871
59.877922
59.846046
59.879906
59.872257
59.866623
Control Period
59.878975
59.884033
59.887936
59.866112
59.892990
59.867714
59.871136
59.878082
Control Period
59.872608
59.884445
59.895966
59.859550
59.876225
59.884354
59.885887
59.900063
Control Period
59.899937
59.899296
59.901917
59.917053
59.915905
59.874557
59.910751
59.901405
Control Period
59.909729
59.875744
59.888031
59.903709
59.892033
59.911041
59.867714
59.901951
Control Period
59.872097
59.892159
59.906143
59.894623
59.929951
59.880157
59.890656
59.877792
59.901760
Control Period
59.879200
59.919197
59.897282
59.884224
59.899330
59.878403
59.878273
59.884830
59.880318
Control Period
59.861408
59.896255
59.875809
59.893311
59.937504
59.875198
59.905281
59.877823
59.868832
Control Period
59.866688
59.881855
59.910942
59.903168
59.863777
59.880318
59.865601
59.878113
Control Period
59.877983
59.908607
59.893280
59.905922
59.879456
59.902657
59.890079
59.897919
59.890625
Control Period
59.893696
59.891136
59.896927
59.907360
59.899811
59.897827
59.898941
59.914112
59.947807
59.914177
Control Period
59.919872
59.896606
59.902527
59.927296
59.941696
59.882401
59.903549
59.911171
Control Period
59.907360
59.883842
59.918720
59.897858
59.909790
59.881218
59.862625
59.881248
59.876736
Control Period
59.855011
59.912254
59.880257
59.884415
59.900833
59.889023
59.901505
59.916000
Control Period
59.907326
59.902626
59.896896
59.879074
59.867104
59.880478
59.890495
59.893822
Control Period
59.918434
59.913857
59.888000
59.893890
59.918240
59.917854
59.890434
59.891712
Control Period
59.887871
59.888611
59.869698
59.872032
59.876770
59.871582
59.897598
59.889023
59.896065
Control Period
59.909218
59.891586
59.907394
59.914749
59.870049
59.874207
59.926880
59.895103
Control Period
59.884289
59.898178
59.896671
59.902081
59.893280
59.865150
59.910591
59.875168
59.905090
Control Period
59.897984
60.000130
59.866913
59.869633
59.901951
59.906433
59.899422
59.907005
Control Period
59.906723
59.943871
59.912674
59.908352
59.888733
59.893440
59.880257
59.902115
59.890526
Control Period
59.897697
59.887039
59.905342
59.875553
59.879997
59.852608
59.872894
59.877922
59.892479
Control Period
59.899811
59.902657
59.905823
59.898499
59.924065
59.912704
59.907234
Control Period
59.924896
59.919907
59.895103
59.906593
59.871231
59.888130
59.895008
59.885086
Control Period
59.880066
59.910019
59.916832
59.899170
59.901569
59.907585
59.878624
59.896545
59.873535
59.872513
Control Period
59.875774
59.895203
59.889954
59.881538
59.912354
59.909981
59.908096
59.877182
Control Period
59.878334
59.870110
59.906754
59.888321
59.910526
59.899040
59.905376
59.908897
59.925858
Control Period
59.889374
59.918304
59.914944
59.939392
59.915680
59.908417
59.884895
59.860130
Control Period
59.933250
59.885311
59.879360
59.901920
59.894497
59.925568
59.890240
59.885696
59.902306
Control Period
59.890400
59.908447
59.891808
59.885315
59.888962
59.894592
59.898079
Control Period
59.853279
59.849857
59.851967
59.861534
59.850845
59.855293
59.837250
59.869919
59.855423
59.848415
59.854336
59.862175
59.859680
59.867233
59.820770
59.854401
59.869598
59.869598
59.857601
59.880512
59.864414
59.887424
59.857727
59.877247
59.859550
59.858463
59.842339
59.871487
