113.921
121.253
127.674
133.712
133.72
135.312
137.802
137.797
137.879
137.399
138.69
138.706
138.266
137.981
139.321
140.295
138.613
139.504
138.09
138.174
138.397
136.987
137.741
137
137.056
136.969
136.823
138.027
134.824
138.349
135.555
136.86
134.736
137.86
137.894
136.23
135.669
135.32
135.141
137.44
136.649
137.848
137.889
137.704
138.102
136.886
136.741
136.71
136.831
138.21
138.27
137.753
136.853
137.368
137.575
137.306
138.188
136.809
136.992
137.118
137.231
135.543
138.754
140.038
138.515
138.831
138.194
138.816
138.995
138.268
138.235
138.156
137.143
138.591
138.329
137.901
138.029
137.435
137.904
137.948
138.473
137.173
138.613
138.521
139.089
137.635
137.217
137.658
137.694
138.786
138.624
139.137
138.218
138.806
139.101
138.272
137.063
136.992
137.235
138.431
139.165
138.903
138.926
137.916
138.15
138.219
137.621
138.174
138.124
137.561
139.738
139.395
138.695
138.148
