0.728015
0.764066
0.812442
0.853527
0.86905
0.888112
0.867852
0.862447
0.853951
0.884045
0.885498
0.887536
0.893812
0.889683
0.891169
0.891414
0.901056
0.887969
0.891939
0.8767
0.887197
0.87144
0.871236
0.870371
0.876743
0.880683
0.880571
0.876376
0.893611
0.863778
0.879685
0.857554
0.881565
0.867352
0.857742
0.876585
0.868244
0.875834
0.887472
0.873508
0.880673
0.888229
0.878317
0.877888
0.878896
0.871006
0.881762
0.880883
0.884514
0.877902
0.873141
0.874332
0.8809
0.876777
0.88163
0.882852
0.878442
0.876021
0.872555
0.874703
0.882616
0.882474
0.894814
0.884318
0.891116
0.871734
0.891557
0.896352
0.900502
0.901377
0.877215
0.884843
0.881683
0.874452
0.881873
0.891659
0.873116
0.880432
0.876167
0.880685
0.878789
0.880004
0.885808
0.858667
0.879634
0.873679
0.876698
0.879366
0.877949
0.903795
0.885936
0.888161
0.879976
0.882623
0.878297
0.888439
0.865825
0.878233
0.873477
0.894629
0.903897
0.900209
0.874804
0.884533
0.878533
0.896994
0.886274
0.877632
0.88227
0.897611
0.869445
0.878482
0.876279
0.885222
