56.7508
61.5477
63.4394
64.5486
67.2896
65.3015
66.8047
67.3395
68.4786
66.8719
65.8855
66.4039
66.5176
66.9319
66.8717
66.8893
65.8941
66.79
67.3874
67.2441
65.695
66.4507
66.0964
66.1257
65.8613
66.1842
65.6383
66.7063
65.6947
64.8424
65.6639
66.0977
66.3616
65.5412
65.4225
66.783
66.2428
66.476
66.2465
65.5521
66.1427
65.5858
66.112
66.527
65.9418
66.2866
65.6404
66.2862
65.8843
65.4956
65.6485
66.9927
65.6489
65.8514
65.8653
65.7347
65.56
66.7262
65.8729
66.4666
66.1674
66.9586
65.74
66.3143
67.0579
67.7052
67.0104
65.7213
65.3873
65.5049
67.1451
66.414
66.627
67.3743
66.4104
65.3552
65.9101
65.8892
66.256
66.2687
66.4802
66.4707
66.1948
68.6971
66.4699
66.125
66.5051
66.1616
66.5191
65.5432
66.6473
66.9027
68.2456
67.0686
66.7718
65.5049
66.6237
66.5379
66.7471
65.4906
65.1144
65.5164
67.3284
66.3394
66.0905
65.9572
66.3914
67.1937
66.4988
66.0793
67.3142
67.0013
66.8818
66.2442
