0.709385
0.769346
0.792992
0.806858
0.84112
0.816269
0.835059
0.841743
0.855982
0.835899
0.823568
0.830048
0.83147
0.836649
0.835896
0.836117
0.823677
0.834875
0.842342
0.840551
0.821188
0.830634
0.826205
0.826571
0.823266
0.827302
0.820479
0.833828
0.821183
0.81053
0.820799
0.826221
0.82952
0.819265
0.817781
0.834787
0.828035
0.83095
0.828081
0.819402
0.826784
0.819823
0.8264
0.831588
0.824273
0.828582
0.820506
0.828577
0.823553
0.818695
0.820607
0.837408
0.820612
0.823142
0.823316
0.821683
0.8195
0.834077
0.823412
0.830832
0.827093
0.836983
0.82175
0.828929
0.838224
0.846316
0.83763
0.821516
0.817341
0.818811
0.839313
0.830175
0.832837
0.842179
0.83013
0.81694
0.823876
0.823615
0.8282
0.828359
0.831003
0.830884
0.827435
0.858713
0.830874
0.826563
0.831313
0.82702
0.831489
0.819291
0.833091
0.836284
0.85307
0.838358
0.834647
0.818811
0.832796
0.831724
0.834339
0.818632
0.81393
0.818955
0.841605
0.829242
0.826132
0.824465
0.829892
0.839921
0.831235
0.825992
0.841427
0.837517
0.836023
0.828052
