58.2412
61.1253
64.9953
68.2822
69.524
71.049
69.4282
68.9958
68.3161
70.7236
70.8399
71.0029
71.5049
71.1746
71.2935
71.3131
72.0845
71.0375
71.3551
70.136
70.9758
69.7152
69.6989
69.6297
70.1394
70.4546
70.4457
70.1101
71.4889
69.1022
70.3748
68.6043
70.5252
69.3882
68.6194
70.1268
69.4595
70.0668
70.9978
69.8807
70.4538
71.0583
70.2654
70.2311
70.3117
69.6805
70.541
70.4706
70.7612
70.2322
69.8513
69.9466
70.472
70.1421
70.5304
70.6282
70.2753
70.0817
69.8044
69.9762
70.6093
70.5979
71.5851
70.7454
71.2893
69.7387
71.3246
71.7082
72.0402
72.1102
70.1772
70.7875
70.5346
69.9561
70.5498
71.3327
69.8493
70.4345
70.0934
70.4548
70.3031
70.4003
70.8647
68.6934
70.3707
69.8943
70.1358
70.3493
70.2359
72.3036
70.8748
71.0528
70.3981
70.6098
70.2638
71.0751
69.266
70.2586
69.8782
71.5703
72.3117
72.0167
69.9843
70.7626
70.2826
71.7595
70.9019
70.2106
70.5816
71.8089
69.5556
70.2786
70.1023
70.8178
