0.708228
0.772077
0.802175
0.827838
0.84897
0.866168
0.880305
0.890959
0.898853
0.90485
0.909493
0.912821
0.914991
0.916803
0.917576
0.918249
0.918497
0.918605
0.918535
0.918508
0.918429
0.91787
0.917745
0.917339
0.916938
0.916409
0.916342
0.915584
0.91553
0.91516
0.914729
0.914422
0.913747
0.913719
0.91325
0.912647
0.912383
0.912163
0.911833
0.91192
0.911078
0.910446
0.910354
0.91002
0.909795
0.909485
0.909625
0.909075
0.908906
0.908545
0.908182
0.907873
0.907632
0.907448
0.907246
0.907185
0.90707
0.906705
0.906651
0.906374
0.906302
0.905808
0.905564
0.905481
0.905252
0.905264
0.90496
0.905215
0.904555
0.904674
0.904315
0.904309
0.904085
0.904029
0.903894
0.90387
0.903825
0.903674
0.903344
0.903006
0.903109
0.903103
0.902833
0.902986
0.903017
0.902939
0.902828
0.902589
0.902199
0.902772
0.902211
0.902424
0.901956
0.901892
0.901945
0.90201
0.902007
0.901965
0.901933
0.901924
0.901699
0.901417
0.901712
0.901523
0.901671
0.901253
0.901358
0.901624
0.901585
0.901092
0.901278
0.900962
0.901157
0.901205
0.90102
0
