-197.294
-436.062
-374.125
-425.121
-429.742
-404.125
-442.25
-361.818
-427.438
-444.719
-383.438
-427.406
-491.688
-454.531
-438.562
-442.281
-438.531
-365.323
-423.688
-367.031
-413.161
-417.75
-563.875
-443.469
-432.375
-446.727
-433.5
-413.188
-405.156
-438.469
-384.094
-379
-444.719
-460.812
-515.516
-437.281
-462.531
-449.625
-444.719
-397.281
-389.031
-417.531
-422.406
-436.094
-435.094
-530.219
-452.156
-474.031
-405.688
-438.742
-445.545
-436.062
-371.323
-420
-439.75
-437.484
-438.531
-524.879
-439.812
-482.75
-421.531
-482.406
-437.281
-443.406
-419.375
-454.188
-473.125
-378.781
-500.667
-441.291
-442.312
-439.812
-448.438
-398.344
-442.25
-438.5
-449.151
-461.719
-623
-448.438
-448.469
-442.188
-524.094
-450.906
-442.25
-438.5
-468.812
-409.719
-457.312
-393.594
-395.562
-438.469
-448.312
-444.656
-427.656
-401.406
-438.75
-445.545
-381.844
-537.625
-525.312
-438.812
-460.812
-434.812
-370.75
-433.545
-496.031
-478.258
-562.667
-380.906
-385.938
-479
-460.75
-443.469
-444.656
-630
