3981.5
5972
5991.5
5991.5
5991.5
5858
5912.5
5893
5992
5952.5
5952
5952
5912.5
5952.5
6071
5952
5971.5
5952
5972
5932.5
5932.5
5932.5
5794
5932
5972
5972
5972
5972
5739.5
5952
5932.5
6110.5
5913
5972
5873
5952
5952
5991.5
5952
5991.5
5838
5952
5952.5
5991.5
5972
6051
5972
5912.5
5972
5972
5952
5972
5952
5932
5932.5
5912.5
6164.5
6011.5
5991.5
5932.5
5952
5932
5952
5917
6071
5972
6031
5952
5932
5912.5
5952
5893
5991.5
5971.5
5991.5
6110.5
6085.5
5952
5932
6164.5
5952
5971.5
5991.5
5991.5
5952
5873
5877.5
5932
5972
5952
5932.5
5991.5
5759
6011.5
5992
5992
6071
5952
5992
5992
5952.5
5932
6011.5
6130.5
5972
5813.5
5972
6011.5
5932.5
5932.5
5620
