60.184769
59.917854
59.886623
59.896511
59.896416
59.939934
59.898109
59.910751
59.880768
59.900093
59.891617
59.894302
59.902046
59.879776
59.899200
59.900734
59.896355
59.904510
59.882050
59.881058
59.888386
59.891232
59.898499
59.899361
59.906883
59.861824
59.895905
59.927231
59.936928
Control Period
59.883842
59.855263
59.893536
59.888321
59.876221
59.882851
59.874657
59.873917
Control Period
59.873886
59.874146
59.889282
59.882812
59.882942
59.900414
59.933281
59.891518
59.891968
Control Period
59.889824
59.910751
59.902817
59.925343
59.898560
59.913086
59.913376
59.926018
Control Period
59.910015
59.910591
59.902626
59.897121
59.895325
59.883553
59.877663
59.900764
Control Period
59.890625
59.884319
59.893471
59.855553
59.914307
59.904736
59.899391
59.888382
59.923168
59.876705
Control Period
59.908508
59.893471
59.929886
59.878143
59.873856
59.892448
59.880928
59.898655
Control Period
59.890625
59.862015
59.888416
59.870499
59.892448
59.899200
59.899586
59.896446
Control Period
59.901215
59.920033
59.912289
59.941887
59.869026
59.911041
59.913437
59.914207
59.907585
Control Period
59.930496
59.882690
59.865471
59.885826
59.903870
59.880703
59.858559
59.899231
Control Period
59.882530
59.911777
59.899200
59.917534
59.905602
59.900352
59.881310
59.874912
Control Period
59.872993
59.901600
59.905022
59.923584
59.897057
59.924736
59.898178
59.913246
Control Period
59.884575
59.900673
59.889217
59.907745
59.914398
59.886528
59.924671
59.903488
59.918365
Control Period
59.915550
59.913315
59.927776
59.927582
59.913792
59.892097
59.902111
59.924194
59.900642
Control Period
59.910782
59.899902
59.925026
59.890434
59.910530
59.895138
59.942593
59.907585
Control Period
59.882370
59.925346
59.928322
59.922943
59.913506
59.898560
59.914909
59.914944
59.913826
Control Period
59.924194
59.907486
59.898624
59.905182
59.956352
59.879135
59.940575
59.925793
Control Period
59.947006
59.914047
59.910015
59.893215
59.905281
59.896896
59.902115
59.888802
Control Period
59.873856
59.881310
59.896351
59.900448
59.890175
59.912128
59.876801
59.914398
Control Period
59.916931
59.885376
59.906208
59.912800
59.905533
59.879326
59.903999
59.890945
Control Period
59.899807
59.902016
59.926624
59.886879
59.903969
59.927902
59.918369
59.888161
59.896000
Control Period
59.923679
59.903938
59.904930
59.891071
59.912479
59.901920
59.905983
Control Period
59.899872
59.933952
59.934113
59.893055
59.894207
59.888733
59.925537
59.905983
Control Period
59.884064
59.910370
59.916191
59.894623
59.912354
59.914433
59.904419
59.912094
Control Period
59.924000
59.898304
59.881218
59.897312
59.885918
59.879616
59.904480
59.917633
59.892639
Control Period
59.891136
59.903969
59.897152
59.896477
59.856834
59.893791
59.884644
59.900608
Control Period
59.892479
59.876419
59.924736
59.930752
59.898113
59.888161
59.872768
59.898624
Control Period
59.859711
59.872093
59.910816
59.916382
59.904541
59.878593
59.892673
59.900993
Control Period
59.897472
59.917313
59.890594
59.906914
59.887230
59.875679
59.881599
59.881218
59.885567
Control Period
59.895103
59.892349
59.880192
59.881920
59.916672
59.925056
59.901344
59.882977
Control Period
59.884705
59.907715
59.889343
59.910370
59.891426
59.925056
59.924065
59.914589
Control Period
59.907425
59.913666
59.918785
59.917763
59.901505
59.912544
59.885727
59.893280
59.893311
Control Period
59.871010
59.877537
59.879936
59.869953
59.882530
59.889313
59.906689
59.866592
Control Period
59.901535
59.891872
59.899265
59.863422
59.873405
59.889088
59.908157
59.902912
Control Period
59.896675
59.907295
59.901474
59.906559
59.890144
59.889603
59.920769
59.895874
59.889473
Control Period
59.869984
59.863426
59.903137
59.900642
59.886719
59.878559
59.905663
59.908257
59.891682
Control Period
59.907936
59.934143
59.897472
59.891136
59.854080
59.911873
59.891872
Control Period
59.892384
59.892223
59.912674
59.935936
59.916927
59.897152
59.912254
59.903008
59.921185
Control Period
59.910305
59.930275
59.927971
59.905762
59.875263
59.891041
59.903839
59.909630
Control Period
59.935074
59.901375
59.927139
59.901249
59.932770
59.923038
59.931744
59.898304
59.927135
Control Period
59.899361
59.896065
59.926079
59.879326
59.895168
59.897598
59.898495
59.882622
Control Period
59.897984
59.889824
59.903389
59.901600
59.888161
59.896671
59.886147
59.881409
59.911552
Control Period
59.896481
59.913216
59.891167
59.935165
59.890720
59.948193
59.887390
59.873760
Control Period
59.901505
59.890976
59.901695
59.899551
59.915810
59.910240
59.937183
59.910145
59.890976
Control Period
59.856514
59.905342
59.902977
59.869217
59.883362
59.896225
59.900352
59.879040
Control Period
59.871136
59.891968
59.879265
59.923424
59.875263
59.886337
59.894463
59.906784
59.888611
Control Period
59.921215
59.896225
59.884865
59.892864
59.916607
59.890816
59.923965
59.897919
Control Period
59.897858
59.919357
59.909981
59.917953
59.889824
59.912289
59.887810
59.906528
Control Period
59.899391
59.933983
59.907585
59.904385
59.887871
59.879105
59.908607
59.898945
Control Period
59.890175
59.864288
59.917664
59.869473
59.890911
59.876320
59.923843
59.903618
Control Period
59.879646
59.864128
59.921310
59.877953
59.915901
59.888512
59.899651
59.873089
59.937634
Control Period
59.885632
59.894882
59.896000
59.903904
59.900928
59.897667
59.877121
59.870720
Control Period
59.901600
59.886208
59.900894
59.888512
59.886909
59.878334
59.891266
59.879967
Control Period
59.869152
59.900448
59.916893
59.876831
59.889214
59.872734
59.878525
59.872002
59.877121
Control Period
59.874626
59.865345
59.884094
59.862045
59.864128
59.907677
59.922913
59.878143
Control Period
59.910656
59.897728
59.888702
59.883713
59.883553
59.888062
59.904961
59.877182
Control Period
59.911331
59.891235
59.931458
59.874657
59.902752
59.909889
59.916256
59.895775
59.896992
Control Period
59.878399
59.894562
59.879326
59.884254
59.894783
59.873920
59.911102
59.910751
59.907295
Control Period
59.906143
59.904320
59.875809
59.901569
59.886944
59.923328
59.878593
59.906879
Control Period
59.917633
59.942783
59.904320
59.907967
59.872162
59.887230
59.883904
59.889954
59.920990
Control Period
59.898590
59.892189
59.927422
59.908798
59.940414
59.931328
59.922688
59.899902
59.924255
Control Period
59.949341
59.931038
59.915073
59.922783
59.919327
59.908226
59.906559
59.903137
Control Period
59.912094
59.905251
59.916641
59.913120
59.893661
59.906624
59.913345
59.906399
Control Period
59.900959
59.920990
59.911934
59.916130
59.920639
59.892673
59.896191
59.922592
59.879745
Control Period
59.913506
59.869984
59.936317
59.902306
59.911552
59.883522
59.908958
59.918049
59.880386
Control Period
59.889633
59.906048
59.911201
59.924095
59.876129
59.875999
59.914753
59.885086
59.936161
Control Period
59.885567
59.898911
59.894943
59.879200
59.908768
59.909409
59.872192
59.913376
59.914879
Control Period
59.909473
59.912193
59.902943
59.926018
59.918880
59.917568
59.907104
Control Period
59.900192
59.888191
59.908222
59.914913
59.921921
59.907711
59.934593
59.888767
59.878082
Control Period
59.931839
59.922016
59.905411
59.894047
59.907776
59.921822
59.921505
59.937859
59.896832
Control Period
59.916801
59.913506
59.941536
59.903393
59.920673
59.905025
59.881699
59.897758
Control Period
59.913441
59.909504
59.926048
59.904610
59.940033
59.895874
59.893539
59.917343
59.912289
Control Period
59.910496
59.883232
59.941956
59.912865
59.918144
59.879936
59.922913
59.929283
Control Period
59.912735
59.901760
59.909729
59.904190
59.947327
59.947456
59.925217
59.893150
59.901695
Control Period
59.875198
59.890366
59.898018
59.882111
59.915619
59.902111
59.920799
59.903423
59.920193
Control Period
59.893661
59.909248
59.885155
59.932735
59.895649
59.911102
59.918655
59.907585
Control Period
59.900448
59.905312
59.892960
59.889408
59.916733
59.912704
59.927040
59.930717
59.906624
Control Period
59.909630
59.928574
59.921761
59.894367
59.927742
59.904861
59.868992
59.883072
59.926529
Control Period
59.892544
59.880386
59.890785
59.938339
59.864895
59.917442
59.921024
59.905727
59.883102
Control Period
59.909374
59.884735
59.886753
59.892769
59.915230
59.904030
59.913055
59.916130
59.941277
Control Period
59.928131
59.903679
59.932030
59.902912
59.939873
59.896576
59.878334
59.894047
Control Period
59.895615
59.898975
59.894783
59.908157
59.895683
59.911873
59.909664
59.921280
59.926369
Control Period
59.910271
59.883904
59.888802
59.858078
59.877853
59.873566
59.870178
59.896545
Control Period
59.912704
59.905472
59.887230
59.905888
59.911583
59.885216
59.896095
59.904671
59.899902
Control Period
59.912254
59.903839
59.918594
59.892895
59.914433
59.920864
59.916512
59.887390
Control Period
59.926624
59.897568
59.891647
59.894302
59.898178
59.891106
59.939968
59.907616
Control Period
59.923454
59.905727
59.900097
59.900673
59.947586
59.910400
59.908737
59.904259
Control Period
59.865471
59.929314
59.903679
59.898018
59.933250
59.906048
59.895004
59.878082
Control Period
59.873405
59.903938
59.909950
59.884865
59.898079
59.922592
59.911297
59.900162
59.853729
59.874527
Control Period
59.923965
59.937599
59.929535
59.889633
59.889442
59.888607
59.902016
59.896065
Control Period
59.920990
59.895519
59.875298
59.895874
59.890755
59.902336
59.908031
59.896957
Control Period
59.919327
59.907135
59.899136
59.914719
59.926430
59.903297
59.920864
59.937469
59.933281
Control Period
59.921310
59.913120
59.897598
59.904064
59.917923
59.899071
59.907871
59.910622
Control Period
59.884766
59.894623
59.829506
59.875233
59.879486
59.888931
59.863007
59.918877
59.872574
Control Period
59.902557
59.873314
59.885887
59.863136
59.879230
59.909409
59.927391
59.943230
59.894112
Control Period
59.891457
59.892609
59.901024
59.871841
59.917534
59.906784
59.862656
59.893345
Control Period
59.893951
59.890785
59.882336
59.878242
59.891617
59.887169
59.908607
59.891006
59.931232
Control Period
59.891487
59.919712
59.887936
59.901760
59.887905
59.877663
59.873760
59.875038
Control Period
59.891647
59.905762
59.886047
59.896992
59.872032
59.879295
59.881729
59.891201
Control Period
59.903328
59.883965
59.890366
59.880287
59.852608
59.874275
59.911453
59.891838
Control Period
59.895714
59.897057
59.899681
59.900833
59.905952
59.911327
59.876450
59.888962
59.878624
Control Period
59.903870
59.903008
59.885120
59.851395
59.890816
59.878914
59.891426
59.913601
Control Period
59.917217
59.915585
59.913506
59.884766
59.893631
59.882751
59.883968
59.887581
59.888672
Control Period
59.880287
59.861729
59.888290
59.898464
59.905983
59.907585
59.898815
59.886719
Control Period
59.902081
59.889568
59.885437
59.898560
59.889954
59.894562
59.895805
59.900414
Control Period
59.883297
59.853790
59.851326
59.890079
59.874432
59.846016
59.866592
59.888321
59.891136
Control Period
59.895424
59.896286
59.898499
59.885632
59.878048
59.870079
59.868511
59.923073
59.903458
Control Period
59.893089
59.898209
59.867294
59.891777
59.910782
59.902496
59.868958
59.879837
Control Period
59.913826
59.923363
59.889503
59.904991
59.903999
59.902977
59.884354
59.888863
59.899200
Control Period
59.878143
59.875298
59.869473
59.885567
59.915649
59.900482
59.874912
59.907326
Control Period
59.892288
59.881569
59.891647
59.928417
59.893822
59.905411
59.860893
59.890625
Control Period
59.880638
59.904861
59.898529
59.914368
59.880707
59.879105
59.877537
59.901794
59.893440
Control Period
59.891586
59.879677
59.898239
59.928703
59.898720
59.903229
59.876896
59.900192
59.885826
Control Period
59.911137
59.889694
59.876831
59.886463
59.901886
59.915649
59.896706
59.889694
Control Period
59.908257
59.888863
59.901726
59.893536
59.890465
59.862465
59.893890
59.890816
59.908287
Control Period
59.858978
59.844513
Control Period
59.857216
59.950302
59.903297
