60.266655
59.923328
59.881950
59.935837
59.939808
59.939392
59.907551
59.903809
59.928864
59.903709
59.924290
59.910179
59.907074
59.944672
59.900223
59.897728
59.904419
59.899872
59.906433
59.918304
59.930656
59.916927
59.908447
59.913185
59.941505
59.894402
59.900223
59.916607
59.937984
59.921089
Control Period
59.917278
59.912643
59.930466
59.920704
59.923042
59.913536
59.908318
59.915710
Control Period
59.889374
59.904385
59.875359
59.907074
59.923615
59.947426
59.905792
59.929855
59.916351
Control Period
59.916256
59.923775
59.928192
59.916222
59.938049
59.891838
59.902176
59.899712
Control Period
59.915775
59.927040
59.902912
59.926720
59.921791
59.903809
59.913246
59.911201
Control Period
59.901440
59.915550
59.900288
59.884449
59.879875
59.907455
59.906525
59.890434
59.916161
Control Period
59.928734
59.901154
59.929920
59.900223
59.931137
59.923489
59.889725
59.921535
59.892960
Control Period
59.927937
59.941887
59.916672
59.901665
59.897758
59.904640
59.897247
59.880096
59.900162
Control Period
59.906017
59.928452
59.909023
59.932640
59.910561
59.948673
59.908096
Control Period
59.933762
59.929665
59.897888
59.896065
59.920799
59.941887
59.908867
59.917053
59.891903
59.919617
Control Period
59.915489
59.913792
59.894913
59.939552
59.909409
59.895615
59.881218
59.915104
Control Period
59.891777
59.915359
59.905251
59.913952
59.879776
59.918079
59.907871
59.891266
Control Period
59.893280
59.938721
59.876385
59.883453
59.899422
59.890720
59.888031
59.881729
59.876705
Control Period
59.890526
59.888771
59.887745
59.856384
59.879871
59.904449
59.883682
59.871902
59.882690
Control Period
59.897247
59.857185
59.896416
59.869823
59.911648
59.895905
59.865761
59.913406
Control Period
59.902561
59.907906
59.891968
59.897469
59.867775
59.887070
59.881409
59.874176
Control Period
59.916481
59.883072
59.904671
59.905090
59.874496
59.898880
59.890465
59.912609
Control Period
59.875839
59.895744
59.875549
59.893726
59.891426
59.916191
59.917599
59.881664
59.873245
Control Period
59.903389
59.895199
59.902657
59.886753
59.886017
59.878624
59.906433
Control Period
59.917953
59.886497
59.879456
59.899361
59.900162
59.907646
59.910175
59.909218
Control Period
59.873886
59.882175
59.872799
59.914272
59.892544
59.897057
59.892128
59.895840
Control Period
59.917694
59.916737
59.911713
59.908546
59.892799
59.874146
59.896126
59.912033
59.896065
Control Period
59.919136
59.905312
59.922432
59.895073
59.901920
59.884766
59.898499
59.910210
Control Period
59.901604
60.212608
59.898109
59.893890
59.885406
59.872673
59.866783
59.897057
Control Period
59.888191
59.883778
59.874306
59.886688
59.900383
59.873474
59.875870
59.912735
Control Period
59.904575
59.914463
59.902275
59.897823
59.883263
59.880959
59.913506
Control Period
59.918304
59.902626
59.920387
59.915199
59.910210
59.916061
59.903423
59.914177
59.908768
Control Period
59.922882
59.912003
59.922943
59.916130
59.912003
59.899361
59.910015
59.872643
Control Period
59.892799
59.911903
59.926590
59.907104
59.911842
59.897888
59.896832
59.910370
59.905312
Control Period
59.904671
59.911552
59.909409
59.901634
59.924065
59.917759
59.915455
59.923744
59.947906
Control Period
59.920097
59.942818
59.913857
59.901730
59.900574
60.056576
59.900352
59.899742
Control Period
59.908386
59.945473
59.923615
59.887970
59.922813
59.898079
59.906719
59.900448
59.873665
Control Period
59.910431
59.920578
59.907135
59.896576
59.887234
59.884094
59.900032
59.898819
Control Period
59.913055
59.896767
59.900543
59.912991
59.927616
59.991394
59.920353
59.921539
59.942818
Control Period
59.906334
59.913376
59.937119
59.890846
59.910976
59.907166
59.907936
59.903748
Control Period
59.896992
59.906242
59.881027
59.906334
59.902206
59.886753
59.902466
59.919006
Control Period
59.893982
59.911522
59.904289
59.922302
59.887680
59.910210
59.904705
59.910973
59.910561
Control Period
59.912605
59.921700
59.925888
59.895615
59.909950
59.923714
59.907745
59.929123
Control Period
59.934814
59.911453
59.914497
59.899937
59.899776
59.915871
59.933823
59.895073
Control Period
59.926018
59.918880
59.953152
59.892159
59.921921
59.925953
59.906754
59.909729
59.917374
59.936577
Control Period
59.921341
59.909279
59.907009
59.910336
59.912895
59.906815
59.904610
59.925537
Control Period
59.903809
59.911232
59.909119
59.930527
59.914112
59.944256
59.893982
59.949921
59.895489
Control Period
59.908867
59.912960
59.942787
59.919075
59.909439
59.948738
59.890686
59.920990
Control Period
59.926109
59.914623
59.935806
59.907135
59.918274
59.919006
59.915295
59.909184
59.913437
Control Period
59.918015
59.928642
59.951359
59.925117
59.961502
59.926273
59.956161
59.925217
Control Period
59.936447
59.927807
59.936832
59.919937
59.895805
59.926430
59.912224
59.923935
Control Period
59.894653
59.900383
59.906849
59.911362
59.914398
59.909504
59.904095
59.879807
59.917213
Control Period
59.900127
59.926880
59.932190
59.879936
59.927681
59.931232
59.926464
59.918049
59.927841
Control Period
59.895393
59.906113
59.919682
59.882210
59.895744
59.904510
59.921089
59.917793
Control Period
59.900608
59.943649
59.918045
59.916451
59.917728
59.894302
59.907234
59.933376
59.922592
59.895649
Control Period
59.913792
59.929153
59.916801
59.895554
59.898941
59.908096
59.889729
Control Period
59.919998
59.907806
59.909279
59.904640
59.899811
59.905632
59.875938
59.917534
59.910400
Control Period
59.933151
59.894814
59.893185
59.914913
59.891747
59.922913
59.912704
59.903969
Control Period
59.887138
59.932545
59.882111
59.920704
59.908417
59.931267
59.928288
59.927521
59.894753
Control Period
59.909920
59.897087
59.922882
59.893181
59.907455
59.917023
59.893505
59.884514
Control Period
59.881821
59.884254
59.892448
59.930977
59.887360
59.909218
59.904831
59.901886
59.900703
Control Period
59.915871
59.907806
59.869507
59.882210
59.889889
59.901314
59.883999
59.859871
Control Period
59.903358
59.896126
59.897949
59.891712
59.884960
59.880638
59.866051
59.896736
Control Period
59.883362
59.894878
59.894272
59.893951
59.917599
59.902115
59.884865
59.913567
59.890915
Control Period
59.896320
59.905857
59.904896
59.883488
59.909378
59.900768
59.897858
59.887970
Control Period
59.889183
59.890175
59.882687
59.892193
59.891518
59.923553
59.890846
59.903107
59.882782
Control Period
59.909248
59.884640
59.894882
59.880066
59.916351
59.894848
59.886978
59.892349
Control Period
59.892189
59.904224
59.898529
59.880478
59.901344
59.893661
59.899071
59.904575
Control Period
59.921471
59.878334
59.900063
59.894371
59.909599
59.896515
59.885345
59.900894
59.902912
Control Period
59.924065
59.903934
59.888481
59.874271
59.871361
59.892799
59.889854
59.872513
Control Period
59.906048
59.883297
59.873985
59.886688
59.869919
59.889729
59.913155
59.887901
59.865952
Control Period
59.883041
59.888096
59.904861
59.880608
59.886147
59.905823
59.902912
59.883713
Control Period
59.912994
59.888226
59.901985
59.902306
59.898174
59.918655
59.906334
59.938179
Control Period
59.899330
59.888161
59.883331
59.907425
59.875549
59.885727
59.935394
59.897758
59.876480
Control Period
59.885345
59.918144
59.894051
59.874496
59.884705
59.884449
59.915520
59.893059
Control Period
59.904320
59.878624
59.923809
59.881790
59.878784
59.893696
59.874817
59.904800
59.907555
Control Period
59.909023
59.887138
59.906273
59.899616
59.894371
59.908768
59.924927
59.903584
Control Period
59.913666
59.897503
59.947617
59.923103
59.915970
59.866302
59.885826
59.889439
59.889153
Control Period
59.893570
59.890079
59.867584
59.896706
59.871521
59.886719
59.878334
59.887840
Control Period
59.882080
59.884033
59.911842
59.893661
59.901089
59.921951
59.904095
59.900032
59.918846
Control Period
59.904449
59.901855
59.921089
59.906883
59.905411
59.924034
59.896225
59.888802
59.894592
Control Period
59.906013
59.897953
59.930176
59.907360
59.910080
59.899330
59.887138
59.902046
Control Period
59.894814
59.865887
59.871010
59.872063
59.888512
59.896000
59.884129
59.897377
Control Period
59.872482
59.905888
59.904510
59.909058
59.901665
59.904770
59.902275
59.874657
59.875778
Control Period
59.873184
59.920158
59.908512
59.894272
59.884003
59.913216
59.899231
59.915939
59.872032
Control Period
59.895039
59.916161
59.906464
59.894051
59.879681
59.923683
59.931107
59.902847
59.869152
Control Period
59.911201
59.921150
59.917343
59.942337
59.920578
59.884064
59.918560
59.911072
Control Period
59.896797
59.893921
59.879486
59.914528
59.876511
59.906143
59.893791
59.900864
Control Period
59.903519
59.902657
59.887810
59.897278
59.898529
59.907520
59.921921
59.894081
59.900063
Control Period
59.906273
59.901375
59.890976
59.876511
59.886112
59.869598
59.891136
59.899582
59.872002
Control Period
59.874241
59.872253
59.900894
59.900192
59.908512
59.920547
Control Period
59.899391
59.901249
59.903137
59.917984
59.909824
59.928097
59.874496
59.915009
59.878174
59.899521
Control Period
59.884895
59.874271
59.892128
59.910656
59.874657
59.892544
59.886112
59.892513
59.894848
Control Period
59.860447
59.893379
59.868126
59.896225
59.901886
59.876415
59.898018
59.891167
Control Period
59.895905
59.880192
59.892448
59.890526
59.881439
59.889694
59.917503
59.910622
Control Period
59.897888
59.882816
59.876701
59.879616
59.902752
59.865150
59.904030
Control Period
59.907394
59.880672
59.869598
59.883682
59.872513
59.902878
59.902626
59.908928
Control Period
59.882370
59.888962
59.901535
59.918015
59.876671
59.881889
59.856033
59.873055
Control Period
59.884926
59.878593
59.866623
59.869698
59.883682
59.899681
59.880703
59.911137
Control Period
59.879906
59.861984
59.896416
59.897217
59.918591
59.919167
59.865440
59.888065
59.899105
Control Period
59.897472
59.906975
59.894016
59.907486
59.894176
59.894463
59.877182
59.877602
Control Period
59.892895
59.901024
59.892097
59.910400
59.895935
59.886848
59.908478
Control Period
59.924477
59.906143
59.890240
59.906563
59.916832
59.900608
59.905441
59.912354
59.937344
Control Period
59.922241
59.900383
59.908226
59.918465
59.920769
59.903263
59.896225
Control Period
59.899139
59.903393
59.898430
59.890205
59.907394
59.908958
59.914879
59.911453
59.904640
Control Period
59.902912
59.925888
59.930946
59.908066
59.900803
59.889313
59.907616
59.904030
Control Period
59.899040
59.876030
59.885635
59.914528
59.916096
59.906914
59.902817
59.887936
59.891617
Control Period
59.930786
59.934719
59.925632
59.937469
59.902016
59.929535
59.907711
59.906494
Control Period
59.896511
59.886787
59.906914
59.902943
59.908066
59.895775
59.903233
59.873215
59.896446
Control Period
59.888512
59.909985
59.907967
59.887074
59.887135
59.903999
59.892704
59.883423
Control Period
59.891296
59.889122
59.895329
59.907936
59.931232
59.911072
59.889664
59.906464
Control Period
59.896034
59.893536
59.894047
59.902596
59.898624
59.879456
59.892288
59.889248
59.907104
Control Period
59.886784
59.916672
59.890594
59.884480
59.916737
59.874176
59.887585
59.881569
Control Period
59.878593
59.924385
59.904575
59.911968
59.892128
59.903553
59.905727
59.902081
59.904221
Control Period
59.889153
59.908512
59.885792
59.905281
59.909027
59.935646
59.912575
59.915550
Control Period
59.912800
59.886528
59.901123
59.927296
59.942593
59.902111
59.910049
59.929184
59.906242
Control Period
59.896511
59.891037
59.896030
59.893024
59.909058
59.884800
59.893410
59.906017
Control Period
59.900703
59.876450
59.886818
59.907486
59.898849
59.913952
59.900352
59.919266
59.908352
Control Period
59.934845
59.914112
59.935265
59.907074
59.904160
59.930115
59.901825
59.919296
Control Period
59.907455
59.940449
59.902306
59.923714
59.944065
59.905342
59.935326
59.914337
Control Period
59.922527
59.917313
59.901951
59.907551
59.905632
59.932449
59.902721
59.915581
59.904961
59.910240
59.883137
59.902241
59.874847
59.889568
59.887550
59.879520
59.894722
59.890560
59.897888
59.903679
59.883968
59.904064
59.880127
59.899040
59.898529
59.916611
59.888641
59.910431
59.883362
59.903358
59.878399
59.895264
59.886749
59.896385
