59.346016
58.616287
58.613922
58.631454
58.673855
58.646530
58.620285
58.635937
58.618301
58.631004
58.617088
58.608513
58.636768
58.682755
58.608131
58.600418
58.638657
58.605728
58.654465
58.632706
58.648834
58.689949
58.617729
58.611969
58.585602
58.602814
58.618721
58.645027
58.620674
Control Period
58.614784
58.596928
58.695072
58.613693
58.650398
58.627007
58.589409
58.615265
Control Period
58.586754
58.624737
58.578270
58.653694
58.634178
58.631199
58.614399
58.636253
58.620064
Control Period
58.613953
58.626526
58.624031
58.615776
58.605118
58.607552
58.619362
58.603489
Control Period
58.604481
58.645279
58.613251
58.626846
58.619328
58.615265
58.603615
58.610237
58.636864
Control Period
58.631393
58.618179
58.575840
58.588512
58.639297
58.600227
58.609695
Control Period
58.639904
58.605824
58.621696
58.613922
58.590305
58.586082
58.625343
Control Period
58.600929
58.605858
58.590561
58.591682
58.615967
58.669762
58.603008
58.612610
Control Period
58.622047
58.609825
58.635712
58.602112
58.619614
58.645695
58.650749
58.595490
58.604351
Control Period
58.604675
58.611870
58.658974
58.651741
58.643646
58.680893
58.726974
58.622658
Control Period
58.631805
58.624001
58.635105
58.602688
58.625343
58.619232
58.670338
58.604095
Control Period
58.605789
58.646461
58.607422
58.627266
58.597054
58.629150
58.571075
58.658562
Control Period
58.604095
58.599136
58.588898
58.703201
58.606689
58.607296
58.605888
58.580639
Control Period
58.612030
58.624321
58.592545
58.644386
58.640991
58.616547
58.594975
Control Period
58.569569
58.613213
58.579647
58.592896
58.574402
58.672031
58.598110
58.614815
58.616383
Control Period
58.591805
58.618973
58.598721
58.650047
58.593887
58.610081
58.619522
58.624130
Control Period
58.605408
58.596642
58.609825
58.590721
58.616035
58.599586
58.722752
58.581474
Control Period
58.607841
58.576416
58.582817
58.593376
58.611069
58.583649
58.617249
58.735233
58.573185
Control Period
58.601822
58.621857
58.635456
58.597694
58.634018
58.587425
58.630177
58.595680
58.621216
Control Period
58.585983
58.590527
58.601822
58.642082
58.614273
58.585182
58.606976
58.617439
Control Period
58.623711
58.567581
58.580032
58.571072
58.704895
58.594944
58.586784
58.614304
Control Period
58.658497
58.625374
58.608894
58.598335
58.680450
58.634144
58.601471
58.612991
Control Period
58.598080
58.626015
58.602654
58.595421
58.607136
58.586079
58.617058
58.610146
58.635201
Control Period
58.602848
58.642754
58.625534
58.592094
58.579937
58.616383
58.608864
58.632767
Control Period
58.622849
58.578270
58.661346
58.609409
58.603745
58.603043
58.587425
58.715523
58.640575
58.613281
Control Period
58.632607
58.610817
58.618431
58.634720
58.610718
58.615360
58.585503
58.610752
58.614685
Control Period
58.623199
58.627201
58.614624
58.670845
58.611710
58.602718
58.618942
58.593437
Control Period
58.644318
58.635490
58.647423
58.651459
58.619904
58.608864
58.622433
58.608322
58.593407
Control Period
58.634018
58.616032
58.636574
58.724861
58.630272
58.610977
58.617695
58.604095
Control Period
58.617470
58.602242
58.619328
58.612930
58.780830
58.600929
58.589249
58.648800
Control Period
58.624767
58.675777
58.598526
58.626366
58.623901
58.704353
58.618271
58.603455
Control Period
58.596481
58.628670
58.644897
58.613472
58.599266
58.606049
58.680576
58.610115
58.640320
Control Period
58.609795
58.634430
58.629761
58.610527
58.598206
58.580002
58.703934
58.576706
Control Period
58.623775
58.611073
58.618782
58.631680
58.634621
58.622719
58.658497
58.736736
58.622910
Control Period
58.625534
58.623169
58.646942
58.591103
58.614975
58.616863
58.611553
58.736641
Control Period
58.604385
58.614403
58.626080
58.614464
58.654114
58.620289
58.593952
58.619774
Control Period
58.631073
58.628544
58.603043
58.604446
58.661247
58.626816
58.614594
58.629280
Control Period
58.615360
58.651169
58.616192
58.616673
58.629761
58.701439
58.635902
58.625053
58.609154
Control Period
58.619617
58.613503
58.632992
58.619583
58.627838
58.691711
58.625603
58.634621
Control Period
58.633438
58.614944
58.612991
58.622463
58.617790
58.623425
58.641762
58.626015
58.622749
58.597603
Control Period
58.651489
58.595650
58.638718
58.618401
58.652481
58.590305
58.625694
58.643166
Control Period
58.620064
58.623360
58.623199
58.610207
58.607777
58.647171
58.602722
58.648163
Control Period
58.597885
58.607296
58.605537
58.636673
58.619522
58.619232
58.631554
58.614365
58.635742
Control Period
58.606720
58.611458
58.626305
58.714111
58.637444
58.611549
58.624352
58.619934
Control Period
58.641472
58.603874
58.620094
58.614082
58.718208
58.620766
58.645790
58.636864
58.599968
Control Period
58.649918
58.637920
58.640991
58.622944
58.660641
58.652351
58.617569
58.602242
Control Period
58.622398
58.639679
58.643326
58.612415
58.618370
58.633278
58.625343
58.609695
58.624767
Control Period
58.619713
58.695263
58.619743
58.602722
58.612450
58.620384
58.625854
Control Period
58.599037
58.602814
58.682594
58.607807
58.606110
58.635712
58.630337
58.640831
58.612160
Control Period
58.632671
58.627007
58.636803
58.606461
58.621086
58.616863
58.615677
58.644001
Control Period
58.603554
58.632992
58.611008
58.732414
58.635967
58.628384
58.614082
58.603745
58.619682
Control Period
58.593636
58.593567
58.618431
58.711040
58.606815
58.617409
58.622337
58.645439
Control Period
58.619007
58.659874
58.586174
58.616287
58.689026
58.594975
58.624256
58.600449
Control Period
58.591488
58.610432
58.610146
58.619553
58.625793
58.756638
58.663456
58.602943
58.630367
Control Period
58.597122
58.637474
58.615715
58.627296
58.625824
58.582432
58.620289
58.591873
Control Period
58.616608
58.570911
58.633823
58.588898
58.647232
58.606655
58.721249
58.590050
58.597473
Control Period
58.610207
58.603008
58.587875
58.582848
58.586845
58.580513
58.730301
58.569984
Control Period
58.603615
58.580643
58.636703
58.612862
58.587677
58.610622
58.608513
58.679840
58.599838
Control Period
58.611713
58.580643
58.613152
58.627392
58.621315
58.589855
58.587997
58.672352
Control Period
58.625854
58.582718
58.599487
58.598686
58.612350
58.601921
58.603394
58.601727
Control Period
58.688606
58.596451
58.587265
58.608448
58.606976
58.608448
58.600189
58.613182
58.595551
Control Period
58.679550
58.599808
58.599392
58.615906
58.602432
58.607456
58.592354
58.597282
Control Period
58.619614
58.609791
58.602657
58.612610
58.613663
58.685760
58.623871
58.577438
Control Period
58.581917
58.625984
58.626080
58.612896
58.616928
58.617985
58.622719
58.595329
Control Period
58.609280
58.598045
58.594048
58.596962
58.601631
58.592735
58.612736
58.691231
58.594559
Control Period
58.598625
58.621407
58.673790
58.573090
58.593666
58.623650
58.585247
58.694115
Control Period
58.583870
58.598717
58.605888
58.616478
58.619999
58.605087
58.584896
58.608032
58.707199
Control Period
58.609314
58.585793
58.595230
58.586845
58.615074
58.635651
58.580643
58.593121
Control Period
58.685280
58.609474
58.614243
58.591103
58.588512
58.604866
58.610077
58.594975
58.596161
Control Period
58.677185
58.622589
58.605507
58.604126
58.617599
58.588226
58.627037
58.633118
Control Period
58.587776
58.658051
58.611107
58.598656
58.580864
58.565216
58.605377
58.614685
Control Period
58.596382
58.625633
58.598145
58.661507
58.605343
58.637024
58.608383
58.607521
58.629822
58.618141
Control Period
58.609055
58.611198
58.667068
58.602177
58.625759
58.577759
58.608513
58.587391
Control Period
58.613922
58.610241
58.569954
58.625248
58.588707
58.608162
58.605537
58.587326
58.610046
Control Period
58.606590
58.602783
58.616833
58.630562
58.601601
58.597408
58.612831
58.602432
Control Period
58.610176
58.612991
58.626945
58.601536
58.592800
58.594589
58.618881
Control Period
58.731842
58.609375
58.601761
58.588898
58.625473
58.585342
58.610847
58.591297
Control Period
58.633472
58.626114
58.583427
58.559361
58.601280
58.640896
58.619171
58.609730
58.585281
Control Period
58.578339
58.619774
58.623840
58.608097
58.596291
58.607391
58.622307
58.596863
Control Period
58.613182
58.627838
58.654305
58.599358
58.582912
58.610527
58.590111
58.606144
58.594433
Control Period
58.586845
58.637283
58.709122
58.581535
58.582497
58.634659
58.624161
58.611549
Control Period
58.605728
58.613888
58.617695
58.692383
58.607456
58.623680
58.606621
58.633568
58.617630
Control Period
58.595936
58.595585
58.597088
58.671745
58.594910
58.591263
58.615391
58.591072
Control Period
58.638237
58.617825
58.600895
58.649281
58.662209
58.600609
58.585983
58.582977
58.585567
Control Period
58.616959
58.606941
58.611904
58.623905
58.599106
58.600479
58.613342
58.601761
58.585567
Control Period
58.590176
58.608288
58.609444
58.622528
58.606880
58.594433
58.619362
58.605118
58.573502
Control Period
58.581055
58.704800
58.634689
58.604862
58.624287
58.575104
58.627907
58.597439
Control Period
58.612350
58.575264
58.598175
58.604706
58.643135
58.562111
58.558399
58.584320
Control Period
58.598721
58.588833
58.585762
58.601185
58.583904
58.584545
58.606369
58.569599
58.625534
Control Period
58.613533
58.603649
58.619137
58.570496
58.631905
58.606911
58.614403
58.625088
58.617504
Control Period
58.608963
58.594463
58.613728
58.699009
58.611458
58.602753
58.571678
58.609825
58.594818
Control Period
58.599426
58.604897
58.589504
58.601311
58.604767
58.576355
58.610878
58.598080
Control Period
58.719261
58.595840
58.582207
58.601730
58.592575
58.615997
58.593346
58.604801
Control Period
58.598625
58.663651
58.597794
58.577248
58.608768
58.624382
58.593857
58.623070
58.623585
Control Period
58.578979
58.688416
58.623779
58.591232
58.614243
58.613251
58.594368
58.614113
Control Period
58.612160
58.617218
58.606178
58.688065
58.600864
58.586273
58.625694
58.614113
58.582752
Control Period
58.600098
58.611328
58.613441
58.685089
58.618782
58.602848
58.596767
58.674271
Control Period
58.629951
58.607327
58.610786
58.611107
58.626560
58.623871
58.613632
58.606110
58.725567
Control Period
58.634621
58.611488
58.579296
58.605408
58.620415
58.634434
58.607201
58.620224
58.585442
Control Period
58.672066
58.619102
58.627937
58.591843
58.612225
58.618622
58.617569
58.569183
58.611679
Control Period
58.649086
58.615265
58.632355
58.612385
58.603745
58.631554
58.586754
58.608032
Control Period
58.614048
58.646210
58.619007
58.598625
58.607647
58.600193
58.611618
58.621185
Control Period
58.638306
58.634911
58.676323
58.605278
58.695007
58.599648
58.608704
58.626877
58.606270
Control Period
58.625343
58.623390
58.684864
58.600353
58.625854
58.608574
58.630657
58.613922
Control Period
58.611584
58.593987
58.609600
58.644318
58.616768
58.596928
58.607296
58.594910
58.587040
Control Period
58.601696
58.611519
58.627903
58.653503
58.605537
58.604992
58.601791
58.628960
Control Period
58.615105
58.605568
58.569759
58.633118
58.642845
58.588448
58.609123
58.639584
58.628609
Control Period
58.600704
58.602177
58.618462
58.601856
58.678017
58.613697
58.591263
58.588867
Control Period
58.609665
58.596832
58.613216
58.605824
58.614655
58.667679
58.627968
58.604866
Control Period
58.604321
58.597374
58.632000
58.610176
58.615200
58.611679
58.674049
58.612064
58.615486
58.648670
Control Period
58.607456
58.697601
58.598717
58.626431
58.624767
58.621277
58.607040
58.627392
Control Period
58.602848
58.621185
58.724510
58.612831
58.602177
58.629921
58.614273
58.623264
Control Period
58.624382
58.616707
58.620609
58.685535
58.606815
58.592064
58.612671
58.618210
58.630974
Control Period
58.616383
58.641823
58.620895
58.704063
58.612801
58.621986
58.606270
58.680416
Control Period
58.605598
58.642082
58.615681
58.634785
58.601089
58.613537
58.612896
58.625759
Control Period
58.477280
58.472481
58.500607
58.495171
58.483009
58.476830
58.495808
58.463806
58.488701
58.480480
58.504158
58.470207
58.501663
58.468575
58.495262
58.463486
58.492287
58.488319
58.493187
59.360542
