160
159.188
159.032
158.9
158.786
158.683
158.59
158.508
158.433
158.364
158.301
158.244
158.196
158.143
158.093
158.047
158.003
157.96
157.92
157.882
157.843
157.806
157.772
157.738
157.707
157.677
157.646
157.62
157.592
157.565
157.539
157.516
157.493
157.467
157.444
157.423
157.402
157.381
157.358
157.337
157.317
157.296
157.277
157.257
157.235
157.217
157.199
157.182
157.163
157.144
157.126
157.109
157.095
157.082
157.068
157.052
157.039
157.021
157.005
156.994
156.981
156.969
156.956
156.945
156.935
156.925
156.915
156.908
156.9
156.894
156.886
156.876
156.868
156.861
156.854
156.841
156.834
156.827
156.818
156.813
156.802
156.792
156.786
156.781
156.776
156.77
156.765
156.753
156.741
156.729
156.718
156.71
156.705
156.701
156.699
156.694
156.689
156.686
156.682
156.673
156.666
156.661
156.658
156.654
156.653
156.649
156.647
156.643
156.64
156.633
156.627
156.625
156.621
156.618
156.617
