0.708205
0.739798
0.741281
0.742382
0.743307
0.743995
0.74501
0.745432
0.745883
0.746459
0.746767
0.747152
0.747221
0.747584
0.747801
0.748083
0.748218
0.748497
0.748643
0.748692
0.748902
0.748879
0.74907
0.749194
0.749357
0.749265
0.749579
0.74958
0.74961
0.749628
0.749768
0.749834
0.749771
0.749972
0.749825
0.749947
0.749906
0.749981
0.750039
0.750063
0.750033
0.750145
0.750176
0.75007
0.750145
0.750408
0.750368
0.750128
0.750193
0.750204
0.750244
0.750452
0.750394
0.750451
0.750277
0.750513
0.750204
0.750196
0.750403
0.750191
0.750381
0.750366
0.750427
0.750311
0.750493
0.750352
0.750411
0.750399
0.750442
0.75034
0.750243
0.750455
0.750404
0.75029
0.750034
0.750439
0.750304
0.750337
0.750388
0.750295
0.750179
0.750427
0.750385
0.750323
0.750373
0.75039
0.750075
0.750108
0.750094
0.750078
0.7503
0.750636
0.750475
0.750655
0.75038
0.750382
0.750556
0.750417
0.750126
0.750308
0.750176
0.750384
0.750336
0.750305
0.75022
0.750383
0.750376
0.750378
0.750221
0.750145
0.750339
0.750214
0.750333
0.750408
0.750182
