57.976
59.8942
59.9122
59.9244
59.9096
59.9077
59.9029
59.9083
59.9099
59.8936
59.9006
59.922
59.8903
59.8964
59.8977
59.8966
59.8866
59.8959
59.8852
59.8864
59.882
59.8907
59.8796
59.8875
59.8833
59.8773
59.8938
59.8874
59.8841
59.8866
59.9023
59.8881
59.8751
59.8868
59.8945
59.9034
59.8965
59.881
59.8877
59.8884
59.884
59.8945
59.8869
59.8729
59.9045
59.886
59.8836
59.8919
59.8771
59.884
59.8811
59.8955
59.892
59.8898
59.8784
59.8875
59.8718
59.8754
59.8988
59.8888
59.8919
59.8869
59.8883
59.8995
59.8981
59.8932
59.9152
59.9032
59.9196
59.9102
59.89
59.8995
59.909
59.9122
59.8999
59.8991
59.9115
59.901
59.918
59.8849
59.9011
59.9108
59.9112
59.9063
59.9058
59.9122
59.8885
59.8819
59.8762
59.8796
59.8839
59.8855
59.8921
59.9001
59.8979
59.8921
59.9048
59.8996
59.8819
59.8814
59.9
59.9083
59.8973
59.9206
59.9063
59.9028
59.899
59.9031
59.892
59.892
59.9069
59.888
59.9036
59.9025
59.9034
