5684.65
5924.91
5943.44
5922.38
5950.53
5958
5941
5931.09
5933.5
5919.19
5893.31
5977.91
5928.7
5942.28
5941.03
5941
5877.28
5926.16
5938.5
5936.06
5933.59
5979.88
5941
5936
5932.35
5932.34
6019.09
5969
6057.09
5911.91
5967.91
5926
5952.09
5887.22
5928.53
5987.91
5906.59
5985.19
5842.23
5907.88
5943.53
5931.12
5938.44
5923
5949.66
5904.19
5858.03
5931.15
5824.41
5931.13
5962.91
5986.47
5859.56
5938.59
5916.84
5901.45
5942.25
5933.53
5931.09
5936.19
6000.03
5878.81
5961.69
5909.38
5960.44
5940.67
5932.35
5934.73
5939.72
5934.88
5934.78
5937.22
5921.47
5948.41
5904.53
5861.41
5889.38
6053.78
5924.62
5963.75
5941.23
5929.94
5935.94
5893.39
5923.66
5944.91
5978.97
5941.03
5907.22
5928.62
5812.59
5926.19
5936.23
6076.94
5925.81
5945.97
5928.62
5971.53
5944.78
5892.34
5986.21
5949.66
5886.25
5957.88
5937.28
5882.53
5889.91
5862.38
5932.31
5944.66
5852.47
6012.38
5932.34
5879.38
5917.44
