56.6564
58.5804
58.5903
58.5893
58.5884
58.5786
58.6023
58.5896
58.5844
58.5938
58.5871
58.5907
58.5759
58.5807
58.5777
58.5821
58.5771
58.5836
58.5826
58.5751
58.5796
58.5677
58.5732
58.5739
58.5797
58.5662
58.5833
58.5799
58.5772
58.5739
58.5802
58.5833
58.5755
58.5863
58.5725
58.5794
58.5745
58.578
58.579
58.5785
58.574
58.5797
58.5805
58.5702
58.572
58.5913
58.5878
58.5684
58.571
58.569
58.5701
58.5842
58.5807
58.5858
58.5727
58.5891
58.5657
58.5618
58.5754
58.5599
58.5736
58.5727
58.577
58.5683
58.583
58.5734
58.5783
58.58
58.5848
58.5797
58.5733
58.589
58.5861
58.5786
58.5594
58.5879
58.5784
58.5817
58.5855
58.5804
58.5694
58.5872
58.5856
58.5825
58.5874
58.5895
58.5664
58.5656
58.5606
58.5556
58.5694
58.5951
58.5845
58.6005
58.5827
58.5842
58.5985
58.5907
58.5694
58.581
58.5698
58.5856
58.5842
58.5825
58.5786
58.5918
58.5931
58.5943
58.5833
58.5764
58.5901
58.582
58.591
58.5982
58.5827
