113.437
117.34
117.341
117.32
117.35
117.325
117.322
117.331
117.328
117.369
117.332
117.354
117.326
117.313
117.339
117.341
117.341
117.333
117.333
117.35
117.343
117.327
117.329
117.318
117.321
117.333
117.351
117.336
117.312
117.335
117.347
117.345
117.315
117.335
117.329
117.318
117.327
117.343
117.342
117.334
117.335
117.342
117.326
117.309
117.33
117.304
117.313
117.307
117.309
117.362
117.342
117.334
117.326
117.32
117.307
117.302
117.31
117.334
117.316
117.325
117.317
117.324
117.317
117.299
117.31
117.305
117.325
117.334
117.322
117.335
117.33
117.337
117.336
117.334
117.323
117.319
117.345
117.35
117.331
117.327
117.324
117.316
117.338
117.334
117.32
117.324
117.347
117.334
117.333
117.308
117.317
117.315
117.324
117.307
117.334
117.334
117.318
117.319
117.335
117.317
117.342
117.336
117.332
117.323
117.338
117.322
117.33
117.318
117.32
117.334
117.316
117.299
117.302
117.332
117.335
