57.9831
59.8982
59.9017
59.891
59.9027
59.8994
59.8884
59.8921
59.8976
59.9098
59.8905
59.9068
59.8961
59.8807
59.8962
59.8869
59.8964
59.9001
59.892
59.9024
59.8983
59.8861
59.897
59.8838
59.8904
59.8891
59.8923
59.8925
59.8754
59.906
59.899
59.8928
59.8921
59.8945
59.8937
59.8774
59.8903
59.9083
59.8987
59.8946
59.898
59.9101
59.8918
59.8909
59.8921
59.8712
59.8844
59.8792
59.8831
59.9107
59.9063
59.8914
59.8991
59.8853
59.8784
59.8812
59.883
59.8856
59.9017
59.8987
59.8951
59.8882
59.8757
59.8786
59.8901
59.8781
59.8926
59.8981
59.8959
59.8969
59.8913
59.8925
59.9029
59.892
59.887
59.8979
59.9
59.9047
59.8973
59.8929
59.8885
59.8837
59.8921
59.8882
59.8893
59.8967
59.8985
59.8944
59.8929
59.8769
59.8842
59.8756
59.8966
59.8813
59.8985
59.8898
59.8879
59.8828
59.8915
59.8924
59.8883
59.8947
59.8937
59.8943
59.8987
59.8812
59.8905
59.8772
59.891
59.889
59.884
59.8646
59.8812
59.8982
59.8963
