0.708983
0.73206
0.728559
0.725494
0.72323
0.720992
0.719214
0.717768
0.71646
0.71559
0.714374
0.71367
0.712749
0.71203
0.711624
0.711124
0.710665
0.710204
0.709828
0.709593
0.70924
0.70885
0.708608
0.708296
0.708095
0.70796
0.707863
0.707574
0.707248
0.707228
0.707123
0.706946
0.706608
0.706589
0.706404
0.706201
0.706135
0.706104
0.705959
0.705787
0.705674
0.705597
0.705381
0.705174
0.705205
0.704947
0.70491
0.704782
0.704701
0.704932
0.704695
0.704548
0.704407
0.704278
0.704123
0.704019
0.703997
0.704065
0.703876
0.703849
0.703723
0.703692
0.703576
0.703403
0.703408
0.703308
0.70337
0.703352
0.703204
0.703219
0.70312
0.703103
0.703025
0.70295
0.702819
0.702746
0.702846
0.702813
0.702633
0.702553
0.702488
0.70239
0.702485
0.702413
0.702283
0.702265
0.702355
0.702234
0.702178
0.701991
0.702012
0.701967
0.701992
0.701845
0.701976
0.701934
0.701797
0.701771
0.701831
0.701677
0.701793
0.701716
0.701654
0.701563
0.701628
0.701498
0.701519
0.701419
0.701409
0.701466
0.701329
0.701204
0.701216
0.701374
0.701357
