0.724789
0.745454
0.737925
0.731588
0.726654
0.722383
0.718747
0.715877
0.713497
0.711571
0.709565
0.708293
0.706907
0.70568
0.704995
0.704119
0.703577
0.703062
0.702488
0.702199
0.701794
0.701344
0.701223
0.700844
0.70075
0.700568
0.700459
0.700323
0.700013
0.700301
0.700106
0.699944
0.699863
0.699841
0.699769
0.699533
0.699666
0.699847
0.699677
0.69959
0.69961
0.699719
0.699468
0.699449
0.699464
0.699204
0.69938
0.699316
0.699366
0.699686
0.699587
0.699383
0.69946
0.699292
0.699218
0.699269
0.699308
0.699348
0.699529
0.699484
0.69943
0.699349
0.699203
0.699251
0.699406
0.699264
0.699447
0.699504
0.699463
0.69947
0.699393
0.699412
0.699521
0.699378
0.699319
0.699458
0.699486
0.69953
0.699414
0.699367
0.699323
0.699279
0.699402
0.699365
0.699386
0.699484
0.699512
0.699463
0.699447
0.699271
0.699385
0.699303
0.699576
0.699393
0.699616
0.699506
0.699481
0.699434
0.699546
0.699547
0.699502
0.699575
0.699556
0.699561
0.69962
0.699414
0.699544
0.699396
0.699589
0.699562
0.699512
0.699305
0.699543
0.699761
0.699718
