-194.288
-474.344
-444.656
-431.125
-429.906
-496.677
-454.594
-435.97
-434.781
-449.344
-472.531
-508.375
-419.969
-445.969
-438.562
-434.844
-444.656
-428.625
-448.406
-564.188
-371.781
-411.625
-441.344
-421.5
-354.656
-500.875
-459.562
-434.812
-437.25
-443.219
-320.871
-403.219
-474.625
-417.844
-443.151
-354.125
-449.594
-329.531
-352.875
-375.344
-372.344
-437.281
-446.188
-355.406
-378.606
-486.438
-398.281
-475
-443.5
-404.406
-363
-432.375
-390.594
-439.719
-438.531
-445.938
-434.844
-450.906
-497.438
-407.812
-469.062
-385.969
-436.125
-486.094
-452.697
-521.594
-487.375
-441
-441.323
-443.5
-529.031
-444.656
-450.938
-434.812
-449.688
-492.25
-412.781
-447.677
-490.531
-487.281
-519.5
-444.75
-448.406
-440.969
-491.031
-405.719
-474.594
-423.719
-416.719
-518.562
-454.5
-452.125
-442.281
-455.781
-444.625
-453.25
-415.531
-429.879
-453.406
-494.688
-455.781
-459.5
-453.875
-511.344
-489.25
-454.562
-357.182
-469.312
-525
-475.625
-451.548
-458.344
-483.969
-485.188
-455.061
