56.6598
58.5788
58.5933
58.5769
58.586
58.581
58.58
58.5775
58.5943
58.6054
58.5991
58.5915
58.5875
58.5803
58.5913
58.6052
58.5879
58.5888
58.601
58.5821
58.5929
58.5927
58.5884
58.5786
58.5947
58.5908
58.5963
58.5861
58.5809
58.6037
58.5956
58.5941
58.5873
58.6037
58.5945
58.5829
58.5819
58.5937
58.5944
58.5769
58.5946
58.586
58.5843
58.5749
58.5905
58.5766
58.586
58.5844
58.585
58.5939
58.5909
58.5947
58.5823
58.5833
58.5823
58.5743
58.5769
58.5865
58.5787
58.5819
58.5777
58.5838
58.5827
58.5754
58.5826
58.5813
58.5817
58.5823
58.5808
58.585
58.5719
58.5967
58.5892
58.5887
58.5823
58.5795
58.5883
58.6125
58.5876
58.5905
58.5912
58.5789
58.5795
58.586
58.5854
58.5758
58.5761
58.5871
58.5736
58.5823
58.5739
58.5728
58.5832
58.5718
58.5803
58.5882
58.5736
58.5849
58.5946
58.5873
58.5878
58.5948
58.5923
58.581
58.5811
58.5806
58.5815
58.5676
58.5964
58.5752
58.573
58.5692
58.5687
58.5938
58.599
