117.789124
117.297600
117.279678
117.252129
117.301346
117.288956
117.287682
117.302307
117.303741
117.311493
117.286942
117.289055
117.299515
117.303169
117.305252
117.299583
117.294586
117.299805
117.272034
117.265663
117.291428
117.273247
117.288574
117.301895
117.271042
117.313828
117.295837
117.279556
117.268707
Control Period
117.237595
117.264221
117.260544
117.268677
117.309509
117.298813
117.289337
117.281693
Control Period
117.275871
117.276764
117.300476
117.297279
117.302849
117.281052
117.298462
117.278366
117.303680
Control Period
117.294754
117.282211
117.301788
117.318588
117.300385
117.322372
117.335297
117.315170
Control Period
117.309052
117.324036
117.350494
117.337952
117.340164
117.317154
117.354980
117.316223
117.300262
Control Period
117.325951
117.291359
117.322464
117.310364
117.297981
117.322464
117.334015
117.322624
117.308029
Control Period
117.309280
117.308098
117.305893
117.291931
117.302658
117.317535
117.308609
117.322983
Control Period
117.337402
117.307007
117.322174
117.279556
117.297287
117.317337
117.342438
117.335266
117.293091
117.306175
Control Period
117.320702
117.320709
117.299103
117.318718
117.344284
117.361282
117.332352
117.343933
Control Period
117.329056
117.308800
117.321182
117.332382
117.321251
117.327774
117.333054
117.299553
117.339172
Control Period
117.334816
117.308578
117.302078
117.304253
117.286148
117.307999
117.280159
117.280960
Control Period
117.279457
117.282883
117.273346
117.291321
117.307037
117.293503
117.294464
117.274597
117.287682
Control Period
117.260452
117.306145
117.289726
117.308517
117.289413
117.282684
117.296188
117.274879
Control Period
117.300507
117.296257
117.276611
117.244995
117.305855
117.301178
117.306366
117.302139
117.307747
Control Period
117.317764
117.297920
117.301956
117.334015
117.291550
117.300476
117.300575
117.304413
Control Period
117.296219
117.323135
117.310684
117.296227
117.302719
117.298492
117.322662
117.298431
117.328224
Control Period
117.311043
117.311775
117.302109
117.317757
117.280518
117.288315
117.293793
117.283295
Control Period
117.302917
117.305283
117.309799
117.299011
117.345413
117.312126
117.303101
117.307968
117.288605
Control Period
117.296577
117.267937
117.299713
117.271233
117.258820
117.261215
117.290787
117.281342
Control Period
117.258850
117.265953
117.288605
117.313828
117.281479
117.305153
117.291519
117.283234
117.289444
Control Period
117.316605
117.299683
117.296158
117.287003
117.263458
117.274948
117.274399
117.264191
Control Period
117.252579
117.265442
117.262405
117.265884
117.238022
117.285118
117.253662
117.278877
117.264801
Control Period
117.240891
117.270782
117.279068
117.258820
117.262718
117.256668
117.230118
117.248734
Control Period
117.244034
117.264069
117.277504
117.254654
117.256638
117.292831
117.277695
117.276611
Control Period
117.338882
117.327362
117.310402
117.305504
117.299515
117.287682
117.282242
117.304703
Control Period
117.287331
117.249405
117.233536
117.274139
117.297882
117.284134
117.294273
117.307236
Control Period
117.303200
117.291580
117.274338
117.293503
117.296158
117.293854
117.313828
117.308929
117.311584
Control Period
117.268219
117.286209
117.303421
117.297531
117.310272
117.283646
117.288925
117.308380
Control Period
117.300034
117.317665
117.312317
117.310715
117.323936
117.290688
117.322685
117.317406
117.309021
Control Period
117.298691
117.326691
117.341438
117.326431
117.330177
117.305084
117.319778
117.302238
Control Period
117.334785
117.319489
117.336548
117.334534
117.321312
117.349632
117.331871
117.340515
117.335266
Control Period
117.319870
117.335938
117.353630
117.312286
117.298721
117.323486
117.299271
117.323196
Control Period
117.304321
117.319519
117.330139
117.317825
117.288422
117.323715
117.283936
117.282364
Control Period
117.292831
117.273918
117.322685
117.307877
117.285858
117.270691
117.307388
117.327873
117.334045
Control Period
117.306717
117.319008
117.320923
117.294334
117.311066
117.314911
117.273407
117.300262
117.274460
Control Period
117.285728
117.295135
117.315712
117.350304
117.323456
117.287460
117.289886
117.300766
Control Period
117.312798
117.286621
117.327583
117.318657
117.365219
117.341278
117.324226
117.343201
117.338913
Control Period
117.367264
117.336258
117.348389
117.321281
117.335129
117.317154
117.311646
117.302948
Control Period
117.266464
117.309570
117.309860
117.311394
117.317795
117.310783
117.334435
117.296867
117.280640
Control Period
117.332031
117.291679
117.332352
117.337982
117.319717
117.312988
117.303520
117.295166
Control Period
117.322594
117.283875
117.320602
117.314110
117.309540
117.330078
117.320129
117.324707
117.317245
Control Period
117.294144
117.309341
117.297821
117.314468
117.315521
117.321281
117.323105
117.283966
Control Period
117.278465
117.270943
117.285980
117.293922
117.330978
117.309601
117.269852
117.290909
Control Period
117.316101
117.312286
117.292099
117.296066
117.313889
117.290306
117.351776
117.327133
117.316895
Control Period
117.326141
117.287109
117.278595
117.343391
117.327103
117.321701
117.334465
117.287903
Control Period
117.299583
117.270531
117.271484
117.271423
117.289375
117.283875
117.302277
117.292419
117.330170
Control Period
117.324226
117.309441
117.281250
117.293762
117.321091
117.286331
117.308739
117.299484
Control Period
117.285980
117.309441
117.300514
117.268417
117.305183
117.316513
117.330627
117.316101
Control Period
117.314751
117.323425
117.328865
117.297920
117.302078
117.298813
117.307938
117.319427
Control Period
117.295135
117.312607
117.316925
117.302628
117.332161
117.302658
117.312096
117.316803
117.308380
Control Period
117.333183
117.329788
117.343323
117.329819
117.340385
117.332550
117.289505
117.287712
Control Period
117.316513
117.329506
117.292862
117.326843
117.329918
117.345596
117.296890
117.318466
117.340668
Control Period
117.358307
117.349503
117.343323
117.341629
117.342720
117.326523
117.324158
117.315170
Control Period
117.330368
117.364639
117.390457
117.370560
117.364609
117.350723
117.328064
117.343071
117.309792
Control Period
117.329216
117.342468
117.328094
117.342468
117.362366
117.374115
117.351395
117.360802
Control Period
117.389473
117.342529
117.334274
117.324356
117.343361
117.328735
117.341888
117.358017
117.340546
Control Period
117.323586
117.324127
117.328003
117.334816
117.353317
117.333755
117.356194
117.335709
Control Period
117.344383
117.332092
117.332512
117.353027
117.311813
117.330688
117.313049
117.323929
117.285347
Control Period
117.268669
117.273506
117.294586
117.292450
117.287430
117.286499
117.307037
117.323547
Control Period
117.299934
117.298630
117.322144
117.296997
117.325569
117.282242
117.273727
117.307709
Control Period
117.303810
117.291901
117.302368
117.291809
117.291389
117.297287
117.302460
117.296036
Control Period
117.320068
117.304161
117.299133
117.316704
117.320770
117.313408
117.281059
117.303589
117.266724
Control Period
117.286972
117.292351
117.309021
117.297920
117.298019
117.300766
117.309891
117.315140
Control Period
117.332321
117.299332
117.303650
117.280861
117.281372
117.276794
117.305695
117.288773
117.307770
Control Period
117.306847
117.313766
117.288864
117.301346
117.316025
117.329025
117.304474
117.304764
Control Period
117.287750
117.321411
117.302078
117.298019
117.322495
117.310684
117.304993
117.338623
117.325119
Control Period
117.319969
117.324997
117.302811
117.318268
117.324387
117.279068
117.259521
117.270691
117.282944
Control Period
117.292450
117.287842
117.303329
117.282593
117.287071
117.296249
117.314430
117.303009
117.292450
Control Period
117.304581
117.274307
117.266945
117.275841
117.256836
117.281471
117.275589
117.259140
Control Period
117.264801
117.283295
117.284515
117.266304
117.268738
117.276932
117.281120
117.282532
Control Period
117.278244
117.283554
117.275452
117.276512
117.291748
117.303909
117.294693
117.282364
Control Period
117.285439
117.276001
117.298813
117.292862
117.258560
117.294655
117.287010
117.305283
117.314621
Control Period
117.288895
117.285980
117.300735
117.337601
117.286118
117.322845
117.292130
117.294434
117.299164
Control Period
117.306816
117.298492
117.255707
117.283394
117.283676
117.270721
117.263962
117.278336
117.282974
Control Period
117.245636
117.311295
117.302139
117.283356
117.270813
117.288635
117.274498
117.292862
Control Period
117.260483
117.245316
117.265823
117.295135
117.274498
117.287292
117.261726
117.265244
117.278496
Control Period
117.304901
117.296036
117.268066
117.259613
117.267776
117.280838
117.275711
117.278503
117.307907
Control Period
117.306015
117.289215
117.287041
117.296738
117.299614
117.279457
117.303711
117.299942
117.316765
Control Period
117.284096
117.295135
117.316544
117.307327
117.292480
117.304932
117.311996
117.287613
Control Period
117.251236
117.275391
117.288315
117.322876
117.262558
117.295326
117.300858
117.274109
117.271873
Control Period
117.301376
117.306625
117.320351
117.320221
117.300995
117.308510
117.314339
117.297379
117.312668
Control Period
117.320068
117.301315
117.346909
117.346687
117.330429
117.306015
117.296295
117.296188
117.323647
Control Period
117.329475
117.300766
117.314621
117.306625
117.320221
117.321121
117.328125
117.326561
117.344131
Control Period
117.329216
117.308228
117.300797
117.309052
117.353539
117.330368
117.333214
117.314301
Control Period
117.335999
117.338654
117.338531
117.319077
117.321701
117.316315
117.342911
117.346588
117.310043
Control Period
117.310013
117.318909
117.342751
117.328293
117.294914
117.278915
117.318367
117.322784
Control Period
117.332001
117.305954
117.344162
117.379364
117.345184
117.338943
117.389755
117.343071
117.354309
Control Period
117.370560
117.319901
117.324959
117.294083
117.326050
117.327011
117.312866
117.302719
Control Period
117.294235
117.303619
117.299393
117.297760
117.348320
117.285507
117.311234
117.310944
117.333023
Control Period
117.315742
117.325348
117.309219
117.297348
117.291229
117.309341
117.306656
117.309441
Control Period
117.300896
117.296860
117.338211
117.312706
117.325760
117.366753
117.323746
117.341408
Control Period
117.310143
117.327232
117.311676
117.281250
117.331299
117.309280
117.314789
117.333511
117.328796
Control Period
117.292191
117.310562
117.302589
117.320160
117.314590
117.322021
117.332901
117.316422
117.318306
Control Period
117.301468
117.314590
117.339523
117.335617
117.338181
117.334145
117.367645
117.362427
Control Period
117.344894
117.364799
117.365051
117.376831
117.344162
117.328125
117.349884
117.375641
Control Period
117.335556
117.324608
117.337830
117.362144
117.354202
117.368446
117.348740
117.338364
117.315712
Control Period
117.320610
117.325089
117.360550
117.341797
117.332451
117.327911
117.315964
117.296127
Control Period
117.286011
117.314819
117.302307
117.314178
117.325470
117.299614
117.325760
117.316666
117.351875
Control Period
117.319069
117.348610
117.300224
117.335327
117.336288
117.316483
117.322052
117.319901
Control Period
117.309120
117.326401
117.312317
117.285439
117.317703
117.328514
117.339996
117.352257
Control Period
117.337341
117.360474
117.350365
117.335617
117.299202
117.338852
117.337311
117.332413
Control Period
117.355011
117.367676
117.366913
117.385246
117.369598
117.336197
117.357086
117.340096
117.351425
Control Period
117.351677
117.325348
117.359299
117.360611
117.338684
117.351013
117.352066
117.304581
Control Period
117.311874
117.328354
117.316422
117.346367
117.360001
117.361343
117.350845
117.364609
117.346725
Control Period
117.361473
117.351715
117.353279
117.354630
117.342590
117.358688
117.330208
117.344543
Control Period
117.379684
117.356827
117.317795
117.327942
117.366364
117.350624
117.356094
117.319489
Control Period
117.362114
117.350662
117.374619
117.390656
117.354050
117.366425
117.379616
117.332260
117.377701
117.359520
Control Period
117.365280
117.372162
117.364738
117.351486
117.344833
117.340485
117.346336
117.351654
Control Period
117.363808
117.350113
117.366150
117.372864
117.368195
117.356514
117.389153
117.376450
117.359840
Control Period
117.337051
117.371712
117.337982
117.321060
117.296799
117.334396
117.347076
117.314560
Control Period
117.356094
117.367706
117.372635
117.367424
117.334114
117.353378
117.360413
117.382591
117.376961
Control Period
117.346725
117.318237
117.354980
117.341309
117.370880
117.367203
117.385857
117.335648
Control Period
117.345024
117.349281
117.330627
117.318207
117.308960
117.328705
117.333725
117.322906
Control Period
117.319611
117.357216
117.308548
117.336960
117.362915
117.336899
117.336258
117.378815
117.361183
Control Period
117.322586
117.328384
117.324097
117.350754
117.373093
117.348030
117.331650
117.332260
Control Period
117.333694
117.312866
117.334816
117.316544
117.342079
117.320251
117.334183
117.343361
117.330490
117.300575
117.301086
117.294205
117.302017
117.321091
117.332825
117.340446
117.306076
117.293312
117.306816
117.318909
117.293251
117.316635
