59.315392
58.573570
58.548477
58.577312
58.653984
58.556381
58.575584
58.605377
58.608383
58.619999
58.562111
58.570080
58.581024
58.592289
58.587040
58.568096
58.615234
58.575043
58.640255
58.549538
58.568321
58.608704
58.585632
58.551201
58.566658
58.572800
58.662369
58.625057
58.576607
Control Period
58.600063
58.566208
58.589310
58.572418
58.598686
58.583519
58.555424
58.564514
Control Period
58.546753
58.558048
58.601761
58.654560
58.577377
58.647682
58.596893
58.575523
58.581474
Control Period
58.586849
58.588737
58.580063
58.586529
58.559872
58.558846
58.581409
58.572830
Control Period
58.595264
58.612320
58.582497
58.596897
58.570816
58.573471
58.566429
58.605759
58.570686
Control Period
58.579933
58.578976
58.592575
58.575359
58.625793
58.561504
58.568481
58.579617
58.566849
Control Period
58.637154
58.601250
58.561630
58.544319
58.552544
58.594337
58.559391
58.589153
Control Period
58.558113
58.573502
58.573059
58.587105
58.555870
58.597248
58.624832
58.579872
58.547455
Control Period
58.573021
58.577858
58.581665
58.607071
58.559517
58.598717
58.679169
58.577377
Control Period
58.558048
58.603584
58.604927
58.607361
58.580963
58.604797
58.598495
58.671646
58.618370
Control Period
58.606590
58.616158
58.585217
58.677761
58.601120
58.603394
58.576351
58.547935
58.572800
58.603359
Control Period
58.585407
58.578018
58.579613
58.608353
58.588577
58.598686
58.590336
58.603104
Control Period
58.587265
58.569695
58.611008
58.583714
58.629311
58.546013
58.597919
58.575199
Control Period
58.591103
58.587646
58.554466
58.559837
58.576866
58.613983
58.592834
58.590336
58.555359
Control Period
58.576672
58.570816
58.604671
58.596127
58.598915
58.636162
58.566910
58.579842
Control Period
58.612576
58.598465
58.596062
58.616638
58.606239
58.605377
58.613342
58.592606
58.598366
Control Period
58.626556
58.596672
58.543678
58.563644
58.563202
58.592865
58.624611
58.581505
Control Period
58.580803
58.556381
58.594978
58.595200
58.584511
58.607933
58.602432
58.588032
58.582848
Control Period
58.594849
58.593437
58.608032
58.571232
58.587616
58.569633
58.607422
58.693855
Control Period
58.564034
58.563934
58.580704
58.612225
58.592064
58.594048
58.547424
58.577599
58.606880
Control Period
58.596703
58.573410
58.570175
58.605629
58.608959
58.605469
58.592800
58.590145
Control Period
58.665504
58.598175
58.597408
58.592640
58.579582
58.576672
58.588898
58.542847
58.548832
Control Period
58.670048
58.565826
58.588478
58.604546
58.570431
58.580193
58.579041
Control Period
58.579617
58.554146
58.567295
58.582081
58.588993
58.579456
58.611137
58.580513
58.563873
Control Period
58.615936
58.567551
58.597439
58.566208
58.597473
58.657536
58.560863
Control Period
58.554878
58.596542
58.588768
58.592003
58.571678
58.583710
58.583969
58.578690
58.666946
58.566177
Control Period
58.610718
58.589729
58.609695
58.608002
58.574177
58.580544
58.583199
58.644386
Control Period
58.572098
58.599617
58.557854
58.585602
58.569313
58.637920
58.572830
58.593887
Control Period
58.600830
58.589279
58.589439
58.546783
58.573441
58.604671
58.580673
58.569279
58.573376
Control Period
58.678112
58.606110
58.591263
58.593758
58.583870
58.632736
58.590721
58.553375
Control Period
58.595619
58.610687
58.592926
58.560989
58.582115
58.640800
58.586048
58.554657
Control Period
58.592865
58.666275
58.608994
58.568993
58.575966
58.604355
58.596191
58.578304
Control Period
58.562653
58.571869
58.581245
58.576096
58.633568
58.596737
58.580193
58.596321
Control Period
58.593117
58.602913
58.565277
58.586018
58.596703
58.640320
58.576927
58.668575
Control Period
58.579937
58.579456
58.590912
58.598145
58.584415
58.551937
58.588257
58.587265
58.689789
Control Period
58.571457
58.565598
58.587070
58.667328
58.567490
58.549664
58.571999
58.551743
Control Period
58.579552
58.573727
58.599903
58.551327
58.658176
58.579262
58.577118
58.566689
Control Period
58.605377
58.569408
58.573662
58.576927
58.654591
58.594368
58.581600
Control Period
58.605183
58.565727
58.595901
58.557247
58.587776
58.659264
58.574017
58.610432
Control Period
58.552895
58.601662
58.560738
58.556831
58.561630
58.580643
58.585823
58.615200
Control Period
58.552002
58.598686
58.621471
58.609280
58.595104
58.575520
58.609955
Control Period
58.581921
58.579903
58.561951
58.615677
58.606274
58.598526
58.571297
58.590721
58.567650
Control Period
58.591007
58.597694
58.574528
58.605793
58.564575
58.557758
58.584351
58.599072
Control Period
58.555550
58.583839
58.553566
58.587967
58.600895
58.562366
58.584030
58.571136
Control Period
58.735744
58.553215
58.568001
58.563522
58.617058
58.579010
58.536385
58.571358
Control Period
58.581184
58.592735
58.576160
58.545311
58.576767
58.579613
58.600384
58.581795
58.555779
Control Period
58.568161
58.681568
58.566338
58.577599
58.587746
58.556541
58.577633
58.572098
Control Period
58.588989
58.568737
58.588417
58.597694
58.601410
58.557602
58.563328
58.641918
58.551392
Control Period
58.571838
58.607807
58.533440
58.567581
58.588448
58.579422
58.561890
58.669441
58.597954
Control Period
58.589409
58.587425
58.580223
58.580734
58.587425
58.609955
58.618050
Control Period
58.536961
58.612701
58.591103
58.591778
58.604256
58.587326
58.602528
58.600704
Control Period
58.573631
58.570496
58.581886
58.569534
58.718208
58.562302
58.595619
58.585823
58.583389
Control Period
58.586113
58.595680
58.549793
58.601410
58.601601
58.576286
58.564003
58.581566
Control Period
58.595520
58.591103
58.533409
58.573185
58.588417
58.653057
58.584576
58.549313
Control Period
58.578495
58.558594
58.613853
58.536289
58.567970
58.567104
58.633087
58.602688
58.556736
Control Period
58.555904
58.592766
58.581375
58.549507
58.579521
58.573536
58.624928
58.554657
Control Period
58.566238
58.548195
58.559200
58.593857
58.596031
58.566944
58.551903
58.632607
Control Period
58.583199
58.565536
58.555614
58.595390
58.569122
58.606590
58.593376
58.574303
58.635296
Control Period
58.552673
58.575165
58.581921
58.560097
58.580482
58.574722
58.597122
58.607552
58.640224
Control Period
58.552734
58.581245
58.551296
58.596611
58.584545
58.568062
58.580353
58.582146
Control Period
58.589409
58.548897
58.579521
58.583904
58.556480
58.665314
58.539680
58.559071
58.576607
Control Period
58.563072
58.577507
58.564575
58.588608
58.555489
58.625854
58.599937
58.595680
Control Period
58.534306
58.577118
58.631680
58.585213
58.568066
58.567009
58.624161
58.574463
58.577538
Control Period
58.581856
58.526207
58.571136
58.562336
58.592163
58.606270
58.589058
58.572350
58.550976
Control Period
58.575905
58.579491
58.645279
58.540096
58.584099
58.587009
58.581921
58.598816
Control Period
58.577663
58.555458
58.561440
58.610912
58.657791
58.610592
58.533310
58.547134
58.577278
Control Period
58.577187
58.576065
58.610081
58.573471
58.560158
58.577633
58.590881
58.595741
58.574337
58.647167
Control Period
58.598335
58.586018
58.548191
58.556480
58.609825
58.584450
58.563583
58.546532
Control Period
58.603935
58.572258
58.583393
58.575264
58.554081
58.629250
58.558403
58.570110
Control Period
58.574463
58.618019
58.605057
58.585407
58.563297
58.543072
58.621986
58.583168
58.570400
Control Period
58.567520
58.557411
58.570084
58.571041
58.587555
58.552483
58.555744
58.585377
58.600033
Control Period
58.590210
58.601181
58.657631
58.562881
58.608128
58.596092
58.576126
58.581665
Control Period
58.586624
58.573021
58.549664
58.660545
58.608704
58.562592
58.568733
58.591969
58.600544
Control Period
58.565632
58.558304
58.549343
58.692608
58.595936
58.595421
58.592319
58.559776
Control Period
58.570656
58.574142
58.588898
58.550819
58.670017
58.540672
58.579041
58.597313
58.569023
Control Period
58.545250
58.590336
58.585213
58.593536
58.590431
58.602303
58.592125
58.582077
58.534531
Control Period
58.574493
58.568897
58.587074
58.579807
58.680611
58.549408
58.556671
58.609566
Control Period
58.603775
58.602207
58.591137
58.604481
58.615456
58.679295
58.606880
58.596733
Control Period
58.582207
58.557697
58.621407
58.606850
58.577438
58.577728
58.567936
58.600224
58.596672
Control Period
58.605438
58.578465
58.583584
58.582626
58.556862
58.566753
58.593246
58.595901
58.651711
Control Period
58.569794
58.608894
58.577950
58.562401
58.567009
58.581921
58.561539
58.699776
Control Period
58.577118
58.555870
58.562782
58.567741
58.580254
58.602303
58.549728
58.564480
58.650146
Control Period
58.582176
58.566814
58.564800
58.579777
58.635170
58.551491
58.561630
58.594109
Control Period
58.681023
58.572067
58.565376
58.574017
58.567009
58.576000
58.591328
58.549858
58.597088
Control Period
58.575935
58.666878
58.580959
58.575745
58.551552
58.596413
58.592415
58.562531
58.566048
Control Period
58.559425
58.583874
58.600578
58.570877
58.550175
58.583393
58.582081
Control Period
58.578270
58.553635
58.568192
58.572639
58.580063
58.581474
58.582306
58.596191
58.572449
Control Period
58.590942
58.556351
58.665024
58.570435
58.610207
58.563713
58.545280
58.594624
Control Period
58.575294
58.556702
58.560867
58.548126
58.592255
58.562176
58.575325
58.588512
58.603554
Control Period
58.616669
58.567616
58.564510
58.670364
58.589729
58.563103
58.554146
58.561150
58.553123
Control Period
58.564415
58.577343
58.553886
58.563934
58.624893
58.591843
58.548386
58.566399
Control Period
58.560417
58.610081
58.580479
58.529793
58.574017
58.632545
58.566975
58.558689
58.541824
Control Period
58.558334
58.556225
58.565086
58.579552
58.551136
58.661793
58.594784
58.599007
Control Period
58.590626
58.542240
58.594559
58.556671
58.547363
58.579136
58.619331
58.544479
58.576191
Control Period
58.561378
58.599037
58.589249
58.573215
58.582146
58.554817
58.632576
58.554306
Control Period
58.540222
58.574783
58.564514
58.610146
58.583874
58.603905
58.578560
58.649857
58.569794
Control Period
58.589153
58.582367
58.574753
58.530079
58.582561
58.571938
58.553886
58.607712
Control Period
58.572800
58.557983
58.584221
58.658272
58.580704
58.563999
58.599743
58.561214
Control Period
58.562691
58.561119
58.575394
58.642242
58.688576
58.587360
58.568192
58.583424
58.582687
Control Period
58.554432
58.560863
58.581024
58.593155
58.579071
58.683392
58.555489
58.572449
58.606304
Control Period
58.580769
58.575424
58.581665
58.569122
58.564575
58.662048
58.579967
58.588799
Control Period
58.617058
58.548355
58.594910
58.581184
58.591454
58.588226
58.700863
58.536736
58.569824
Control Period
58.543041
58.593792
58.570816
58.575840
58.574207
58.584415
58.744865
58.573761
Control Period
58.569759
58.573696
58.589409
58.597504
58.568192
58.582878
58.566433
58.590782
58.590752
Control Period
58.644833
58.565666
58.568001
58.606178
58.582527
58.542496
58.565346
58.575554
58.579262
Control Period
58.612541
58.555168
58.568413
58.614914
58.571617
58.568893
58.568993
58.584511
Control Period
58.601379
58.572418
58.590176
58.573410
58.565346
58.574303
58.586945
58.588318
Control Period
58.719490
58.516064
58.560638
58.585213
58.558784
58.532608
58.515297
58.552799
Control Period
58.602051
58.700546
58.585602
58.557888
58.560799
58.582657
58.616032
58.582592
58.579361
Control Period
58.568001
58.569824
58.569794
58.576641
58.585953
58.561890
58.587200
58.585087
58.572449
Control Period
58.575745
58.561310
58.633888
58.568897
58.546173
58.582466
58.564320
58.551231
Control Period
58.560127
58.539200
58.558113
58.621056
58.572479
58.560703
58.562302
58.577408
58.571747
Control Period
58.540352
58.552063
58.580574
58.620956
58.584290
58.522270
58.565697
58.583038
Control Period
58.613152
58.611809
58.554817
58.582527
58.672897
58.585732
58.585022
58.573856
58.564575
Control Period
58.591362
58.588383
58.604351
58.587681
58.676514
58.574688
58.592834
58.576546
Control Period
58.475266
58.447426
58.423038
58.469635
58.423038
58.462624
58.437569
58.422848
58.442017
58.452286
58.453568
58.449856
58.402397
58.441601
58.425247
58.425598
58.425598
58.439041
58.429054
58.420448
58.407806
58.413437
58.415489
58.420544
58.445694
58.436703
58.435040
58.646816
59.671005
