60.248672
59.885918
59.840637
59.876450
59.897057
59.871456
59.875969
59.869728
59.913055
59.895805
59.886368
59.902081
59.889153
59.879295
59.872963
59.851295
59.854240
59.872639
59.857887
59.872414
59.902046
59.895615
59.869537
59.892799
59.912800
59.860062
59.880032
59.849888
59.887550
59.838142
Control Period
59.856064
59.860096
59.839424
59.865662
59.849792
59.860031
59.876579
59.853729
Control Period
59.893185
59.868958
59.868736
59.882401
59.873951
59.872768
59.884193
59.894783
Control Period
59.882336
59.880417
59.850494
59.904259
59.894173
59.911617
59.873726
59.898048
Control Period
59.876511
59.894272
59.900734
59.887970
59.904419
59.882656
59.870300
59.877888
59.897758
Control Period
59.887039
59.878654
59.875107
59.924606
59.887901
59.909119
59.884064
Control Period
59.881569
59.893150
59.915009
59.885887
59.874847
59.884895
59.882240
59.891808
59.911392
Control Period
59.859360
59.865471
59.890305
59.872864
59.891869
59.900543
59.869469
Control Period
59.885185
59.891106
59.890015
59.897598
59.869537
59.913757
59.912254
59.926910
59.880737
Control Period
59.895554
59.866272
59.899105
59.875809
59.876099
59.886658
59.917953
59.887424
Control Period
59.884735
59.874271
59.885376
59.887939
59.867970
59.866848
59.881504
59.877056
59.895744
Control Period
59.869949
59.889759
59.882656
59.847168
59.873695
59.873951
59.848099
59.874081
Control Period
59.899651
59.865311
59.872002
59.873440
59.867393
59.884830
59.863266
59.884735
59.868767
Control Period
59.885567
59.880032
59.853790
59.901855
59.885025
59.874146
59.882690
59.887615
Control Period
59.881569
59.895359
59.930016
59.857792
59.884323
59.872063
59.911263
59.888641
59.883648
Control Period
59.894463
59.902592
59.878975
59.882462
59.868576
59.893341
59.855648
59.905983
Control Period
59.880352
59.882431
59.903427
59.884064
59.876320
59.884033
59.908257
59.857281
Control Period
59.881218
59.907936
59.905537
59.892418
59.903618
59.881088
59.905602
59.867970
59.864864
Control Period
59.864769
59.885315
59.876930
59.850334
59.861473
59.860096
59.852383
59.866402
Control Period
59.849823
59.871201
59.875198
59.887455
59.897247
59.895233
59.867649
59.854912
59.902592
Control Period
59.914658
59.885632
59.880993
59.856606
59.864609
59.874046
59.857632
59.870560
59.854782
Control Period
59.882336
59.852928
59.865662
59.828674
59.848320
59.851585
59.859360
59.839520
Control Period
59.852192
59.853569
59.872063
59.868992
59.859615
59.828415
59.865822
59.869503
59.854401
Control Period
59.851555
59.863808
59.857056
59.856415
59.869473
59.845119
59.887074
59.852001
59.855423
Control Period
59.895523
59.901279
59.884960
59.883263
59.894302
59.885025
59.891457
59.859169
Control Period
59.879646
59.852158
59.876030
59.864128
59.862686
59.882942
59.881821
59.862400
59.872963
Control Period
59.875103
59.876030
59.888222
59.865471
59.877697
59.871010
59.896000
59.872353
Control Period
59.875069
59.875584
59.882530
59.895615
59.880257
59.873119
59.868866
59.878113
Control Period
59.898369
59.873184
59.895294
59.880672
59.897984
59.892097
59.902496
59.899296
59.887615
Control Period
59.890816
59.888512
59.864899
59.887039
59.902336
59.867363
59.870079
59.865440
59.902466
Control Period
59.900543
59.883682
59.894722
59.876289
59.907936
59.887775
59.917984
59.891678
Control Period
59.917183
59.871773
59.900574
59.889503
59.885277
59.881088
59.895042
59.877441
Control Period
59.865696
59.889793
59.892769
59.886784
59.857567
59.876770
59.872192
59.854561
59.863266
Control Period
59.880577
59.893856
59.850464
59.854721
59.868511
59.886078
59.880768
59.912991
Control Period
59.885345
59.864319
59.861504
59.856865
59.875904
59.875423
59.883392
Control Period
59.867615
59.893341
59.873730
59.862755
59.895294
59.856991
59.855808
59.888222
59.864258
Control Period
59.886208
59.874466
59.899967
59.878723
59.887520
59.898560
59.893761
59.869953
Control Period
59.900734
59.906689
59.896095
59.874146
59.887138
59.901279
59.905087
59.897568
59.881470
Control Period
59.863712
59.888321
59.902241
59.881599
59.885185
59.912289
59.885281
59.914398
Control Period
59.897537
59.903233
59.882816
59.918945
59.871490
59.910015
59.900417
59.876930
Control Period
59.900833
59.894081
59.881569
59.880989
59.882462
59.896194
59.876160
59.888641
59.887264
Control Period
59.886848
59.875137
59.912960
59.904770
59.877502
59.915905
59.860897
59.896866
Control Period
59.888290
59.893761
59.890625
59.903709
59.884514
59.863358
59.868607
59.852608
59.876736
Control Period
59.908066
59.879807
59.889694
59.874977
59.889153
59.887520
59.904289
59.879234
Control Period
59.902367
59.895679
59.873375
59.906143
59.889763
59.912865
59.894463
59.903713
Control Period
59.882973
59.903328
59.877823
59.857025
59.866337
59.886978
59.922176
59.861694
59.889023
Control Period
59.873154
59.902657
59.862366
59.891006
59.890209
59.884003
59.875069
59.876381
59.874977
Control Period
59.883202
59.886497
59.900063
59.883133
59.913216
59.879906
59.901443
59.888702
59.907776
Control Period
59.882431
59.891006
59.875198
59.877571
59.870304
59.913216
59.886818
59.874176
Control Period
59.891907
59.887390
59.904190
59.916382
59.879391
59.875744
59.903358
59.894207
59.906719
Control Period
59.923008
59.904224
59.894432
59.943199
59.884705
59.890526
59.875584
59.882301
Control Period
59.906689
59.882271
59.878525
59.904770
59.886688
59.874207
59.873726
59.893471
Control Period
59.908321
59.927361
59.912354
59.920353
59.924095
59.919327
59.945442
59.886688
59.936638
Control Period
59.913635
59.936737
59.922623
59.926113
59.891777
59.907711
59.910019
59.904320
Control Period
59.887070
59.896835
59.884926
59.918274
59.921951
59.907745
59.913185
59.913631
Control Period
59.910461
59.914944
59.912895
59.906017
59.910851
59.875710
59.922462
59.901405
Control Period
59.908607
59.864704
59.928864
59.884319
59.876320
59.892128
59.900673
59.890400
Control Period
59.902176
59.883778
59.891296
59.902046
59.906303
59.895039
59.905182
59.891777
59.888130
Control Period
59.869663
59.863487
59.876801
59.890049
59.907265
59.884319
59.903137
59.883392
Control Period
59.883072
59.898018
59.880928
59.888641
59.898975
59.902752
59.876099
59.843040
59.887169
Control Period
59.873085
59.889603
59.881279
59.876575
59.875553
59.881184
59.885727
59.887775
59.897823
Control Period
59.893570
59.890400
59.877853
59.888577
59.895393
59.897629
59.853630
59.872894
Control Period
59.875744
59.877502
59.862240
59.892704
59.884930
59.898270
59.886589
59.885757
Control Period
59.893921
59.899200
59.886589
59.874912
59.875427
59.888863
59.880928
59.871902
Control Period
59.885281
59.894207
59.868832
59.874367
59.907425
59.892128
59.886913
59.879166
Control Period
59.874912
59.882050
59.877377
59.884254
59.903618
59.889824
59.883041
59.881344
Control Period
59.885757
59.898975
59.873886
59.870499
59.882851
59.899231
59.852959
59.873955
Control Period
59.866081
59.881889
59.880959
59.883072
59.857246
59.898880
59.884544
59.883488
Control Period
59.870625
59.864353
59.887390
59.854496
59.889442
59.859264
59.877983
59.859009
59.848160
Control Period
59.861053
59.846146
59.868195
59.900543
59.882751
59.882751
59.843296
59.893856
59.891426
Control Period
59.895966
59.845760
59.868511
59.862785
59.858624
59.874786
59.846912
59.874401
Control Period
59.850815
59.898178
59.858177
59.872097
59.857761
59.852928
59.871841
59.857437
Control Period
59.868225
59.889763
59.888737
59.934402
59.869312
59.917568
59.893024
59.913887
59.876801
Control Period
59.901855
59.865185
59.857887
59.859650
59.888641
59.844128
59.852478
Control Period
59.863266
59.868416
59.864799
59.860451
59.867905
59.865570
59.898113
59.861088
59.881344
Control Period
59.840927
59.875999
59.863071
59.880257
59.856194
59.865311
59.850014
59.861633
Control Period
59.870560
59.876930
59.863392
59.846687
59.855522
59.888191
59.881344
59.874271
Control Period
59.884735
59.902561
59.889053
59.901184
59.895073
59.872993
59.900543
59.890274
Control Period
59.858303
59.880196
59.872353
59.887550
59.875072
59.878689
59.892159
59.881119
Control Period
59.865570
59.863678
59.860962
59.867424
59.867554
59.878723
59.874557
59.874146
59.896034
Control Period
59.886658
59.890369
59.875107
59.875744
59.890495
59.887939
59.885345
Control Period
59.876801
59.896095
59.903809
59.909504
59.882721
59.880993
59.887840
59.888226
59.862240
Control Period
59.873695
59.870659
59.911423
59.869984
59.885887
59.879711
59.868706
59.888893
Control Period
59.894623
59.878593
59.875072
59.859039
59.880608
59.893311
59.887489
59.894527
59.898338
59.912704
Control Period
59.888130
59.883743
59.899105
59.887039
59.872448
59.896194
59.891777
59.892990
Control Period
59.865540
59.879169
59.876575
59.901566
59.877632
59.850975
59.901085
59.871742
59.882721
Control Period
59.903938
59.913315
59.911171
59.892384
59.922527
59.897057
Control Period
59.928448
59.932415
59.911423
59.869186
59.882816
59.900673
59.883171
59.858944
59.866653
Control Period
59.879776
59.867744
59.887741
59.894592
59.883934
59.849533
59.862560
59.878914
Control Period
59.904064
59.879711
59.866722
59.875969
59.864670
59.884449
59.901245
59.884605
59.884766
Control Period
59.875038
59.895393
59.871391
59.895840
59.915585
59.921886
59.927425
59.875423
59.890434
Control Period
59.913246
59.905376
59.880001
59.869507
59.870850
59.899071
59.905056
59.889473
Control Period
59.857597
59.876350
59.888512
59.881248
59.870434
59.890369
59.895775
59.888451
Control Period
59.881088
59.891678
59.895554
59.884415
59.916576
59.890816
59.888542
59.886944
59.906013
Control Period
59.915138
59.905693
59.909344
59.892609
59.929214
59.909439
59.911968
59.888767
Control Period
59.893215
59.895294
59.922333
59.910622
59.910271
59.941185
59.883137
59.901314
Control Period
59.879841
59.883842
59.906784
59.910561
59.894272
59.885277
59.882141
59.866463
Control Period
59.859295
59.892159
59.840832
59.905663
59.884354
59.887138
59.875427
59.917824
59.899807
Control Period
59.885345
59.878208
59.889664
59.904575
59.897026
59.872513
59.863586
59.894051
Control Period
59.893471
59.932449
59.909790
59.903458
59.879551
59.868767
59.889984
59.897408
59.895042
Control Period
59.881630
59.905537
59.891518
59.909599
59.892384
59.878273
59.902912
59.893379
59.902878
Control Period
59.908321
59.919426
59.907646
59.917854
59.921410
59.892033
59.912033
Control Period
59.921024
59.901375
59.907806
59.906879
59.909058
59.889854
59.874367
59.899933
59.883522
Control Period
59.872543
59.890049
59.926273
59.905056
59.900127
59.907104
59.896385
59.906528
Control Period
59.909889
59.918625
59.918114
59.893375
59.911263
59.912033
59.901760
59.918045
59.920929
Control Period
59.914528
59.905952
59.930115
59.884640
59.902527
59.869949
59.907555
59.924671
59.897758
Control Period
59.900928
59.898750
59.906208
59.906845
59.915230
59.917152
59.939487
Control Period
59.931744
59.919006
59.882050
59.928192
59.923042
59.900959
59.896675
59.899872
59.890846
Control Period
59.921890
59.911137
59.899776
59.942398
59.914944
59.911331
59.916542
59.923393
Control Period
59.915489
59.901566
59.918945
59.893215
59.907455
59.884193
59.870819
59.905823
Control Period
59.927170
59.914238
59.940094
59.906845
59.919357
59.922142
59.929184
59.902786
Control Period
59.883327
59.907040
59.880352
59.907234
59.902115
59.924767
59.919807
59.916222
59.890049
59.912930
Control Period
59.927391
59.889854
59.868351
59.886147
59.885056
59.883583
59.891708
59.893059
Control Period
59.887970
59.915680
59.869568
59.916065
59.927456
59.896355
59.923584
59.904961
Control Period
59.911392
59.898849
59.892033
59.906559
59.899071
59.921181
59.917408
59.903267
59.902752
Control Period
59.878880
59.879936
59.889088
59.887039
59.880157
59.867966
59.884705
59.901249
59.867393
59.894142
59.860962
59.849281
59.862305
59.867744
59.886688
59.896637
59.842850
59.871422
59.872894
59.860863
59.864349
59.873344
59.878273
59.871582
59.898781
59.859776
59.855457
59.862976
59.873569
59.872063
59.941345
