0.459845
0.858472
0.900617
0.912701
0.92185
0.939509
0.952371
0.962691
0.977094
0.986013
1.00044
1.00557
1.01453
1.02661
1.03296
1.14057
1.15753
1.1549
1.18714
1.3161
1.12117
1.04464
1.06655
1.16374
1.36791
1.32523
1.03917
1.03609
1.05984
1.10955
1.19399
1.17394
1.12593
1.18055
1.23293
1.24592
1.06449
1.06372
1.10522
1.26566
1.3814
1.13513
1.02943
1.05669
1.07491
1.21423
1.41425
1.23941
1.0243
1.03424
1.06072
1.15853
1.17574
1.21
1.16507
1.08724
1.13355
1.08914
1.14116
1.26595
1.37453
1.15624
1.02845
1.04941
1.09437
1.2962
1.19118
1.05723
1.12089
1.27378
1.28054
1.06104
1.02671
1.1043
1.21525
1.23115
1.04707
1.12573
1.15271
1.18324
1.24345
1.22024
1.09639
1.04875
1.08837
1.22144
1.30548
1.25789
1.04486
1.03989
1.14805
1.32855
1.26952
1.02911
1.26011
4.52159
1.24293
0.572886
0.569886
0.571785
0.57876
0.589472
0.573017
0.585987
0.572491
0.583707
0.573864
0.575865
0.577212
0.586985
0.588156
0.588773
0.589743
0.577451
0.587899
0.589282
0.585311
0.584829
0.584035
0.586911
0.576585
0.582448
0.584696
0.565359
0.582475
0.58786
0.580165
0.56984
0.578995
0.572958
0.586885
0.587156
0.587827
0.594399
0.587981
0.592716
0.583498
0.58822
0.591187
0.591246
0.5893
0.591779
0.589717
0.589237
0.587872
0.587695
0.590477
0.588184
0.59065
0.589919
0.591677
0.587887
0.591402
0.590229
0.592121
0.587814
0.58937
0.587473
0.579257
0.585023
0.589897
0.587643
0.577274
0.590725
0.592722
0.589311
0.578282
0.582561
0.589201
0.589886
0.582801
0.582487
0.57195
0.578212
0.581569
0.578276
0.58436
0.589173
0.582993
0.586302
0.586619
0.588022
0.582369
0.579623
0.586562
0.590196
0.589972
0.587597
0.590167
0.586555
