0.442309
0.660734
0.683753
0.691227
0.695339
0.701915
0.709733
0.713257
0.721823
0.73632
0.749669
0.749571
0.754243
0.752625
0.754045
0.764966
0.756406
0.756351
0.763227
0.762371
0.752287
0.759132
0.755389
0.766131
0.763659
0.75906
0.763437
0.752612
0.763219
0.764697
0.759842
0.757368
0.761234
0.763714
0.763669
0.762398
0.757236
0.761069
0.760092
0.762433
0.756848
0.758387
0.75471
0.762027
0.759878
0.761742
0.765795
0.756767
0.757149
0.752259
0.768417
0.763914
0.763508
0.760454
0.763671
0.760478
0.753608
0.757697
0.753056
0.76247
0.764079
0.755797
0.747524
0.753343
0.761948
0.758743
0.755892
0.759697
0.765423
0.767782
0.76354
0.756863
0.758001
0.763635
0.764504
0.758888
0.751948
0.759064
0.762634
0.764971
0.758813
0.759257
0.7562
0.758537
0.760507
0.763572
0.756091
0.758944
0.75583
0.760449
0.76634
0.763467
0.760257
0.754176
0.749051
0.79431
0.736523
0.706587
0.707119
0.7072
0.713674
0.74195
0.722109
0.738524
0.713116
0.734287
0.713424
0.70744
0.705104
0.736108
0.745344
0.745736
0.74538
0.726541
0.74561
0.746814
0.747398
0.745884
0.74517
0.745202
0.740925
0.712656
0.712055
0.715793
0.712345
0.713313
0.713398
0.716102
0.714094
0.716056
0.731498
0.747235
0.745398
0.74682
0.747656
0.744193
0.747911
0.746511
0.748602
0.747938
0.747792
0.747371
0.747029
0.748552
0.747739
0.748641
0.747659
0.748406
0.748515
0.744755
0.747321
0.747382
0.747813
0.748468
0.747703
0.748456
0.745845
0.72839
0.716987
0.719317
0.746462
0.749539
0.720457
0.719102
0.748279
0.747543
0.719394
0.72358
0.742612
0.748063
0.724366
0.719321
0.720022
0.716458
0.719455
0.717559
0.732321
0.747986
0.750489
0.742057
0.717779
0.731026
0.728498
0.718918
0.726562
0.749701
0.74852
0.747198
0.74834
0.752045
