11.0143
24.663
25.7745
26.1392
26.433
26.6955
26.8965
27.1433
28.2036
33.8786
34.5375
34.7695
34.8115
35.1408
35.3689
35.192
35.4678
35.5555
35.3088
35.3188
35.2966
35.1488
35.4427
35.3331
35.2966
35.2192
34.6592
35.2613
35.1707
35.2317
35.4108
35.4576
35.3645
35.2385
35.3352
35.1762
35.1554
35.2241
35.416
35.4131
35.4363
34.9422
35.1804
35.0694
35.387
35.505
35.2236
35.0795
34.879
35.3753
34.9373
35.3264
35.2644
35.3563
35.1751
35.2349
35.6543
35.4653
35.6514
35.4283
35.2662
35.1242
35.4808
35.3528
35.3191
35.5862
35.3836
35.2229
35.2399
35.2214
35.075
35.1205
35.2201
35.3387
35.2678
35.337
35.5716
35.4436
35.388
35.3197
35.4515
35.2926
35.3126
35.3306
35.442
35.4613
35.4965
35.2454
35.0893
35.1769
35.1889
35.309
35.1517
35.081
49.7632
117.118
60.3494
56.7495
56.6795
56.6273
55.492
52.8706
55.1118
53.3133
56.0868
53.735
55.7125
56.7727
56.6121
53.7981
53.2653
53.5167
53.2863
55.3808
53.2719
53.4723
53.5236
53.4793
53.2865
53.2715
54.037
57.289
57.1568
57.0099
57.3045
57.2194
57.0712
57.1016
57.2271
57.2921
54.9893
53.4818
53.4599
53.633
53.5696
53.4061
53.5251
53.5527
53.7365
53.8041
53.6485
53.8157
53.6799
53.7572
53.6731
53.8187
53.6357
53.8201
53.7132
53.4646
53.6431
53.5871
53.7709
53.8039
53.6694
53.8788
53.6519
56.1225
57.4071
57.164
53.5719
53.9272
57.175
56.7918
53.8931
53.7822
57.0985
56.5299
54.0275
53.7309
56.5833
57.351
57.565
57.3396
57.4675
57.3243
56.0154
53.8962
53.8288
54.4152
57.5141
55.5124
56.3712
57.6477
56.3453
53.7913
53.8579
53.6131
53.8267
53.4103
