11.4961
21.4618
22.5154
22.8175
23.0462
23.4877
23.8093
24.0673
24.4274
24.6503
25.0111
25.1393
25.3634
25.6654
25.8239
28.5143
28.9383
28.8724
29.6784
32.9025
28.0293
26.116
26.6638
29.0935
34.1976
33.1308
25.9793
25.9022
26.4961
27.7388
29.8497
29.3485
28.1482
29.5138
30.8233
31.1481
26.6124
26.5929
27.6305
31.6416
34.5351
28.3783
25.7357
26.4172
26.8729
30.3558
35.3562
30.9854
25.6075
25.8559
26.518
28.9632
29.3936
30.2501
29.1268
27.181
28.3389
27.2284
28.5291
31.6487
34.3633
28.906
25.7112
26.2352
27.3592
32.405
29.7795
26.4309
28.0223
31.8445
32.0135
26.526
25.6678
27.6074
30.3812
30.7787
26.1768
28.1434
28.8177
29.5809
31.0863
30.506
27.4097
26.2187
27.2092
30.536
32.6371
31.4472
26.1215
25.9973
28.7013
33.2137
31.738
25.7277
31.5027
113.04
31.0733
14.3222
14.2472
14.2946
14.469
14.7368
14.3254
14.6497
14.3123
14.5927
14.3466
14.3966
14.4303
14.6746
14.7039
14.7193
14.7436
14.4363
14.6975
14.732
14.6328
14.6207
14.6009
14.6728
14.4146
14.5612
14.6174
14.134
14.5619
14.6965
14.5041
14.246
14.4749
14.324
14.6721
14.6789
14.6957
14.86
14.6995
14.8179
14.5874
14.7055
14.7797
14.7811
14.7325
14.7945
14.7429
14.7309
14.6968
14.6924
14.7619
14.7046
14.7662
14.748
14.7919
14.6972
14.7851
14.7557
14.803
14.6953
14.7343
14.6868
14.4814
14.6256
14.7474
14.6911
14.4319
14.7681
14.818
14.7328
14.457
14.564
14.73
14.7471
14.57
14.5622
14.2987
14.4553
14.5392
14.4569
14.609
14.7293
14.5748
14.6575
14.6655
14.7006
14.5592
14.4906
14.664
14.7549
14.7493
14.6899
14.7542
14.6639
