1200
1200
1200
1153.41
1134.43
1118.14
1102.68
1087.82
1073.86
1060.66
1048.03
1036.8
1030.05
1024.58
1019.42
1014.69
1010.49
1006.68
1006.31
1006.37
1006.41
1007.46
1012.36
1011.1
1007.64
1004.93
1005.38
1011.86
1016.87
1013.05
1009.22
1006.36
1005.08
1006.3
1006.88
1006.88
1006.07
1006.89
1009.34
1012.04
1009.13
1006.36
1004.93
1008.38
1015.15
1014.25
1010.23
1007.17
1004.81
1006.75
1014.64
1016.91
1012.61
1008.78
1005.95
1006.17
1006.86
1008.55
1008.86
1006.78
1006.16
1004.21
1003.81
1007.28
1013.95
1013.73
1009.66
1006.31
1004.55
1008.92
1009.92
1006.91
1005.99
1009.72
1013.42
1010.38
1006.4
1004.99
1006.9
1009.16
1005.84
1005.02
1005.07
1006.06
1008.76
1010.68
1008.8
1008.8
1005.57
1003.66
1005.85
1010.36
1013.37
1009.78
1006.24
1006.13
1011.43
1014.76
1010.65
1043.98
1852.12
2100
2100
2100
2100
2100
2100
2100
2100
2100
2100
2100
2100
2100
2100
2100
2100
2100
2100
2100
2100
2100
2100
2100
2100
2100
2100
2100
2100
2100
2100
2100
2100
2100
2100
2100
2100
2100
2100
2100
2100
2100
2100
2100
2100
2100
2100
2100
2100
2100
2100
2100
2100
2100
2100
2100
2100
2100
2100
2100
2100
2100
2100
2100
2100
2100
2100
2100
2100
2100
2100
2100
2100
2100
2100
2100
2100
2100
2100
2100
2100
2100
2100
2100
2100
2100
2100
2100
2100
2100
2100
2100
2100
2100
2100
2100
