17.253569
12.975104
8.500224
12.262400
12.498944
9.577472
7.816192
14.139393
14.045184
16.493568
7.114752
12.043264
11.929600
12.719105
9.592833
7.808000
9.588736
14.268415
16.503807
9.589760
14.282753
10.621952
10.627071
12.523520
10.288128
9.583616
9.576448
14.269440
14.276608
10.693632
7.112704
8.503296
10.278912
12.508160
10.044415
7.110656
12.054527
12.053504
12.937216
7.112704
7.806976
9.583616
12.260352
9.926656
7.114752
12.048384
12.513280
16.273407
9.468928
14.268415
10.283009
14.142464
12.284927
10.150912
9.581568
9.577472
14.142464
14.050304
14.148608
7.110656
8.504320
10.164225
12.273664
11.808768
7.113728
12.045312
12.052480
12.710912
7.111680
8.497152
11.930624
10.732544
14.273537
10.275841
10.290176
10.613760
14.283775
14.274559
14.263296
7.814144
8.501248
10.288128
12.509184
11.811840
7.803904
12.048384
14.046207
16.499712
7.109632
12.051456
11.923456
12.711936
9.587712
7.814144
9.582592
10.737664
12.280832
9.588736
7.813120
9.574400
14.138368
14.277632
10.612736
7.113728
8.511488
10.146816
12.058624
9.920511
7.113728
12.045312
12.049408
12.955648
7.114752
7.806976
9.579520
12.274689
16.491520
7.112704
12.042240
10.624001
10.737664
11.687936
10.725376
10.271744
10.602496
12.276735
9.464832
14.275584
7.816192
12.039167
14.054400
14.282752
9.584641
7.801856
10.153984
14.042112
16.499712
7.112704
12.049408
11.930624
12.719104
9.582592
7.794688
9.584641
14.278656
12.518400
9.589760
7.817216
10.289152
14.150656
14.277632
10.616832
9.583616
8.507392
10.280960
Control Period
12.051456
14.260223
19.137535
25.380863
25.283585
25.154560
26.909695
25.162752
25.160704
26.911743
25.144321
25.151487
25.142273
25.176064
25.150463
25.145344
25.144321
25.142273
26.911743
22.878208
16.999424
26.939392
25.171967
25.179134
25.163776
25.143295
27.068417
25.379841
25.313280
25.143295
25.158657
26.908672
25.144321
25.074688
26.901505
24.598528
25.088001
26.909697
24.107008
24.607744
26.915840
25.155584
25.095169
26.894337
26.902529
25.135105
Control Period
25.147392
26.561535
25.590784
25.582592
25.358337
27.061249
25.539585
25.616383
25.636864
25.387009
27.070465
25.362431
25.393150
23.965696
27.213825
27.233280
25.624577
25.394176
25.288704
27.033600
27.029503
23.055361
25.548801
25.567232
27.121664
27.064320
23.065601
25.570305
25.566208
27.079679
27.043839
25.335808
25.346048
25.360384
27.160576
25.565184
25.569279
25.419777
25.349121
25.342976
25.330688
25.354240
25.524223
27.195393
25.559040
25.440256
Control Period
25.338881
27.148289
25.803776
25.818111
25.632769
25.586689
27.216896
25.824257
25.817087
25.668610
25.563137
27.219967
27.378689
25.806849
25.556992
25.562111
27.196415
27.379711
25.265152
25.626625
25.572351
27.210751
25.831425
25.800705
25.708544
25.559040
27.206656
27.374592
25.814014
25.644032
25.570305
27.186176
27.200512
25.029633
25.699329
25.804800
27.277313
25.433086
25.582592
25.802752
25.841663
27.275265
27.220993
25.498623
25.706497
Control Period
25.812992
27.383808
27.566080
24.726528
25.885696
25.792511
27.393024
27.549696
25.998337
25.749504
25.801727
25.874432
27.536385
24.736769
25.843712
25.841663
25.840639
27.547647
27.548672
27.390976
25.822208
25.989120
26.071039
27.542528
27.387905
27.364353
26.004480
26.079231
26.003456
25.819136
25.817089
27.545601
27.539455
25.994240
25.820160
25.802752
25.932800
26.085377
27.535360
27.356159
25.823231
25.803776
26.032127
26.075136
27.484159
27.367424
Control Period
27.366402
26.194944
26.333183
26.247168
26.094593
26.077185
26.353664
27.737087
27.754498
27.532288
26.078209
26.335232
26.335232
26.136578
26.071041
26.007553
26.350592
27.736065
27.573248
27.544577
26.242048
26.363903
26.296320
26.100735
26.098688
26.318848
27.724800
26.341375
27.532288
27.539455
25.495552
26.288128
26.339329
26.164223
26.073088
27.606016
27.734016
27.729919
25.987072
26.075136
26.284031
26.353664
26.252289
27.558912
27.543552
27.730944
Control Period
26.354687
26.544128
26.620928
26.543104
26.338305
26.300415
26.613760
26.601471
26.524672
27.731968
27.732992
27.907072
27.915264
27.800575
26.349567
27.734016
26.351616
26.337280
26.599422
26.626049
26.510336
27.757568
26.401791
27.916286
27.921410
27.741184
26.322945
26.346497
26.333183
26.342400
26.533888
26.625023
27.773952
27.715584
27.710464
27.916286
27.910145
26.496000
26.355713
26.349567
26.344448
26.341377
26.484735
26.612736
26.595327
26.350594
Control Period
26.337280
27.920383
26.902527
28.098560
27.902977
27.914240
27.898880
27.910145
27.924480
28.097536
26.869761
28.021759
26.621952
26.627071
26.587135
26.592255
26.876928
26.891264
26.870785
26.598400
26.604546
26.612736
26.597376
26.600449
26.616833
26.638336
26.891264
26.877953
26.864639
26.643456
27.910145
26.619904
27.921408
27.940865
28.090368
28.095488
28.029953
27.916288
26.609665
26.595329
26.618881
26.600449
26.606592
26.614784
26.866688
Control Period
26.887169
31.782911
33.235970
36.558846
26.891264
26.904575
26.908672
26.900480
26.875904
26.896383
26.900480
26.882048
26.896385
26.876928
26.877953
26.877953
26.899456
26.872833
31.679489
36.621311
33.240063
26.881023
26.867712
26.902529
26.895359
26.865664
26.892288
26.893311
26.882050
26.881023
26.900480
26.893311
26.893311
26.896385
26.895359
26.887169
26.886143
26.892288
33.275902
36.603905
26.848255
26.898432
26.890240
26.895359
26.871807
26.873856
Control Period
26.895359
36.604927
33.283073
33.249279
36.598785
33.254402
36.635647
33.244160
36.587517
33.252350
33.243137
36.632576
33.255424
36.615166
33.254402
33.260544
36.628479
33.235970
36.623360
33.251328
30.645248
28.119040
28.107777
36.623360
33.253376
33.230846
36.627457
33.244164
36.610046
33.265663
36.602882
33.250305
33.248253
36.594688
36.608002
36.619263
33.255424
33.234947
36.621311
33.272835
36.612099
28.103680
28.098560
33.201149
Control Period
33.219585
33.408001
33.620995
36.855808
33.266685
33.259521
33.221634
33.249279
36.653053
33.673218
36.856834
36.658176
33.246208
36.609024
33.215488
33.240067
33.636353
33.697792
36.892670
33.245186
33.229824
36.606976
33.247231
36.728828
33.685505
33.588226
36.626434
33.225731
36.632576
33.268738
33.260544
36.999168
33.583107
36.694016
33.241089
33.263615
36.618240
33.245186
36.846592
33.622017
33.483776
36.633598
33.269760
36.613121
33.224705
33.561600
Control Period
36.988930
33.633278
36.927490
33.630211
33.608704
36.863998
33.636353
33.610752
36.868095
33.250305
33.227776
33.652737
33.648643
36.992001
33.614845
33.563644
36.682755
33.231873
36.606976
33.644547
33.622017
36.891647
33.514496
33.644547
36.608002
33.250305
36.853760
33.582081
33.516544
36.886528
33.587200
33.612801
36.989952
33.685505
36.601856
33.243137
33.306625
36.915199
33.526783
37.061630
37.046272
33.308670
36.588543
33.287167
33.612801
Control Period
37.013504
34.100227
34.094078
37.235710
33.413120
33.575935
33.634304
33.561600
37.000191
33.546242
33.503235
36.731903
33.679359
33.671165
37.047295
33.651711
37.008385
33.590271
33.497086
36.797440
33.705986
33.481728
36.917248
33.504257
33.613823
37.000191
33.470467
36.918274
33.620995
33.629185
37.059586
33.608704
33.707008
36.950016
33.499138
33.532928
36.979713
33.589249
37.048317
33.639423
33.657856
36.914177
33.532928
33.591293
36.989952
Control Period
33.582077
33.542145
37.452801
34.092033
33.804291
36.966400
33.641472
34.129921
37.382145
33.996803
33.643520
36.892670
33.723392
33.620995
37.041153
34.128895
34.093056
37.266434
36.853760
33.606655
33.688576
33.598465
37.404671
37.450752
33.881088
33.700867
36.872192
33.470467
36.860931
37.281792
34.111488
34.031616
37.032959
36.971519
33.667068
36.925438
33.618942
33.880066
37.482498
33.983490
33.574913
36.945919
34.106369
34.084862
37.250046
Control Period
37.050369
33.575935
37.465088
37.464066
34.111488
34.067459
37.458946
33.739777
33.677315
37.217281
34.105347
34.104321
37.457920
37.473282
33.597443
33.548286
37.249023
34.124802
34.114563
37.463039
34.119682
34.121727
37.021698
37.056511
33.616898
37.465088
37.468163
33.735680
33.592319
36.876289
34.013184
34.107391
37.466110
34.088959
34.123775
36.995071
33.563644
33.611778
37.447678
34.110466
34.115585
37.459969
37.264381
33.581055
33.658882
37.220352
Control Period
34.094078
37.455872
37.442558
37.371902
34.093056
34.113537
37.443584
34.131969
34.093056
34.100224
37.428223
34.115585
34.103294
37.436417
34.091007
34.124802
34.116608
37.460991
34.112511
34.115585
37.464066
33.646591
33.572865
37.291008
34.101250
34.123775
34.115585
37.463039
34.089981
34.085888
37.583870
37.469185
34.122749
34.101250
37.453827
34.094078
34.111488
34.104321
37.468163
34.112511
34.109440
37.436417
34.095104
34.122749
33.856514
Control Period
36.877312
33.699837
37.436417
37.454849
37.434368
34.134018
34.126846
37.443584
34.105347
34.095104
37.457920
37.471230
34.023422
34.099197
37.469185
34.076672
34.101250
37.434368
37.443584
34.104321
34.086914
37.466110
34.113533
34.101250
37.435394
37.452801
34.130943
33.829887
33.557503
33.696770
37.480446
34.122749
34.111488
34.073601
37.457920
34.132992
34.115585
37.462013
37.465088
34.092033
34.109440
37.442558
34.091011
34.112511
37.423103
Control Period
37.463043
34.108414
34.119682
37.451775
34.104317
34.102272
37.427200
37.434368
34.099197
34.124802
37.450752
34.102272
34.100224
34.103294
37.479424
34.111488
34.112511
37.452801
37.450752
34.098175
34.115585
37.440514
34.043903
34.101250
37.442558
37.465088
33.875969
33.569794
36.875263
33.758209
37.460991
37.451775
34.099201
34.091011
37.449730
34.081795
34.088959
37.470207
37.452797
34.109440
34.123779
37.460991
34.144257
37.458942
37.469185
Control Period
37.466110
34.150398
34.107391
37.457920
34.132992
34.107391
34.124802
37.431297
34.113533
34.106369
37.443581
34.112511
34.108414
34.073601
37.430271
34.106369
34.095104
37.433342
34.102272
34.091007
34.093056
37.434368
34.122753
34.104317
37.446655
37.265408
33.527809
36.890625
37.308414
34.109440
34.079742
37.447681
34.083839
34.117630
37.439487
34.117630
34.074623
34.109440
37.458942
34.118656
34.091007
37.452801
37.431297
34.129921
34.111488
37.443581
Control Period
34.114559
34.093056
37.444611
37.458946
34.104317
34.094078
37.463039
34.237442
34.134018
34.094078
37.436417
34.108414
34.073601
37.448704
34.089981
34.131966
33.884159
36.914177
33.653759
37.471230
37.454849
34.128895
34.128899
37.443584
34.122753
34.100224
34.086914
37.467136
34.098175
34.108418
37.436417
37.314560
33.556480
36.918274
34.014206
34.116608
37.465088
37.468163
34.098175
34.162689
37.451775
34.113537
34.124802
34.076672
37.438465
Control Period
34.091007
34.128895
37.459969
37.435394
37.459969
34.095104
33.640450
37.023743
33.888256
34.012161
37.327873
33.642494
33.602562
37.274624
34.096130
34.115585
37.104641
33.589249
37.121025
37.459969
37.436417
33.692673
33.566719
36.981758
34.025471
34.108414
37.443584
33.579006
33.478653
37.323776
34.131966
33.969154
36.894718
33.691650
34.127872
37.447678
33.803261
33.698814
36.832256
34.130943
34.102272
37.202942
36.927490
33.741825
37.439487
Control Period
37.451775
34.106369
34.108414
37.438465
34.070526
34.035713
36.927490
33.589249
33.953793
37.434368
33.854465
33.604607
37.029888
37.470207
34.118656
34.095104
37.446655
34.003967
33.492989
36.965378
34.012161
34.112511
33.849342
33.631233
33.568768
37.465088
37.447678
34.082817
34.115585
37.409790
33.542145
33.577988
37.395454
34.112511
34.092033
36.991997
33.713154
33.525761
37.272575
34.111488
34.103294
37.438465
37.433342
33.648643
33.642494
37.352448
Control Period
34.106369
34.098175
37.458946
34.097153
34.107391
37.444607
37.434368
34.096130
34.115585
37.453827
34.131969
34.115585
34.046974
36.890625
33.568768
37.288963
37.473282
34.109440
34.130943
37.460991
34.117630
34.102272
37.457916
37.454849
34.122749
34.056190
37.435394
34.113537
33.879040
37.057533
36.926464
34.016258
37.465088
37.449730
34.087936
34.107391
34.108414
37.438461
34.104321
34.091007
37.445633
37.429249
34.107391
33.911808
36.805634
Control Period
33.629185
34.452480
37.812225
34.246658
34.098175
34.091007
37.474304
34.108414
34.104321
37.464066
37.463039
34.113533
34.125824
37.465088
34.126846
34.112511
37.460991
37.490688
34.103294
34.101250
37.421059
34.082817
34.075645
34.112511
37.482498
34.084862
34.081795
37.450752
37.447681
34.117630
34.099197
37.478401
34.120705
34.107391
37.493759
37.438461
34.124802
34.093056
37.451775
34.107391
34.104321
34.075645
37.467136
34.093056
Control Period
34.124802
37.462017
37.460991
34.120705
34.109440
37.462013
34.135040
34.134018
37.459969
37.455872
34.097153
34.089985
37.430271
34.101250
34.103294
37.456894
37.441536
34.126846
34.111488
37.458946
34.104317
34.119682
34.098175
37.442558
34.099201
34.116608
37.435394
34.100224
34.117630
34.094078
37.465088
34.101250
34.098175
37.424129
37.437439
34.120705
34.103294
37.459969
34.085888
34.122753
34.113533
34.116608
37.438465
34.058239
34.132996
Control Period
37.453823
37.438461
34.086914
34.002945
37.449726
34.128899
33.901566
36.902912
33.745918
34.099201
37.464066
33.659904
33.649666
37.176319
34.116608
34.120705
33.881088
37.005310
33.649666
37.120003
37.449730
34.073601
33.632256
37.040131
33.828865
34.141182
37.475327
33.647617
33.605633
37.042175
34.121727
34.129921
37.445633
37.441536
34.114563
33.785854
37.027840
33.805313
34.122749
37.451775
33.710083
33.616898
36.994049
34.082817
34.126846
37.116928
Control Period
33.557503
33.554432
37.442558
34.101250
33.751038
36.936707
33.656834
33.631233
37.143555
33.615871
33.674240
36.842499
33.853439
34.171906
37.455872
33.529854
33.637375
33.688576
33.615871
33.703934
36.973568
33.651711
33.645569
37.003265
33.639423
34.050049
37.465088
33.897469
33.618942
36.922367
33.616898
33.632256
36.909058
33.544189
33.635330
36.918274
33.539070
33.866753
37.469185
33.998848
33.537025
36.895744
33.669121
33.553406
33.521664
33.584129
Control Period
33.558525
37.313538
34.082817
33.907711
33.654785
36.931587
34.109440
37.458946
37.243904
33.699837
33.559551
37.451775
34.102272
33.779709
37.044224
33.667072
34.103294
37.442558
33.795071
33.527809
36.998146
34.130943
34.112511
37.085182
33.611778
33.689598
37.454849
34.102272
33.550339
36.919296
37.189632
34.097153
37.443581
36.900864
33.671169
36.886528
37.027840
33.667072
37.368832
37.420029
33.875969
33.613823
36.781055
34.095104
34.123775
37.443584
33.585152
Control Period
33.626114
37.242882
34.116608
34.097153
37.410816
34.102272
34.095104
34.112511
37.437439
33.589249
33.628159
37.284866
34.107391
34.108418
37.454849
37.448704
34.105347
34.100224
37.435390
33.628159
33.651711
37.287933
34.138115
34.085888
37.439487
37.452801
34.112511
33.630211
37.045250
33.702911
34.059265
37.448704
34.087936
34.107391
37.444611
34.120705
34.098175
33.724419
36.877312
33.587196
37.189629
37.441536
34.110466
34.112511
37.446655
34.032639
33.455105
Control Period
37.014526
33.972225
34.087936
37.454849
34.112511
34.109440
34.104321
37.455872
34.122753
34.099197
37.448704
37.477375
34.108418
34.091007
37.450752
34.118656
34.122749
37.462017
37.505024
34.111488
34.109440
37.453823
34.111488
34.130943
34.094078
37.431297
34.107391
33.801216
36.936707
33.642494
34.116608
37.441536
34.102272
34.113533
34.102272
37.449730
34.069504
34.093056
37.477375
34.091011
34.081795
34.105347
37.459969
34.110466
34.105347
37.487617
Control Period
37.445633
34.105347
34.057217
37.466110
34.103294
34.104321
37.433342
37.467133
34.084862
37.432320
37.445633
34.116608
34.080769
37.437439
37.438461
34.104321
34.099197
37.469185
34.098175
34.089985
34.124802
37.453827
34.072578
34.096130
37.441536
37.448704
34.099201
34.098175
37.471230
34.111488
34.098175
37.481472
37.436417
34.146301
34.111488
34.087936
34.080769
34.100227
34.091011
37.445633
34.083839
34.109440
37.455872
37.463043
34.088959
34.117630
Control Period
37.467136
34.111488
34.095104
37.443584
37.421055
34.091011
34.118656
34.114559
34.077698
34.046974
37.449730
34.086914
34.118656
37.452801
37.446655
34.096127
34.130943
37.439487
34.091011
34.139137
37.466110
37.448704
34.111488
34.110466
37.466110
34.144257
34.101250
34.075645
37.443584
33.831936
33.565697
37.018623
34.126846
34.114559
37.452801
34.103294
34.095104
37.458942
37.449730
37.384193
37.464066
37.449730
34.108418
34.113537
37.430271
34.076672
Control Period
34.091011
34.107391
37.485569
34.122753
34.103294
37.456894
37.430275
34.119682
34.092033
37.451775
34.095104
34.108414
37.454849
37.456894
34.115585
34.116608
37.453827
34.112511
34.092033
33.957886
37.004288
33.598465
37.409790
37.435394
34.085888
34.114563
37.476353
34.096130
34.115585
34.123775
37.453827
34.100227
34.103294
37.438461
37.448704
34.062336
34.120705
37.449730
34.101250
34.100224
37.242882
36.996094
33.559551
37.457920
34.122753
34.122749
Control Period
34.106369
37.571587
34.123775
34.097153
37.448704
37.423103
34.115585
34.096130
37.459969
34.096130
34.099201
37.454849
37.458946
34.122749
34.120705
37.467136
34.112511
34.122749
37.440514
37.447678
34.127872
34.093056
37.432320
34.110466
34.086910
34.110466
37.450752
34.094078
34.093056
37.420033
34.079742
34.084862
34.109440
37.457920
34.117630
34.103294
37.209087
33.539070
33.522690
37.449730
34.094078
34.093056
34.084862
37.443584
34.085888
34.093056
Control Period
37.445633
34.099197
34.121727
34.115585
37.452797
34.102272
34.101250
37.459969
37.459969
34.118656
34.127872
37.457916
34.115585
34.115585
37.436417
37.447681
34.103294
34.104321
37.447681
33.976318
33.651711
36.831230
33.786880
34.111488
37.456894
37.486591
34.103294
34.078720
37.439491
34.072578
34.112511
37.453823
37.440514
34.112511
34.109440
37.447678
34.097153
34.100227
34.092033
37.448704
33.885185
33.657856
36.875263
34.084862
34.099201
37.478401
Control Period
34.119682
34.123775
34.116608
37.470207
34.124802
34.147327
37.460991
37.457920
34.122749
33.854462
37.047295
33.654785
34.141182
37.434368
34.130943
34.115585
37.436417
36.856834
33.603584
37.279747
34.097153
34.103294
34.130943
37.449730
34.094078
34.100224
37.231617
33.614849
33.518593
37.435394
37.430271
34.074623
34.110466
37.450752
33.777664
33.591293
36.967422
34.081795
34.095104
34.078720
34.087936
37.442558
34.121727
34.119682
37.023743
Control Period
33.614849
33.984512
37.442558
37.451775
34.132992
34.076672
36.986877
33.683456
33.885185
37.465088
33.872894
33.605629
37.032959
34.118652
34.113533
37.140480
33.460224
33.466370
37.429249
34.075645
33.804287
36.921341
37.268478
37.470207
37.428223
33.583103
33.630211
37.276672
34.101250
33.928192
36.878334
33.615871
34.069504
37.462017
33.821697
33.588226
36.955135
34.033661
34.105343
37.445633
34.091007
34.117630
34.094078
36.887550
33.513474
33.723389
37.450752
Control Period
34.125824
34.086914
37.444611
34.083839
34.106369
34.116608
37.373951
34.094078
33.820671
37.035007
33.644543
34.116608
37.459969
34.113537
34.108414
34.110466
37.480446
34.105347
33.787903
37.049347
33.606655
34.094078
37.435394
34.089981
34.127869
37.437439
36.953087
33.566719
33.644547
37.472260
34.109440
34.127872
37.445633
34.088959
34.083839
37.428223
37.190659
33.550335
36.941826
37.357567
34.127872
34.087936
37.454849
34.082817
34.105343
37.434368
Control Period
37.444607
34.065407
34.104317
37.435394
34.115585
34.089981
37.450752
37.455872
34.127872
34.134018
37.449730
37.424126
34.136063
34.106369
37.444611
34.097153
34.108414
37.469185
34.125824
34.127872
34.100224
34.094078
37.414909
34.108414
34.081795
37.454849
37.431297
34.109440
33.653763
37.024765
33.807358
34.081795
37.453823
34.111488
34.075649
37.454849
37.450752
34.100224
34.127872
37.440514
34.089985
34.103294
37.447681
37.460991
34.126846
Control Period
34.149376
37.457920
34.445312
34.464767
34.464767
37.447678
34.100224
34.095100
34.091007
37.440514
34.105347
34.088959
37.446655
37.449726
34.092033
34.112511
37.468163
34.094078
34.099201
37.458942
37.463039
34.102272
34.092033
37.457920
34.111488
34.095104
37.441536
37.439487
34.094078
34.091011
37.438465
34.097153
34.113537
34.145279
37.440514
34.079742
34.110466
37.448704
37.464066
34.105347
34.081795
37.448708
34.079742
34.210815
37.414913
Control Period
37.439491
34.104321
34.103294
37.450752
34.082817
34.088959
37.428223
37.449730
34.111488
34.097153
37.444607
34.105347
33.712128
37.006336
37.150719
34.082817
37.429245
37.434368
34.091007
34.122753
37.365761
34.119682
33.952766
37.051392
36.995071
33.986561
37.455872
37.442558
34.109440
34.113537
37.450752
34.091007
34.084862
37.463039
37.446655
33.614845
33.642494
37.129215
34.088959
34.104317
37.444611
34.121727
34.103294
34.111488
37.457920
33.971199
33.649666
Control Period
36.938751
33.952766
34.120705
37.204994
33.672192
33.593346
37.056511
33.559555
33.622017
37.440514
34.127872
33.720322
36.924416
33.636353
33.727486
36.918274
34.089981
34.119682
37.227520
33.594368
33.560577
36.984833
33.641472
33.801216
37.439491
34.098175
33.592323
37.012482
33.678337
33.635330
37.004288
33.860611
34.105343
37.430271
33.731583
33.574913
36.893696
33.715202
33.692673
37.091331
34.119682
34.102272
37.302269
33.509377
33.611778
36.905983
Control Period
33.630211
33.970177
37.459969
33.974274
33.596416
36.943871
34.021378
34.093056
37.456894
37.046272
33.591293
36.954113
33.607681
33.620991
37.157890
34.120705
34.043903
37.180416
33.485825
33.689598
37.453823
34.138111
33.675262
36.844543
33.635330
33.641472
37.046272
33.838081
34.084862
37.475327
37.050369
33.631233
36.986877
33.396736
33.630211
37.099518
34.077698
34.103294
37.123070
37.015549
33.615871
37.455872
37.442558
33.832962
Control Period
33.683456
37.124096
34.139137
34.086914
37.471230
34.134018
34.082817
37.206017
36.868095
33.912834
34.104321
34.087936
34.085888
37.460991
33.821693
33.557503
36.936707
34.116608
34.088959
37.454849
37.455872
33.751038
33.628159
36.976639
34.106369
34.097153
37.429249
34.075645
33.750015
37.018623
33.805313
34.099197
37.434368
34.087936
34.118656
33.989632
36.961281
33.643520
33.953793
37.456894
34.087936
34.097153
37.457920
33.719296
33.635330
36.889603
34.109440
Control Period
34.098175
37.421059
37.449730
34.081795
34.111488
37.443584
34.087936
34.100224
37.434368
37.441536
34.089985
34.102272
37.446655
34.103294
34.116608
34.110466
37.116928
33.635330
33.808384
37.467136
34.099197
34.127872
37.458946
37.453823
34.112511
34.136063
37.438465
34.102272
34.101250
37.467136
37.451775
34.102272
34.106369
37.440514
33.515518
33.628159
37.180416
34.117630
34.083839
37.443584
37.447678
34.097153
34.101250
37.462013
34.073601
Control Period
34.093056
37.862400
37.812225
34.266113
34.120705
37.441536
37.465088
34.102272
34.140160
37.457916
34.011135
34.113537
34.088959
37.449730
34.103294
34.129921
37.474304
37.436417
34.129921
34.104321
37.467136
34.108414
34.106369
37.433342
37.443584
34.088959
34.121727
37.441536
34.107391
34.112511
34.082817
37.432320
34.104317
34.123775
37.470207
37.430271
34.095104
34.096130
37.415936
34.095104
34.106369
37.454849
37.453823
34.108414
34.084862
37.441536
Control Period
34.100224
34.117630
37.459969
37.448708
34.080769
34.134018
37.468163
34.099197
34.119682
34.132992
37.451775
34.105347
34.006016
37.422081
34.096127
34.118656
34.101250
37.444611
34.077698
34.111488
37.440514
33.923073
33.696770
36.941826
34.119678
34.106369
34.135040
37.449730
34.097153
34.113537
37.446655
37.450752
34.104321
34.101250
37.475327
34.096127
34.086914
37.425152
37.479424
34.132992
34.119682
37.575684
34.123775
33.592319
36.935680
34.020351
Control Period
34.098175
37.453827
37.453823
34.094078
33.695744
36.882431
33.905663
34.103294
37.426174
33.554432
33.690624
36.861954
33.632256
33.526783
37.462013
34.121727
33.760254
37.051392
33.652737
33.654785
36.886528
34.099201
34.113533
37.116928
33.517567
33.591293
36.966400
33.672192
34.054146
37.463039
33.707008
33.618942
36.869118
34.117630
34.101250
37.410812
36.929535
33.575935
36.948994
33.553406
33.666046
37.194752
34.124802
34.107391
37.091328
Control Period
33.542145
33.577984
37.380096
34.102272
34.075645
33.721344
37.005310
33.563648
36.872192
33.554432
33.548286
36.951042
33.930241
34.100224
37.388290
33.646591
33.565697
36.996094
33.584129
33.573891
36.881409
33.473534
33.589249
36.818943
33.687553
37.439491
37.434368
33.661953
33.650688
37.032959
33.659904
37.001217
33.675262
33.690624
36.948990
33.588226
33.798141
37.443581
34.113533
33.796097
36.866047
33.657856
33.670143
36.998146
33.589249
33.587196
Control Period
37.020672
34.013184
34.096130
37.083138
33.627136
33.582077
37.226494
34.100227
33.970177
37.091328
33.608704
34.122753
37.440514
37.076992
33.535999
37.097473
37.448704
34.109440
33.673218
36.971519
33.906685
34.114559
37.160961
33.662975
33.745918
37.476353
34.093056
33.756161
36.971519
33.758209
34.106369
37.439491
33.660927
33.660927
37.206017
34.129921
34.118656
37.091328
36.970497
33.717247
37.448704
37.455872
33.522690
36.909058
37.192703
Control Period
34.098175
34.074623
37.426178
34.118656
34.083839
37.421059
34.098175
34.108418
34.091011
37.441536
33.597439
33.675262
37.252098
34.123775
34.087936
37.451775
34.123775
34.085888
34.082817
37.440514
33.868801
33.538048
36.995071
33.908737
34.146301
37.452797
34.102272
34.110466
34.095104
37.443584
33.883137
33.662979
36.882431
33.986561
34.091007
37.460991
34.087936
34.099197
37.462013
37.457920
33.705986
33.539070
33.907711
34.115585
34.119682
34.110466
Control Period
37.444607
34.094078
34.121727
37.452801
37.457916
34.135040
34.123779
37.458946
34.091007
34.092033
37.460991
37.460991
34.121727
34.116608
37.438461
34.112511
34.105343
34.094078
37.437439
34.121727
34.121727
37.440514
37.441536
34.104321
34.100224
37.474304
34.110466
34.100227
37.445633
37.470207
34.096130
34.107391
37.482498
34.104321
34.094078
34.091011
37.339134
33.698814
33.614849
37.380096
34.106369
34.077698
37.457920
34.104321
34.110466
Control Period
34.101250
37.439491
34.091007
34.088959
37.444611
37.446655
34.091007
34.095104
37.459969
34.123775
34.129921
37.442558
37.459969
34.098175
34.097153
37.446655
34.095104
34.117630
37.462017
37.455872
34.099197
34.146301
37.438465
34.110466
34.086914
34.100227
34.124802
34.125824
34.124802
37.480446
33.902592
33.651711
36.880386
33.930237
34.109440
37.441536
37.440514
34.127872
34.093056
34.078720
34.091011
37.453823
34.112511
34.098175
37.463039
Control Period
37.445633
34.101250
34.091011
37.488640
34.123779
34.108414
37.466110
37.464066
34.136063
34.094078
37.356544
34.112511
34.085888
37.442558
37.435394
34.083839
34.132992
37.434368
34.118656
34.096130
33.794048
36.947968
33.615871
37.419006
37.474304
34.083839
34.102272
37.454849
34.117630
34.100224
37.457920
37.468159
34.098175
34.109440
37.447678
34.108414
34.117630
34.101250
37.453827
34.085888
33.712128
36.995071
33.655807
34.088959
37.447678
34.114563
Control Period
34.100224
34.091011
37.460991
34.097153
34.111488
37.445633
34.108414
34.104317
34.105347
37.456894
34.108414
33.930237
36.904961
33.649666
33.854462
37.454849
34.095104
34.129921
34.087936
37.463043
34.084862
34.084862
37.129219
33.429504
33.699841
37.440514
34.137089
34.101250
37.451775
37.448704
34.080769
34.092033
37.042175
33.563648
33.762306
37.458946
34.080769
34.087936
37.356544
37.459969
34.123775
34.121727
37.170174
33.685501
33.703938
37.406723
Control Period
34.107391
34.122753
37.459969
37.441536
34.104317
34.096127
37.478401
34.095100
33.700867
37.019646
33.852417
34.119682
37.443584
37.456894
34.101250
34.109440
37.459969
33.959938
33.630207
36.973568
34.105347
34.097153
34.118656
37.465088
34.111488
34.112511
37.480450
37.210114
33.592319
36.982784
33.994751
34.110466
34.001923
37.463043
34.091011
34.108414
37.448704
33.633278
33.648640
36.996094
34.087936
34.102272
37.460991
37.480446
34.083839
34.085888
Control Period
37.491714
34.114563
34.106369
37.457920
37.447678
34.089981
34.119682
37.466110
34.088959
34.094078
34.102272
37.463039
34.126846
34.102272
37.462017
37.469185
34.135040
34.108414
37.440514
34.112511
34.020351
37.021698
33.617920
33.935360
37.455872
37.452797
34.114559
34.122749
37.473282
34.116608
34.105343
37.465088
37.439487
34.101250
34.095104
37.441536
34.100224
34.103294
37.480446
37.469185
37.209087
36.982784
36.799488
34.088959
37.441536
37.443584
Control Period
34.122749
34.130943
37.456894
34.108414
34.097153
37.441536
37.465088
34.120705
34.129921
37.469185
37.468159
34.140160
34.097153
37.467136
37.529602
37.449730
37.440514
34.109444
34.110466
37.444611
34.105343
34.084862
34.129921
37.464066
34.126846
34.124802
37.441536
37.466110
34.123775
34.099197
37.471230
34.104321
33.772545
36.952065
33.628159
34.080769
37.437439
34.115585
34.126846
34.084862
37.448704
34.115585
34.117630
37.436417
37.452801
34.094078
Control Period
34.115585
37.679104
34.470913
34.507774
34.330624
37.447681
37.463043
37.474304
37.420033
34.091007
34.105343
37.435394
34.110466
34.113537
34.122753
37.453827
34.102272
34.089981
37.475327
37.460991
34.080769
34.089981
37.449730
34.086914
34.097153
37.361664
37.451775
34.122749
34.102272
37.429249
34.087936
34.109440
37.451775
37.449730
37.444607
37.460991
34.117630
34.109444
37.463043
34.095104
34.106369
37.464066
37.452797
34.108414
Control Period
34.106369
37.653503
37.813248
34.433025
34.136063
37.451775
37.443584
34.102272
34.099197
37.427200
34.084862
34.094078
37.439491
37.478401
34.099197
34.104321
37.457920
34.122753
34.099201
37.472256
37.455872
34.126846
34.110466
37.458946
34.132996
34.100224
34.105343
37.449730
34.141182
34.123775
37.642242
37.844994
34.511871
34.095104
37.452801
37.447681
34.113537
34.109440
37.447678
34.096130
34.108414
34.081795
37.443584
34.105343
34.127872
34.097153
34.082817
Control Period
34.092033
34.097153
37.459969
34.093056
34.088959
34.092033
34.113537
34.115585
34.092033
37.430271
34.087936
34.121727
37.448704
37.452797
34.099197
33.868801
36.938751
33.564674
37.448704
37.466110
34.103294
34.117630
37.456894
34.136063
34.058243
34.107391
37.456894
34.126846
34.120705
37.453823
37.435394
34.096127
33.976318
36.956161
33.600510
34.146301
37.597183
34.115585
34.102272
37.440514
37.447678
34.084866
34.101250
37.449730
34.114559
34.085888
37.449730
Control Period
37.452801
34.105343
34.100227
37.440514
33.610752
33.615871
37.097473
34.123775
34.112511
33.664001
36.795391
33.844223
37.472260
37.446655
33.588226
37.012482
33.575935
33.569794
37.193726
37.458946
37.445633
33.649666
33.650688
37.255165
34.110466
34.050049
37.044224
33.598465
33.664001
36.982784
33.738750
34.111488
37.440514
33.636353
33.642494
36.946945
34.124802
34.105347
37.259262
33.492992
33.633282
37.040131
33.646591
33.914879
Control Period
37.446655
34.107391
34.084862
37.267456
36.817917
33.705986
37.107712
37.458946
33.980415
33.545219
36.965378
34.107391
37.447678
37.066750
33.686531
33.632256
37.007362
33.629185
37.150719
37.436417
34.113533
33.677311
37.026817
33.648643
33.999870
37.459969
33.941505
33.608704
37.031937
34.168831
34.094078
37.308418
37.066753
33.522690
36.936707
33.671169
33.677315
37.470207
34.107391
33.645569
36.948990
37.189629
37.442558
37.450752
33.775616
Control Period
33.670143
37.186562
34.124802
34.100224
37.462013
34.106369
34.088959
37.442558
37.437439
33.540096
33.567741
36.922371
34.083839
34.111488
37.453827
34.089981
33.879044
37.047295
33.357826
33.826813
37.455872
37.451775
37.469185
37.448704
33.761280
33.685505
37.175293
34.118656
34.128895
37.457916
34.128899
33.671169
36.991997
37.250046
34.112511
34.097153
37.471230
34.138115
34.136063
37.442558
37.335041
33.636353
36.928513
33.786880
34.097153
Control Period
37.450752
37.453823
34.100224
34.093056
37.448704
34.104321
34.106369
37.457920
37.456894
33.987583
34.092033
37.448704
34.118652
34.250751
34.089985
37.470207
34.116608
34.122749
37.453827
37.441536
34.118656
34.105343
37.465088
34.109440
34.092033
37.462013
37.445633
33.986561
33.662975
36.911102
34.025475
34.067459
34.114559
34.098175
34.107391
34.103294
37.465088
34.099197
34.117630
37.457920
37.470207
34.127872
34.102272
37.465088
34.123775
34.107391
Control Period
37.464066
37.460991
34.397186
34.487297
37.798912
37.476349
34.120705
34.082817
37.426178
37.452801
34.088959
34.097153
37.472256
34.116608
34.100224
37.445633
37.450752
34.092033
34.100224
37.441536
34.116608
34.123779
37.468163
37.485569
34.104321
34.129921
37.465088
34.098175
34.120705
34.119682
37.436417
34.125824
34.120705
37.476349
37.447678
34.112511
34.095104
37.459969
34.130943
34.087936
37.463039
37.457920
34.086914
34.094078
37.448704
34.116608
Control Period
34.099201
37.391361
37.436417
34.089981
34.107391
37.458942
34.103294
34.122749
37.457920
37.127167
33.654785
37.206017
37.444611
37.462013
34.085888
34.110462
37.447678
34.110466
34.116608
34.080765
37.060608
33.646591
33.745918
37.427200
34.080765
34.087936
37.457920
34.128895
34.112511
37.146622
37.067776
33.651711
34.091011
34.089981
34.100224
37.419006
34.117630
34.128895
37.444607
37.445633
33.610752
33.553406
37.322754
34.057217
34.112511
37.423103
Control Period
34.093056
34.081791
37.427200
37.450752
34.102272
34.106369
37.451775
34.088959
33.974274
36.902912
33.675262
33.941505
37.470207
37.441536
34.061310
34.086910
37.009407
33.595390
33.866753
37.476349
34.097153
34.104321
37.451775
37.332993
33.499138
33.661953
36.973568
34.132992
37.467136
37.463039
34.089985
34.078720
36.914177
33.697792
33.812481
37.447678
34.147327
34.117630
34.116608
37.221375
33.581055
33.674240
37.452801
34.099197
34.092033
Control Period
37.469185
34.099197
34.104317
34.105343
37.474304
34.105347
34.102272
37.453827
34.100224
34.121727
34.107391
37.465088
34.083839
34.114559
37.463039
37.465088
34.110466
33.910782
37.000191
33.615875
34.123775
37.466110
34.124802
34.094078
37.451775
37.464066
34.096130
34.104321
37.455872
34.104317
34.103294
34.098175
37.439487
34.103294
34.104321
37.479424
34.081795
33.651711
33.575935
36.979713
34.104321
37.446655
37.468163
34.116608
34.086914
Control Period
37.457920
34.110466
34.130943
34.117630
37.466110
34.093056
34.112511
37.433342
37.485569
34.086914
34.112511
37.443581
34.099197
34.111488
37.466110
37.440514
34.113533
34.097153
37.430275
34.096130
34.119682
34.122749
37.447678
34.084862
34.099197
37.463039
34.094078
34.126846
34.097153
37.445633
34.118656
34.103294
37.433342
34.099197
34.106369
34.117630
37.438465
34.119682
34.102272
37.024769
33.616898
33.871872
37.468163
34.106369
34.094078
34.098175
37.479424
Control Period
34.103294
34.089985
37.424126
37.445633
34.112511
34.089985
37.439487
34.076672
33.979393
37.037056
33.534977
33.815552
37.471233
34.103294
34.099197
34.102272
37.065727
33.550335
33.846272
37.460991
34.096130
34.106369
37.453823
33.822720
33.571838
37.039104
34.072578
34.102272
37.435394
37.436417
34.016258
33.547264
36.839424
33.852417
34.114559
37.440514
34.129921
34.105347
37.387260
33.600510
33.570816
37.410816
34.105343
34.123775
34.147327
Control Period
37.477379
34.108414
34.102272
37.220352
33.634304
33.509377
37.402626
34.083839
33.825790
36.859901
33.719296
34.116608
37.446655
36.885506
33.664001
36.840446
34.108414
34.099197
33.831936
36.799488
33.681408
36.879360
33.638401
34.099201
37.429249
37.300224
33.600510
36.880386
34.009087
34.145279
33.961983
37.016579
33.579010
34.006016
37.431297
33.681408
33.603584
36.874241
34.028542
34.102272
37.340157
33.561600
33.694721
37.020672
Control Period
33.529854
33.794044
37.437439
34.081791
34.068481
37.450752
34.100224
33.783810
37.066750
36.961281
34.096130
34.093056
37.474304
34.125824
34.073601
36.948990
33.468414
34.019329
37.446655
34.110466
34.117634
37.427200
36.915199
33.580032
37.316605
37.446655
34.118656
34.115585
37.455872
33.798141
33.595390
36.989952
34.095104
34.100224
37.068802
36.829185
33.771519
37.438465
34.105343
34.123775
34.110466
37.439487
33.556480
33.680382
36.856834
33.938431
Control Period
34.108414
37.456894
34.114563
34.104321
34.086914
37.464066
34.104321
34.144257
37.455872
34.115585
34.117630
34.099201
37.464066
34.121727
34.100224
37.474304
37.445633
34.093056
34.102272
37.445633
34.073601
34.104317
37.439487
37.447678
34.114559
34.106369
37.340160
33.562622
33.395714
37.373955
34.111488
34.117630
37.458946
37.448704
34.074623
34.098175
37.409790
34.114559
34.115585
37.463039
37.465088
34.147327
34.106369
37.446655
34.086914
Control Period
34.134014
34.106369
37.767166
34.506752
34.264061
37.443584
37.455872
34.121727
34.135040
37.430271
34.120705
34.095100
34.099201
37.451775
34.123779
34.117630
37.455872
37.482494
34.131966
34.116608
37.456894
34.115585
34.144257
34.089985
34.121727
37.437439
34.103294
34.115585
37.434368
37.448704
34.087936
34.091011
37.423103
34.085888
34.106369
37.441536
37.441536
34.094078
34.091007
37.453827
34.099201
34.110466
34.109440
37.449730
34.113533
Control Period
34.116608
37.454849
34.099201
34.097153
34.099197
37.457920
34.106369
34.138115
34.102272
34.089981
37.465088
34.094078
34.141182
37.453823
37.448704
34.119682
34.115585
37.452801
34.104321
33.655807
36.986877
33.685505
34.116608
37.443584
37.453823
34.107391
34.085888
37.485565
34.123779
34.095100
37.460991
37.445633
34.103294
34.119678
37.458946
34.109440
37.459969
37.460991
37.359615
33.634304
33.540092
37.402626
34.110466
34.097153
37.465088
34.089981
34.122753
Control Period
37.455872
37.441536
34.107391
37.465088
37.450752
37.446655
34.127872
34.109440
37.084160
33.685501
33.561600
37.279743
34.085888
34.098175
37.363712
37.446655
34.119682
34.126846
37.277695
33.610748
33.664001
37.469185
34.111488
34.097153
37.444607
37.434368
33.752064
33.672192
37.059586
33.959938
34.120705
37.442558
34.112511
34.112511
37.458942
37.424126
37.251072
36.913151
33.596416
33.658882
37.442558
34.086914
34.086914
34.094078
37.442558
34.094078
Control Period
34.102272
37.455872
37.429249
34.105347
34.097153
37.448708
34.123775
34.119682
37.456894
37.476353
34.088959
34.102272
37.457920
34.119682
34.119682
34.095104
37.450752
34.122753
34.143234
37.412865
37.464066
34.102272
34.094078
37.443584
34.104317
34.120705
37.449730
37.445633
34.120705
34.103294
37.483521
34.109440
34.109444
37.451775
37.460991
34.121727
34.095100
37.452797
34.104317
34.100227
34.118656
37.448704
33.574913
33.515518
37.111809
Control Period
37.452797
37.451775
34.107391
34.109440
37.465088
34.095104
34.092033
34.140160
37.434368
34.228226
34.082817
37.462013
37.444607
34.099197
34.110466
37.437439
34.064384
34.114559
37.448704
37.443584
34.084862
34.109440
37.422081
34.101250
34.124802
34.128895
37.444611
34.117630
34.091007
34.075649
34.105343
34.108414
37.435394
34.114559
34.101250
37.423103
37.471230
34.105347
34.117630
37.462017
34.093056
34.143234
37.471233
37.439487
34.108414
34.102272
37.451775
Control Period
34.099201
34.104321
34.081791
37.445633
34.087936
34.083839
37.462013
34.111488
34.108414
34.107391
37.484543
34.081795
34.122749
37.462017
37.456894
34.100224
34.120705
37.471233
34.104321
34.121727
37.467136
37.445633
34.109440
34.103294
37.437439
34.088959
34.086914
37.451775
37.450752
34.104321
34.078720
37.439487
34.093056
34.107391
34.093056
34.092033
37.451775
34.094078
34.088959
37.459969
37.465088
34.122749
34.094078
37.424126
Control Period
34.098175
34.101250
37.448704
37.467136
34.101250
34.117630
37.428223
34.078720
34.092033
37.443584
37.449730
34.093056
34.097153
37.441536
34.105343
34.092033
34.119682
37.433342
34.123779
34.108414
37.437439
37.457916
34.116608
34.103294
37.445633
34.089981
34.115585
37.436417
37.449730
34.091007
34.105343
37.445633
34.120705
34.112511
37.293056
36.834305
33.511425
37.288960
34.096127
34.087936
34.080769
37.463039
34.129921
34.106369
37.449730
37.456894
Control Period
34.099201
34.104317
37.449730
34.116608
34.109440
37.413887
37.452801
33.935360
33.487873
36.918274
33.850365
34.094078
37.456894
34.117630
34.119682
37.475327
37.434368
34.087936
33.822720
36.877312
33.458176
37.379074
37.478401
34.060287
34.089981
37.443581
34.131966
34.097153
37.165054
33.629185
33.759232
37.451775
37.441536
34.092033
34.137089
37.451775
34.109440
34.105347
34.124802
37.208065
33.674240
33.532928
37.382145
34.094078
34.095104
37.443584
Control Period
34.103294
34.091007
37.477375
37.457920
34.118656
34.092033
37.328896
33.502205
33.598465
37.305344
34.107391
34.099197
37.433342
34.108418
33.693695
33.693695
37.021698
34.105347
34.087936
36.861954
33.661949
37.262337
37.442558
34.105347
34.119682
34.098175
33.690624
36.921345
33.876991
37.439487
37.459969
34.097153
34.076672
37.457920
33.648640
33.626114
37.223427
34.118656
34.069504
36.933632
36.802559
34.016258
37.456894
37.427200
34.127872
Control Period
34.089985
37.440514
34.109440
34.091007
37.462017
37.431297
34.073601
34.084862
37.380096
33.572865
33.475586
37.334015
34.089981
34.086914
37.449730
37.451775
34.103294
34.050049
37.252098
33.617920
33.645569
37.476349
34.142208
34.137085
37.444611
37.446655
34.138111
33.981438
36.896767
33.614845
34.114559
37.447678
34.121727
34.107391
37.459969
37.455872
33.996799
33.628159
36.974594
33.811455
34.097153
37.445633
34.115585
34.081795
37.447678
Control Period
37.440514
34.123775
34.124802
37.470207
34.104321
34.108414
37.438461
37.473282
34.082817
34.086914
37.403648
34.106369
34.097153
37.434368
37.457920
34.121727
34.106369
37.443584
34.106369
34.097153
34.119682
37.441536
34.113533
34.109440
37.447678
37.452801
34.120705
34.102272
37.446655
34.095104
34.097153
37.426178
37.446655
34.105347
34.100224
37.451775
34.108418
34.124802
34.103294
34.126846
37.457920
34.081791
34.101250
37.452797
37.426178
Control Period
34.127872
34.123775
37.823486
34.460670
34.240509
34.099197
37.470207
34.083839
34.205696
37.435394
37.438461
34.103294
34.097153
37.455872
34.096130
34.095100
37.477375
37.451775
34.112511
34.096127
37.467136
37.456894
34.099201
34.121727
37.457920
34.113537
34.095104
37.463039
37.452801
34.312195
34.465790
37.816322
37.673985
34.124802
34.097153
37.437439
34.074623
34.083839
34.092033
37.447678
34.097153
34.114559
37.451775
37.458946
34.114559
34.136063
Control Period
37.459969
34.120705
34.127872
37.475327
37.484543
34.095104
34.083839
37.452801
34.127872
34.132992
37.465088
37.454849
37.455872
34.105347
34.123775
37.459969
34.107391
34.113533
34.101250
37.440514
34.115585
34.109440
37.400574
37.412865
34.103294
34.102272
37.444607
34.127872
34.102272
37.488640
37.484543
34.142208
34.127872
37.455872
34.112511
34.089985
34.051071
37.462013
34.091011
34.091007
37.442558
34.028545
33.686527
37.018623
37.261314
Control Period
34.104317
34.095104
37.465088
34.080769
34.093056
37.454849
37.432320
33.565697
36.886528
33.581055
34.104317
37.451775
37.447678
34.093056
34.079742
37.053436
33.565697
33.701889
37.455872
34.100224
34.115585
37.439487
37.138432
33.607681
37.194752
37.448704
34.108418
34.071552
37.479424
33.955841
33.601536
37.011456
34.080765
34.094078
37.227520
33.473534
33.657856
37.473282
34.119682
34.074623
34.105343
37.458946
33.971199
33.665024
36.893696
34.007042
Control Period
34.106369
37.440514
34.117630
34.070526
33.772545
37.002243
33.764351
34.085888
37.433342
33.625088
33.519615
37.233665
34.097153
37.433342
36.874241
33.586174
33.683456
37.464066
33.997826
33.495041
36.900864
33.654785
33.723392
36.873215
34.121727
34.091011
37.000191
33.556480
33.541122
37.243904
34.111488
34.089985
36.926464
33.666046
33.960960
37.472256
37.433342
33.534973
33.604607
37.050369
34.123775
34.131966
36.943871
33.459198
36.998146
Control Period
33.571838
33.632256
37.469185
37.453823
34.077698
34.117630
37.477379
34.108414
33.986557
36.904961
33.647614
33.927170
37.462013
34.100227
34.099197
34.106369
37.225471
33.582081
33.581055
37.474304
34.101250
34.089985
37.422081
34.009087
33.543167
36.945919
33.871872
34.118656
37.456894
37.458946
34.089985
33.794048
36.897789
33.602562
34.105343
37.453823
34.088959
34.122749
37.470207
37.335041
33.548286
33.485825
37.443584
34.124802
34.098175
37.454849
Control Period
34.093056
34.096127
37.473282
37.446655
34.118656
34.106369
37.416962
34.107391
34.122753
37.471230
37.469185
34.049023
34.116608
37.438465
34.110466
34.094078
34.098175
37.440514
34.103294
34.119682
37.452801
34.123775
34.110466
34.105343
37.439487
34.111488
34.098175
37.443584
34.125824
34.095104
34.141182
37.236736
33.629185
33.605633
37.142529
34.120705
34.113537
37.493759
34.084862
34.118652
34.082817
37.447678
34.107391
34.106369
37.471230
Control Period
37.470207
34.104317
34.121727
37.463039
34.092033
34.087936
37.438461
37.442558
34.094078
34.114563
37.445633
34.097153
34.096130
34.105347
37.445633
34.099197
34.109440
37.438465
34.093056
34.084862
34.123775
37.456894
34.084862
34.117630
37.444611
34.108418
34.113537
34.093056
37.426178
34.116608
34.109440
37.459969
37.466110
34.106369
33.942528
36.896767
33.583107
33.904640
37.457920
34.089985
34.137089
37.440514
37.433342
34.084862
34.113537
37.458942
Control Period
34.086914
34.091011
37.448704
37.443584
34.108414
34.115585
37.088257
33.544193
33.889282
37.450752
34.099197
33.753090
37.081089
33.699837
34.098175
37.435394
33.687553
33.501183
36.969471
34.087936
34.086914
37.451775
37.444611
34.000896
33.568768
36.962303
34.109440
34.111488
37.265408
33.652737
33.647614
37.450752
34.109440
33.602562
37.015553
33.908737
34.108414
37.447681
37.459969
34.127869
33.799168
36.997120
33.652737
33.971199
37.455872
33.890305
Control Period
33.633278
36.886528
34.109440
34.106369
37.366783
37.051392
33.548286
37.281792
34.113537
33.933311
37.003265
33.590271
33.599487
36.972542
33.829887
34.107391
37.434368
36.841473
33.579010
37.012482
33.509377
33.645569
37.459969
34.105347
33.762306
36.956161
33.479679
33.518593
37.030914
33.889282
34.118656
37.457920
33.674240
33.574913
37.055489
33.624062
33.904640
37.446655
34.073601
33.695744
36.978691
36.967422
33.687553
37.173248
34.104321
34.110466
33.800194
Control Period
36.861954
33.616898
37.410816
37.463043
34.101250
34.124802
37.362686
33.662975
33.698814
37.192703
34.106369
34.109440
37.466110
37.447678
33.700867
33.647617
37.008385
34.072578
34.101250
37.167103
33.523712
33.585152
37.464066
34.096127
34.118652
37.472256
34.000893
33.557503
109.791611
118.761475
119.404541
118.990845
119.623680
119.233536
Control Period
118.423553
116.579330
117.436417
116.994049
117.387268
116.397049
117.115906
117.486588
116.609024
117.877762
116.357117
117.148666
117.274628
117.444611
116.396034
116.964355
Control Period
110.210052
60.395519
60.063744
57.848831
59.950081
57.746433
59.962368
60.094467
57.564159
59.870209
57.859074
59.965439
57.540607
60.053505
57.858047
59.795456
57.580544
57.862144
57.704445
57.563137
57.686016
57.872383
57.718781
59.797504
57.713661
60.098560
57.606144
59.789314
57.754623
60.061695
59.763710
57.831425
Control Period
60.077057
57.200638
56.609795
56.327171
56.273918
56.677376
56.601601
58.674175
56.305664
56.399872
56.366081
56.301567
56.368126
56.366081
58.370049
56.697853
54.459393
58.546173
56.403969
54.377472
58.586113
56.339455
54.477825
58.693634
56.347649
56.396801
56.249344
58.611710
56.690720
54.542336
58.490883
56.380417
56.347649
56.393730
56.280064
Control Period
56.241150
56.377342
56.695808
56.697857
58.611713
56.409088
56.296448
56.395775
56.408066
56.463360
56.804352
58.627071
56.236031
56.406013
56.370178
56.335361
56.144897
56.252415
56.419327
58.677246
54.494209
58.643456
56.374271
56.371201
56.397823
56.329216
56.382462
56.281120
56.623104
56.687614
58.622978
56.327168
56.369152
56.330238
Control Period
56.474625
56.413185
56.242176
58.638336
56.741890
54.546432
58.618881
56.246273
56.377342
56.240128
56.395775
56.352768
56.381439
56.625153
56.542206
58.572800
56.429565
56.410110
56.384514
56.385536
56.228867
56.373245
58.613762
56.606720
54.437889
58.653694
56.294399
56.385536
56.351746
56.379395
56.411167
56.260605
56.685570
Control Period
56.698879
58.573822
56.351746
56.221695
56.345596
56.381439
56.385536
56.384514
58.604546
56.263680
54.414337
58.617859
50.381824
58.941437
56.372223
56.351746
56.431618
56.275967
58.656769
56.472576
54.463486
58.607616
56.368126
56.389633
56.378365
48.114689
55.464958
52.696064
52.801537
52.860928
52.829185
52.885506
52.870144
52.869118
Control Period
54.623230
52.410370
55.048195
52.818947
52.806656
52.867073
52.907005
52.815872
52.831230
49.244160
52.878334
52.827133
52.795395
52.678658
52.786179
52.848640
52.838402
52.838402
52.466686
52.951042
52.694016
52.850689
52.840446
52.847618
52.841473
52.837376
52.727806
54.786049
52.564995
52.979713
52.811775
52.751358
52.880383
52.872192
Control Period
52.851711
52.717567
52.861954
52.300800
54.860802
52.861954
52.677631
52.832256
52.859905
52.853760
52.879360
52.858879
54.748161
49.742847
54.605824
58.583038
56.366081
56.436737
56.398849
56.300545
56.366081
56.306686
56.681503
56.698914
58.671104
56.434689
56.360962
56.386559
56.433662
56.616959
56.710144
58.809341
56.370178
56.356865
Control Period
56.407043
56.321022
54.180862
54.597633
52.683777
52.995071
52.840446
52.824066
52.865025
52.858879
54.774780
52.670464
52.830208
52.840446
52.870144
52.863998
52.916222
52.823040
52.869118
55.042046
50.476032
55.142399
52.933632
52.834305
52.846592
52.828159
52.757504
52.492287
54.669312
52.804607
52.757507
52.861954
52.860928
Control Period
52.824062
52.868095
52.881439
54.783997
52.813824
50.619392
56.580093
56.322048
56.425472
56.378365
56.387581
56.633347
56.736771
58.807297
56.204288
56.387581
56.398849
56.393730
56.597504
56.275970
58.608643
56.823807
56.498177
56.378365
56.402946
56.431618
56.391678
58.733566
56.701950
54.430721
58.587135
56.389633
56.406013
56.304642
58.630142
Control Period
54.317055
56.337410
56.728577
58.732544
56.421375
56.389633
56.398849
52.350975
54.689793
52.917248
52.862976
52.721664
52.852737
52.846592
52.857857
54.628349
52.542465
52.836349
52.841473
52.857857
52.861954
52.870144
52.796417
52.899841
53.055489
52.850689
53.107712
52.945923
52.858879
52.808701
52.848640
52.751358
52.491264
54.711296
Control Period
52.838402
52.771843
52.841473
52.863998
52.869118
52.508675
48.125954
58.936321
56.436737
56.368126
56.375298
56.355843
58.624001
56.701950
54.470657
58.682365
56.295425
56.327168
56.407040
58.632195
54.422527
56.393730
58.811394
56.645630
56.522751
56.416256
56.314880
58.606590
52.442112
56.604671
56.402946
56.411137
56.380417
56.419327
Control Period
56.697853
56.639488
58.717186
56.292351
56.419327
56.386559
56.380417
56.427521
56.718338
58.698753
56.391678
56.365059
56.424446
56.407040
56.396797
56.413185
58.544128
56.835106
56.431618
56.411133
56.372223
56.418304
56.386559
58.659840
56.772606
54.609917
58.600449
56.378368
56.370178
56.341507
56.376320
56.379391
56.425472
58.594303
56.361984
Control Period
58.651649
56.447998
50.506752
56.647682
58.736641
56.397823
56.394753
56.343552
56.265728
56.259583
56.630272
58.772480
56.332287
56.414207
56.212479
56.401920
56.391678
56.441856
56.894463
56.736767
58.634239
56.665089
56.462334
56.360962
56.285187
56.711166
56.687614
58.670082
56.444927
56.380417
56.399872
56.404991
56.417282
56.407040
Control Period
58.584061
56.463360
56.383488
56.403969
56.327168
56.422401
52.540417
55.097343
52.979713
52.833282
52.879360
48.729088
55.397377
54.858753
52.782082
52.811775
52.845566
52.845566
52.897789
52.819969
52.872192
54.789120
52.770817
53.054466
52.838402
52.879360
52.713470
53.024769
55.092224
52.717567
52.979713
52.880383
52.871170
Control Period
52.851711
52.862976
54.794239
52.545536
52.958206
53.074944
52.839424
52.746239
52.947968
54.801407
52.851711
53.324799
51.444733
55.379967
53.095421
53.096447
52.962303
53.074944
55.009277
53.098495
53.108734
53.137405
53.137409
53.083138
53.004288
53.111809
53.122047
53.126144
55.357437
53.197823
53.114880
52.996094
53.042175
52.719620
Control Period
55.071747
53.128189
53.118977
55.086082
52.995071
53.124096
53.123070
53.091328
52.572159
55.172096
53.175293
52.974594
53.114880
52.978691
55.353344
53.114880
53.064705
53.118977
53.142529
55.101440
53.093376
53.165054
53.142525
53.126144
55.032833
53.089279
53.178368
53.084160
55.070721
52.905983
53.020672
53.004288
Control Period
53.122047
52.737022
55.407616
53.102592
53.110786
55.029762
52.839424
53.135361
53.089279
53.048317
53.055489
55.140350
53.124096
52.995071
53.126144
53.092354
55.354370
53.058559
49.562622
53.083138
53.086205
53.110786
52.975616
53.147648
55.195648
48.924675
55.306240
53.125122
53.135361
55.045120
53.010429
53.105663
53.155838
53.195778
Control Period
52.995071
55.063553
52.708351
58.876930
56.619007
56.658943
56.482815
58.908672
56.420353
56.648705
56.676353
56.642563
56.970238
56.922112
56.629250
56.678398
58.894337
57.091072
54.851585
56.688641
56.591362
54.661118
54.822914
53.042175
53.028862
52.961281
53.092354
52.801537
55.141376
53.170174
53.125122
55.049217
52.841469
53.190659
Control Period
53.140480
53.110786
52.697086
55.241730
53.017601
53.066753
53.132286
55.084030
53.060608
53.082115
53.283840
53.127167
53.138432
53.067776
53.165054
53.149696
53.259262
53.078018
53.135361
53.163010
53.100544
53.122047
55.057407
53.021698
53.132286
46.743553
57.073662
53.090302
53.166080
53.084160
53.028862
55.175171
53.039104
53.208065
Control Period
55.144447
52.834305
53.096451
53.123070
53.059586
52.781059
55.099392
53.109760
53.012482
54.959106
50.933762
53.314560
53.386238
55.233536
53.158913
53.105663
53.154816
54.935555
53.144577
53.155838
53.028862
53.087231
53.143555
55.283714
53.009407
53.140480
53.191681
53.303299
55.193600
53.428223
53.199875
53.114883
53.123070
53.065727
Control Period
53.136383
52.952065
53.189632
55.156738
53.114880
53.104637
53.129215
55.012352
52.851715
53.404671
53.240829
53.156864
52.863998
55.167999
53.088257
53.061630
55.061501
53.097473
53.370880
53.093376
53.037056
52.749313
55.139328
53.145599
53.199871
55.280640
53.029888
53.166080
53.029888
53.144577
52.820992
55.120895
53.157887
Control Period
53.111809
55.061504
52.929535
53.123070
53.095421
53.170174
53.099518
55.084030
53.497856
53.187584
55.053310
53.014526
53.137409
53.122047
53.113853
52.769791
55.275520
49.077248
55.704575
53.114880
53.092354
53.001213
53.156864
55.046143
53.100544
49.100800
57.125885
53.097473
53.145599
53.115906
53.058563
55.126015
53.144577
53.435394
55.284737
Control Period
53.051392
53.109756
53.103615
53.074944
52.853760
55.405567
53.101570
53.008385
55.070721
52.915199
51.259392
53.222397
53.114883
54.885376
53.098495
53.158913
53.117950
53.112831
52.820992
55.044098
53.210114
53.191681
54.905853
52.883453
53.127167
46.898178
57.595901
53.176319
51.284988
55.252991
53.138432
53.132286
53.127167
Control Period
52.983810
55.080959
53.203968
53.072895
53.157890
53.152771
53.134338
53.127167
53.255169
53.337090
53.150719
53.158913
53.321728
53.145599
54.908928
53.321728
53.098495
53.026817
53.082115
51.545090
53.283840
53.110786
53.068802
53.137409
55.133186
53.107712
53.209091
51.593216
53.241856
53.063683
54.940674
52.865025
53.145599
53.063679
Control Period
53.148674
53.020672
55.243774
53.099518
53.109760
55.092224
52.889603
53.113853
53.239807
53.391357
52.849663
54.955009
53.141502
53.137409
55.061501
52.917248
53.131264
51.470337
55.250946
53.139458
53.096451
53.275650
52.947968
55.068672
53.255169
53.300224
50.892799
54.974464
56.777725
58.876930
56.723457
54.713345
58.913792
Control Period
56.704002
57.188354
58.980354
56.659966
56.749054
59.033600
56.938496
56.660992
56.655872
56.660992
56.964096
58.885117
56.695808
56.532990
59.022339
57.244675
56.715263
56.694786
56.774658
54.757378
61.648895
56.671230
56.647682
56.663040
58.808319
56.805374
56.662018
56.677376
58.899456
56.665085
56.685570
56.686592
56.731647
59.055103
Control Period
56.686592
56.912895
56.683517
58.885120
56.431618
56.872963
56.937469
56.730621
58.868736
56.652802
56.595455
56.695808
59.038719
56.672256
56.795135
56.934402
56.846336
58.944511
56.810493
56.646656
56.719360
59.041794
56.747009
56.604675
56.690689
56.672256
58.818558
56.678398
54.756351
58.951683
56.838142
56.950783
57.062401
Control Period
58.962944
56.761345
56.653824
58.898430
54.938622
54.862846
61.537281
56.716290
56.684544
56.665089
54.512642
52.077568
59.159554
56.581123
56.719360
56.775681
58.983421
56.670208
56.857597
58.917889
54.829056
59.151360
56.714241
56.951809
56.938496
58.809345
56.764416
58.899456
56.918015
54.875137
56.751106
56.670208
56.866814
57.261055
Control Period
56.790016
56.681473
58.941437
57.027584
56.730621
56.751102
56.642563
56.931328
59.010048
56.646656
56.932350
59.229187
56.499199
56.958977
56.941566
56.815613
58.901505
56.666111
56.615936
56.795135
56.819710
61.182976
56.625153
56.655872
56.600578
56.870911
59.304958
56.752129
56.678398
58.904575
56.678398
56.692734
56.774658
Control Period
56.803329
59.090942
56.694786
56.944641
56.679424
58.901505
56.431618
56.853504
56.948738
56.790016
59.143166
56.656895
56.540161
56.757248
59.163647
56.684544
56.674301
56.654846
56.674305
58.980354
56.706047
56.652802
56.706047
59.169792
56.738815
56.594429
56.815617
56.748032
58.899456
56.910847
56.833023
57.027584
56.934402
56.652802
Control Period
58.888191
57.087997
56.736771
56.609791
56.644608
57.094147
58.930176
56.665089
56.939522
59.180031
56.588287
56.793087
56.901634
56.716286
58.894337
56.684547
54.449150
57.224190
57.096191
56.635391
56.663040
58.861565
56.864769
54.812672
56.710144
56.649727
56.947712
57.370625
56.750080
56.783875
59.082752
56.672256
56.724480
56.909824
56.929279
Control Period
58.880001
56.634369
54.833153
59.172867
56.582146
56.683517
56.671234
58.881023
56.785919
56.743935
56.711166
56.783871
59.196415
56.908798
56.986626
57.040894
56.810497
56.594433
58.919937
56.953857
54.710274
59.162624
56.758270
56.938499
57.001984
56.727551
56.773632
58.887169
56.999939
55.013374
56.715263
56.788994
58.869759
Control Period
56.698879
58.697731
56.641537
56.812546
56.733696
59.157501
56.693760
54.743042
58.888191
54.803455
59.043839
56.687614
56.736771
57.005054
58.949631
56.717312
56.631294
59.191296
54.827007
56.665085
56.906754
56.885246
59.144192
56.744957
56.772606
59.065346
56.677376
56.680450
56.775681
56.712193
58.858498
56.749054
56.979454
56.801277
Control Period
58.892288
56.682495
56.873985
56.952835
56.744961
58.905602
56.825855
56.811520
56.708096
58.986496
56.921089
56.639488
56.654846
56.719360
59.117569
56.796158
56.877056
56.936447
58.881023
56.757248
56.623104
59.054077
54.785027
58.851326
56.911873
57.145344
56.918015
57.020416
56.710144
58.811394
57.102333
56.729599
Control Period
56.767487
56.692734
59.052032
56.725502
56.759293
56.881153
59.088898
56.586243
56.821762
56.943615
56.801281
58.867714
50.552834
59.144192
50.334721
55.915520
53.157890
53.101570
55.030785
53.118973
53.367809
53.234688
53.253151
55.332863
53.259262
53.152771
55.308289
52.869118
53.440514
53.286911
53.324799
55.182335
53.121025
53.156864
Control Period
53.174271
54.941696
53.182465
53.137405
53.153793
53.389313
55.213058
53.253120
53.271553
53.357567
53.330944
53.389313
55.170048
52.920319
53.163010
53.256191
53.153793
52.866051
55.184387
51.250175
53.171200
53.293056
55.122944
52.994049
53.297150
53.274624
53.363708
55.294975
53.144577
53.402626
53.233665
53.113857
53.126144
53.120003
53.152767
Control Period
53.134338
53.287933
53.216255
53.166080
53.299202
53.174271
53.314560
53.417984
55.198723
53.248001
53.152767
53.273598
52.856834
55.284737
53.160957
53.108734
55.299072
53.002239
53.060608
53.324799
53.366783
55.132160
53.161983
53.405693
53.271553
55.368706
53.302273
53.274624
53.112831
53.192703
53.153793
53.242882
51.210243
Control Period
55.505920
53.131264
53.234688
53.255165
53.415936
53.242882
55.317505
52.888577
53.373955
53.160957
53.124096
52.781055
55.182335
53.156864
53.385216
55.302143
53.177345
53.260288
53.114883
53.287933
55.126015
53.096451
53.348351
53.272575
55.579651
53.145599
53.109760
53.163010
55.353344
53.154816
53.335041
53.154816
53.195778
53.187584
Control Period
53.403648
53.249023
53.156864
53.442558
53.187584
53.192703
53.421055
55.161858
53.135361
53.184513
55.116798
52.837376
53.249023
53.143551
53.009407
53.412865
55.336960
53.127167
53.338112
55.398399
52.911102
53.126144
53.321728
53.401600
55.081985
53.134338
53.123070
53.172226
55.349251
53.207039
53.069824
53.240833
53.152767
Control Period
55.059456
53.428223
53.365761
53.222401
53.303295
53.369858
53.051392
53.142525
53.135361
48.991234
55.786499
53.091328
53.157890
53.149696
55.201790
53.383167
53.414909
53.313538
52.925438
55.236610
53.339134
53.312515
51.176445
55.841793
55.209984
53.117950
48.999424
55.068672
53.156864
53.050369
55.224319
53.011459
53.368832
53.200897
Control Period
53.246975
55.252991
53.214207
53.378048
53.413887
53.157890
53.181442
53.254143
55.051262
53.231617
53.413887
53.316608
52.954113
55.399426
53.653503
53.430275
53.157890
53.378048
53.412865
55.326721
53.420033
53.273598
53.323776
53.064705
49.186817
55.479294
53.308414
53.132286
53.195778
53.417984
53.287937
55.234558
53.332993
53.368835
Control Period
53.424126
51.600384
53.440514
53.432320
53.194752
53.417984
53.312515
55.234558
53.353470
53.473282
53.136383
52.904961
55.350273
53.267456
53.304321
55.148544
53.224449
53.429249
53.340160
53.400574
53.275650
53.332993
53.223423
55.351295
53.449730
53.274624
55.285759
53.032959
53.360641
53.232639
53.324799
53.322754
53.381119
Control Period
53.371902
55.407616
53.514240
53.357567
55.255043
53.121025
53.375999
53.363712
53.353470
53.394432
53.257217
53.121025
55.411713
53.386238
53.248001
55.367683
53.441536
53.383171
55.118847
53.532673
53.405697
53.273602
55.306240
53.235710
53.298176
53.306366
55.481346
53.272575
53.300224
53.365761
53.287937
53.321728
53.278717
53.123070
Control Period
55.391235
53.260288
53.305344
55.542786
53.308418
53.312511
55.368706
53.478401
53.443581
53.404671
55.285759
53.340160
53.330944
53.220352
53.458946
53.167107
53.201920
55.290878
53.402626
53.164032
53.238785
52.971519
55.407616
53.448704
53.320702
53.261314
53.318657
53.451775
55.311359
53.386238
53.317635
53.525505
55.367680
53.332993
Control Period
53.388290
55.312386
53.434368
53.305344
55.358467
53.116928
53.359615
53.236736
53.465088
53.400574
53.270531
53.378048
55.421951
53.115906
53.306366
55.205887
53.112831
53.372929
53.346306
55.532543
53.343231
53.459969
53.462017
55.366653
53.259262
53.348351
55.357441
53.326847
53.298176
53.427200
53.256191
53.270531
49.783806
Control Period
53.585922
53.390335
53.336063
55.107582
53.297150
53.409790
53.310463
55.441406
53.393410
53.218304
55.319550
53.450752
53.309441
53.224449
53.132286
55.353344
53.294079
53.353470
55.327744
53.439487
53.348351
55.323647
53.686272
53.293053
53.255165
55.306240
53.470207
53.256191
53.368832
53.385216
53.300224
53.234688
55.347198
53.464066
Control Period
53.435394
53.473282
55.227394
53.283836
53.427200
53.398529
53.127167
53.232643
53.345284
55.305214
53.524479
53.171204
53.393410
53.057533
55.410690
53.394432
53.284863
53.109760
53.391357
53.427200
55.192574
53.399551
53.427200
53.377022
53.102592
55.202816
53.167107
53.432320
55.445503
53.267456
53.202942
53.393410
53.405693
Control Period
53.367805
53.329918
53.039104
55.225346
53.284866
53.297150
55.354370
53.285889
53.398529
53.110786
55.615486
53.245949
53.479424
53.403648
55.236610
53.316608
53.298176
55.303169
53.127167
53.424126
53.289986
53.251072
53.371902
53.398529
53.401600
55.245823
53.253120
53.281792
55.232513
53.176323
53.201920
53.292030
53.332993
55.276543
53.350403
Control Period
53.262337
53.344257
53.430271
53.407745
55.170052
53.127167
53.360641
53.273602
53.265408
55.322624
53.472256
53.405697
55.336960
53.435394
53.426178
55.319550
53.210114
53.359615
53.313538
53.163010
53.245953
53.430275
53.158913
55.332863
53.451775
53.282814
55.241730
53.272575
53.437439
53.264381
53.346306
53.334015
53.285889
53.394432
Control Period
55.398399
53.428223
53.263359
55.273472
53.460991
53.433342
55.299072
53.377022
53.439491
53.423103
55.297024
53.429249
53.410816
53.343231
53.186562
53.452797
53.284863
55.405567
53.401600
53.266434
53.350399
55.300095
53.370880
53.334015
53.329918
53.371902
53.412865
55.206909
53.172226
53.547009
53.308414
53.296127
55.193600
53.365761
Control Period
53.304321
53.337090
53.371902
53.294083
55.352318
53.283836
53.273598
53.250050
53.218304
55.291904
53.348351
53.320702
53.329918
53.286911
53.347328
55.417854
53.328896
53.657600
53.255165
53.223423
53.438465
53.281792
53.241856
55.389183
53.514240
53.347328
55.348225
53.316605
53.302269
53.283840
53.369858
53.309441
53.342209
Control Period
53.088257
55.376896
53.314560
53.215233
55.237633
53.285889
53.343231
53.322754
53.443584
53.356544
53.299202
53.423103
55.266304
53.437439
53.381119
55.268353
53.410816
53.640190
55.337982
53.406719
53.275650
53.410816
55.257088
53.452801
53.293053
53.269505
53.284866
53.389313
53.349377
55.413757
53.416962
53.402626
53.424126
55.389183
Control Period
53.442558
53.393410
55.196671
53.495808
53.272575
55.348225
53.368835
53.402626
53.320702
53.231617
53.299202
53.469185
53.108734
53.343231
53.261314
53.304321
55.234558
53.373951
53.650429
53.253120
55.546883
53.391361
53.407745
53.337090
55.374847
53.438461
53.267456
55.326721
53.355518
53.212158
53.329918
53.429249
53.347328
Control Period
53.430271
53.981186
53.479424
53.354496
53.172226
55.294975
53.301247
53.409790
54.956032
53.146626
53.350399
53.410816
53.236736
47.029247
57.764862
53.269505
53.370880
53.422081
53.305344
51.302399
53.167107
53.402626
55.133186
53.140480
53.219330
53.346306
53.422081
53.242882
53.348351
53.396481
55.356415
53.767166
53.401600
Control Period
55.506943
53.306366
53.251072
53.346306
53.383167
53.296127
53.266434
49.039360
57.498623
53.379074
53.246975
53.313538
53.381119
53.252098
53.420033
55.418880
53.446655
53.422081
55.382019
53.249023
53.300224
53.396477
53.440514
53.371902
53.145599
53.402626
55.379967
53.284866
53.381119
55.297024
53.332993
53.301247
53.381119
Control Period
53.330944
53.384193
53.339134
53.346306
55.384064
53.339134
53.275650
55.328766
53.320702
53.239807
53.425156
53.423103
53.320702
53.358589
53.137405
53.371902
53.453827
55.599106
53.202942
53.698563
53.615616
53.208065
53.301247
53.405697
55.156738
53.400574
53.280769
55.266304
44.894207
57.867264
53.385216
55.290878
53.379074
53.229568
Control Period
53.317635
53.138432
55.635971
53.329918
53.318657
53.245949
53.372929
55.274498
53.428223
53.526527
53.151741
55.630848
53.234688
53.314560
53.375999
55.434242
53.332001
53.527550
55.341057
53.322754
53.361664
53.299202
53.311485
53.301247
53.441536
53.114880
55.316479
53.296127
53.308418
55.357441
53.424126
53.320705
53.332993
Control Period
53.324799
53.336063
53.676033
55.546883
53.249023
53.394432
53.514240
53.547009
53.437439
55.342079
53.306366
53.316608
53.281792
53.360641
53.373955
53.663742
53.092354
53.494785
55.922688
53.359615
55.363583
53.159935
53.258240
53.367805
53.324799
55.303169
53.420033
53.315582
55.374847
53.382141
53.353470
55.240704
53.123070
Control Period
53.363712
53.372925
55.582718
53.306366
53.336067
53.532669
55.383041
53.312515
53.334015
55.331841
53.359615
53.389313
53.378048
53.435394
53.305344
53.381119
53.090305
51.561470
53.145599
53.281792
53.456894
53.043198
55.736320
53.659649
53.560318
53.352448
53.351425
55.272446
53.211136
53.307388
53.248001
55.656448
53.307392
53.411842
Control Period
53.447681
55.273472
53.443584
53.533699
55.301121
53.399551
53.517311
55.299072
53.531647
53.320702
53.417984
55.287807
53.391357
51.391487
55.480320
53.218307
53.314560
55.218178
53.213184
53.482498
55.694336
53.492737
53.412865
55.665665
53.541889
53.414909
53.244926
55.336960
53.416962
53.265411
53.289986
53.355522
53.386238
Control Period
53.259262
55.377922
53.672958
53.695488
53.538818
53.359619
53.684227
55.548927
53.446655
53.351425
55.451649
53.429249
53.332993
55.291904
53.224449
53.280769
53.331970
53.355522
46.973953
57.818111
53.662720
55.548927
53.269505
53.235710
53.252098
53.047295
55.261185
53.463039
53.246975
55.613441
53.332993
49.820671
53.672958
53.310463
Control Period
53.267456
55.326721
53.694466
53.477379
55.152641
53.723137
53.497856
55.194626
53.410816
53.219330
53.389313
48.873474
61.295616
56.918015
56.915970
59.118591
54.969345
56.817665
56.867840
59.105278
56.756226
56.859650
56.964096
59.346943
57.177086
59.216896
56.754173
57.230335
59.165695
55.162880
57.103359
56.694786
59.374592
Control Period
56.933376
54.982655
59.561985
56.873985
58.987518
56.844288
56.820736
56.873985
59.184128
57.229309
59.353088
56.955902
56.942589
59.092995
54.967297
59.025406
56.854530
57.185280
59.200512
56.930305
56.974335
53.123070
56.815617
56.894463
59.192322
56.944641
57.036800
59.446274
57.011200
56.971268
56.829952
58.987518
Control Period
56.946686
56.864769
57.113602
56.920063
56.834049
59.144192
57.272354
56.949760
56.821762
56.944641
59.409409
57.197571
59.321342
52.736000
57.062401
56.887299
56.808449
59.138046
56.962048
56.720383
56.942593
59.272194
56.994816
58.951683
57.402367
57.240578
59.378689
55.101440
56.964096
56.810493
59.089920
56.829948
57.001984
52.957184
55.748608
Control Period
53.309441
46.990337
57.555969
53.362686
53.258240
53.347328
53.630978
53.588993
55.444481
53.291008
53.477379
53.258240
53.400574
53.393410
55.629822
53.124096
53.396481
53.354496
55.644157
53.436417
53.431297
53.101570
55.777283
53.693439
55.400448
53.355522
53.498878
55.142403
53.304321
53.412865
53.367809
53.393410
53.170174
49.502209
Control Period
55.660545
53.296127
55.553024
53.362686
53.706749
53.334015
55.333889
53.402626
53.265411
55.513088
53.280769
53.348351
55.183357
53.434368
53.425152
53.300224
53.177345
55.387138
53.356544
53.357567
53.406723
53.641216
55.170048
53.183487
53.394432
53.292030
53.435394
55.446529
53.317631
53.365761
55.476223
53.440514
53.348351
Control Period
55.274498
53.400574
50.732033
57.002014
56.908798
59.051006
57.089024
56.984573
59.083775
55.108608
56.937473
56.900608
59.166718
56.862720
56.818687
57.170944
59.166721
57.015297
59.438080
57.001984
56.781822
56.812546
56.840195
59.180031
56.927231
57.030655
59.640831
56.988670
56.916992
59.353088
56.897537
59.116547
57.174015
Control Period
56.942593
56.930305
56.815617
59.091969
56.908798
56.873985
57.177086
57.075710
56.908798
52.651009
61.706242
57.108482
59.370499
56.927231
56.801281
56.858658
56.757248
59.120640
56.745987
56.949760
57.142273
57.017342
56.840191
59.106304
56.932350
56.867844
56.911873
57.190399
52.601856
55.566338
55.455742
53.428223
53.348351
Control Period
55.447552
53.298176
53.317635
53.284863
53.328896
53.184509
53.371902
53.292030
55.339008
53.703682
53.494781
55.781376
53.339134
53.248001
55.488510
53.627907
53.520386
55.520256
53.153793
53.561344
53.346306
55.281662
53.345284
53.318657
55.263229
53.318657
53.382145
53.260288
53.628929
53.423103
53.681152
55.589890
53.327873
Control Period
53.377026
53.339134
53.354496
53.390335
53.208061
55.115776
53.298180
53.244926
53.447678
53.157890
55.485439
53.513214
53.662720
53.506046
53.334015
55.292931
53.391361
53.215233
53.225471
55.568382
53.387264
53.450752
53.264381
55.449600
53.492737
53.321728
55.344128
53.436417
53.304321
55.291901
53.338112
53.291008
53.313538
Control Period
53.081089
46.301186
62.256126
57.134079
59.061249
55.051262
56.941566
57.006081
59.345917
56.932350
57.221123
59.295746
56.856575
56.920067
59.124737
56.929283
56.887299
59.119614
55.184387
57.035774
56.940544
59.183105
56.783875
56.837120
57.202690
57.094143
56.818687
59.063297
56.828926
56.852478
56.911873
56.964096
59.268097
56.805374
57.206783
Control Period
59.258881
57.035774
57.249794
59.260929
56.904705
58.988541
50.483200
56.112129
53.666817
55.386112
53.417984
53.384193
53.424126
50.768898
59.290623
56.979454
56.970242
56.950783
59.154434
56.931328
57.165825
59.209728
56.928257
57.161728
59.322369
57.008125
53.206017
57.013248
56.959999
59.083778
56.707069
56.848385
56.876030
56.908798
Control Period
59.084801
56.851456
57.165825
59.126785
46.739456
55.534592
53.356544
53.402626
53.371902
53.419006
55.300095
53.201920
53.359619
53.352448
55.464958
53.297150
53.329918
53.342209
49.142784
55.513084
53.336067
53.284866
53.486595
53.697536
55.504898
53.313538
53.240829
53.201920
55.835648
53.243904
53.281792
53.280769
55.449600
53.420029
Control Period
53.348351
55.176193
53.094398
53.395454
53.367805
53.405693
53.478401
53.344254
53.453827
55.453697
53.295105
53.378048
55.225342
53.541889
53.510147
55.261185
53.306366
53.232639
53.356544
55.366657
53.360641
53.390335
53.480446
53.637119
53.335037
55.237633
53.304321
53.312511
53.699585
53.594109
53.345280
53.270531
53.158913
Control Period
55.437309
53.284866
53.312515
53.382141
53.416962
53.388287
55.689217
51.120129
55.262207
57.035774
59.231232
56.941566
56.797184
56.821762
56.934402
59.257858
56.938496
59.090942
56.822784
56.818687
56.983551
59.458561
56.974335
59.046913
57.325569
56.968193
56.908798
56.932350
59.005951
56.980480
57.168896
59.478016
56.801277
56.815617
Control Period
59.089920
56.911873
56.863747
59.194366
55.013374
56.788994
57.134079
59.310081
56.753151
54.719490
61.486080
56.866814
56.950783
57.189377
56.878082
56.760319
57.133057
59.510784
57.209854
57.235455
56.913918
56.769539
59.117569
57.303040
56.864769
56.766464
55.459839
57.268227
57.240578
56.945663
56.872963
59.139072
56.922112
Control Period
56.875008
57.007103
56.876030
59.294720
56.829952
57.270271
59.383808
56.843262
56.981506
59.299839
56.972290
59.161598
57.325569
56.984573
56.899582
56.907776
59.085823
56.852478
57.162750
53.319679
59.921410
57.074688
56.861694
59.151360
56.852478
57.026558
59.138046
56.882175
56.869888
59.446274
56.872959
59.185150
57.376770
57.218048
Control Period
59.394047
55.269379
57.718784
56.865791
58.973183
56.813568
57.021439
52.934654
59.429886
56.823807
57.061378
59.204605
56.927231
56.952831
59.164673
57.236481
59.414528
50.573311
59.330559
57.016319
56.899582
58.984451
56.947712
56.901634
56.803329
56.927231
59.228161
56.903679
57.200638
59.520000
57.211906
57.212929
Control Period
57.287682
57.216000
59.236351
56.981503
56.865791
59.076607
55.027710
56.817665
56.770561
59.205631
56.871933
56.812546
56.819710
59.307007
57.206787
59.275265
57.104385
57.216003
59.276291
54.934528
56.884224
56.922112
59.196415
57.070591
57.212929
57.317375
56.861694
56.895489
59.151360
56.835072
56.915970
56.863747
57.090050
59.368446
Control Period
56.924160
59.147263
56.804352
56.769535
56.999935
59.269119
56.918015
59.091969
57.190399
56.936447
56.930305
56.962048
59.172867
56.885246
56.920063
57.254913
56.971268
50.461693
62.067711
57.124863
59.177986
55.150593
57.225216
56.984573
59.037697
56.848381
57.189377
57.234428
56.886269
56.869888
59.005951
56.866814
56.943615
56.802307
Control Period
57.049088
59.285503
57.050110
59.238400
57.060352
56.971264
57.220097
57.346046
57.032703
59.171841
56.875008
56.940544
56.810493
56.788994
59.470848
57.229313
59.198463
56.852478
56.853504
50.801662
56.148994
53.685249
55.366657
53.337090
53.402626
53.390335
53.235710
53.383167
55.370750
53.427200
53.656578
55.514114
53.342209
Control Period
53.264385
53.326847
53.416962
55.538689
53.529602
55.557121
53.455872
53.439487
55.410690
49.142784
55.747581
53.352448
55.635971
53.412865
53.280769
53.411839
55.406593
53.470207
53.301247
55.282688
53.439487
53.693439
55.318527
53.549057
53.422081
53.270527
55.195648
53.242882
53.360641
53.625854
53.524483
53.252098
55.296001
Control Period
53.279747
53.705727
55.606270
51.180542
55.625725
53.357567
53.330944
55.335938
53.407745
53.214207
53.432320
53.091331
55.655426
53.196800
53.450752
53.325825
53.488640
55.282688
53.470207
53.680130
55.472130
53.401600
53.348351
53.335037
53.173248
55.246849
53.342209
53.339134
53.336063
53.641216
55.593983
53.173248
Control Period
53.287937
53.342209
55.600128
53.521408
53.570560
53.467136
55.368706
53.417984
53.424126
53.389313
53.672958
55.629822
53.455872
51.191807
55.909378
53.474304
55.393280
53.190659
53.387264
53.226494
53.293056
55.281662
53.300224
53.367805
53.309441
53.213184
53.369858
52.795391
55.226368
62.057472
59.456512
57.231361
56.877056
Control Period
56.945663
56.883202
59.004929
56.885246
56.864769
56.911873
59.231232
57.028610
59.132927
57.177086
56.878082
57.163776
57.150467
56.940544
57.250816
59.280380
56.952831
56.881149
57.210880
56.969215
56.844288
59.077633
56.995842
56.858624
56.858627
56.913918
59.417599
57.216000
59.231232
57.082878
57.230335
59.268097
56.845314
56.896511
Control Period
59.150337
56.957951
56.875008
59.153408
46.721024
59.131905
57.050110
56.974335
59.026432
57.365505
56.780800
56.919041
57.198593
59.455490
57.137154
59.129856
56.787971
52.763649
55.898113
53.397507
55.291904
53.123070
53.484543
53.315582
53.264385
55.301117
53.373951
53.354496
53.716991
53.588989
53.711872
55.424004
53.360641
53.234688
Control Period
53.317635
53.439487
53.228546
53.338112
53.404671
55.278595
53.411842
53.286911
55.375870
53.531647
49.168381
61.810688
56.949760
59.128830
57.147392
56.924160
56.908798
56.834045
59.117569
57.036800
57.247746
59.384834
57.089024
56.841217
59.205635
56.819710
59.436031
57.463806
57.229313
59.390976
54.968319
56.909821
56.864769
59.128830
Control Period
56.835075
56.893440
56.906754
59.272194
56.890366
59.133953
57.334785
57.224190
57.181183
56.896515
59.425793
56.904705
59.099136
56.959999
56.943619
56.930305
59.219971
56.971264
59.070465
57.308189
56.882175
56.883202
56.918015
59.082748
56.800255
57.154560
59.115520
56.892418
56.886272
59.425793
56.944641
56.885246
59.101185
Control Period
55.102463
56.925186
56.914944
59.004929
57.211903
57.226242
57.202690
56.959999
56.908798
59.181057
56.876030
57.200638
59.424767
56.872963
56.803329
56.863743
59.126785
56.778755
56.912895
56.826881
59.140099
57.182209
59.032578
50.548737
56.092674
53.598209
55.372803
53.380096
53.291008
53.392384
53.299202
53.391357
55.348221
Control Period
53.029888
53.507072
53.382145
53.406723
55.234558
53.679104
53.701630
55.337982
53.463039
53.366783
55.262207
53.356544
53.334015
53.334045
53.527550
53.222401
53.713921
55.548927
53.440514
53.435394
55.436287
53.750786
53.663746
53.404671
53.400574
55.364609
53.221375
53.464066
53.378048
53.338112
53.208061
53.532673
53.664768
Control Period
55.400448
53.259262
53.600258
53.408768
53.683201
55.601151
53.339134
53.305344
53.381119
53.427200
53.335037
53.347328
53.384193
55.308289
53.375999
53.685249
55.772160
53.448704
53.320702
55.379967
53.602303
53.608448
53.378048
53.338112
53.271553
53.268478
55.392258
53.787647
53.486591
53.211136
53.427200
53.441536
55.332863
Control Period
53.375999
53.451775
53.211136
53.050369
49.406975
56.709122
53.502975
53.261314
53.260288
53.293056
53.335041
55.330818
53.678078
53.677055
53.609474
53.302273
53.308414
53.134335
55.428093
53.258240
53.703682
53.868546
53.704704
55.343102
53.352448
53.419006
53.343231
53.386238
53.328896
53.268478
53.167107
55.401474
53.360641
Control Period
53.355522
55.631874
53.437439
55.683071
53.484543
55.866371
55.530495
49.388542
56.142845
47.243263
57.675774
53.347328
53.284863
53.277695
53.314560
53.465088
53.397507
55.365631
53.497856
53.337090
55.311363
53.487617
53.677055
55.585793
53.320702
53.671936
53.558273
53.245953
53.462013
53.097473
55.251968
53.436417
53.446655
Control Period
53.412865
53.407745
55.410690
53.014526
53.378048
53.286911
53.289986
55.560192
53.675011
53.622784
55.457794
53.353470
53.400574
55.213058
53.257217
53.355518
53.315582
53.319679
53.420033
53.432320
53.157887
55.205887
53.277695
53.454849
55.209984
53.291008
53.454849
55.635971
53.617664
53.382145
53.402626
55.301121
Control Period
53.260288
53.375999
53.299202
53.305344
53.278721
53.260288
55.180290
53.422081
53.305344
53.260288
53.118973
55.685120
53.647362
55.638016
53.422081
53.152767
55.083008
53.157890
53.361664
53.312515
55.629822
53.246975
53.313538
53.261314
53.425156
53.433342
53.604355
55.667709
53.433342
53.151741
53.230591
53.296127
53.200897
53.219330
53.218304
55.336960
53.349373
53.269505
55.365631
53.134338
53.313538
53.193729
53.452797
55.286781
53.565437
53.645309
55.326721
53.360641
53.304321
55.352318
38.730751
