56.7719
58.5948
58.6014
58.579
58.5889
58.5766
58.5735
58.5751
58.5775
58.5736
58.5729
58.5671
58.5773
58.5812
58.5776
58.5842
58.5659
58.5944
58.5705
58.5832
58.5875
58.5776
58.571
58.5789
58.5629
58.5829
58.5941
58.569
58.5789
58.5894
58.5774
58.575
58.5715
58.5697
58.5862
58.5809
58.5778
58.591
58.5809
58.5853
58.5791
58.5931
58.5922
58.5789
58.5821
58.5741
58.5863
58.5894
58.584
58.5995
58.5675
58.5877
58.6014
58.5986
58.5896
58.59
58.5759
58.5779
58.5812
58.5883
58.5821
58.5816
58.5736
58.579
58.5839
58.5743
58.5804
58.5725
58.6002
58.5792
58.5948
58.5795
58.5851
58.5876
58.5785
58.5697
58.5647
58.5781
58.5878
58.5705
58.5723
58.5821
58.5802
58.5918
58.5883
58.5733
58.5937
58.5867
58.591
58.5965
58.584
58.5829
58.5766
58.586
58.5773
58.5953
58.5875
58.5764
58.5712
58.579
58.5942
58.5782
58.5907
58.5973
58.5858
58.5894
58.5825
58.5696
58.5852
58.5823
58.5904
58.5947
58.5933
58.5831
58.5851
