0.941767
0.935336
0.896958
0.867809
0.845903
0.828282
0.814476
0.802854
0.79291
0.784979
0.778031
0.772603
0.767272
0.762974
0.759134
0.755963
0.752725
0.74984
0.747698
0.745084
0.743056
0.741577
0.739556
0.737881
0.736676
0.735179
0.733886
0.732473
0.731964
0.730209
0.729368
0.728519
0.727343
0.726511
0.725322
0.724552
0.723795
0.723207
0.722241
0.72163
0.720899
0.720042
0.719473
0.718998
0.718363
0.717857
0.717205
0.716635
0.716169
0.715755
0.714875
0.714625
0.71414
0.713898
0.713115
0.712972
0.7126
0.712421
0.711825
0.711328
0.711016
0.711066
0.71047
0.709988
0.709762
0.709505
0.709153
0.709109
0.708754
0.708337
0.708118
0.707879
0.707549
0.707432
0.707022
0.706706
0.706763
0.706618
0.706437
0.706032
0.706103
0.705985
0.70571
0.705604
0.705395
0.705162
0.705203
0.704739
0.704569
0.704505
0.704435
0.704505
0.704298
0.704084
0.703924
0.703778
0.703674
0.703571
0.703297
0.703434
0.703138
0.703008
0.703206
0.703071
0.702891
0.702812
0.70287
0.702659
0.702671
0.702491
0.702469
0.702338
0.70246
0.702364
0.702298
0
