3887
5892.5
5912.5
5972
6071
5838
6051
5873
6090.5
5972
5952.5
5892.5
5774.5
6011.5
5992
5972
5952.5
5972
5952
5952
5838
5873
5971.5
5952
5912.5
5972
5971.5
5972
5912.5
6031.5
5873
5972
5972
5972
5932
5932
5952
5952
5952.5
5972
5972
5814
5892.5
6031.5
5992
5972
5893
5912.5
5952
5971.5
5759
5912.5
5932
5912.5
5971.5
5991.5
5971.5
5952
5912.5
5991.5
6011
5912.5
5932
5932
5932
5932
5932
5932
5873
6070.5
5912.5
5932
5893
5952
5972
5972
5778.5
5838
5972
5972
5971.5
6243.5
5991.5
5952
5932.5
5932
5912.5
5972
6011.5
5952
5972
5991.5
5932.5
5972
5971.5
5952
5972
5952.5
6110.5
5972
6071
6031
5992
5912.5
5932.5
6130.5
5754.5
5991.5
5952.5
5952
