113.417
117.336
117.327
117.314
117.322
117.311
117.303
117.297
117.324
117.307
117.29
117.283
117.303
117.307
117.305
117.289
117.294
117.317
117.293
117.306
117.323
117.329
117.312
117.325
117.287
117.324
117.34
117.316
117.323
117.32
117.315
117.305
117.315
117.304
117.31
117.327
117.324
117.313
117.327
117.33
117.342
117.336
117.34
117.332
117.332
117.346
117.323
117.321
117.324
117.336
117.325
117.338
117.368
117.362
117.345
117.346
117.316
117.331
117.327
117.343
117.34
117.35
117.329
117.323
117.344
117.314
117.329
117.326
117.334
117.342
117.335
117.345
117.333
117.333
117.329
117.315
117.331
117.324
117.325
117.339
117.31
117.319
117.336
117.34
117.351
117.329
117.353
117.346
117.34
117.339
117.354
117.35
117.341
117.369
117.353
117.337
117.35
117.342
117.316
117.329
117.348
117.328
117.34
117.351
117.33
117.333
117.331
117.338
117.361
117.331
117.36
117.352
117.353
117.364
117.327
