117.751389
117.276733
117.276543
117.322784
117.297951
117.306656
117.314560
117.319328
117.317055
117.290756
117.285339
117.271393
117.280197
117.276260
117.292671
117.310501
117.314430
117.318237
117.297951
117.295937
117.297211
117.293282
117.296127
117.288315
117.273636
117.308670
117.309280
117.296448
117.318756
Control Period
117.298203
117.303841
117.265060
117.305634
117.304199
117.296738
117.301346
117.309250
Control Period
117.302017
117.315643
117.315643
117.337982
117.314049
117.300507
117.319550
117.316742
Control Period
117.307838
117.303101
117.302338
117.255966
117.269180
117.275970
117.312256
117.324127
117.293762
Control Period
117.290619
117.267715
117.270493
117.245758
117.287361
117.301346
117.320511
117.298080
117.275909
Control Period
117.298721
117.307419
117.295616
117.302811
117.268738
117.334213
117.321663
117.312416
Control Period
117.306175
117.309921
117.350586
117.300835
117.306015
117.312607
117.338791
117.312416
Control Period
117.309570
117.282143
117.312988
117.296295
117.323265
117.295517
117.314148
117.308830
117.271515
Control Period
117.269440
117.281723
117.288773
117.281120
117.267136
117.301819
117.257278
117.270493
Control Period
117.278397
117.272064
117.270241
117.268188
117.278915
117.259140
117.251495
117.261055
117.261375
Control Period
117.245255
117.253860
117.277313
117.285980
117.302589
117.266434
117.283775
117.324158
117.331810
Control Period
117.341156
117.304703
117.308517
117.284737
117.295937
117.285187
117.291840
117.311035
117.291229
Control Period
117.293564
117.280289
117.271942
117.252319
117.265884
117.258720
117.256737
117.249695
Control Period
117.253922
117.253571
117.255264
117.268188
117.258049
117.263428
117.282402
117.271523
117.238815
Control Period
117.253891
117.253021
117.273758
117.258080
117.271393
117.275169
117.285980
117.308350
Control Period
117.278336
117.269348
117.306206
117.313309
117.302910
117.321182
117.317413
117.285309
Control Period
117.310852
117.285408
117.284958
117.294907
117.305534
117.293152
117.314850
117.301537
117.321793
Control Period
117.323196
117.288864
117.281761
117.295616
117.317665
117.304962
117.307068
117.296288
Control Period
117.262619
117.251999
117.284927
117.268097
117.269760
117.266266
117.257599
117.285797
117.295364
Control Period
117.290726
117.306396
117.262115
117.289917
117.327805
117.283043
117.299133
117.307907
117.299904
Control Period
117.307098
117.314720
117.300156
117.288383
117.309792
117.314148
117.288422
117.294907
Control Period
117.295547
117.301117
117.299904
117.271973
117.283394
117.301537
117.309860
117.319199
117.300446
Control Period
117.318115
117.290176
117.293350
117.285919
117.321312
117.310242
117.306885
117.323837
Control Period
117.294815
117.300606
117.289795
117.291168
117.262947
117.267937
117.281052
117.275490
Control Period
117.271515
117.290977
117.269600
117.291809
117.264130
117.255966
117.261696
117.277695
Control Period
117.273056
117.293983
117.294693
117.269760
117.271133
117.298309
117.290176
117.316986
117.302528
Control Period
117.274139
117.301468
117.273819
117.298431
117.295296
117.306625
117.291260
117.284927
Control Period
117.335266
117.312195
117.291870
117.298401
117.332550
117.309250
117.302917
117.292000
117.296288
Control Period
117.304291
117.314789
117.328766
117.331589
117.277084
117.303009
117.275230
117.304993
Control Period
117.277344
117.313278
117.314148
117.331810
117.310913
117.281342
117.306526
117.349953
Control Period
117.352737
117.334206
117.370789
117.344193
117.385567
117.331970
117.331970
117.350113
117.331360
Control Period
117.342651
117.361984
117.385254
117.374687
117.366432
117.364960
117.320702
117.294586
Control Period
117.286011
117.362305
117.335556
117.358047
117.354462
117.320259
117.329407
117.313599
117.329376
Control Period
117.341980
117.335297
117.359268
117.377663
117.386688
117.318687
117.343994
117.333252
Control Period
117.271584
117.318207
117.308640
117.337440
117.355072
117.328896
117.304962
117.335167
117.335587
Control Period
117.304832
117.316673
117.307617
117.307167
117.343552
117.342300
117.312225
117.329086
Control Period
117.321533
117.334885
117.302719
117.273727
117.312698
117.324066
117.306366
117.263077
117.292770
Control Period
117.306915
117.327133
117.324997
117.331650
117.363419
117.329987
117.336899
117.307236
Control Period
117.282883
117.305923
117.307358
117.319290
117.330429
117.335327
117.315750
117.296638
117.307037
Control Period
117.317184
117.309540
117.317566
117.294052
117.315613
117.328354
117.335068
117.316452
Control Period
117.320892
117.327972
117.307838
117.320511
117.310242
117.317535
117.286079
117.340836
117.276260
Control Period
117.322144
117.301598
117.312607
117.290237
117.334885
117.304123
117.284515
117.317307
Control Period
117.314911
117.313087
117.298981
117.325500
117.309792
117.301437
117.292160
117.306564
117.311615
Control Period
117.312897
117.340355
117.313858
117.337189
117.291168
117.292740
117.307587
117.314941
Control Period
117.326912
117.319580
117.333534
117.308159
117.316353
117.312668
117.342117
117.316383
117.340126
Control Period
117.324898
117.342018
117.351265
117.318848
117.303619
117.329758
117.290466
117.267807
Control Period
117.296997
117.294785
117.277313
117.312988
117.315811
117.277924
117.314407
117.327103
117.306915
Control Period
117.308701
117.312195
117.321281
117.287994
117.310371
117.341980
117.333603
117.300926
Control Period
117.319458
117.329987
117.300766
117.308769
117.283073
117.279808
117.323166
117.303391
117.320801
Control Period
117.281822
117.294243
117.299362
117.303391
117.292480
117.291260
117.317856
117.289696
Control Period
117.275040
117.274658
117.278336
117.276154
117.287933
117.321152
117.276352
117.288834
117.304901
Control Period
117.322495
117.301315
117.296928
117.291641
117.296127
117.282112
117.301788
117.286369
117.303299
Control Period
117.295868
117.281189
117.272797
117.258018
117.281090
117.282753
117.259102
117.266464
Control Period
117.298233
117.294586
117.291931
117.292862
117.273697
117.250748
117.261795
117.275391
Control Period
117.258560
117.247902
117.257278
117.270370
117.287003
117.270370
117.289215
117.280197
117.294083
Control Period
117.312767
117.317024
117.336227
117.294113
117.301956
117.292709
117.283707
117.268387
117.265442
Control Period
117.294144
117.262787
117.290756
117.322563
117.297531
117.286690
117.300865
117.304703
Control Period
117.317375
117.308350
117.300995
117.287674
117.340515
117.318588
117.303360
117.321152
117.319679
Control Period
117.332031
117.338753
117.328255
117.309372
117.265633
117.279808
117.308609
117.324608
Control Period
117.318047
117.282333
117.313828
117.315613
117.272324
117.314049
117.305473
117.291199
117.299194
Control Period
117.317856
117.330078
117.311836
117.295425
117.292252
117.328415
117.327621
Control Period
117.295868
117.310822
117.329376
117.319107
117.307037
117.270493
117.309761
117.308449
Control Period
117.315353
117.313408
117.306564
117.288353
117.297531
117.289375
117.295296
117.293152
117.336700
Control Period
117.310852
117.300385
117.282822
117.277283
117.268707
117.281662
117.291809
117.291580
Control Period
117.296860
117.334305
117.325500
117.315613
117.314148
117.277664
117.316544
117.301788
117.276802
Control Period
117.290756
117.300156
117.329567
117.378944
117.317825
117.321152
117.338623
117.329605
Control Period
117.314301
117.300964
117.289154
117.304581
117.360611
117.334305
117.290627
117.287933
117.282463
Control Period
117.271233
117.264450
117.300858
117.295364
117.275742
117.303230
117.308670
117.293381
Control Period
117.311966
117.327515
117.344414
117.327873
117.326813
117.338112
117.320641
117.328766
Control Period
117.317055
117.317123
117.300224
117.319611
117.326912
117.326492
117.329597
117.297348
117.327133
Control Period
117.328705
117.340378
117.286781
117.320770
117.326591
117.330109
117.322365
117.319260
Control Period
117.331009
117.308929
117.305695
117.305984
117.311775
117.313087
117.318619
117.299042
117.305473
Control Period
117.294373
117.312607
117.321312
117.313950
117.297279
117.320862
117.337601
117.307175
Control Period
117.290237
117.339172
117.320992
117.296417
117.322464
117.307106
117.288925
117.308479
117.312637
Control Period
117.306305
117.324928
117.321922
117.303131
117.302841
117.293762
117.289566
117.285698
117.321243
Control Period
117.301567
117.306595
117.291328
117.281250
117.266335
117.283295
117.287933
117.264030
Control Period
117.288704
117.287231
117.277222
117.290619
117.293533
117.296066
117.295334
117.285980
Control Period
117.292862
117.306816
117.281891
117.269791
117.301819
117.278564
117.300896
117.306915
117.310143
Control Period
117.324677
117.326462
117.302238
117.319489
117.336060
117.329956
117.313568
117.313759
Control Period
117.313019
117.290268
117.303421
117.297729
117.306366
117.309219
117.284164
117.302307
117.275299
117.294083
Control Period
117.295456
117.346947
117.310112
117.295898
117.309402
117.314850
117.317978
117.301086
Control Period
117.300064
117.330048
117.320389
117.311073
117.291359
117.305824
117.302368
117.304382
117.305565
Control Period
117.262627
117.275742
117.290558
117.294655
117.309380
117.323906
117.320541
117.320251
Control Period
117.328476
117.330879
117.343933
117.309792
117.348511
117.307137
117.330109
117.317276
Control Period
117.339775
117.308609
117.300644
117.321793
117.324356
117.313477
117.301277
117.309021
Control Period
117.299545
117.278976
117.295715
117.313599
117.288704
117.322021
117.299973
117.305824
Control Period
117.296448
117.298141
117.328575
117.319550
117.305252
117.313248
117.296539
117.299683
117.309723
Control Period
117.316925
117.326172
117.312988
117.343872
117.295807
117.280579
117.318558
117.317055
Control Period
117.275841
117.303299
117.295074
117.306496
117.292252
117.311066
117.295135
117.312668
117.307457
Control Period
117.313728
117.309189
117.333183
117.323006
117.332672
117.290588
117.302559
117.340317
Control Period
117.312515
117.347229
117.324188
117.313438
117.302917
117.318077
117.291359
117.312065
Control Period
117.314850
117.307266
117.302559
117.310333
117.343201
117.353439
117.329788
117.307129
Control Period
117.292892
117.331390
117.341797
117.365601
117.326591
117.320190
117.321983
117.333092
117.329376
Control Period
117.340195
117.314781
117.308098
117.328964
117.330528
117.311394
117.318497
117.321884
Control Period
117.290848
117.314400
117.298431
117.333153
117.330780
117.324318
117.280991
117.310791
117.290237
Control Period
117.305763
117.333221
117.299393
117.296097
117.323685
117.327133
117.369476
117.349060
117.341217
Control Period
117.363678
117.343964
117.326660
117.310814
117.300507
117.294205
117.302399
117.297348
Control Period
117.318848
117.323906
117.306076
117.293381
117.304382
117.321182
117.316605
117.288315
Control Period
117.324738
117.288002
117.285187
117.258331
117.289597
117.307388
117.301666
117.309280
117.308701
Control Period
117.294975
117.285156
117.277344
117.316925
117.283554
117.306335
117.288063
117.292862
Control Period
117.282593
117.293884
117.291168
117.277756
117.302048
117.338112
117.302467
117.320892
Control Period
117.277695
117.270142
117.283035
117.287781
117.295486
117.299362
117.295456
117.312698
117.292862
Control Period
117.303040
117.301117
117.270721
117.300003
117.308769
117.314240
117.292450
Control Period
117.322685
117.329025
117.303970
117.337723
117.318878
117.320892
117.315392
117.314529
117.314049
Control Period
117.305054
117.314018
117.321762
117.356514
117.279999
117.289696
117.309723
Control Period
117.280190
117.328094
117.311386
117.324188
117.351303
117.368134
117.355743
117.336288
Control Period
117.308899
117.298843
117.315430
117.330978
117.322784
117.345535
117.347931
117.348389
Control Period
117.358337
117.308098
117.306595
117.293381
117.296707
117.284737
117.260704
117.306915
117.285599
Control Period
117.314529
117.327522
117.311996
117.300613
117.322975
117.328384
117.318619
117.350143
117.312927
Control Period
117.304962
117.310852
117.333282
117.326431
117.293793
117.288353
117.281090
117.298271
Control Period
117.274239
117.332153
117.295975
117.292000
117.293152
117.307007
117.334175
117.301025
Control Period
117.334717
117.333855
117.327133
117.320992
117.341408
117.339676
117.353149
117.326721
117.337189
Control Period
117.326561
117.323677
117.330399
117.343903
117.331558
117.320480
117.312805
117.292610
Control Period
117.323196
117.348923
117.339737
117.352417
117.320160
117.365471
117.320702
117.346146
Control Period
117.352707
117.325729
117.306915
117.312286
117.371201
117.325470
117.336029
117.341278
117.336578
Control Period
117.307587
117.320770
117.306595
117.309052
Control Period
117.280128
117.282562
117.310394
118.116516
117.292740
