57.9067
56.2762
55.7972
56.1073
56.6232
56.7999
56.7119
56.5997
56.8932
55.947
55.9586
56.3631
56.4749
56.5484
56.3835
56.9081
56.7388
56.4982
56.0818
56.4849
56.6561
55.8518
56.9667
56.8536
56.7214
55.8529
56.9616
55.9311
56.1449
57.1334
56.3635
56.4163
56.7985
56.3103
56.8479
57.481
56.8999
56.0439
56.16
55.3212
56.6113
57.0459
56.6259
57.2933
56.0186
56.314
56.2926
56.2237
56.2129
57.1219
57.2788
56.6121
56.0556
56.3811
56.2548
56.0505
56.2151
56.3314
56.2777
56.5509
55.4269
56.5765
55.8623
55.8845
55.9423
56.352
56.6517
55.7772
56.9702
56.1919
56.2835
56.6608
56.7567
56.1775
56.2611
55.9357
55.7825
56.3665
56.7143
56.4421
56.5817
57.5237
56.7146
56.2169
56.5565
55.7103
56.8919
56.6384
56.4593
56.6097
56.7211
56.2331
56.4794
56.6965
55.8111
56.032
56.3932
56.6193
56.8258
56.1093
56.0023
57.163
56.1656
56.6548
56.9221
56.4568
56.4846
56.7144
56.3805
56.4875
56.6719
55.5171
56.0822
56.9659
