0.708993
0.693755
0.679564
0.685127
0.691195
0.69618
0.695508
0.685109
0.684463
0.688439
0.69144
0.693314
0.693879
0.693211
0.692192
0.692609
0.689599
0.692782
0.695723
0.693037
0.687059
0.69554
0.689206
0.69331
0.693285
0.687398
0.684725
0.689591
0.691901
0.686322
0.69388
0.690534
0.689655
0.696082
0.700805
0.691032
0.694602
0.687007
0.680791
0.685321
0.692026
0.688456
0.691433
0.69185
0.693988
0.694659
0.692595
0.694479
0.6911
0.699517
0.697953
0.691243
0.691423
0.697366
0.693219
0.695333
0.692
0.687898
0.696373
0.697116
0.696512
0.688197
0.690485
0.691957
0.68803
0.689938
0.688634
0.691484
0.689174
0.691734
0.692293
0.690035
0.690378
0.692007
0.689076
0.690175
0.691985
0.68994
0.691792
0.687905
0.689906
0.691164
0.697814
0.692216
0.688849
0.696561
0.688717
0.697393
0.695193
0.696707
0.687729
0.690923
0.691643
0.690167
0.686815
0.687657
0.694035
0.693806
0.691345
0.694974
0.685912
0.685034
0.690094
0.69155
0.693859
0.693992
0.690721
0.691538
0.69441
0.693515
0.691997
0.695819
0.692136
0.691763
