0.708276
0.706325
0.704337
0.702042
0.709959
0.718667
0.70923
0.712094
0.713562
0.714309
0.709493
0.714148
0.712549
0.713822
0.708763
0.709401
0.714798
0.70612
0.714255
0.711307
0.712244
0.705794
0.70866
0.710583
0.707927
0.707834
0.698992
0.707888
0.712605
0.706459
0.709105
0.715155
0.708699
0.709259
0.707997
0.716679
0.712618
0.710888
0.705244
0.710311
0.704467
0.704102
0.71311
0.707115
0.713678
0.710202
0.71133
0.71124
0.713196
0.717146
0.712673
0.709734
0.709457
0.70946
0.704619
0.704592
0.708598
0.709232
0.707296
0.70246
0.713239
0.711942
0.711302
0.710863
0.711901
0.707712
0.708117
0.71151
0.709597
0.707802
0.707182
0.710468
0.7103
0.712393
0.705596
0.711283
0.712614
0.711795
0.708939
0.71136
0.709122
0.713545
0.70911
0.713994
0.71135
0.707364
0.710784
0.708044
0.712656
0.705005
0.710182
0.707696
0.710789
0.71034
0.711308
0.711936
0.708599
0.710123
0.712239
0.710154
0.706638
0.700875
0.708649
0.713672
0.709958
0.711705
0.71131
0.708316
0.710726
0.712039
0.709953
0.712135
0.712224
0.707446
