59.308739
58.589630
58.567265
58.578239
58.676834
58.566208
58.565826
58.587837
58.595745
58.581345
58.586304
58.579456
58.589569
58.665985
58.613026
58.595139
58.638115
58.597919
58.544064
58.595459
58.584064
58.577473
58.674305
58.554623
58.568096
58.563232
58.593117
58.583458
58.542206
Control Period
58.711296
56.164032
55.422493
55.286911
57.202976
56.464317
56.364479
55.442623
57.494751
Control Period
57.399326
55.713699
55.787582
57.683487
55.329506
55.286175
57.170815
55.332962
57.419266
Control Period
56.174782
56.651009
55.899391
56.042625
56.918274
56.304928
57.416321
55.315872
55.326462
55.445248
57.554626
Control Period
55.450211
56.547840
57.427711
55.321503
57.597023
57.279617
56.701950
57.496735
57.599106
56.545822
Control Period
58.552063
57.362400
57.096031
56.985153
57.078529
57.309471
57.132607
57.133022
58.790783
Control Period
56.709023
56.589088
55.295776
57.233631
57.148125
56.331264
56.495422
57.504898
57.338722
Control Period
57.441826
56.434464
57.449440
56.485214
57.660511
56.797890
56.760929
57.271454
56.405823
Control Period
57.706528
56.396286
57.513313
56.554207
57.729824
56.451614
57.564285
56.441826
57.406624
Control Period
57.839134
56.632095
57.621536
56.454910
57.516769
57.569473
56.914879
56.858913
56.895134
Control Period
57.164288
55.303970
57.469921
56.132767
57.470592
57.487488
56.614433
57.674015
55.448002
56.828640
Control Period
58.757473
56.871521
57.602333
56.175903
56.904099
56.911102
57.317345
56.637535
56.586975
57.554016
Control Period
57.300995
57.506657
57.370079
56.477184
56.623520
56.845024
57.420227
57.620770
55.870590
Control Period
56.465664
56.553825
57.473312
57.197662
57.317314
57.196350
56.436447
57.556511
57.754848
Control Period
56.512962
57.721920
55.559837
57.323997
56.103680
55.928673
57.545631
56.388191
57.456448
56.469154
Control Period
56.300194
56.492607
57.577438
56.534302
56.294174
57.795361
55.727104
56.429726
57.617889
Control Period
57.532387
57.311649
57.453407
57.246109
56.388641
57.506783
56.488831
57.543106
57.492958
Control Period
56.101601
55.404030
57.486786
56.791553
55.315041
57.477409
56.629410
56.271999
55.335136
57.079773
Control Period
58.755074
57.604832
56.536835
57.530495
57.429054
57.571232
55.370815
56.853218
56.612064
57.438210
Control Period
56.645058
57.488419
57.153824
57.414047
56.423584
55.446239
57.371456
56.760033
Control Period
57.424095
56.176575
57.538017
56.434048
57.376770
56.666397
57.201057
57.164833
56.833855
Control Period
57.027744
56.628544
55.334400
57.486561
55.399071
56.812767
56.998047
55.318432
57.317055
56.312637
Control Period
56.479649
57.474335
55.684158
57.147072
55.592323
56.634079
57.337250
56.584671
57.301987
Control Period
56.517632
57.448799
56.633438
56.492706
57.386879
56.615715
56.508354
57.189026
56.827518
Control Period
56.347488
57.761955
56.573185
57.446495
55.305729
57.330654
55.339043
56.969025
Control Period
55.418205
56.466049
56.612511
55.817505
57.440765
57.508606
57.036514
56.713730
Control Period
55.313984
55.301662
55.319233
57.039230
56.295937
56.828125
55.348320
55.392063
55.344032
57.011261
Control Period
56.775776
56.422527
55.344448
57.133217
56.965889
57.344639
55.302208
57.073761
57.316994
Control Period
57.612030
55.509472
56.640770
57.431358
56.555779
57.729347
56.879745
57.708801
56.537918
Control Period
55.595810
57.364159
57.055424
55.294525
56.591103
57.130974
55.296001
56.869377
57.431488
Control Period
56.235619
56.440285
57.457985
57.490623
56.140320
55.712830
57.364223
56.803520
56.910370
Control Period
58.757088
56.601601
57.558594
56.487999
57.540482
57.544384
56.526146
57.580513
56.315136
Control Period
57.586754
55.349567
56.411743
55.663807
56.757790
57.165344
57.043037
56.654305
57.630848
Control Period
56.635681
56.460670
57.520638
56.763870
55.346718
56.935966
57.438305
57.074753
56.752640
56.477951
Control Period
56.371841
56.634048
56.513279
56.780190
55.669891
57.446915
57.619392
57.006943
56.999329
55.356033
Control Period
56.694271
56.783585
57.422176
56.913185
57.141342
57.515488
57.426304
57.489983
58.622463
Control Period
57.433983
57.596577
57.511616
56.272640
56.580803
56.527840
57.142494
Control Period
58.451134
55.652672
57.464481
56.546112
56.178146
57.496063
57.539711
55.640190
Control Period
55.934273
55.332451
57.141602
56.974785
55.390400
57.623169
57.537727
56.058945
55.782402
56.059647
Control Period
57.213791
57.038559
57.029343
57.190144
57.541504
57.269920
56.612320
56.838432
55.455456
Control Period
56.483582
55.344959
56.326817
57.610497
55.865631
56.400543
56.922813
55.903873
56.249214
Control Period
56.465408
56.430466
55.299713
57.760063
55.330338
55.414207
55.834400
57.588417
57.606464
55.631233
Control Period
56.476158
56.392769
57.618050
57.530209
56.404160
57.479202
57.709885
56.515392
57.313087
Control Period
56.885857
57.135391
56.690559
55.318878
57.144928
57.086845
55.321922
56.393345
57.477470
56.236961
Control Period
56.418304
57.468769
57.531200
56.389023
57.524864
57.608063
56.278816
57.535202
55.433823
Control Period
57.465664
56.496033
56.447392
57.302017
56.714401
57.134815
57.071873
57.279713
Control Period
56.798111
57.031425
57.307167
56.998623
56.546593
56.328896
57.449409
56.389408
57.610626
56.603680
Control Period
57.552414
55.857918
56.464703
57.590271
57.523521
56.871841
57.371456
56.438881
56.421951
Control Period
57.650398
56.734909
56.955296
57.190659
57.608162
55.460350
57.097183
57.433441
57.313503
56.670464
57.498077
Control Period
58.119392
57.867233
56.159714
57.339809
56.697151
58.732159
57.450882
56.469025
57.510017
Control Period
56.575489
57.007133
56.841698
57.691040
57.583839
57.578461
56.331940
56.501343
Control Period
56.297951
57.789886
55.338207
56.504318
57.520035
56.442848
57.222336
57.350655
56.542305
Control Period
56.299744
57.520447
57.148445
56.735489
55.338562
57.398239
56.265442
57.650047
56.454269
57.518688
Control Period
56.449696
56.450333
56.500961
57.507263
56.764381
56.803070
56.843201
56.735458
Control Period
57.205345
55.325665
56.461502
57.589504
55.798492
55.784641
57.570015
56.257950
55.332451
Control Period
56.446014
55.387360
57.500702
56.366753
55.546913
57.377407
56.721313
55.358944
56.601055
Control Period
56.642464
57.421696
55.350113
56.404961
57.499680
56.344353
57.423809
56.415455
Control Period
55.673920
57.591808
56.517502
57.311935
55.340607
57.394527
56.747650
57.473152
56.755486
56.579010
Control Period
56.975777
57.144035
55.300835
57.553185
55.713661
57.773312
55.307678
57.612961
55.871807
Control Period
56.384930
57.621185
55.317665
57.417664
55.383453
56.170883
56.014080
55.952034
55.509216
Control Period
57.458241
56.362881
57.514912
56.357761
57.523811
56.474144
57.777920
56.509151
57.553566
Control Period
57.549538
56.342781
57.451874
56.840706
56.671043
57.426559
56.457439
57.299202
56.559265
Control Period
57.559521
56.725410
57.465858
55.796799
56.101471
57.680511
56.460255
57.743042
56.604355
Control Period
57.435040
55.981087
56.173248
57.430656
56.443901
57.700768
56.331520
57.455933
Control Period
57.075325
56.852703
56.757217
57.502113
57.548195
57.290878
56.804482
55.360893
57.377182
Control Period
57.531776
56.898911
56.976418
57.262978
56.104446
55.385666
57.512703
56.386398
55.493153
57.380157
Control Period
55.450272
57.472672
56.480831
57.202496
56.407074
55.610912
57.426659
56.413025
57.616707
Control Period
57.472416
56.345284
55.754913
57.464352
56.440834
57.434273
56.403072
57.602177
56.673599
Control Period
56.968575
55.334305
57.406593
56.838943
57.183838
56.490013
57.091297
57.040512
56.555458
Control Period
56.462082
57.619583
55.384895
56.360573
57.367393
56.659264
57.583839
55.799873
56.379646
Control Period
56.935551
57.218624
55.426590
56.786144
57.000992
55.330589
57.105217
56.035774
57.331902
Control Period
58.154274
55.702305
56.638367
55.338207
57.287743
56.837921
57.247456
56.774658
57.556320
Control Period
57.604031
56.591328
55.315582
57.203457
56.534531
57.632545
56.246113
57.628288
56.660095
Control Period
57.505730
56.454079
56.597408
57.399551
56.878559
56.429344
57.600159
56.501663
57.556160
Control Period
57.455841
55.349121
57.158813
57.310432
57.263268
55.288639
57.200287
56.033695
55.977249
Control Period
57.734207
56.076317
55.727936
57.507584
56.289791
57.525536
57.435234
56.385666
57.441761
Control Period
57.728127
57.070015
57.575745
55.358784
57.181473
56.512543
57.486050
56.830818
57.338879
56.727486
Control Period
56.923935
57.356800
56.977951
56.968769
57.323715
55.338692
57.290558
57.584225
56.490433
Control Period
57.405632
56.668480
57.333248
56.424129
56.585762
57.501312
56.434174
55.592766
Control Period
57.469406
56.643616
57.466080
55.959072
56.332191
57.661568
56.250561
57.400768
56.996128
Control Period
57.445282
57.521793
55.304733
56.890240
55.395744
56.944096
57.541985
56.210049
57.631966
56.411968
57.658913
Control Period
57.703362
57.468128
57.536034
56.886818
56.874878
56.659008
56.543232
56.421982
Control Period
56.476227
57.478977
57.514912
56.401505
56.356865
56.625183
57.053986
57.357697
55.293953
Control Period
56.957504
57.166016
57.457249
56.504227
57.620384
57.477150
56.658337
56.997856
57.237022
Control Period
56.623009
57.263840
56.692322
57.355007
56.538910
57.271713
56.497791
57.415424
56.513725
Control Period
58.628319
55.791489
55.405663
55.948318
56.253090
57.628670
55.909409
57.338081
56.398819
Control Period
58.486526
55.321281
56.535713
56.479614
57.592609
56.314304
57.428352
56.563648
57.496544
56.408478
Control Period
56.475136
56.405022
57.504704
56.499489
56.706242
55.339554
57.272255
57.443615
56.405853
56.383263
Control Period
56.343872
56.332417
57.630051
57.607903
56.495136
56.750275
57.584000
57.356094
55.294243
Control Period
57.511169
56.342209
57.573120
55.917313
55.704414
57.498367
56.445568
55.317120
Control Period
57.124641
56.739712
57.413631
55.319809
56.893471
57.024323
56.939873
57.006496
56.868896
Control Period
57.347168
56.362625
57.564674
55.728638
55.656799
55.823936
57.235394
56.731712
57.090240
Control Period
56.765663
57.387840
56.726944
57.452480
56.785343
57.357185
56.224800
55.624222
57.443359
Control Period
56.512383
57.419456
56.606689
57.389534
55.516800
57.297024
56.419231
57.456543
Control Period
56.631134
56.717953
57.483070
57.415009
55.398239
56.856544
57.198753
56.991455
57.449375
Control Period
56.465729
57.533920
57.695969
56.512573
56.366623
56.563393
57.261086
56.800735
57.393631
55.312321
Control Period
57.032639
57.167778
56.699745
57.214561
56.829121
55.313278
57.120544
56.581085
57.607872
Control Period
56.601570
57.126240
56.900734
57.521889
56.323837
57.590015
55.385826
56.374977
57.463837
Control Period
57.485950
57.508640
56.693153
57.092224
57.234241
55.277344
56.470818
57.516670
57.532799
Control Period
57.477570
56.322720
57.762177
56.245377
55.471359
57.619488
56.787331
Control Period
56.754208
55.333954
55.357666
55.483070
55.915039
57.569920
57.501282
57.465248
57.399040
Control Period
57.392258
55.307327
55.305923
55.417568
56.015778
55.824989
56.954178
56.996353
55.764030
55.721603
Control Period
57.771999
56.361504
57.447807
56.458275
55.824287
57.423042
57.342018
56.949856
55.379486
57.559006
Control Period
57.377502
56.788643
57.428638
57.300575
56.402081
56.600418
57.496704
57.636162
56.348030
Control Period
57.471779
57.385086
56.789314
56.704002
57.032673
55.372482
57.437508
56.612926
56.363937
Control Period
57.500992
57.510593
56.351837
56.424545
56.899582
57.323967
56.587715
57.235775
56.592415
Control Period
57.873856
57.490559
56.388897
57.863266
55.853695
56.050911
57.438145
56.540413
56.643166
Control Period
56.826782
56.877663
56.551201
57.491394
56.516224
57.511456
56.293953
56.609474
55.361183
56.613182
Control Period
57.120544
56.857952
57.174271
56.645439
56.508480
57.287743
56.012833
57.572609
56.542755
Control Period
56.572449
56.590336
56.598145
57.524639
57.312031
56.644958
57.061440
57.400799
56.715683
Control Period
57.352798
57.135296
56.978336
55.409821
56.245827
57.294369
56.465504
57.568703
56.494049
Control Period
57.516579
56.573151
56.901760
57.251328
56.885952
57.049152
56.757183
57.307873
Control Period
56.538559
58.507488
55.312096
57.444801
56.347904
57.373375
56.486755
57.504639
56.793472
57.469727
Control Period
58.636864
55.281216
56.426945
56.470497
57.210560
56.842815
55.300800
54.946465
Control Period
55.018528
58.425537
58.435295
58.439011
58.458817
58.424416
58.444931
58.423840
58.456703
58.414879
58.448227
58.449661
58.465347
58.450813
58.457245
58.449120
58.465599
58.420704
58.436386
58.460415
58.475552
58.426464
58.442944
58.458656
58.459297
58.435074
58.449409
58.929504
58.523167
