60.195583
59.892960
59.879005
59.908417
59.869152
59.906113
59.882751
59.901886
59.901184
59.889954
59.893536
59.891518
59.878143
59.903549
59.903744
59.920738
59.908672
59.894176
59.905312
59.904289
59.907681
59.890079
59.903488
59.848896
59.886112
59.873215
59.890625
59.866051
59.903870
Control Period
56.056000
56.286400
57.836128
57.902336
54.700768
56.014687
56.072609
57.574368
54.042526
Control Period
54.080574
56.950783
57.446526
54.042561
57.679520
55.142914
55.126846
57.685089
54.020035
Control Period
56.192642
55.579967
56.452065
56.691360
54.956512
55.806271
54.031105
57.964607
57.921696
57.530369
54.054241
Control Period
57.923328
57.836449
55.857025
57.671715
55.848190
54.023392
57.708130
56.117023
Control Period
55.801697
57.999359
57.690399
57.853600
58.670113
55.823551
55.724419
55.753056
55.883102
Control Period
57.959137
57.884319
57.470112
55.603966
55.867073
57.795712
57.070274
54.044640
Control Period
55.612289
56.299362
56.542786
57.011490
56.545280
56.872993
55.702816
57.889824
56.059006
57.461090
Control Period
56.827232
56.844929
56.954720
57.008160
56.675968
56.860291
57.201344
56.521187
57.144737
Control Period
56.789471
55.850594
57.718464
56.130848
57.402115
54.028862
54.954659
55.477890
55.169762
Control Period
55.970207
57.624447
54.361183
57.330338
54.018913
56.357281
56.592926
55.413567
55.780319
Control Period
57.901184
55.549149
56.265759
57.654915
55.216896
55.753632
57.842430
55.807167
55.859104
Control Period
56.121822
56.694496
54.209694
57.573502
57.696865
55.176865
56.473122
57.066303
57.261856
Control Period
56.574913
55.881378
57.925407
57.695808
55.991329
56.100029
57.715393
54.062881
56.988258
Control Period
55.977089
54.009186
57.647648
57.997566
56.678658
57.431778
53.992065
57.705666
56.011841
Control Period
57.551937
57.533825
56.303905
55.770016
55.951935
58.064991
56.863747
57.613247
56.325890
57.101982
Control Period
57.640099
58.166752
55.197536
56.492447
57.319263
55.650784
55.869949
57.573822
Control Period
56.789825
56.574303
57.600349
54.339485
55.544510
57.809471
57.745953
57.524353
54.555458
54.473087
Control Period
57.472256
56.292000
57.111713
57.248577
55.740448
56.102242
54.214176
Control Period
56.070305
54.493950
57.566879
55.779102
57.544640
57.384644
56.054367
57.974274
54.044830
57.935745
Control Period
56.286079
57.791393
55.888802
57.382336
56.076416
57.617279
56.009758
57.774944
55.077984
Control Period
54.753662
55.601025
57.640896
55.322304
54.708000
57.866722
54.414207
56.507553
Control Period
57.007328
56.801632
57.309601
55.824959
58.093792
55.916611
57.785408
55.871841
58.088928
Control Period
59.042206
57.729408
55.944382
55.842751
57.932671
55.893505
55.704994
57.797600
55.795296
Control Period
59.512863
54.007454
56.025856
57.456062
57.733566
55.676834
57.869984
55.488770
Control Period
57.828926
55.897793
55.632576
57.425953
54.022720
54.013023
56.868767
54.927967
56.085407
55.826145
Control Period
57.863358
58.133949
55.078979
55.678112
58.154243
58.095741
57.637184
55.051617
Control Period
55.722176
55.890083
57.696289
54.448864
55.715134
54.394753
57.581345
57.500702
54.430977
Control Period
54.044670
57.790146
55.889824
57.616417
55.999294
54.059486
55.518719
56.340385
57.418877
Control Period
57.525600
55.817886
58.025951
57.807938
55.925056
57.635807
57.561119
56.039871
57.861183
Control Period
56.517731
56.006371
57.820927
54.024033
56.725025
57.405537
57.703423
55.893631
55.174530
Control Period
55.751328
55.723427
57.861794
55.865280
57.246819
54.065857
57.313026
56.129311
57.789536
Control Period
55.655457
57.641888
56.281185
57.377342
57.538750
55.932255
57.565632
56.122849
57.071072
56.525826
Control Period
56.974846
54.165314
56.223648
57.606781
57.608608
55.547935
54.561089
57.679039
56.209602
Control Period
57.106911
57.402752
57.772034
57.691647
57.369858
55.711357
55.759903
55.640930
55.743553
58.279713
Control Period
57.588287
57.774399
57.414078
57.846336
57.698593
57.713856
57.854782
57.516739
55.921951
Control Period
57.455582
57.001087
57.714336
57.417793
57.212128
56.070915
55.805023
55.596642
57.825470
Control Period
55.995811
57.496254
54.015713
54.227680
57.885155
56.053986
56.530529
54.534050
57.656227
57.296577
Control Period
56.846977
54.635136
58.037918
54.027615
54.051872
56.898273
56.864544
56.780769
Control Period
54.892738
55.602654
54.844288
58.131554
54.100384
54.522720
55.536064
55.317856
57.752510
Control Period
55.972576
57.762718
56.535103
54.052734
57.117889
56.491104
57.992416
56.965824
Control Period
59.825600
57.664768
54.049599
57.838432
57.869633
56.943138
54.058945
57.388191
57.774590
Control Period
56.394783
57.279037
56.756866
54.033730
55.844288
58.196064
57.876190
Control Period
58.486080
58.123070
55.774078
57.859200
58.130814
55.859936
57.809696
57.523712
56.701729
56.664288
Control Period
57.445282
54.037888
56.821602
57.038338
54.022816
56.418304
56.831200
54.022049
57.530083
Control Period
57.191742
56.530144
56.266495
57.777473
55.187199
54.907776
57.845856
55.876801
55.242813
Control Period
55.875103
57.571999
55.729729
57.779488
56.488289
54.048416
57.416576
54.024162
57.699871
Control Period
56.071777
56.796547
56.507584
54.046944
57.361023
55.361408
57.686623
55.859200
56.322018
Control Period
56.728767
56.142754
57.821762
54.512833
55.923714
57.616512
55.192543
56.752579
54.021950
57.063873
56.564095
Control Period
56.856384
56.747776
59.913918
55.806366
57.783871
55.803520
57.635937
57.725502
55.823997
Control Period
57.961567
57.467171
57.574753
55.863838
56.285889
56.477119
59.893921
56.705856
Control Period
56.595840
53.997440
57.830112
56.076706
57.786270
55.735039
58.064354
55.761536
57.661888
Control Period
57.625984
54.014210
54.897217
55.234528
57.605152
54.022400
57.250336
57.401726
56.448547
Control Period
56.086914
55.928734
54.264896
57.474594
57.196190
54.796066
57.733280
57.837410
56.111870
Control Period
55.831100
57.717503
56.230400
54.042786
56.785278
57.351425
54.084610
56.539230
57.711105
Control Period
55.903393
58.070786
54.251518
56.198494
57.537312
54.046242
55.376320
57.995296
55.074883
Control Period
57.880512
56.151840
57.709984
55.843681
54.038849
57.692543
54.024323
56.379169
Control Period
57.620323
56.165314
57.770050
54.716320
55.161377
57.820450
55.863998
55.533024
Control Period
58.700993
55.296478
57.652222
54.441280
57.707550
54.022110
57.429665
54.068928
57.179871
Control Period
56.583839
54.062813
57.749760
54.435455
58.047970
56.517506
57.094238
56.728191
57.738304
Control Period
57.183392
56.579681
54.071457
56.361504
54.064480
56.607201
54.030365
55.903198
54.040928
Control Period
57.803905
56.006176
58.370941
55.018211
57.838814
54.272160
57.893471
54.413986
57.570526
Control Period
55.885986
58.001282
55.712158
56.822529
56.651840
54.048706
55.868000
54.218464
55.551521
Control Period
54.034081
56.913216
56.428032
57.126846
56.337185
54.037025
57.599808
54.599678
Control Period
57.742210
55.812035
55.499199
56.375103
54.018528
55.954178
55.469471
57.848289
54.761250
Control Period
57.536446
55.926498
57.737408
54.240833
56.736000
57.722656
54.045380
55.882339
57.340546
Control Period
56.359230
57.363075
56.634079
57.766846
54.363426
56.159714
57.196289
56.477791
57.545151
Control Period
56.082527
54.333279
56.449921
56.199806
54.029953
56.343231
57.427296
55.351967
57.917057
Control Period
57.826015
55.722366
57.692482
55.795906
57.813793
55.972702
58.315331
55.676094
Control Period
56.117409
54.033470
57.750626
56.091934
58.027618
56.109600
54.005249
57.325058
56.266560
Control Period
55.059105
55.096031
58.133057
56.078209
57.845505
57.782974
55.825378
56.672672
54.058369
Control Period
56.464512
57.122719
55.759392
57.758080
55.741695
57.835583
55.947712
57.608959
55.708290
Control Period
57.015457
56.309151
57.719330
55.728386
57.750656
56.676994
57.146210
56.524193
55.940002
Control Period
57.147327
57.946815
55.887104
57.710686
54.031521
56.699039
54.008514
55.989182
54.031937
Control Period
57.305214
57.537537
54.903328
54.040382
57.866211
57.439392
55.847137
57.024925
56.615200
Control Period
54.064835
56.406494
56.931778
57.116928
57.277954
54.020416
56.690464
56.888927
54.024002
Control Period
55.581631
57.676544
55.185310
55.362370
54.022369
55.278946
57.585953
55.566528
Control Period
57.539970
55.467010
57.975521
55.005344
55.072510
57.787872
55.169186
57.552834
55.728386
Control Period
58.059135
55.905983
57.693375
56.083073
55.595776
57.353310
56.108383
56.915104
Control Period
56.225502
57.059681
54.043297
57.107777
56.004639
57.263294
56.952927
54.024643
57.995171
55.326977
Control Period
56.046173
57.897469
55.146721
57.686913
55.352222
56.240608
57.226048
56.302177
57.154335
56.764030
Control Period
56.778435
57.247391
57.734592
57.889694
57.630722
57.883713
57.721760
57.684227
57.142815
Control Period
55.784607
55.697311
55.949219
56.772255
55.954048
57.959778
57.709602
57.889664
56.166878
Control Period
55.705086
57.699486
57.607811
54.064766
56.131805
55.541023
55.310883
57.724350
55.855904
Control Period
54.930206
57.723679
55.873665
57.689919
55.965408
57.725441
55.505890
57.738686
54.016418
Control Period
57.246464
57.929955
56.532352
56.594337
54.010239
56.548706
54.008320
56.199455
54.016254
Control Period
57.695488
56.022976
57.160416
56.183647
57.480511
56.372288
57.418625
56.643105
57.050175
Control Period
56.851234
55.966431
57.981567
57.580894
55.729027
55.997536
56.953953
56.046173
Control Period
56.029793
56.124416
57.157375
57.796383
56.042561
55.371231
54.029343
57.759457
57.823105
Control Period
57.764702
55.986591
55.692032
56.259968
56.353409
56.964672
57.027489
57.079361
56.359138
57.664574
Control Period
57.992737
55.255360
54.456287
58.114944
55.766434
57.632866
55.656898
57.949379
55.248894
Control Period
57.806656
55.928768
54.018368
57.049248
57.093086
55.290306
57.633858
56.028862
Control Period
55.951363
57.779747
55.707230
57.830879
54.271137
55.812126
57.207169
56.020161
57.734627
Control Period
55.960640
57.889473
55.741856
57.722015
56.359135
57.435265
55.718018
57.669121
55.772766
Control Period
57.718529
55.506622
53.999710
53.995102
57.942398
57.803329
54.743134
55.848289
54.742302
Control Period
57.806015
56.007614
54.016190
57.119553
56.398174
58.143425
54.577568
55.562302
54.657440
Control Period
57.621155
57.426430
55.618881
55.422722
57.733089
55.415520
57.741249
54.833664
55.725761
Control Period
57.294975
55.969090
58.094109
55.471901
57.663841
56.142914
54.009857
57.843872
55.947456
57.754654
Control Period
57.581154
57.635296
55.635361
55.647842
57.837471
57.551712
56.578720
56.459267
56.505539
Control Period
56.301857
55.969795
56.785950
54.923073
54.034176
56.094429
57.500671
56.276833
57.773857
Control Period
57.625885
57.634975
58.036957
57.439392
56.976067
54.022881
54.025986
54.029152
54.229538
Control Period
57.876034
57.707455
58.053215
57.874367
56.521278
54.854622
57.521950
56.895294
Control Period
56.848000
56.026463
57.621666
56.025986
57.391426
54.018272
54.550591
55.402046
57.605858
Control Period
56.195587
55.766754
55.756767
57.686592
57.669792
55.979454
55.697567
57.604286
57.536194
Control Period
59.907200
55.264641
55.848801
57.798016
57.811554
55.891743
55.507614
57.347458
Control Period
56.071903
56.289505
57.583424
56.867043
54.863968
57.840286
55.895134
54.554913
58.145439
Control Period
54.029472
56.431458
57.632126
56.004738
56.955872
56.501953
57.318817
57.002655
55.878334
Control Period
57.874847
56.331360
57.497826
55.982143
57.860832
55.722878
57.577473
55.703583
Control Period
55.737183
55.170593
57.824448
55.908897
55.768192
57.444767
56.658207
57.471264
55.793823
56.027233
Control Period
55.763969
56.079102
57.659073
57.671776
55.772640
55.622368
58.005920
56.144127
55.668736
Control Period
59.224030
55.608131
57.757278
56.084255
57.664768
56.398273
54.035774
57.597633
55.677345
Control Period
59.872604
54.023201
55.809731
54.848640
55.061630
54.986847
55.079170
55.210720
54.761185
Control Period
57.886623
54.049377
56.002113
54.702911
55.755199
57.527199
55.240738
57.493664
Control Period
56.003487
57.777634
55.917183
58.367775
57.256065
56.236897
57.608543
55.494495
58.031265
54.034367
Control Period
59.831615
59.955261
59.962048
