918
918
918
961.746
956.871
943.902
938.047
938.77
934.311
931.633
937.58
936.044
934.486
933.295
927.262
930.2
933.887
934.118
933.074
938
939.317
931.367
932.006
935.781
933.582
932.749
934.491
942.745
937.478
931.72
927.66
924.982
927.609
932.227
928.207
932.941
937.02
933.253
932.597
936.632
932.744
931.748
933.914
934.416
934.319
933.253
939.976
938.281
936.456
930.435
933.815
936.411
937.095
934.61
933.054
934.207
927.928
929.051
926.705
936.566
936.633
936.633
927.657
927.048
928.512
925.56
922.509
928.085
932.095
933.764
936.496
931.392
934.211
928.513
930.643
932.961
932.496
935.88
939.63
939.37
935.124
930.694
928.963
933.392
932.283
933.854
931.32
932.532
932.969
933.133
934.77
933.531
930.871
928.793
928.616
936.463
937.292
936.929
936.213
933.26
933.395
932.777
931.035
932.045
928.106
928.643
933.317
938.178
938.791
939.979
930.62
932.741
924.116
933.93
938.682
937.18
936.112
937.98
