57.9714
59.8083
60.0866
61.1032
62.6118
62.5821
62.7982
62.9287
61.743
61.7502
61.7575
61.5909
62.3879
61.6222
62.5333
61.916
61.39
61.9377
63.0803
62.0798
61.6015
61.1762
61.6556
62.9363
62.3839
61.7291
62.694
62.2368
63.0318
60.5901
62.7858
62.0853
61.4293
61.2991
62.1675
62.015
62.0612
62.3397
62.4379
61.5753
61.292
61.7673
61.7131
62.3323
61.8212
62.1864
62.4454
63.0565
63.2698
62.241
61.648
61.7857
63.8061
63.1806
61.9603
62.1371
62.076
61.3799
62.1981
61.1042
62.4283
62.511
62.6337
61.841
62.2372
63.1616
61.9522
62.3174
62.2207
62.2303
60.689
61.0318
62.202
62.7996
63.1612
61.8968
61.7913
61.188
61.4247
63.619
62.2958
62.7327
61.9198
63.296
62.4037
62.2792
61.3717
62.1344
63.0678
60.9233
62.2928
61.315
62.0051
63.8489
61.5336
62.105
62.1184
61.181
62.4734
61.9726
63.4578
60.9691
61.7086
62.1156
62.7985
61.9818
62.0792
62.0842
62.1613
62.1415
61.861
63.0817
61.4247
61.6958
