60.210976
59.896290
59.892864
59.912800
59.910530
59.933502
59.911842
59.922272
59.905762
59.926659
59.913635
59.904480
59.906883
59.923744
59.933311
59.889473
59.888000
59.914177
59.914978
59.911201
59.914078
59.915459
59.910019
59.860161
59.926624
59.896194
59.899616
59.893471
59.896637
Control Period
63.706398
68.453568
63.118492
64.770172
67.560989
63.156483
66.385857
66.422401
Control Period
71.042465
68.526276
72.984192
68.573273
70.853027
72.901405
68.645126
Control Period
73.436356
72.712067
75.281822
72.724899
72.120926
72.762398
72.877663
Control Period
76.464767
76.054459
75.840134
74.876831
74.244865
74.492737
Control Period
76.868095
73.392929
76.878914
76.877533
76.881248
76.871391
76.139038
Control Period
76.899170
76.874977
76.932419
76.274780
76.914368
76.890015
76.914177
Control Period
76.927551
76.942688
76.903580
76.892609
76.893250
76.909058
Control Period
76.919708
76.927742
76.888512
76.883453
76.907837
76.879547
Control Period
76.908356
76.895874
76.895294
76.915298
76.918396
80.195267
Control Period
82.393059
76.894211
76.912796
76.915810
76.951393
76.908356
76.920769
Control Period
76.893410
76.913055
81.953278
76.886887
76.910240
76.926270
Control Period
76.929916
76.961952
76.920670
76.923363
76.940514
76.915878
Control Period
76.943771
76.894684
82.113861
76.913216
79.989532
76.872925
76.905701
Control Period
76.886398
76.912865
76.898331
76.891296
76.863617
76.916901
76.887711
Control Period
76.898750
81.814850
76.919327
82.401054
76.938400
82.321762
Control Period
82.501663
76.935646
76.919586
76.909760
76.911682
76.907837
76.928452
Control Period
76.901764
76.900711
76.880066
76.906021
76.949249
76.897507
Control Period
76.922462
76.914429
76.935745
76.932129
76.927490
76.893082
82.694656
76.915871
Control Period
76.918045
76.901596
76.874435
76.893471
76.875641
82.413826
Control Period
81.959869
76.910660
76.901382
82.075485
76.881500
76.894363
82.212448
Control Period
76.913918
76.878365
80.666275
76.893509
76.913788
76.889435
76.929535
Control Period
76.905060
76.907616
76.916031
76.922180
76.932930
76.907364
Control Period
82.233627
76.903198
76.893890
82.099548
76.870399
80.068863
76.913574
Control Period
76.883392
77.096771
80.367813
82.352707
79.791580
82.135269
Control Period
80.911133
76.915939
76.919937
82.284515
76.885506
76.897858
82.661598
Control Period
76.895844
76.923904
76.906944
76.917374
76.899963
76.887711
76.909698
Control Period
76.905731
76.904800
76.917114
76.867172
76.837860
76.917572
Control Period
81.491074
82.242561
82.228958
83.060867
82.395233
82.053604
81.855621
Control Period
76.870911
82.474365
80.398178
81.959969
82.038757
82.227646
Control Period
76.939011
76.959808
76.916290
78.370209
81.195770
82.515808
Control Period
87.009087
81.999039
76.888161
76.896164
81.798141
82.536926
80.792679
Control Period
76.936386
76.946976
78.040253
80.911903
82.290527
77.998688
76.874237
Control Period
76.900253
76.883621
76.902374
76.875198
77.622971
82.001923
Control Period
82.678978
81.908829
76.939835
76.927582
76.944412
76.931137
76.926651
Control Period
81.611557
78.469604
82.307999
76.937057
82.125343
78.761826
Control Period
82.250107
76.929825
76.940765
76.957504
76.951294
76.950783
76.921471
Control Period
76.945541
76.921982
76.945312
76.942398
76.948669
83.067139
76.931328
Control Period
76.910751
76.913895
76.953506
76.898399
76.891327
76.926659
76.938972
Control Period
76.946434
81.804901
76.937790
79.492767
76.952164
76.905121
Control Period
76.917503
76.912735
76.920227
82.708923
76.889084
76.901344
76.932709
Control Period
82.058495
76.948380
76.894821
76.940575
76.911011
76.865891
76.919556
Control Period
79.926018
77.408508
76.927612
76.944519
76.932961
76.922974
Control Period
76.925156
81.407104
81.610214
79.791199
76.916733
80.165985
Control Period
76.892517
78.832993
76.907616
81.931648
76.883301
82.242401
76.908157
Control Period
81.614014
80.819649
76.924126
81.069344
76.927742
Control Period
77.629562
82.032166
76.923584
76.926910
82.071838
76.911774
76.903648
Control Period
82.341476
81.652351
76.874557
78.920738
82.944031
80.705917
76.909561
82.403999
Control Period
81.334175
81.291428
76.904892
76.925117
Control Period
76.929764
81.991486
80.438911
76.929092
78.067039
80.000160
Control Period
77.601852
82.296570
82.270721
76.997147
76.908508
76.942657
76.931168
Control Period
76.942848
76.906944
76.968002
82.735611
76.926178
76.921539
76.897369
Control Period
79.358688
76.908066
80.468033
76.896637
80.744896
76.895073
81.972481
Control Period
76.913498
77.303909
76.892067
76.903839
76.893951
76.879486
76.876190
Control Period
79.724060
82.720703
76.884575
76.896164
79.346336
82.229828
Control Period
76.890106
76.864899
76.826721
76.859070
76.896835
76.845695
76.864700
76.848541
76.842209
76.896515
76.847900
76.892349
76.844482
76.872673
76.845024
76.905281
76.860123
76.845596
76.891708
76.829407
76.892097
76.820068
76.847610
76.868317
76.848572
76.816093
76.849251
76.841507
76.836830
76.833183
76.848480
76.815552
76.872742
76.863106
76.812767
76.809601
76.917084
76.873703
