0.710559
0.784669
0.747961
0.782914
0.798483
0.791018
0.801556
0.787495
0.800204
0.798706
0.796063
0.798056
0.817543
0.788553
0.804781
0.788575
0.809835
0.801204
0.79964
0.802516
0.802856
0.804425
0.794201
0.802047
0.789502
0.797872
0.815111
0.784476
0.827374
0.78979
0.791281
0.799972
0.799379
0.801144
0.799867
0.80132
0.804168
0.79603
0.799099
0.807121
0.79806
0.801121
0.802722
0.799785
0.816944
0.793902
0.788618
0.796471
0.794621
0.80312
0.800102
0.80754
0.799473
0.790385
0.802083
0.811238
0.805467
0.782934
0.804169
0.799118
0.79553
0.803033
0.796253
0.814113
0.801478
0.790498
0.808967
0.792183
0.80401
0.796246
0.788611
0.830131
0.784973
0.801294
0.810148
0.79146
0.797312
0.815787
0.793229
0.790359
0.808066
0.792776
0.796827
0.804738
0.797662
0.796079
0.830154
0.78059
0.793223
0.802183
0.789048
0.812653
0.786438
0.818872
0.797483
0.791806
0.800247
0.796608
0.802158
0.795778
0.801768
0.81261
0.799814
0.790927
0.807095
0.791819
0.800266
0.801068
0.79229
0.811306
0.79684
0.799387
0.800235
0.799345
