0.727516
0.802608
0.808622
0.78973
0.807787
0.810977
0.797179
0.802123
0.795722
0.798947
0.808938
0.795985
0.791196
0.800317
0.7982
0.814498
0.792844
0.796817
0.799479
0.799295
0.795844
0.804748
0.812162
0.794998
0.800511
0.796234
0.784306
0.811482
0.779606
0.804916
0.810954
0.80595
0.814852
0.79267
0.802572
0.801899
0.796907
0.809938
0.781482
0.816718
0.795208
0.792505
0.803972
0.805284
0.787034
0.808165
0.806161
0.800246
0.797046
0.812448
0.790639
0.797568
0.793638
0.813469
0.801412
0.792153
0.806389
0.783409
0.818063
0.802293
0.789234
0.797311
0.794105
0.797143
0.802892
0.791562
0.800545
0.809545
0.799333
0.802186
0.805104
0.784947
0.817595
0.797853
0.797915
0.803887
0.801741
0.785433
0.797585
0.832882
0.79517
0.78271
0.788646
0.804119
0.812838
0.79728
0.786611
0.808633
0.806985
0.797933
0.794239
0.805615
0.80086
0.788135
0.805929
0.804308
0.806002
0.796652
0.792682
0.806929
0.795903
0.80431
0.785407
0.80719
0.809852
0.78824
0.807016
0.802667
0.816059
0.784165
0.798249
0.796923
0.80445
0.799025
