61.445023
58.744160
58.715965
58.703522
58.693951
58.723328
58.706337
58.681889
58.686016
58.746689
58.687904
58.686592
58.688797
58.689407
58.731903
58.662815
58.732735
58.696671
58.708191
58.682655
58.689056
58.694401
58.710655
58.778847
58.716385
58.709984
58.730305
58.783775
58.714050
58.723427
Control Period
62.242531
59.516830
58.886658
58.927010
60.178463
62.333729
58.837822
61.851967
60.518303
Control Period
61.318241
60.967773
60.644318
60.818497
60.627872
64.293533
Control Period
64.272003
60.830429
64.260994
64.256348
64.217537
64.256668
64.214081
61.063969
Control Period
68.682144
64.318176
64.341766
64.262177
67.443970
64.304413
64.328186
68.100159
Control Period
64.368988
64.334785
64.306747
64.315071
65.875587
67.611420
67.971909
Control Period
67.214813
64.300446
66.677055
67.163231
64.279907
65.881348
68.075653
64.297981
Control Period
68.243011
64.297218
66.941406
64.289444
64.232735
66.361443
64.324287
Control Period
65.136192
66.271744
67.595070
65.927719
64.303131
65.309479
68.198624
Control Period
66.880737
64.326462
64.284348
68.024513
67.963196
64.278946
64.293663
68.198784
64.978531
Control Period
64.300285
64.302559
64.323166
65.729019
68.159935
68.394272
67.219933
Control Period
68.559204
64.371399
64.867393
67.131935
65.133347
68.256485
65.520035
66.377281
Control Period
66.759933
67.965118
65.816483
68.036324
68.172798
67.771873
68.465637
Control Period
67.987396
65.935616
68.167847
68.295105
64.296066
64.281662
67.781181
64.967773
64.288956
Control Period
64.341507
68.325729
67.756256
65.680130
68.527878
68.323997
67.434174
Control Period
66.493988
64.303741
64.282242
64.306335
64.274628
68.283875
68.629761
Control Period
68.059006
64.292511
67.373505
66.135330
68.158592
64.313019
65.563843
Control Period
64.279137
67.960320
64.285728
66.411194
64.349632
67.704483
65.962234
Control Period
68.213058
64.267838
68.198883
64.316483
64.371292
65.732956
Control Period
67.262527
64.351807
66.337280
66.954529
64.276093
64.347359
64.320320
68.356064
Control Period
68.154465
67.512512
64.243454
68.127106
64.311203
68.048294
64.310623
67.882309
Control Period
65.615967
68.262299
64.308960
66.109116
68.608093
Control Period
67.957695
64.368286
66.722336
64.357857
68.160416
64.322144
67.903488
64.352448
Control Period
64.340836
68.559204
64.334976
68.182236
64.282814
67.617538
Control Period
64.330460
64.836639
64.325920
64.347008
68.123711
64.326492
67.619614
64.286758
Control Period
67.254082
68.464157
64.333084
64.332642
67.965408
68.521530
64.343613
64.330719
Control Period
68.088318
68.235199
65.510880
67.357788
68.186020
68.254044
68.122879
Control Period
65.845917
64.664795
68.119583
67.025246
65.015999
65.354591
66.965668
Control Period
70.183746
68.313858
68.184738
68.088768
68.313950
68.243683
68.454941
68.130371
Control Period
65.418495
67.841278
68.504128
64.370399
64.723167
67.287643
68.304352
68.279327
Control Period
68.532867
68.155968
64.316483
64.336197
66.289665
67.418274
Control Period
64.959518
68.144028
64.302811
66.174561
64.358078
65.820702
68.642044
Control Period
64.824577
64.925125
68.349121
65.892479
64.842850
68.586945
64.831772
64.974716
Control Period
66.389252
64.849533
64.915459
66.646942
64.870049
68.085571
65.226532
66.644699
Control Period
64.850266
65.539841
65.304031
65.434723
66.871040
64.855392
68.663513
Control Period
64.895325
64.851265
64.853378
68.175812
64.887650
65.221313
68.404419
64.805855
Control Period
64.831909
65.653763
64.837372
68.341446
66.216156
64.761635
68.222748
Control Period
64.784256
65.716995
64.773026
67.724518
64.834175
64.785408
68.264572
64.852356
Control Period
64.842758
64.800735
64.858627
64.840668
65.590942
66.126976
Control Period
67.420929
64.813057
64.812195
64.849022
64.810944
67.996964
64.821915
64.815971
Control Period
64.861183
64.868927
64.889282
64.806816
64.819168
65.705246
66.683258
64.960480
64.880127
Control Period
64.803452
67.929985
64.853218
68.024963
67.996864
64.885727
68.316032
Control Period
68.291580
65.487198
64.891205
64.816574
68.399811
64.818405
64.845886
Control Period
68.356094
64.844452
64.922012
64.913437
67.631615
66.069153
64.830597
Control Period
67.726105
68.406052
68.407516
64.855545
64.870590
68.733124
68.046753
68.518692
65.045761
Control Period
64.900673
68.419617
64.859360
68.413185
68.757088
64.867294
68.704384
Control Period
64.895676
65.160095
68.415710
64.803009
64.870880
64.910782
68.350876
64.928062
Control Period
68.142303
64.916260
64.895355
68.506821
64.932381
64.941887
Control Period
67.228317
64.886368
64.804993
64.841629
64.844894
64.937859
64.968475
64.906403
64.931778
Control Period
67.548615
65.978462
64.909760
64.947395
64.892166
68.478401
64.931396
64.867683
Control Period
67.163231
64.962692
65.229919
65.901054
64.935425
66.618080
68.509918
Control Period
66.522842
67.897758
64.876381
64.901054
66.263199
67.978722
Control Period
67.954788
64.843292
64.853668
64.821663
65.384224
66.113403
64.872452
64.810364
Control Period
64.830559
64.806145
64.836227
64.899292
64.802849
64.776093
Control Period
65.143456
64.862335
64.845535
64.877380
64.866531
66.240738
65.430305
64.877563
Control Period
64.888580
64.909409
64.895645
65.788544
68.638206
68.754654
64.867073
Control Period
68.430367
68.200989
68.395996
64.967545
64.817566
64.773697
64.781120
64.798630
Control Period
64.800323
64.788414
64.844604
64.817696
64.824547
64.836609
64.858780
Control Period
64.851486
66.931641
65.887169
64.793350
66.264641
65.000290
Control Period
64.951294
64.903427
65.694176
64.915810
64.835556
64.795197
64.823936
64.821793
64.809570
Control Period
64.786652
65.086685
64.787994
64.842239
66.886627
67.799362
64.779877
Control Period
64.861374
64.796158
66.539780
67.598083
67.086143
64.838745
64.779617
Control Period
64.757248
64.761124
65.982620
66.553314
64.887871
64.839523
64.859680
Control Period
64.818588
68.724991
64.860992
64.878815
67.823166
64.818047
64.841629
Control Period
68.458908
64.903580
67.158813
64.802979
64.777725
65.132996
66.096642
64.751907
Control Period
64.847397
66.101471
64.817184
64.780930
66.690399
65.536774
64.866783
64.818466
Control Period
64.797821
64.870331
64.775421
64.804092
68.304413
67.740318
68.474403
67.098335
Control Period
64.740189
64.949661
68.674210
66.259430
64.816925
67.606689
64.806244
65.636703
Control Period
67.725250
64.810074
68.202011
64.776321
68.335587
64.831039
68.695778
Control Period
64.809540
67.885696
65.961311
64.846016
65.260864
64.808899
68.614365
Control Period
64.798203
64.832512
64.792999
64.841118
64.810822
64.765533
64.772766
Control Period
64.738945
66.727066
68.634529
66.902145
68.525314
68.389984
68.298622
Control Period
64.808701
64.822433
64.793060
64.791870
66.236641
65.526276
64.820572
Control Period
64.792831
64.776543
68.372833
64.817986
64.789307
64.819809
64.873444
Control Period
67.134079
64.829025
66.788353
64.763649
64.799194
67.200607
64.816483
64.799553
Control Period
64.799011
64.798561
67.222176
64.781601
64.824318
66.391739
64.874405
Control Period
64.753113
66.337120
68.218079
64.774460
64.803970
64.768387
64.803040
Control Period
71.189377
67.114365
64.798431
64.806427
64.742020
67.325279
68.568352
Control Period
64.776382
67.381889
67.131836
65.814758
64.708641
64.751709
66.919777
64.775970
Control Period
67.797638
64.841660
64.791428
64.722786
64.785057
65.466881
67.344482
Control Period
70.145309
65.065445
64.792953
64.787422
66.963043
64.823227
64.839233
68.614494
Control Period
64.760574
64.760513
68.205185
65.411583
64.779617
64.812378
64.831390
Control Period
68.533569
66.583229
64.905251
64.839485
64.807037
64.772964
64.740707
64.838623
Control Period
64.807587
65.976379
67.764992
64.763748
64.849533
68.633606
67.784706
Control Period
68.403076
64.882812
64.849884
64.832001
68.339554
68.245506
64.862785
Control Period
64.865082
64.886047
66.714172
68.408508
64.845596
64.793671
64.879326
Control Period
68.259171
65.272545
68.813126
68.250145
68.621796
68.440704
68.295837
68.406845
Control Period
64.780380
66.570877
67.947067
64.886078
64.822563
64.867615
68.225502
Control Period
64.842430
64.894272
64.882812
64.858429
67.895874
68.459610
64.935684
64.871170
Control Period
68.249435
68.700256
67.230690
64.757507
64.821312
64.846527
64.895966
Control Period
64.967133
64.885605
64.828094
64.853531
64.949409
64.809280
64.800354
64.842819
Control Period
64.859772
64.835266
67.156799
68.570465
68.869759
66.990463
64.856255
64.818367
Control Period
64.772255
64.787262
64.787964
64.820190
64.822403
64.744034
64.835327
Control Period
64.767227
64.834946
64.902588
64.843552
68.445663
68.144157
68.754784
68.490372
Control Period
67.455391
68.442917
64.845123
64.802139
64.749794
65.808090
67.953796
Control Period
64.768188
64.780960
67.311234
68.394821
64.778305
64.789536
64.874939
Control Period
68.293663
65.393982
64.854340
65.125504
64.818047
64.773178
66.508766
67.135452
Control Period
64.884323
66.090271
67.188385
64.815552
67.180283
64.821472
68.414307
64.852318
Control Period
66.756668
65.021759
66.337372
67.132965
68.317505
68.405663
66.738052
Control Period
64.886719
64.855362
66.381500
68.538620
67.874336
66.692795
64.812698
65.614624
Control Period
68.093796
65.046654
66.511719
64.829468
68.251808
66.053925
Control Period
68.006821
68.463264
68.313629
64.832443
64.949120
67.961090
64.795937
66.087296
Control Period
64.824997
64.857567
65.587555
64.847008
67.743362
66.826141
68.412994
Control Period
64.901596
67.129532
64.883011
66.479874
64.887169
64.813629
64.838463
Control Period
66.898468
68.392960
68.777695
66.754562
64.866974
64.875168
64.856644
65.019012
Control Period
64.824539
64.931686
67.188507
66.886658
64.909698
64.911942
64.898048
65.760765
Control Period
64.909569
65.909187
68.040451
64.900032
68.727646
64.834564
65.675812
Control Period
68.380997
66.956100
64.861084
68.331741
64.823235
66.835388
64.856003
66.600800
64.813629
Control Period
65.322525
64.828735
66.941055
67.181793
64.825890
68.298462
64.897888
Control Period
68.077347
66.674820
64.865051
68.402054
64.839172
67.813377
68.023132
64.862335
Control Period
68.303520
64.835556
68.313828
64.904221
64.864319
68.135452
64.871078
Control Period
64.886528
68.036766
65.544891
64.811386
68.572998
65.742752
64.846176
Control Period
68.248901
64.866943
64.888191
64.844131
68.923584
64.849792
64.845596
Control Period
64.803452
68.121475
64.908798
64.839554
64.809830
64.777153
68.624252
67.758621
Control Period
71.513344
71.529373
71.541382
71.531677
71.557312
71.909637
71.672577
