118.726532
117.761597
117.779709
117.793533
117.788635
117.778465
117.814240
117.788452
117.804611
117.848160
117.821243
117.836411
117.806564
117.823074
117.788994
117.789856
117.818115
117.834465
117.819870
117.849953
117.840736
117.833405
117.880226
117.817184
117.828506
117.848450
117.881119
117.829216
117.802658
Control Period
122.015427
120.694626
121.573120
120.442566
122.089729
122.090302
119.335747
122.043396
Control Period
129.068481
126.841377
127.973282
127.759720
128.169800
128.079300
128.147369
128.172791
Control Period
128.220200
132.794113
132.729645
132.640610
128.402176
132.736267
132.739624
132.887360
Control Period
132.855164
132.801498
133.109344
137.848999
132.791199
132.905411
137.457474
132.872223
Control Period
137.967163
137.592957
135.230713
132.922180
132.828247
132.885864
132.791229
Control Period
134.224426
137.393600
133.458878
134.568542
137.467392
133.679810
133.030624
137.753113
Control Period
133.344604
137.288574
134.487335
137.959930
137.285980
137.269928
137.166595
Control Period
137.198364
137.112000
136.387619
135.295197
137.289597
137.169983
137.137436
Control Period
138.511383
137.472672
137.691589
137.488922
137.284866
137.261765
137.585114
Control Period
137.573120
137.375168
137.445496
136.808472
136.397537
137.809433
137.580078
Control Period
137.140869
137.500702
137.252197
137.533508
137.879852
137.568787
137.329193
Control Period
137.599854
135.929352
136.621582
140.321411
137.229492
137.934601
138.143829
137.362152
Control Period
137.578308
137.302826
137.142014
137.277725
136.570282
136.963837
137.676849
Control Period
141.011780
137.542908
137.488647
139.144043
137.319122
137.413483
138.450943
Control Period
139.657257
137.476837
138.986237
137.489258
137.686142
137.320862
137.832672
138.093887
Control Period
137.533051
132.857819
137.674622
137.414764
134.956863
137.183258
137.444733
136.108643
Control Period
140.221924
133.724518
137.385468
132.980072
137.729919
137.112091
136.125397
137.184128
Control Period
137.873047
135.870651
137.592041
133.706055
137.828003
137.793274
137.653473
Control Period
134.271332
137.465332
133.968735
134.293182
137.544830
137.377350
137.500244
Control Period
137.706024
134.198792
136.445724
137.552322
132.778885
137.525604
136.353088
137.375122
Control Period
137.326385
137.452637
132.893768
137.843353
137.476929
132.812073
137.572845
137.693375
Control Period
137.813339
138.082916
134.449463
137.392395
132.973724
137.927841
132.915924
Control Period
140.056061
137.665802
135.080154
137.888351
133.244003
137.169891
134.149796
137.744064
Control Period
137.514709
137.775330
137.924744
135.908600
137.437256
133.689240
137.343079
Control Period
138.051331
138.059479
137.507507
137.348389
137.578308
137.302185
137.415283
Control Period
137.364990
140.421890
138.597931
137.516541
137.868713
137.794861
Control Period
140.905914
137.187683
137.899841
139.072357
141.402771
137.602264
137.881592
137.480774
Control Period
137.450531
138.406403
138.328003
137.388794
137.319977
137.972290
138.261337
Control Period
141.143433
136.002197
137.777252
138.115616
137.644608
137.551514
137.403870
Control Period
137.811462
137.702850
137.564163
137.310333
137.919296
137.335297
137.674713
137.495773
137.251297
Control Period
137.288025
134.387039
137.587494
137.909378
137.698822
138.542267
134.783173
Control Period
138.623520
138.269501
138.223969
137.041183
138.879242
135.101044
138.294525
Control Period
138.554916
136.606110
137.952896
138.550079
137.396133
137.923325
138.548615
Control Period
138.489624
137.528580
138.897064
137.866943
138.506653
138.431198
136.569916
Control Period
141.845093
138.655106
138.284668
134.176514
138.481476
137.775787
134.121674
Control Period
137.442078
138.324387
137.302155
136.767487
138.647156
133.968842
138.285126
Control Period
134.594177
138.442276
137.029510
138.108612
134.083527
138.280609
138.110306
134.533188
Control Period
142.207809
138.660126
138.417145
138.484680
138.444931
137.327179
136.791443
136.463287
Control Period
134.079590
135.361984
138.401413
138.107941
134.102936
134.167877
134.711365
Control Period
138.540573
138.279587
134.046402
134.251099
136.404541
138.843643
Control Period
138.241241
138.150589
137.835968
138.832001
138.149567
138.311798
138.389832
135.854492
Control Period
134.205261
137.797668
138.242203
137.737442
134.058975
138.542938
138.308105
Control Period
134.095001
136.534180
138.682266
138.788330
134.274948
137.036743
138.462234
138.531464
Control Period
134.321991
134.309662
138.625305
135.366043
134.287109
Control Period
138.519745
138.954620
134.631195
138.437790
136.667877
136.184601
138.346939
134.594666
Control Period
142.164902
136.181564
134.109344
138.734650
138.412872
139.254150
134.268738
Control Period
138.685379
134.258362
137.603699
138.452728
134.382568
138.463837
138.653244
Control Period
135.553253
138.247589
138.460693
138.536255
134.178711
137.334396
138.615234
Control Period
134.388000
137.076096
138.441986
138.768616
138.424713
134.221603
134.320511
Control Period
138.137283
138.772476
137.879105
138.986664
137.170624
138.548309
137.685913
137.077347
Control Period
138.203064
135.545502
136.741302
134.237793
138.880920
138.735382
136.703308
134.148804
Control Period
134.604187
138.940643
138.477753
134.040924
134.036285
137.158295
138.668320
Control Period
138.280060
138.468826
134.081787
134.109222
134.092865
134.031464
134.704224
138.792221
Control Period
134.112061
135.131927
138.582657
138.536316
137.147522
134.377197
134.239746
Control Period
139.214813
138.826569
138.597717
137.615173
134.192642
134.307068
134.177505
Control Period
134.144638
134.097015
134.181641
134.164001
134.027100
134.046265
133.979645
138.547577
Control Period
136.798080
138.506943
138.465729
138.532608
138.873047
138.425385
138.443329
Control Period
138.361053
138.203094
134.088196
134.148773
134.147003
133.966156
134.068390
134.172867
Control Period
134.015411
134.192093
138.879913
134.030457
134.118942
138.261505
Control Period
133.977478
138.182312
138.241791
138.394531
138.820572
134.913269
135.068512
138.229660
Control Period
142.926086
138.114594
134.929108
134.074371
135.837463
138.396393
138.342880
136.223846
Control Period
133.975586
138.505539
138.492157
137.128448
136.543549
138.571320
138.255646
138.210297
Control Period
138.539551
134.127197
134.176727
138.485016
134.249573
134.144745
138.401184
Control Period
134.232697
134.112473
135.439102
138.360443
133.927368
133.941315
136.528732
138.544861
Control Period
138.263916
136.908478
138.042664
138.924866
135.979340
137.645889
138.359192
Control Period
140.737000
138.259140
138.980347
138.550812
133.976776
134.017059
135.689255
Control Period
138.052002
136.003265
134.094940
138.127930
138.138809
133.896088
138.615494
Control Period
140.947510
137.256775
138.798309
137.788055
138.568542
134.328766
138.147827
Control Period
136.050049
138.193726
134.389923
138.308090
138.063751
138.087921
138.792191
133.969406
Control Period
139.022308
138.041107
139.113220
138.756348
138.380890
136.622986
134.565277
133.847412
Control Period
138.210968
138.632629
136.065567
133.852692
135.721893
134.002396
133.972961
Control Period
135.604523
136.783051
138.926788
133.969345
134.057800
136.662659
134.170685
134.061279
138.550781
Control Period
134.043259
134.050140
134.079559
138.611099
134.102478
137.479340
133.984283
138.272125
Control Period
134.094269
134.017853
136.350525
134.129974
133.953537
133.996063
137.025879
Control Period
138.174774
133.899048
134.192703
135.467361
134.195740
134.007965
136.222168
Control Period
138.724991
133.991486
134.081223
134.064941
138.207077
138.515228
135.341919
134.055145
Control Period
134.042389
135.395752
138.038818
138.273163
138.120605
135.540955
133.986053
Control Period
138.020325
135.195251
133.791748
133.738174
138.110260
133.853607
138.205688
133.901642
Control Period
133.942169
134.007446
133.753342
136.630402
138.250732
133.905579
133.919891
134.032288
Control Period
134.001801
134.049622
137.608551
134.027740
133.914093
138.360870
133.934174
Control Period
138.416000
138.467514
134.092499
134.044479
133.991547
138.476349
138.353882
Control Period
134.037018
136.334839
138.775238
138.600540
138.584702
138.276764
138.313293
Control Period
141.540451
138.527298
136.819061
133.982941
138.409363
138.683548
134.087769
134.289566
Control Period
134.164307
138.682617
138.586823
138.525757
134.122238
134.172791
135.332413
Control Period
138.381729
134.108093
134.158371
134.131927
138.668488
138.587769
138.292084
Control Period
138.630524
137.584229
134.095367
134.330750
134.007202
134.088516
134.116867
Control Period
137.385162
138.163452
136.341675
134.201370
135.918396
138.552277
138.600510
134.223480
Control Period
142.293121
137.712799
138.433060
138.400909
134.970215
134.202209
135.242813
Control Period
138.266724
134.157379
134.052582
134.097412
138.629730
138.507416
135.958710
134.159424
Control Period
138.689087
138.735748
138.792297
138.377762
138.653717
138.168259
138.374237
Control Period
139.753601
136.654785
134.803650
134.209824
134.138397
133.969940
136.133881
138.364639
Control Period
138.097351
138.385757
138.058746
138.515076
138.335449
134.082397
134.198700
135.459961
Control Period
141.725800
138.679291
138.652069
138.426422
134.213165
134.127319
134.160736
Control Period
138.410004
135.631226
134.045883
134.056931
138.676086
138.403381
136.881439
Control Period
137.153992
138.754089
138.269150
135.141571
133.970459
134.049866
138.468140
138.596390
Control Period
134.017563
137.517792
138.270142
134.504257
134.036285
135.523895
Control Period
138.783997
138.350159
136.471909
138.981781
134.061371
138.167572
Control Period
135.825867
138.282303
137.433533
138.296097
138.346466
138.672928
138.242752
138.516327
Control Period
138.250946
137.667038
138.348419
138.516647
137.641510
137.970428
Control Period
138.609406
138.417953
138.496246
138.336456
137.044678
136.547455
138.342957
138.288330
136.917572
Control Period
134.762299
133.989990
138.336517
138.388641
134.127625
134.083038
134.016541
Control Period
138.023453
138.441223
138.384552
137.864807
138.307495
135.083649
135.934402
Control Period
134.272278
135.545410
135.753662
138.198532
136.921082
138.346298
138.507111
138.506195
Control Period
136.070374
134.076355
134.248581
134.196259
134.162567
135.360352
138.112854
Control Period
138.327332
138.459045
138.341278
135.567780
138.605316
138.860321
136.878601
Control Period
138.481506
137.138016
137.622787
138.131561
135.098083
138.723328
137.272354
Control Period
139.000000
134.274979
138.193542
135.886078
138.734344
136.455688
138.375168
Control Period
137.881149
138.533478
138.292770
135.576019
138.450836
134.240509
139.257629
Control Period
138.681335
135.981689
138.510254
136.666428
139.073822
138.300171
134.855194
Control Period
138.792511
137.180634
138.155060
134.182144
138.344864
138.367874
134.121536
Control Period
140.670502
138.560028
134.662521
138.278046
138.609756
134.050018
138.463593
138.854752
Control Period
134.215576
138.411331
138.287994
138.143036
134.107178
134.019897
138.668060
Control Period
138.495071
134.029510
134.189575
138.301605
138.239136
138.665695
133.870300
Control Period
138.890167
150.627106
150.626343
150.636993
150.638306
150.644104
150.637299
150.608582
150.629883
150.687134
150.660416
150.680740
150.679382
150.648041
150.658691
150.673706
150.706665
150.721283
150.650269
150.644379
