61.638557
60.147167
60.113983
60.135712
60.139549
60.141502
60.148064
60.116032
60.156128
60.163261
60.146271
60.174911
60.147392
60.178143
60.161728
60.163872
60.144928
60.160927
60.139778
60.182175
60.189823
60.157890
60.225311
60.162048
60.158813
60.153889
60.177856
60.153534
60.160095
Control Period
60.162560
61.252609
64.264801
64.825821
60.139553
60.178398
63.090111
60.142494
Control Period
62.721024
67.821983
67.861252
63.197441
67.597343
67.803482
67.889923
67.848541
62.735615
Control Period
67.862686
67.857597
63.412319
67.869156
63.034496
67.822876
Control Period
67.839775
72.255486
67.907135
67.866112
69.108826
67.886688
67.921219
Control Period
67.922684
67.891998
70.435295
72.419456
72.289474
70.874619
68.719170
67.897728
Control Period
67.849762
71.390945
69.409119
67.902145
71.556030
70.812958
67.872543
Control Period
72.693787
67.842911
72.903900
67.934845
72.268257
67.890434
70.102463
67.918304
Control Period
71.049088
70.058365
67.833862
69.769318
72.449730
71.293854
67.899780
68.142815
Control Period
72.508286
72.500862
67.879295
67.892128
67.888062
72.428963
67.840927
Control Period
75.557755
72.460678
72.402267
71.455330
69.713120
67.926338
67.910561
68.863617
Control Period
71.741600
69.318115
71.696960
67.919495
71.245819
69.772675
Control Period
72.584763
72.037025
69.887619
67.890274
67.890106
67.890106
67.847679
Control Period
67.863586
70.331230
67.926971
67.844353
72.222305
69.579163
72.545319
Control Period
72.585983
69.196548
68.577278
70.860413
71.146469
67.899490
69.630020
Control Period
72.623611
70.979904
73.062561
72.241409
72.531357
67.883682
68.108292
Control Period
67.905632
73.003326
68.515106
67.933762
67.947556
72.667969
69.790367
Control Period
71.557892
67.921188
71.987297
69.872543
67.984955
68.380638
67.905731
Control Period
67.853378
69.413666
67.932419
71.199005
69.522049
70.779236
68.025024
70.814651
Control Period
67.921310
71.181534
69.989212
67.895775
67.849915
72.844131
67.958405
67.932861
Control Period
67.903229
69.396706
72.301216
67.934845
69.188446
68.157730
Control Period
70.835808
67.888092
73.137123
69.975807
67.914146
72.281090
67.876358
67.946465
Control Period
72.987839
67.871292
72.438492
67.906143
72.312225
67.949600
72.318649
Control Period
69.602081
67.984192
70.548828
67.892227
72.144516
67.876770
72.061981
67.984001
Control Period
72.712509
67.913475
72.484352
67.886848
67.936508
70.196739
67.923035
72.045219
Control Period
68.895706
67.926369
72.455711
67.885254
67.912193
67.942879
73.128418
73.112411
Control Period
68.045380
70.556320
70.096924
68.034081
67.910942
67.937119
69.175293
70.737823
68.189346
Control Period
72.021217
71.789444
67.950783
67.967873
72.580673
71.342621
69.284027
Control Period
69.511139
67.994949
67.926117
67.952988
67.964767
67.929245
67.928711
Control Period
67.932770
69.650146
67.902237
72.302429
69.178688
67.953278
67.895142
Control Period
67.902367
67.895683
72.595390
72.380035
70.110428
68.595871
Control Period
71.661858
67.902756
71.345093
70.227554
67.889633
70.544769
68.502815
72.293823
Control Period
72.716385
68.513344
68.486015
72.419998
68.471619
71.756378
72.508224
Control Period
68.539108
73.227646
68.931999
70.780991
69.304703
68.558502
68.494881
70.440514
Control Period
72.549210
68.521599
72.288063
68.493248
70.221405
70.388672
68.515228
Control Period
68.521248
72.358078
68.588516
68.530853
72.706467
68.511070
68.530365
72.970337
Control Period
72.464188
68.501343
69.455643
68.540741
68.580505
72.615677
68.486015
Control Period
73.413437
68.491615
72.521278
69.361084
68.481277
72.288132
Control Period
68.487808
68.541061
68.551102
68.504196
68.515396
68.553543
68.504410
68.480774
Control Period
71.658432
72.590851
68.532578
68.525787
68.450562
69.326942
72.611267
68.546692
Control Period
68.534012
72.405022
68.545631
71.713921
68.621658
68.607872
68.634689
Control Period
72.813568
69.294083
68.474594
69.149277
68.531708
68.536514
68.796188
71.245178
Control Period
72.464157
68.550812
68.582077
69.624130
73.173691
68.479553
68.508926
69.583488
Control Period
72.227814
72.589630
70.450241
68.592285
69.553535
68.600258
68.606277
Control Period
69.679008
68.604645
68.524826
68.543427
68.592514
68.568802
68.526627
68.629921
68.634079
Control Period
72.463745
68.626617
72.463455
68.568573
68.576736
72.257599
68.625374
Control Period
70.610596
72.463425
68.538940
70.049820
71.180992
68.560036
68.581825
72.786530
Control Period
68.571999
72.818367
69.357918
68.641983
72.609024
68.667908
68.661087
72.826813
Control Period
68.607231
68.583839
68.552353
68.608833
72.618240
72.760384
69.771263
68.591492
Control Period
76.281120
69.549667
68.589249
68.566498
68.578659
72.525505
73.155045
Control Period
70.580765
68.578949
72.164513
68.520065
73.137115
68.611839
Control Period
68.541885
70.543808
69.384933
72.727005
68.615387
68.640610
69.382843
72.225822
Control Period
68.572891
68.542404
68.530045
72.015106
68.462204
68.494141
68.457474
Control Period
68.456924
68.410561
72.661987
69.913284
71.406815
72.372665
71.775482
68.425629
Control Period
72.699425
71.879356
68.552032
68.518692
68.596252
68.682404
72.365860
71.763779
Control Period
68.577347
68.599327
68.553284
68.553185
68.541504
68.619392
73.000671
Control Period
68.474655
68.538971
68.596451
72.667267
72.613152
72.690018
68.483490
Control Period
69.884834
68.494171
68.436035
68.489952
68.472031
68.567009
68.559875
68.516640
Control Period
68.524384
70.114655
70.088898
71.070618
71.434914
72.815674
71.240387
72.590652
Control Period
72.548889
68.459579
71.733345
68.518173
68.460030
72.759003
68.478302
Control Period
72.444733
68.508026
68.544861
71.647614
70.477798
68.464867
68.433914
Control Period
68.554337
71.735580
70.913246
69.542267
68.505508
68.526276
70.304871
Control Period
72.325569
68.477539
68.562141
68.502151
68.561371
68.512070
68.507072
Control Period
68.448517
68.546524
68.522751
68.572510
69.299553
68.514435
68.531105
Control Period
68.500031
68.528160
68.522690
72.141182
68.507355
68.437637
68.516418
Control Period
68.430305
68.433952
68.465599
68.479141
68.516640
68.508667
68.478050
Control Period
70.307968
68.559807
68.474464
68.423706
68.497635
69.085823
68.476990
68.481857
Control Period
71.018631
72.294304
68.534912
70.863647
68.496765
69.506912
72.641151
68.402527
Control Period
69.540482
69.808159
69.398880
69.637634
68.464294
72.862915
68.412415
Control Period
70.932098
68.438461
71.390747
68.466751
68.536636
72.465919
68.391808
Control Period
68.467773
68.486343
68.492897
68.502785
70.368454
72.415802
72.838684
Control Period
68.452576
68.452484
68.537918
68.397888
68.475739
68.481567
68.499329
Control Period
68.531967
72.617661
68.501152
72.089249
68.503265
Control Period
72.887970
68.502075
68.536736
68.506653
68.499268
69.515427
68.532379
Control Period
69.981026
68.535294
68.466240
68.433243
68.502335
69.536736
68.502045
70.207230
Control Period
68.482307
72.324509
68.489349
68.438591
72.697792
68.419136
68.528412
Control Period
72.383011
71.177917
68.466049
68.495903
68.478851
68.481766
71.314499
69.337631
Control Period
68.513504
68.499207
68.459618
68.483521
68.460861
68.447876
68.379616
68.495392
Control Period
68.400032
68.346497
68.349121
68.380997
70.200607
68.413498
Control Period
73.200165
72.523842
73.202850
72.200699
70.041092
71.767548
69.788383
Control Period
70.537857
72.075684
69.742493
72.698242
70.798561
68.481155
68.479645
Control Period
68.494911
68.456284
68.508774
68.544098
72.002655
68.477890
68.423683
68.462173
Control Period
68.474365
68.571678
68.617729
68.526718
68.464066
68.519043
68.429947
68.501854
Control Period
69.799194
68.446274
69.039749
72.447708
68.492607
68.512604
69.168930
Control Period
72.726624
72.764221
68.530334
68.586716
68.487007
68.980125
72.614182
71.642784
68.545990
Control Period
72.571396
72.629822
70.186172
68.555588
68.599136
68.503174
68.564484
Control Period
68.592194
68.552673
68.563232
68.529953
68.500931
68.521950
68.780380
68.520828
Control Period
69.565475
68.479584
69.731934
72.892288
71.147202
68.533722
68.489632
Control Period
69.565247
71.719131
69.277756
68.555389
68.603485
68.597595
73.048508
72.098366
Control Period
68.643005
68.503426
69.789024
68.484772
70.467522
72.666138
Control Period
72.605759
68.708771
68.547745
68.514725
68.582848
68.580124
68.552734
Control Period
71.619110
72.426498
70.022202
68.438431
68.508636
68.546173
Control Period
68.487228
68.491043
68.432579
68.494080
73.416641
71.178818
69.820923
Control Period
68.541092
68.538437
68.587906
68.560410
68.621887
68.532669
68.524765
68.587875
Control Period
68.572639
68.538940
72.831650
72.477570
68.411102
68.490692
68.490402
Control Period
70.142853
68.430725
68.491745
68.506721
72.762306
72.623489
68.488350
Control Period
68.478531
72.442688
68.466019
68.486557
68.456703
72.516251
72.330399
72.739014
70.822983
68.575104
Control Period
72.388351
68.490021
68.477798
72.574493
68.468605
72.405701
68.479843
72.523804
Control Period
72.723877
71.799911
70.103745
68.469246
68.526108
68.507355
70.530434
Control Period
72.734756
71.659744
68.460320
68.519905
69.624252
68.463196
71.866119
71.667587
Control Period
68.528610
72.449051
69.873886
72.734879
68.630463
68.511642
72.415359
Control Period
68.478012
68.523041
68.462814
68.534882
69.332832
72.357437
71.125092
Control Period
68.562363
68.501442
68.560287
68.519165
68.541664
68.542976
68.527878
Control Period
72.960480
71.040733
68.494720
68.555328
68.497887
68.471329
68.557312
68.616806
Control Period
68.523621
68.576645
70.858269
72.755814
72.654785
71.388512
68.722145
Control Period
68.497147
68.550560
68.548325
70.297958
68.608864
68.610657
70.206436
71.951294
Control Period
73.281860
68.573563
68.929184
69.560226
68.517883
72.359169
68.499138
68.592545
Control Period
70.382271
73.051903
68.515869
72.476830
68.514877
73.000542
68.535072
Control Period
76.240028
68.513382
72.675682
70.570618
69.041382
73.086014
68.564545
72.768219
Control Period
69.355774
68.586365
72.748291
68.728317
70.299011
69.253159
68.457825
72.719040
Control Period
68.531807
70.286530
68.573318
72.706696
68.542625
69.179169
72.513062
Control Period
70.462021
68.514404
71.755966
68.490723
68.586815
71.957245
68.525757
Control Period
68.627869
72.882812
68.567230
68.557602
68.511963
72.569092
72.549149
68.535110
Control Period
68.469055
72.716194
72.811035
68.499489
68.459358
68.396355
68.786591
Control Period
76.825409
76.838501
76.864609
76.787071
76.817726
76.820251
76.845886
76.811035
76.863838
76.842209
76.838913
76.836838
76.859589
76.836670
76.869186
76.816193
76.863197
76.854782
76.858978
76.850876
76.877853
76.852386
76.839233
76.863998
76.839523
