80
79.1771
79.0318
78.9125
78.8088
78.7208
78.6468
78.5886
78.5369
78.4951
78.4575
78.4236
78.3925
78.3628
78.3392
78.317
78.2981
78.2856
78.274
78.2639
78.2501
78.2342
78.2246
78.2156
78.2043
78.1955
78.1881
78.1818
78.1751
78.1673
78.1601
78.1542
78.1513
78.1483
78.1442
78.1369
78.1353
78.1284
78.1232
78.1178
78.1127
78.11
78.1081
78.1048
78.1002
78.1019
78.0996
78.096
78.0961
78.0957
78.0976
78.0956
78.0973
78.0944
78.0895
78.0858
78.0883
78.0901
78.0881
78.0854
78.0868
78.0845
78.0851
78.0821
78.0783
78.0774
78.0766
78.0764
78.0766
78.0763
78.0751
78.072
78.0743
78.0786
78.0816
78.0855
78.087
78.0858
78.0806
78.0796
78.0827
78.0872
78.0855
78.0828
78.0825
78.0857
78.0861
78.0845
78.0837
78.0817
78.0795
78.0782
78.0753
78.0743
78.0759
78.0762
78.076
78.0777
78.0769
78.0779
78.0767
78.0776
78.0787
78.0804
78.0839
78.0863
78.0863
78.0844
78.0855
78.0899
78.0935
78.0995
78.1048
78.1064
78.1054
