77.3333
63.409
67.6493
70.1669
72.151
71.0992
69.892
70.9022
70.626
69.9045
70.4401
70.9015
70.3867
71.7988
72.0541
71.4807
70.9923
70.3768
71.2898
70.4363
70.7498
71.426
70.7361
71.0244
71.934
70.1593
69.769
70.6225
70.8859
71.358
71.7562
70.8613
71.3722
71.8681
71.2947
70.0261
69.947
70.3472
69.903
70.5932
70.6413
71.0718
70.8362
70.6237
70.8423
70.5969
70.8603
71.5273
70.8215
69.9577
70.5252
71.224
71.5385
70.0113
70.5541
70.3965
70.8326
70.5691
69.7478
70.379
70.832
72.0094
70.9292
70.9016
71.1018
70.8971
70.4538
70.7353
70.087
69.7179
70.749
72.1336
71.8279
70.6024
70.181
70.3908
70.1986
71.1973
71.586
69.8698
70.5129
70.5829
70.885
70.1153
70.3025
70.4338
70.2615
71.4404
70.5789
70.6605
71.1897
71.6232
71.4871
71.2765
70.3861
70.3401
70.5353
70.9036
70.8213
70.2446
70.3884
69.8801
69.7312
70.8976
71.4291
71.9027
71.8591
71.1597
70.5716
70.5671
70.6079
70.9644
70.55
70.3007
