160
139.194
137.175
136.586
138.244
138.162
137.807
137.409
137.186
136.98
136.641
137.435
137.248
137.883
138.484
138.968
138.496
138.297
137.57
138.343
138.032
138.043
137.875
138.878
138.376
138.346
137.622
137.542
137.122
138.008
138.586
138.474
138.73
138.631
138.854
137.807
137.554
137.357
137.717
137.869
138.145
138.105
137.801
137.893
137.652
137.274
137.397
138.229
138.146
137.514
136.963
137.676
138.036
138.242
137.771
137.414
137.414
137.334
136.798
136.713
136.716
137.753
138.287
137.758
137.913
137.52
137.544
137.514
137.448
136.725
136.464
138.262
139.16
139.208
138.19
137.772
137.447
137.082
137.426
136.829
137.329
137.448
137.575
137.549
137.411
137.412
136.89
137.427
137.309
137.236
137.608
138.288
137.776
137.751
137.458
138.302
138.048
138.313
137.929
137.851
137.384
137.131
136.953
137.403
137.88
139.448
139.781
139.452
138.765
138.939
139.034
138.712
137.752
137.815
