60.182976
59.879425
59.884960
59.891392
59.882591
59.873985
59.868675
59.872093
59.870495
59.864799
59.856926
59.860897
59.872608
59.854370
59.850849
59.836578
59.838882
59.867809
59.872448
59.874847
59.899841
59.872223
59.881569
59.864388
59.866142
59.860672
59.879395
59.881378
59.882240
Control Period
59.775299
55.840927
55.522751
56.190399
54.486847
57.560352
54.001087
54.015713
54.395679
Control Period
57.560928
54.018242
55.792000
54.339680
54.018173
57.711746
53.992798
56.885506
56.921310
Control Period
54.074883
54.004192
54.875999
54.013634
54.022400
53.983391
57.342335
56.501282
54.013279
Control Period
57.362976
56.150944
57.893890
56.982719
56.346657
54.222977
57.560898
53.997726
57.530754
Control Period
57.296864
57.731133
55.963806
57.796223
54.221344
56.272640
57.657600
55.921921
Control Period
57.712158
54.037186
57.608864
57.568096
54.006462
53.985535
54.011200
55.248322
Control Period
54.022530
55.589249
55.494560
57.773056
57.855202
55.339233
55.298977
55.076447
55.126915
Control Period
54.021118
54.039520
54.685856
57.516895
57.648670
57.800320
57.628223
57.838177
Control Period
57.505505
53.999359
57.952000
56.598946
57.525600
54.660034
55.050529
55.264221
54.340481
Control Period
56.093952
56.877342
54.018173
54.003712
53.985119
54.958977
54.372803
57.750977
57.198753
Control Period
54.757408
55.077538
55.383553
56.021313
56.339264
57.190464
54.533569
56.819359
56.464191
Control Period
56.938816
55.243328
54.499935
54.025314
56.214657
55.571102
54.860256
54.002048
Control Period
59.581505
57.199074
55.935806
57.300095
54.025696
57.941151
55.865952
57.503231
54.042175
56.580322
Control Period
55.822914
55.887585
55.176163
57.596802
57.902496
55.636097
55.918209
55.733856
Control Period
56.012833
56.448669
55.803104
57.594048
57.834366
55.710079
55.854176
55.770302
57.754208
Control Period
57.486752
56.067520
57.867199
55.798496
55.806080
57.636127
55.526497
57.787071
54.873825
Control Period
55.981407
57.209759
56.815971
57.142174
55.871231
57.615681
55.601601
55.850784
57.722015
55.546562
Control Period
55.691902
57.404259
55.540894
57.499229
55.947266
57.625694
56.196190
57.355202
56.477539
Control Period
55.413475
56.422783
53.993309
56.454239
55.820415
57.736000
55.139328
54.662239
57.600861
55.970177
Control Period
57.698654
57.311905
53.994816
54.932224
54.056030
56.328575
55.421341
55.746979
57.383453
54.011742
Control Period
56.244194
57.787361
56.401440
57.549377
54.007103
57.271553
56.997120
57.101215
56.552513
Control Period
56.728127
57.075649
54.050816
57.096607
57.140289
55.463875
57.937279
54.958145
55.390366
56.428764
Control Period
56.772957
56.662304
54.234497
57.327744
56.235298
57.868958
55.769920
57.452415
55.812286
Control Period
57.456642
57.843647
57.456032
57.752289
56.134270
55.821342
55.843330
55.688129
55.897152
Control Period
57.576447
55.792450
57.599487
56.267487
55.671265
57.512802
57.534081
Control Period
56.074081
56.427296
55.995647
55.410561
57.514977
58.282879
54.040447
54.039902
54.296799
Control Period
58.217438
57.739616
57.822559
55.232735
54.887329
55.257919
56.383743
56.241280
54.002304
54.136768
Control Period
56.174561
54.033409
54.032318
56.614464
56.594784
56.918335
55.643551
55.080414
54.594048
57.667713
Control Period
56.313248
57.635231
57.715008
55.806786
54.013760
57.030914
56.834526
54.008385
Control Period
58.138081
55.860893
57.801857
55.666431
55.927391
57.696671
55.766594
55.830048
56.847137
Control Period
57.432510
54.030174
57.569984
54.032097
57.952961
54.034977
54.034050
56.974911
54.038719
Control Period
56.944481
58.067741
57.957664
55.633507
57.128609
56.057533
54.457443
57.718433
56.096542
57.758240
Control Period
55.642368
56.519966
56.644608
56.477470
55.667233
54.345596
57.653759
57.361088
57.722206
57.799713
Control Period
55.634975
56.785793
57.342335
57.553951
55.866783
55.828609
57.712479
57.756226
57.284546
57.742111
Control Period
54.935455
57.809982
54.212898
56.133858
56.730270
56.853695
54.021313
57.338207
56.403618
Control Period
54.656097
55.190369
54.031677
58.059906
57.535011
54.364159
56.427811
56.805855
56.208992
Control Period
56.209602
57.491009
57.692131
57.463680
57.661377
57.777023
57.633537
57.460384
57.967682
Control Period
54.038338
56.106495
57.509888
56.776321
54.055904
54.004639
57.872448
57.780544
55.094688
Control Period
55.937984
57.900993
56.036354
56.106945
54.024704
57.637794
55.535553
56.040543
55.874557
Control Period
57.239136
56.330109
57.602528
54.024094
57.069023
56.800991
56.465378
54.016415
57.980511
54.529984
Control Period
57.839455
54.995361
57.547455
55.988831
57.475456
54.448353
55.691170
57.004543
56.782784
Control Period
59.373634
55.796227
57.866722
54.889793
55.645729
58.181728
55.939934
58.030720
54.035648
Control Period
57.778336
55.693024
54.782913
57.625183
54.732800
56.145599
58.232735
54.043488
55.936256
Control Period
57.511745
55.820030
55.881569
57.898975
54.031075
55.418144
55.943710
55.985409
57.776161
57.666237
Control Period
57.584000
58.039551
55.589535
55.183868
55.481377
55.876190
57.682655
56.625053
Control Period
55.614494
56.508125
56.507233
57.308098
57.630173
54.007614
55.693825
54.479328
57.609314
Control Period
55.707298
55.345345
57.713631
56.108383
57.876030
55.692574
57.882561
53.976032
54.983456
Control Period
58.400513
57.208641
56.383614
54.132385
57.659584
55.757984
57.906208
54.587677
56.146431
Control Period
57.740448
54.330498
54.520321
54.739807
54.004768
54.446465
57.818497
57.906113
Control Period
58.526497
56.580833
56.849503
56.382751
55.806145
55.831745
56.067776
57.117630
55.997917
55.017727
Control Period
58.522976
55.556896
55.269920
54.049854
57.653282
56.095711
54.028221
57.597183
57.805763
Control Period
55.754402
56.558174
54.826050
55.360771
56.336830
57.903648
55.819298
56.843811
57.092834
Control Period
56.034019
57.986881
57.537537
54.083584
55.491425
55.852959
57.757790
57.591454
57.283936
Control Period
56.763809
56.856159
56.556702
57.697632
54.834976
56.558434
57.527740
57.339325
53.994976
Control Period
57.532864
54.022430
57.741791
57.562016
57.617889
55.767998
55.263103
54.172512
54.036224
Control Period
55.778687
54.537601
54.132320
56.435776
56.086815
56.975040
55.892448
54.729729
Control Period
56.388256
54.002144
54.043007
57.965183
57.702621
57.420158
56.527199
55.836479
Control Period
55.819458
56.487518
54.009537
54.018688
57.381599
54.009697
54.018688
57.514721
54.265377
Control Period
57.759041
54.828285
54.053825
55.631874
58.094398
54.070240
57.380577
56.753632
54.019394
55.255680
Control Period
54.516739
55.014786
55.105217
56.601345
54.038303
54.016930
54.018494
55.949951
54.376610
54.360382
Control Period
56.845886
54.042305
55.992477
55.335007
57.542145
54.078079
57.521088
55.578751
54.886497
57.757729
Control Period
55.609985
57.844673
57.714207
54.050495
57.670082
55.481567
55.811615
54.064705
57.543552
Control Period
54.177406
57.932671
57.395905
56.686562
56.407295
56.963676
54.029282
57.284927
57.617058
Control Period
59.015903
55.226688
57.888222
55.783325
57.672447
54.757698
54.713089
57.985920
55.668064
Control Period
57.629059
56.133949
57.169537
54.054947
57.713375
55.744606
54.738304
57.636353
55.915138
54.392159
Control Period
57.753151
57.890205
55.374432
55.475967
55.770721
57.685471
57.386879
54.088703
56.103554
Control Period
54.035744
57.601089
57.747425
55.027008
55.516190
54.052673
57.951008
57.526466
54.337151
Control Period
57.961632
54.997955
57.423103
56.838402
56.487869
57.011936
56.386589
55.649696
54.923874
Control Period
57.451523
57.725502
54.986912
54.890400
57.207108
54.040287
56.108383
57.829025
54.083710
54.008831
57.721794
Control Period
54.045601
54.712929
54.470337
57.772675
57.657120
57.053856
56.848030
57.032288
57.036961
57.027168
Control Period
56.642208
56.847839
57.677567
54.936127
56.798016
54.029022
57.485474
57.588257
Control Period
57.805885
57.667198
56.684479
56.115677
56.984673
57.765091
57.554657
57.607361
57.001087
Control Period
56.316002
56.514847
55.847744
57.545250
57.461372
56.434143
55.913216
56.171555
57.341377
Control Period
56.490463
57.659454
55.885567
57.500259
54.009312
56.245277
57.116478
56.279713
56.683197
Control Period
56.015869
57.528610
54.039070
57.406879
57.615265
54.890816
55.196609
57.813148
57.010559
54.978371
Control Period
54.577152
54.573151
54.026207
54.042526
54.022720
54.061661
54.027649
54.025185
54.045025
Control Period
55.743393
55.996925
55.577343
54.558624
54.059555
54.005375
54.020546
55.776417
55.835327
Control Period
55.561535
55.380417
57.603554
57.503838
57.922913
57.649696
57.400063
57.672161
Control Period
57.611389
57.606590
56.105759
54.003426
54.014465
54.023682
57.344448
55.730942
56.652767
Control Period
57.111710
56.159519
55.718208
55.990402
55.770943
55.406914
54.849823
57.473057
57.905502
57.877407
Control Period
56.946590
56.069443
54.467453
57.252289
56.586525
55.828320
54.946945
55.485855
57.629185
Control Period
57.120800
53.995392
54.024994
56.649185
57.626560
57.654755
54.178432
55.922211
Control Period
55.573376
55.671997
55.660255
55.991104
57.035072
57.506271
57.566177
57.554817
57.997601
Control Period
58.445534
57.709248
57.991714
54.335873
54.026398
57.791519
57.936287
54.812958
54.991360
55.600830
Control Period
57.723007
56.121506
56.117027
57.731136
57.052895
56.400352
56.598305
54.626911
55.197441
Control Period
54.034847
54.050499
54.027905
54.039936
54.029442
54.019680
56.955551
54.295837
54.019009
54.034111
Control Period
56.303230
55.509918
55.665443
55.151550
54.643040
54.630974
57.212738
57.671104
57.793793
Control Period
56.068031
55.515007
54.947266
54.960545
57.258751
57.529312
57.859009
55.985374
56.278175
Control Period
54.895294
54.853214
54.564445
54.107422
54.041248
56.517982
56.496960
55.347618
54.909027
Control Period
55.824352
57.574272
57.696865
54.783394
54.376129
55.909149
54.601376
57.899136
56.288639
Control Period
56.318497
56.801888
56.326462
56.923134
56.318913
57.543777
57.147652
57.980736
Control Period
58.566147
57.967392
55.909760
57.690529
56.309731
56.984833
57.919838
56.075134
57.587200
Control Period
55.951809
56.314465
57.268288
56.928452
57.598114
57.814304
55.919392
55.563263
57.896736
Control Period
55.760254
57.877151
54.129696
56.063553
57.509953
54.020992
56.130974
57.466499
54.038784
Control Period
57.051743
57.585281
56.405312
54.021408
57.491104
57.713661
56.095520
55.946754
53.992832
Control Period
57.451809
57.753120
56.418304
54.038338
57.667679
57.674049
54.851231
57.483902
56.226688
Control Period
55.980320
57.682400
55.651104
57.529472
55.303329
57.868767
54.827843
55.141888
55.680672
56.228317
Control Period
54.622078
57.565632
54.915871
54.280670
57.787903
54.022175
56.303902
57.150784
54.051136
Control Period
54.014015
54.012962
54.249153
57.809536
57.247807
57.687805
56.218979
56.867363
Control Period
57.397438
57.856285
57.967842
57.782974
57.623070
57.382977
57.325665
57.783905
55.174911
Control Period
58.122559
57.337250
57.905602
58.041374
58.072514
54.155807
54.027710
54.046623
Control Period
54.047169
54.036255
54.057728
57.248161
55.892929
56.110237
54.035358
54.020000
57.107262
57.628704
Control Period
57.575714
57.263969
57.077919
56.689377
56.378944
56.161087
56.988544
56.657120
53.999619
Control Period
57.666176
57.060928
54.031647
57.756161
56.009056
57.790047
56.391136
58.002655
55.906593
Control Period
55.881470
55.457184
56.112930
56.837406
56.038528
55.564800
55.877567
56.309952
56.097633
55.886818
Control Period
55.784065
55.895103
55.866497
56.170815
55.928097
56.481987
55.966209
55.525921
55.868416
Control Period
56.053505
55.760765
57.662590
57.973854
55.981312
56.369858
57.043777
54.028000
56.798817
Control Period
56.347168
57.698082
56.157440
57.589790
55.972862
56.980896
57.129982
55.791809
57.561539
Control Period
57.614464
55.573280
57.513599
56.061249
57.622238
54.399170
57.537598
54.197472
55.888226
55.752190
Control Period
55.439648
57.772514
55.941376
57.714336
54.979805
55.102112
57.645695
55.741856
57.588898
Control Period
57.567585
56.918911
57.419266
54.181694
55.987392
57.885536
55.850624
57.630688
Control Period
57.715363
54.477505
55.840096
57.357216
56.961571
55.753952
54.014877
57.538467
55.854561
Control Period
55.109665
55.673920
55.210785
57.941277
57.713379
54.568737
57.533119
55.140289
54.004097
Control Period
53.961411
59.844128
59.851906
59.854080
59.866112
59.868034
59.855297
59.856033
59.864799
59.862656
59.877472
59.861889
59.872513
59.840797
59.861694
59.851841
59.866531
59.852097
59.863712
59.862625
59.848259
59.879009
59.864769
59.857025
59.948864
59.851776
