-1188.28
-1261.48
-691.233
-374.138
-297.828
-174.345
-162.333
-9.51709
-7.65527
-28.2334
22.207
-19.2666
-8
58.6553
-33.9312
-98.8276
-24.2759
76.3447
-8.43311
31.793
-3.82764
85.7241
-78
-9.10352
30.3447
-12.1333
-25.6001
50.5171
-20.3105
21.9668
-16.1377
-60.6553
-12.2334
-13.4136
-1.1377
-87
18.0688
16.6333
26.6069
117.7
83.2759
-42.1001
-71.7588
-129.965
42.4482
84.9331
-137.724
9.82764
23.1333
8.48291
4.7666
8.48291
-13.3794
3.43311
-83
-15.5518
41.7998
16.6895
50.8965
-35.3667
3.79297
-51.1001
75.3105
96.8965
-42.5518
-60.7588
39.8623
80.5171
-128.267
0.172363
15.3667
14
27.2666
-51.6001
-81.2759
-74.0347
153.5
-23.5864
-38.1035
-6.7666
23.3794
19.3667
-28
22.1377
31.2334
90.3794
70.9331
-5.55176
-69.5669
-11.4287
-16.2334
-78.6333
73.6206
-67.3447
82.2998
8.44824
28.9312
-34.7588
-125.379
60.4482
-37
49.3105
12.6333
-31.5864
-65.4136
19.3667
-89.793
103.483
21.9668
21.4644
6.1333
5.68945
-55.6206
-64.6924
