0.723858
0.801528
0.875176
0.903955
0.930348
0.952675
0.945404
0.964631
0.984185
0.96799
0.960988
0.97346
0.960932
0.974576
0.961582
0.97466
1.0002
0.966619
0.981434
0.975468
0.961063
0.968422
0.961212
0.961088
0.961354
0.975066
0.967809
0.979115
0.961398
0.961005
0.97155
0.96105
0.967028
0.971435
0.986731
0.981657
1.01372
1.13385
1.01067
1.00337
0.978548
0.960992
0.965757
0.98955
0.964725
1.00896
0.961234
0.978437
0.961185
0.978834
0.986267
0.993364
0.977813
0.985561
0.995845
0.998661
0.99163
1.01694
0.975138
0.965369
0.965181
1.02367
1.00552
0.979251
0.961542
0.983839
0.965378
1.00093
0.972724
1.02999
0.961521
0.972326
0.980988
0.983281
1.00654
0.974764
1.02962
1.14804
1.19756
1.05898
0.985092
0.982802
1.05233
0.993318
1.03065
1.01742
0.988766
0.961369
0.976506
0.975247
0.964209
0.978747
0.975099
0.977656
1.00697
0.971514
0.978217
0.972372
0.984339
1.00298
1.03737
0.972315
0.967586
0.98827
0.968201
0.989628
0.991412
1.02057
0.987468
0.993913
0.971723
0.977801
0.97453
0.981121
