5688.28
5761.48
5191.23
4874.14
4797.83
4674.34
4662.33
4509.52
4507.66
4528.23
4477.79
4519.27
4508
4441.34
4533.93
4598.83
4524.28
4423.66
4508.43
4468.21
4503.83
4414.28
4578
4509.1
4469.66
4512.13
4525.6
4449.48
4520.31
4478.03
4516.14
4560.66
4512.23
4513.41
4501.14
4587
4481.93
4483.37
4473.39
4382.3
4416.72
4542.1
4571.76
4629.97
4457.55
4415.07
4637.72
4490.17
4476.87
4491.52
4495.23
4491.52
4513.38
4496.57
4583
4515.55
4458.2
4483.31
4449.1
4535.37
4496.21
4551.1
4424.69
4403.1
4542.55
4560.76
4460.14
4419.48
4628.27
4499.83
4484.63
4486
4472.73
4551.6
4581.28
4574.03
4346.5
4523.59
4538.1
4506.77
4476.62
4480.63
4528
4477.86
4468.77
4409.62
4429.07
4505.55
4569.57
4511.43
4516.23
4578.63
4426.38
4567.34
4417.7
4491.55
4471.07
4534.76
4625.38
4439.55
4537
4450.69
4487.37
4531.59
4565.41
4480.63
4589.79
4396.52
4478.03
4478.54
4493.87
4494.31
4555.62
4564.69
