0.708886
0.785726
0.854493
0.891907
0.911766
0.927182
0.941905
0.946812
0.946684
0.94684
0.943969
0.947852
0.952546
0.956478
0.949177
0.946849
0.954892
0.96886
0.949344
0.955399
0.969072
0.957578
0.94747
0.962703
0.968099
0.951687
0.947195
0.952016
0.956858
0.951602
0.9481
0.955713
0.949686
0.955076
0.952076
0.954952
0.962914
0.941517
0.946255
0.953345
0.946647
0.946586
0.950072
0.941875
0.976524
0.953426
0.945311
0.970925
0.976211
0.964549
0.969319
0.951007
0.964135
0.950901
0.964917
0.960279
0.967254
0.960432
0.975684
0.965088
0.966171
0.960268
0.967597
0.962799
0.952495
0.953911
0.96115
0.957494
0.941899
0.94178
0.976517
0.962551
0.954653
0.953859
0.96471
0.963347
0.963506
0.943082
0.949334
0.965584
0.962963
0.961824
0.953128
0.960778
0.947724
0.952071
0.953632
0.946249
0.946521
0.954985
0.951775
0.952964
0.969216
0.964854
0.951003
0.956718
0.950965
0.947068
0.950584
0.961556
0.942342
0.958707
0.955721
0.953322
0.974992
0.9717
0.957838
0.969072
0.947437
0.970021
0.965293
0.957323
0.970391
0.972066
