57.9087
64.1222
70.0141
72.3164
74.4278
76.214
75.6323
77.1705
78.4024
77.1023
76.879
77.6631
76.8746
77.656
76.9266
77.6536
79.1813
76.9046
78.1341
77.7273
76.885
77.4087
76.897
76.8871
76.9083
77.7162
77.4247
77.9616
76.9118
76.8804
77.6559
76.884
77.3622
77.7148
78.048
78.1495
79.5112
81.0524
76.8736
79.0084
77.8973
76.8794
77.2606
78.8191
76.9063
78.9718
76.8987
77.8624
76.8948
78.3067
77.6616
78.5838
77.8577
78.1463
78.4536
79.2311
78.5144
79.334
77.6855
77.2295
77.2144
79.825
77.9721
77.5166
76.9234
78.4102
76.9064
78.747
77.5547
79.4361
76.9217
77.7188
77.9484
78.1719
78.8976
77.9811
79.987
81.8766
78.8479
78.9697
78.0626
78.3353
80.335
78.7218
80.1328
78.7304
78.1502
76.9095
77.7623
77.6874
77.1367
77.9923
77.9666
77.8095
79.4761
76.9026
77.9453
77.7897
78.1003
79.0218
79.9635
77.7852
77.4069
78.4847
77.4238
78.3276
78.9137
79.6051
78.5677
77.9259
77.5814
77.882
77.6532
78.1224
