117.779068
117.316963
117.326431
117.332481
117.321823
117.351074
117.334427
117.366180
117.345474
117.320770
117.304611
117.332031
117.329727
117.287971
117.314621
117.290909
117.335457
117.323868
117.284286
117.298340
117.299614
117.280548
117.299011
117.308479
117.284286
117.293243
117.328415
117.318527
117.344353
Control Period
117.308197
127.783493
126.887939
126.300255
126.734268
128.813568
128.687958
123.213058
Control Period
124.862564
138.442337
138.361694
138.557922
138.183929
138.289505
138.700485
138.353119
Control Period
141.694016
145.129120
141.227966
142.895905
142.702621
142.049500
143.236389
Control Period
146.475159
145.943817
146.019073
146.200378
144.410019
146.247040
Control Period
150.721664
145.968140
146.276962
147.568665
148.050690
149.160126
150.697540
Control Period
150.712250
150.695068
150.672028
150.715363
150.741913
150.692505
Control Period
156.239685
150.741882
150.696259
150.682983
150.674744
150.685410
150.708130
Control Period
152.534149
153.875427
150.685089
150.684662
150.675110
150.735840
151.095901
Control Period
156.276794
150.667816
150.668243
150.815369
150.676361
150.684845
150.671616
Control Period
150.675964
150.699371
150.705688
150.707397
153.076385
150.679169
150.701172
Control Period
156.170197
150.716156
151.809540
150.667130
150.705917
150.698212
150.827179
Control Period
156.596161
150.673508
156.097855
150.680832
151.382965
150.718140
150.701752
Control Period
150.683517
150.688293
156.286942
150.717026
156.146088
150.715744
156.017242
Control Period
156.387970
150.728287
150.735489
150.772217
151.864868
150.720947
150.694489
Control Period
150.720459
150.699554
150.692902
150.689056
156.298004
150.676285
Control Period
150.685379
154.709091
155.846527
154.064911
150.696091
150.694016
Control Period
157.466492
152.306274
150.654938
156.257538
156.009125
156.056458
156.372437
Control Period
153.425919
150.701019
156.377594
150.720612
150.692154
150.673187
150.674561
Control Period
156.073120
150.693314
156.392899
150.682373
150.680054
154.792603
150.732727
Control Period
162.148743
150.711029
156.216675
150.688934
156.372162
150.688904
156.385986
Control Period
152.440704
150.704636
155.988281
150.689514
155.992126
150.660736
156.010849
Control Period
156.139389
150.679459
150.700226
150.667053
150.700409
150.685150
Control Period
161.558014
150.686279
156.190918
150.652252
156.174973
150.690582
150.715912
Control Period
161.691101
150.687775
156.094589
150.688477
156.550568
150.735519
156.131836
Control Period
156.031403
150.712311
150.712708
156.256744
150.729858
150.735962
150.710815
Control Period
156.503448
150.770020
150.726532
150.749023
150.702332
150.683624
150.723068
Control Period
154.232193
150.732697
150.697250
150.759613
156.128235
150.709763
152.997955
Control Period
155.999680
150.733673
150.722656
156.595840
150.715668
150.700668
156.213150
Control Period
150.675781
150.713440
156.267914
150.674301
150.696381
156.116638
150.649994
Control Period
154.495804
150.722260
150.708344
152.847870
150.713470
150.687866
155.598145
Control Period
150.677582
150.720154
156.068390
150.677063
155.984436
150.672516
Control Period
150.662903
150.701385
150.666229
156.030334
150.671509
150.639938
154.276215
Control Period
152.182083
156.669510
150.663422
150.662842
156.051208
150.643555
Control Period
151.043457
150.644440
150.667557
156.373947
156.263214
150.659897
150.673035
Control Period
156.185303
152.645660
156.038147
150.611679
150.635559
150.637985
Control Period
160.623199
156.551880
156.503326
151.438141
150.693085
150.729019
151.302368
Control Period
150.605225
150.653564
150.656189
150.633972
150.652130
150.655212
Control Period
152.027618
154.009155
151.093796
150.662369
150.662567
150.676422
150.673569
Control Period
156.311554
150.679810
150.657379
156.326401
154.268646
150.654205
150.692474
150.690628
Control Period
156.185410
150.667969
150.663574
150.664581
150.675964
150.686630
150.700867
Control Period
156.092255
150.668900
150.687485
150.648193
150.714905
150.670944
150.694138
Control Period
156.225632
150.735428
150.679520
150.662399
153.073380
150.692291
Control Period
150.661285
150.689575
150.718536
150.700226
150.732483
150.698029
Control Period
156.348938
156.164352
155.985764
156.041763
156.143936
156.421478
156.600647
Control Period
150.758881
152.639709
150.743774
150.725311
150.726364
156.279480
155.963196
Control Period
150.704605
153.305420
150.761658
150.720581
150.756317
150.706940
Control Period
155.087494
156.194397
156.793610
156.076767
156.349670
156.227493
Control Period
160.925446
155.985886
156.239899
155.272644
151.085236
156.690552
156.231140
Control Period
156.566315
156.263123
156.121414
156.366180
153.496292
150.713318
150.768585
Control Period
150.730118
154.945572
156.032104
156.071533
156.506241
156.261093
Control Period
154.151398
151.958893
150.721313
150.688034
150.728760
150.733063
156.146469
Control Period
155.268188
155.832886
156.392990
156.676697
150.690140
150.708282
150.706726
Control Period
150.728180
150.733002
150.674103
150.715942
154.971649
156.479706
Control Period
160.855286
150.698975
150.647781
156.386429
156.193024
150.683289
Control Period
151.296738
154.468323
156.156097
156.131073
152.322784
151.492584
Control Period
159.649734
156.149857
150.697754
155.002365
156.508820
154.628387
150.687485
Control Period
157.056793
150.687836
150.661087
153.164993
154.175110
156.269318
Control Period
156.122208
156.222336
155.920609
156.071991
156.180023
156.028931
156.220306
Control Period
156.299835
156.206451
156.009766
150.693878
150.698013
156.576706
Control Period
156.226974
156.165283
155.694656
156.072067
156.520416
150.747620
150.684357
Control Period
156.626984
156.727905
156.413269
150.705322
150.679016
150.705078
Control Period
157.266373
156.154602
156.276962
155.941055
152.608475
154.752640
150.708191
Control Period
152.454071
150.686371
156.263458
155.861862
156.057434
153.851105
150.704071
156.504059
Control Period
156.142914
150.700500
155.362595
150.705475
150.735352
150.748260
Control Period
156.783783
150.726562
150.709442
150.687485
156.160919
150.686401
Control Period
156.084381
156.168732
156.063995
156.071960
150.680695
150.708771
150.708923
Control Period
150.700195
156.596771
152.692810
154.116699
156.847260
150.752701
150.686661
Control Period
150.707336
150.725311
150.707611
150.708542
150.670685
Control Period
150.658295
150.681763
150.688995
150.682373
150.685974
150.684387
150.712189
Control Period
159.230209
156.245605
156.744293
155.808533
156.146591
156.035645
153.488098
Control Period
150.708542
150.730133
156.629471
156.696991
156.223969
153.060257
Control Period
153.444199
150.728424
150.704803
150.697693
156.859802
156.067200
150.709412
Control Period
150.758118
150.721893
156.342560
150.726654
150.704895
156.450104
Control Period
156.665344
156.247711
150.736420
151.191910
154.872604
156.407715
Control Period
156.749115
156.279846
156.043228
151.043610
150.731384
156.162750
151.938812
Control Period
152.599670
156.154205
155.580719
151.659164
156.141571
150.778137
156.213211
Control Period
150.744003
150.735046
151.583008
150.751740
150.788925
150.755676
Control Period
151.849380
150.762939
150.759399
150.760605
150.772003
156.456482
Control Period
156.157440
150.731033
150.746689
156.290436
156.197662
156.837006
150.740601
Control Period
156.154526
156.244171
154.724701
150.734802
153.701416
156.218338
Control Period
156.313751
152.686081
150.679459
150.703522
154.037949
156.248093
156.574615
Control Period
150.661987
150.670135
150.665466
151.648483
155.290375
156.066086
Control Period
156.248901
156.257050
154.705093
152.277435
150.685089
150.674408
155.223511
Control Period
151.464600
150.667877
150.689957
150.665100
151.116959
152.997223
153.849091
Control Period
156.230179
150.673691
150.657623
150.711487
150.678146
150.688187
156.680710
Control Period
154.060287
150.662537
156.188705
150.732056
156.390778
150.726746
151.177887
150.710083
Control Period
150.686752
150.690918
150.666138
150.687195
155.685974
150.691071
150.691391
Control Period
150.683136
150.681503
150.690247
156.009399
150.668884
150.656479
150.713470
Control Period
150.693756
156.530624
150.728424
156.336426
150.720032
151.775940
Control Period
156.146011
150.734238
150.718430
156.302948
150.690613
150.703842
150.691620
Control Period
150.696381
156.175446
150.690918
150.709778
150.698334
155.874084
Control Period
156.504608
153.697479
155.588608
152.909760
155.444901
156.181503
155.195618
Control Period
156.604919
156.252060
155.919189
150.699203
150.687775
156.096344
Control Period
155.865021
155.792862
150.691422
150.689880
150.695648
150.699936
150.689117
Control Period
156.324280
150.701538
150.716507
156.414215
150.693451
150.692230
155.982178
Control Period
150.694977
153.936035
150.681702
156.303070
150.657822
150.652512
Control Period
156.285492
150.697372
151.051636
150.678299
150.676773
150.660797
150.666016
Control Period
156.039429
150.677399
150.684830
150.721405
150.728638
153.709381
Control Period
150.642303
156.552673
156.185638
150.684601
150.670944
155.857635
156.349213
Control Period
150.665222
151.360779
150.658813
150.678207
150.627869
150.657822
Control Period
153.287872
150.686340
150.681732
150.701630
156.266724
156.076645
156.051361
Control Period
156.120422
156.435333
150.634033
155.192673
150.677765
150.697357
150.650421
Control Period
150.693268
150.683838
156.285095
156.158539
150.695404
150.672546
Control Period
158.733765
156.280991
153.039978
155.723618
156.271423
155.942108
Control Period
161.300446
156.398315
156.088654
150.693466
150.803970
155.787750
155.930603
Control Period
154.280319
150.702087
156.688156
156.435638
150.707031
150.710846
Control Period
156.273224
156.718475
155.647964
154.812256
152.154633
156.104370
153.649597
Control Period
156.520294
151.025406
150.710327
150.748199
150.720551
150.695969
150.708435
Control Period
150.736694
156.384521
156.037292
156.128601
156.073242
155.859802
156.095764
Control Period
150.676056
150.711426
155.211578
155.920059
156.383484
156.130402
Control Period
156.321503
156.251221
150.697052
150.709503
150.724350
151.542114
155.956512
Control Period
150.715775
156.083588
156.159851
156.244736
156.255493
156.116089
Control Period
153.061661
155.861511
156.206360
156.372513
156.150848
175.027420
Control Period
175.033783
175.041412
175.011902
175.021347
175.039795
175.043518
175.022949
175.021820
175.035614
175.019867
175.047684
175.035614
175.013916
175.029938
175.026627
175.028061
175.035461
175.890717
