60.224735
59.899616
59.881187
59.890465
59.932610
59.923008
59.903938
59.890816
59.891106
59.891167
59.884575
59.897888
59.882080
59.889248
59.866653
59.891487
59.883778
59.899773
59.915550
59.913055
59.877373
59.859360
59.899967
59.883457
59.910339
59.895073
59.886078
59.886909
59.908607
Control Period
63.735680
65.197083
64.793983
64.956192
62.721123
62.918045
64.533600
Control Period
71.553635
69.656677
68.585793
70.769501
68.566467
72.352829
68.613892
Control Period
71.519135
71.375397
72.359169
73.401566
72.463455
72.526848
72.569473
73.788925
Control Period
73.463104
76.893120
75.467583
75.151810
74.024734
72.205444
74.371071
Control Period
76.886909
76.890434
75.363968
76.896027
76.875748
75.968063
Control Period
76.909889
76.881500
72.741089
76.885277
76.908890
71.843750
76.919807
Control Period
76.916763
76.931396
76.879456
78.532227
76.869789
76.893433
Control Period
76.879257
76.903648
82.326561
79.204384
76.903328
76.904701
82.021667
Control Period
78.915848
76.882309
76.882492
76.881500
76.867004
78.206238
Control Period
76.878845
76.892166
76.863297
76.889603
76.838333
76.911903
Control Period
77.100067
76.927750
81.282143
78.151230
76.905312
76.894180
Control Period
76.861824
76.859482
76.854309
76.866501
76.892410
76.912933
Control Period
82.170784
79.052864
76.924347
76.894463
76.932800
76.870850
76.916351
Control Period
76.889893
76.911774
76.939201
76.952095
76.918335
76.948029
Control Period
82.234650
79.140411
76.884674
76.867554
76.898788
76.872833
76.910950
Control Period
82.619324
81.047356
77.919579
76.907974
76.891998
82.175491
82.549187
Control Period
79.447044
76.869186
76.900993
76.909920
76.939804
76.910110
Control Period
79.776001
76.921722
76.911713
76.896515
76.886490
82.664703
79.546082
Control Period
76.890625
76.872772
81.860992
78.746529
76.918274
76.935455
Control Period
76.919205
76.871811
76.893982
76.873695
76.874908
76.876709
Control Period
80.455391
77.346687
76.889503
76.902016
76.909851
76.883522
76.929535
Control Period
76.874306
76.927231
76.931488
76.896896
76.874146
76.869759
76.885788
76.916061
Control Period
76.892227
76.854813
76.869377
76.888931
76.891197
76.925919
Control Period
76.909988
76.890816
76.901443
76.894791
76.930687
76.922211
Control Period
76.898300
76.911102
76.909439
76.913177
81.734818
78.664993
Control Period
76.918915
76.935165
76.936035
76.893799
79.974213
76.890274
Control Period
78.601852
76.923775
82.573090
79.491013
76.915039
76.872452
76.927139
Control Period
76.898788
76.951202
76.924065
76.929184
76.895874
76.871902
Control Period
76.847549
76.879547
76.899391
76.857346
76.889023
76.909470
Control Period
78.146591
76.907135
76.899773
80.476898
77.362434
76.893150
77.382050
Control Period
76.888199
76.903366
76.899582
76.855972
76.871872
76.895042
76.873756
Control Period
77.813507
76.882141
76.875168
76.901505
76.859329
78.841698
Control Period
76.893791
76.896065
76.837952
76.908127
76.909569
81.843140
Control Period
83.708870
80.607941
77.441345
76.876450
76.897980
80.072922
76.963737
Control Period
76.870529
80.238113
77.087326
76.883583
76.885117
82.443451
79.319901
Control Period
76.898148
76.888763
81.544258
83.570404
84.405571
83.280159
Control Period
85.635780
88.141281
90.487518
92.830658
93.974915
93.237854
90.647102
Control Period
87.520515
84.415619
81.297188
78.165123
76.869728
76.854080
Control Period
82.204033
84.242302
81.121307
77.991997
76.874367
79.184006
Control Period
76.888031
76.890976
77.503845
76.896805
82.319717
79.203911
Control Period
76.885696
76.883453
76.871811
76.864548
76.863266
76.907486
Control Period
76.887589
76.885406
76.903168
76.935326
76.892448
76.852547
79.852676
76.875389
Control Period
78.270882
76.874817
76.894882
82.069702
78.972359
81.901443
Control Period
78.816353
76.871643
76.913025
76.896736
76.907013
76.924988
76.916061
Control Period
82.258720
82.869087
85.089920
81.995132
78.915932
76.940475
76.945953
Control Period
76.908417
76.890045
76.907684
76.904671
76.877380
76.885757
76.917191
Control Period
82.522400
80.365723
77.298965
76.915680
76.902908
76.981888
76.937057
Control Period
76.905090
76.916092
76.902946
76.870331
76.879517
Control Period
76.878052
76.928635
76.901855
76.909317
79.698402
82.523972
84.615997
Control Period
81.538429
78.459229
76.949791
76.890144
76.934303
76.921631
Control Period
78.652512
81.536896
83.873985
80.785820
77.684120
76.886658
76.863647
Control Period
76.885147
76.903107
76.886688
76.875648
82.204254
79.595490
Control Period
82.422592
82.467743
79.404671
76.882812
76.928802
76.891327
76.916260
Control Period
82.163391
84.727676
81.607132
78.475189
76.875900
76.898590
76.925598
76.876251
Control Period
82.096832
80.337189
77.211105
76.884415
82.198334
83.646080
Control Period
82.065926
78.911369
79.857468
78.464096
76.864128
76.892029
82.257729
Control Period
79.145569
81.021347
83.174301
83.420578
82.253059
79.116066
Control Period
82.278946
79.258400
76.900452
76.891617
76.902557
76.914810
76.930725
76.860703
Control Period
76.919777
76.870148
76.880569
76.928986
79.563202
76.891907
76.920990
Control Period
76.870468
76.889725
76.913567
76.895744
78.502716
Control Period
76.921341
76.910561
76.904541
82.179459
84.763168
87.539520
88.038368
Control Period
84.943550
81.835426
78.753822
78.046371
76.919388
82.151428
Control Period
82.789536
79.665215
76.905853
76.865509
76.901505
76.912766
Control Period
76.932030
76.871429
76.923523
76.931038
76.932251
76.929695
76.943771
Control Period
76.921890
76.886337
76.923965
82.078598
78.975906
76.896484
82.266556
Control Period
79.176697
76.909760
76.923141
76.939133
76.890877
76.877762
76.894272
Control Period
85.522308
82.442017
79.361855
76.918655
76.938110
79.263329
76.919495
Control Period
76.902145
76.909058
82.105759
79.016861
76.921509
76.897697
76.871140
Control Period
82.057022
84.597794
86.471489
85.357796
82.255775
79.160515
76.892418
Control Period
76.925446
76.931839
76.918427
76.930557
76.929535
76.894211
Control Period
79.621155
76.910019
76.907257
76.977188
76.936928
76.921410
80.538147
77.476456
Control Period
76.914627
76.902687
83.139137
80.044868
76.969383
76.903648
Control Period
76.878914
82.728485
79.663879
76.904282
76.907135
81.195839
78.098915
76.922211
Control Period
76.922592
76.955009
82.522049
84.674438
82.559654
79.507782
Control Period
76.941406
76.907837
76.903259
78.166626
80.986404
Control Period
83.156296
80.078598
82.484772
84.560837
81.462051
83.951263
80.895454
Control Period
87.735069
90.324509
90.576065
89.603806
91.214615
93.422615
95.957436
95.908318
Control Period
98.951454
101.339294
98.282463
95.174431
92.083611
88.995674
Control Period
85.929726
88.304893
88.763710
85.670876
82.576408
79.494972
82.288605
Control Period
79.236633
76.918755
78.529823
82.179649
79.106438
76.872734
76.894722
Control Period
80.055359
81.789757
80.177025
77.659103
76.876221
76.917053
Control Period
81.313980
83.489502
85.761086
87.419136
85.122849
82.009888
Control Period
78.934753
76.890976
76.899361
76.896255
82.451775
84.719421
82.994492
Control Period
79.852921
79.402786
82.091202
84.108673
86.260452
Control Period
83.162689
80.047363
80.807846
83.036743
79.912323
Control Period
84.406403
81.299622
78.183395
76.905441
76.911362
76.901306
Control Period
76.890816
76.902946
76.946594
76.919739
76.887390
Control Period
82.149086
79.041313
76.902206
76.895355
76.868637
76.866211
Control Period
82.326019
79.213379
76.901031
76.902016
76.934975
76.914948
76.945724
Control Period
76.941605
78.290115
76.902527
76.914246
76.878113
76.893471
82.152031
Control Period
79.055550
76.902718
78.847076
76.927399
77.311874
76.901825
Control Period
76.878342
78.965889
77.203995
80.289215
78.399780
76.874298
77.443840
Control Period
76.891876
76.900864
76.866684
76.891937
82.417953
79.305664
76.897827
Control Period
76.878525
78.559174
82.836449
81.140572
83.594109
83.997276
Control Period
80.914078
77.800217
76.897247
76.903519
76.903809
76.907837
77.101471
Control Period
76.900002
79.456192
76.939941
76.899902
76.889542
82.496674
79.375137
Control Period
76.881241
76.885696
76.862564
76.898010
76.881058
82.329857
Control Period
79.195488
81.675674
78.541756
80.522621
77.453056
76.916733
76.924667
Control Period
79.305283
76.885605
82.083038
84.166687
81.049950
77.940025
Control Period
82.070236
83.599808
81.887711
82.946815
85.291168
85.594398
82.817955
79.707878
Control Period
76.880997
78.325500
79.941284
76.875168
76.903137
Control Period
76.981216
76.885345
76.892868
76.876221
76.891006
76.910851
80.410660
Control Period
78.890404
83.050491
79.946655
76.967163
78.619354
76.895523
Control Period
76.883545
76.882980
80.225693
77.487167
76.897308
76.909279
76.906494
Control Period
76.877914
76.882172
82.667137
82.388481
79.306557
76.899071
Control Period
76.912224
78.250366
76.907135
76.917435
82.395073
84.495331
Control Period
84.209381
82.738884
79.848289
80.437088
82.401794
79.304771
82.578209
Control Period
79.463776
76.910309
76.881149
78.470917
79.959076
82.299202
Control Period
84.369987
81.266594
78.185600
76.880928
76.862106
Control Period
81.095009
78.635231
76.903137
76.909630
76.875008
76.875397
76.871399
Control Period
76.897156
76.899841
82.052353
79.662109
76.917023
76.915771
76.920410
Control Period
82.164192
79.066917
76.888443
76.889664
76.890106
76.916870
Control Period
79.689407
82.571075
79.482529
76.928513
76.922112
76.903198
76.930725
89.229187
Control Period
98.451904
107.651520
116.881027
126.144608
135.378494
