106.073280
105.796509
105.775009
116.396454
116.328415
116.258240
116.162308
116.597023
127.698044
129.004150
127.516510
130.365692
133.974396
134.002747
134.106873
138.170502
137.767578
138.483765
134.144409
133.981155
133.993408
133.963623
137.275711
133.954987
134.085052
133.957397
138.869507
133.957947
137.887970
134.105667
134.059784
134.000183
133.972412
134.170334
134.080093
134.098526
134.001160
131.197952
134.190048
134.109955
132.952835
133.981476
134.011169
133.971436
134.077576
134.071198
133.946655
133.951614
133.961273
130.067078
133.870636
133.848694
133.956863
134.125092
134.081848
134.071625
134.071289
133.977509
134.023300
134.048615
134.156448
134.414169
134.066925
134.102936
134.119232
134.151398
134.227203
134.102295
134.085953
134.140076
134.072891
132.467072
134.071808
133.961823
128.513062
130.272644
133.665161
134.029755
133.952393
128.562775
133.962921
133.979233
133.000412
133.894348
132.268707
134.030823
134.175323
134.059906
134.111679
134.042419
134.058746
134.020905
133.990494
134.041824
134.337250
134.250305
134.100800
134.261078
134.064728
134.096008
134.218170
135.637665
134.152588
134.045380
137.370697
133.993408
134.014816
134.125183
134.045563
134.113892
134.059479
129.387100
133.919220
133.957703
134.104187
130.436096
134.067581
133.943130
134.042816
128.805466
134.064926
134.093109
134.060760
134.128357
134.226807
134.230881
134.191864
134.113220
134.153351
134.087402
134.136703
130.035812
133.948380
133.881165
133.935913
129.042358
134.060928
134.230148
134.104950
133.465958
134.010651
134.095108
133.894867
134.074646
134.056259
134.130142
129.541275
134.270462
134.124725
134.104279
134.167328
134.174042
134.105728
134.020538
134.209503
134.111069
134.073380
134.057770
134.065918
134.139038
134.070709
134.058044
134.034210
134.226944
134.190491
134.207809
130.155838
134.106537
133.980774
134.100601
134.158340
134.074646
134.086105
134.105164
134.243866
134.467331
134.146362
138.786621
134.022079
134.113373
134.199005
134.122040
134.078018
134.000900
134.100067
134.179428
134.064667
134.070084
134.107742
134.148865
134.155609
134.125671
134.094238
129.011292
134.281631
134.330414
134.245255
138.332489
134.321442
134.290924
134.346954
138.179993
134.360504
134.374817
138.520844
137.444702
134.195770
134.154144
134.046967
134.108551
134.096405
134.207230
134.220352
134.181213
134.193878
134.203522
138.096954
134.136002
134.174683
134.134491
138.132202
141.696518
134.135773
134.070496
134.150757
121.716446
122.911583
121.121948
123.662781
124.323227
120.265282
125.000412
122.208641
121.952637
128.696716
124.887070
124.201889
127.131615
126.223801
124.053116
125.223587
127.501221
124.817566
126.327614
124.361633
122.432861
123.038437
125.376770
123.738205
124.580795
122.414238
125.494301
124.961823
122.440613
122.182175
125.461441
122.564545
126.822205
127.986847
124.177505
122.593307
125.517120
129.031494
128.898392
129.494308
126.608231
127.218781
129.258118
126.492798
122.035362
124.465820
126.813126
126.680992
125.261185
126.673569
121.591934
124.012192
124.060516
126.427490
126.320038
124.485733
123.121506
121.879997
124.669151
124.431808
125.073761
127.028160
128.764618
129.381119
126.139236
121.554276
121.871040
121.759682
122.152451
122.478531
123.048157
125.020767
123.211327
124.223648
126.231522
124.233086
126.228256
125.459396
121.991714
121.039810
121.435837
119.227325
121.399750
119.046844
125.347710
124.100388
125.615997
128.892456
127.847076
127.042343
124.317764
122.255386
121.384476
124.376770
122.875458
121.824249
128.859970
127.090073
129.304352
129.875946
129.408157
129.341980
125.832802
127.757507
129.716354
124.386978
122.109505
122.295837
122.047836
121.649796
122.390686
121.796356
121.995483
121.656891
126.111908
124.504929
124.168480
124.333084
124.482330
124.040253
125.623329
126.381699
123.995300
121.607651
124.855232
122.275871
124.439743
122.285187
125.029694
126.114563
126.927521
126.496765
124.301407
126.019485
125.053604
123.851234
122.059746
119.820862
119.811172
121.587326
126.508804
121.755585
121.460701
123.984772
124.342461
124.745216
123.854019
125.492126
122.514786
129.442596
125.538818
125.851456
126.377380
126.573982
125.850266
121.727104
125.848770
121.643234
128.023392
125.355904
129.067429
124.314148
123.566650
126.088348
126.085152
125.797989
123.114395
125.589188
125.951904
122.521629
121.652924
123.469887
121.810402
124.208031
