5667.38
6408
6290.7
6175.11
6019.86
5992.41
6005.56
5995.37
6067.44
5966.04
5964.63
6025.37
6005.59
5967.64
5995.3
6089.11
5890.19
5965.07
5952.74
6095.7
6041.43
5987.96
6083.59
5989
5898.68
6046.19
5973.33
6064.63
6016.52
5966.29
5967.48
5983.63
5934.56
6026.19
6037.85
6061.96
5992.33
5916.19
6144.7
5997.89
5877
6029
6124.56
5940.74
6064.15
5847.11
5971.85
6094.52
5972.3
5945.56
5987.5
6060.93
5999
6012.96
6027.81
5986.68
5846.04
5936.63
6045.74
6021.7
6056.85
5965.21
6049.52
6005.59
5989.48
5957.22
5944.7
6065.56
6052.37
6003.7
5839.39
6190.74
6015.52
6006.63
5982.11
6064.19
5991.96
5918.63
5924.59
6030.48
6040.74
5998.26
6146.93
5935.18
5972.63
5825.26
6015.78
6105.52
6018.81
5966.61
5979.22
6085.04
5992.41
5972.64
5992.33
5982.19
6002.63
5950.04
5951.7
6051.64
6113.93
5931.25
6002.3
6016.15
5989.44
5940.33
6032
6020.22
6041.44
5987.96
5971.85
5988.46
5980.7
6052
