80
65.6092
68.0591
68.4288
68.9342
69.4405
69.6241
69.7279
69.6058
68.6874
68.7104
68.9406
68.2121
69.2611
68.6016
68.6939
68.8168
68.9176
68.7821
69.7719
68.8762
68.6036
68.2376
68.5116
69.5146
69.525
68.9416
69.4467
69.2018
70.2747
67.4267
69.3979
69.1621
68.0994
68.1693
68.9557
68.9641
68.9797
69.7466
69.1852
68.5222
68.0205
68.183
68.4902
68.8753
69.3086
69.1508
69.7704
69.527
69.7194
69.5467
68.8382
69.0647
70.3674
70.099
68.749
69.0398
68.692
68.3573
69.1414
68.2729
69.0059
69.459
69.4356
68.4933
69.9792
70.5135
68.4903
68.9304
69.1254
69.5719
67.088
68.4279
69.294
69.5737
69.7436
68.2664
68.3436
68.4595
69.1991
69.9241
69.1773
69.6224
69.019
69.8269
69.5356
69.0361
68.9364
69.0758
69.6599
67.9453
68.9966
68.3557
69.164
70.4373
68.8428
68.7001
69.0434
68.5856
69.2188
68.5913
69.3838
68.2999
68.8328
69.0566
69.415
69.2767
69.0878
69.2686
69.1409
68.8941
69.383
69.6183
67.7975
