0.709612
0.87978
0.904905
0.903621
0.909108
0.900074
0.900831
0.902691
0.900159
0.902439
0.892788
0.90629
0.899354
0.899592
0.898979
0.894536
0.905383
0.89954
0.895093
0.898705
0.902145
0.907395
0.897332
0.894846
0.898336
0.903507
0.898564
0.9019
0.901455
0.902276
0.895487
0.899344
0.905905
0.900676
0.898296
0.899471
0.89985
0.893495
0.901969
0.906845
0.903208
0.89761
0.895439
0.898934
0.896797
0.905611
0.894552
0.906059
0.897243
0.894484
0.906221
0.9001
0.904608
0.8937
0.900474
0.895295
0.903793
0.902536
0.899113
0.903998
0.894906
0.900324
0.898266
0.898364
0.895215
0.900219
0.910776
0.899246
0.894271
0.907126
0.900708
0.897687
0.894675
0.904456
0.902372
0.894281
0.901947
0.893103
0.905543
0.902902
0.903348
0.897604
0.89912
0.897431
0.896576
0.903391
0.905594
0.894881
0.895528
0.910776
0.894297
0.902228
0.902596
0.897934
0.903376
0.897497
0.897659
0.903045
0.904375
0.895237
0.900984
0.894279
0.906562
0.896275
0.898286
0.900318
0.899109
0.904263
0.897521
0.902497
0.899123
0.909945
0.893539
0.896876
