160
155.946
153.101
150.748
148.809
147.224
145.924
144.845
143.948
143.195
142.55
141.978
141.401
140.897
140.451
140.05
139.683
139.342
139.026
138.726
138.442
138.174
137.919
137.671
137.431
137.203
136.981
136.766
136.561
136.366
136.176
135.989
135.812
135.637
135.466
135.305
135.147
134.998
134.853
134.708
134.567
134.429
134.295
134.172
134.048
133.937
133.823
133.711
133.606
133.504
133.402
133.307
133.217
133.131
133.042
132.954
132.87
132.793
132.717
132.642
132.569
132.497
132.432
132.365
132.301
132.238
132.178
132.122
132.068
132.01
131.956
131.907
131.861
131.814
131.772
131.72
131.674
131.631
131.587
131.544
131.504
131.467
131.432
131.397
131.366
131.336
131.307
131.276
131.245
131.219
131.19
131.162
131.137
131.114
131.089
131.064
131.044
131.02
131.004
130.983
130.964
130.945
130.928
130.911
130.893
130.878
130.86
130.844
130.829
130.814
130.801
130.785
130.77
130.755
130.742
