80
75.9328
73.1606
70.9416
69.1893
67.8338
66.9129
66.1162
65.5209
65.0816
64.7559
64.5079
64.2581
64.0818
63.9623
63.8833
63.8322
63.803
63.7921
63.7902
63.7969
63.8107
63.8322
63.8517
63.8726
63.8976
63.923
63.9484
63.9761
64.0078
64.0376
64.0646
64.0956
64.1206
64.1447
64.1718
64.1966
64.2259
64.2529
64.2762
64.297
64.3157
64.3341
64.3613
64.3804
64.4114
64.4317
64.4501
64.4715
64.4909
64.507
64.5266
64.5468
64.5689
64.5836
64.5969
64.6101
64.6267
64.643
64.6564
64.6697
64.6808
64.696
64.7079
64.7189
64.73
64.7407
64.7522
64.7657
64.7712
64.7791
64.7919
64.8047
64.8135
64.8273
64.8289
64.8333
64.8407
64.8447
64.85
64.8555
64.8627
64.8712
64.8763
64.8843
64.8938
64.9021
64.9072
64.9119
64.92
64.9236
64.9272
64.9336
64.9401
64.9442
64.9469
64.9541
64.9566
64.9648
64.9686
64.9738
64.9781
64.9814
64.9857
64.9882
64.9927
64.9945
64.9965
65.0008
65.0035
65.0075
65.008
65.009
65.0106
65.0127
