0.712876
0.755919
0.769972
0.781694
0.792039
0.800577
0.807736
0.813755
0.818828
0.822978
0.826164
0.825954
0.829365
0.832408
0.835147
0.837598
0.839687
0.841743
0.843677
0.845576
0.847366
0.848976
0.850464
0.851999
0.85352
0.854896
0.856209
0.85766
0.859073
0.860252
0.861369
0.862648
0.86378
0.864891
0.866085
0.86713
0.868256
0.869131
0.869959
0.870846
0.871726
0.87254
0.873505
0.874318
0.875232
0.876005
0.876746
0.877503
0.878327
0.878893
0.879567
0.880425
0.881047
0.88141
0.881901
0.882587
0.883366
0.88382
0.884237
0.884655
0.885172
0.885804
0.886059
0.886538
0.886905
0.887441
0.887946
0.888323
0.888499
0.888846
0.889355
0.889813
0.890013
0.890429
0.890303
0.89078
0.891107
0.891337
0.891544
0.891881
0.89228
0.892423
0.892788
0.893075
0.893275
0.893483
0.893616
0.893744
0.894151
0.894171
0.894333
0.894643
0.894869
0.894852
0.895027
0.895315
0.895345
0.895846
0.89569
0.895841
0.896013
0.896229
0.896337
0.896348
0.896577
0.896546
0.896661
0.896796
0.89689
0.896947
0.897014
0.897155
0.897159
0.897347
0.897456
