0.726452
0.79204
0.821111
0.845592
0.866175
0.88271
0.895526
0.905241
0.912577
0.917664
0.920872
0.919416
0.922295
0.924394
0.925575
0.926093
0.926316
0.926304
0.9256
0.925405
0.924957
0.924604
0.923655
0.922942
0.922568
0.921598
0.921039
0.920437
0.919945
0.919166
0.918472
0.918084
0.917315
0.916701
0.916452
0.915592
0.915402
0.914839
0.914185
0.913721
0.913183
0.912863
0.912553
0.911924
0.911916
0.911422
0.911021
0.910832
0.910358
0.909953
0.90988
0.9095
0.90937
0.908624
0.908301
0.908268
0.907892
0.907655
0.907378
0.90712
0.90685
0.906921
0.906466
0.906174
0.905997
0.905864
0.90573
0.905643
0.905076
0.905059
0.905017
0.904782
0.904618
0.904637
0.903791
0.90416
0.904071
0.903655
0.903693
0.903424
0.903549
0.903459
0.903323
0.903357
0.903144
0.90308
0.902887
0.902757
0.902796
0.902562
0.902355
0.902493
0.902442
0.90227
0.90208
0.902123
0.902031
0.902248
0.90192
0.90188
0.901704
0.901812
0.901781
0.901664
0.901642
0.901543
0.901418
0.901452
0.901442
0.901378
0.901181
0.901193
0.901169
0.901067
0.901289
