80
75.9999
73.2998
71.1515
69.4679
68.1791
67.2082
66.4801
65.9494
65.5716
65.3044
65.1119
64.9086
64.776
64.6982
64.6588
64.6453
64.6515
64.6735
64.701
64.737
64.7787
64.8266
64.8708
64.915
64.9628
65.0081
65.0529
65.0986
65.1471
65.1923
65.2339
65.2787
65.3176
65.3546
65.3948
65.4306
65.4706
65.5076
65.5403
65.5706
65.5983
65.6258
65.6589
65.685
65.7205
65.7481
65.7739
65.8021
65.828
65.8507
65.8766
65.9026
65.9303
65.9497
65.9674
65.9865
66.007
66.0269
66.0444
66.0611
66.076
66.0953
66.1104
66.1242
66.1378
66.1516
66.1663
66.1825
66.1906
66.201
66.2152
66.2291
66.24
66.2549
66.2568
66.264
66.2731
66.2781
66.2846
66.2904
66.2989
66.308
66.315
66.3247
66.3343
66.3434
66.3496
66.355
66.3638
66.3683
66.372
66.3789
66.3862
66.3908
66.3938
66.4004
66.4037
66.4131
66.4174
66.4225
66.4264
66.431
66.4361
66.4395
66.4445
66.4472
66.4495
66.4537
66.457
66.4609
66.4616
66.4631
66.4647
66.4664
