117.773758
117.305122
117.283005
117.291840
117.266815
117.291428
117.288162
117.299835
117.288574
117.292641
117.278496
117.277603
117.288322
117.251709
117.319077
117.289536
117.290527
117.333824
117.312737
117.317955
117.313118
117.291710
117.264641
117.266785
117.273537
117.284355
117.316673
117.296577
117.313766
Control Period
117.285408
117.272354
117.276901
117.274590
117.329437
116.203644
114.251869
112.678497
112.628540
117.354813
Control Period
117.305054
117.302628
117.298271
117.327515
121.707779
117.309372
117.325729
117.352608
Control Period
117.314880
117.292862
118.038658
117.300003
119.957733
117.964325
117.298492
119.179077
Control Period
121.997116
122.952835
118.223808
122.626335
123.099075
121.848419
119.647392
123.981888
Control Period
123.024963
119.456284
121.131104
122.381920
118.256706
123.015045
118.241249
123.285248
Control Period
118.347580
122.861115
119.669472
122.055359
121.544327
119.143745
123.171616
117.296158
122.721497
Control Period
122.529984
122.335907
122.910240
121.538330
122.865891
121.465027
122.906494
122.357468
Control Period
122.068451
122.947906
122.367203
122.465218
119.241959
122.852318
117.285660
122.487396
Control Period
122.956863
122.077148
122.801376
122.679749
120.571518
122.093155
123.081184
123.331680
Control Period
121.968674
120.958015
122.935165
122.184288
122.848129
123.074524
117.302048
123.189789
Control Period
122.802208
120.336258
122.706299
122.073730
122.859177
122.835075
122.836411
122.931679
Control Period
122.211197
121.700638
122.933273
122.329086
122.950333
121.178787
119.150337
122.858688
Control Period
121.413696
123.117348
123.834396
121.503616
123.020065
122.634109
122.778656
122.809311
117.895294
Control Period
121.204315
122.888763
122.845764
122.552414
123.530273
122.854874
119.808701
121.372772
Control Period
122.812576
118.448418
122.618011
119.986877
122.449120
123.200378
122.938629
122.944702
Control Period
123.050980
122.067398
121.429565
122.900894
123.239899
122.853668
121.787170
121.643845
Control Period
128.059906
119.951103
123.320351
122.975677
117.785088
122.989212
122.116959
122.726913
122.478142
Control Period
122.969849
118.632957
122.874207
118.269638
123.249153
117.351257
122.221184
123.130844
Control Period
128.158142
123.679169
120.479584
117.316383
122.614883
122.721252
122.888062
117.295044
123.079491
Control Period
122.797249
118.909119
122.628159
117.521957
122.891426
120.845055
123.429794
119.544418
Control Period
122.867683
123.105858
119.288422
121.411835
122.938400
122.061310
123.134171
120.521439
Control Period
123.075615
122.825241
122.467682
119.442688
122.878906
122.213181
122.768799
Control Period
122.512634
123.134048
123.087433
122.721786
120.958687
122.347458
121.868668
122.877983
Control Period
127.657532
123.718048
122.587173
117.500000
124.154686
122.760963
122.986015
121.393982
122.600189
Control Period
121.209663
121.153595
123.114944
122.634529
122.881729
119.955292
121.196289
121.906174
Control Period
123.473602
117.337791
122.946815
122.873352
123.003464
123.142502
117.331520
123.265472
Control Period
121.821632
122.695198
120.058243
123.284134
119.169342
122.659744
117.752129
122.853600
Control Period
123.348000
123.149185
122.234528
123.072739
122.929993
122.870331
123.012383
Control Period
125.500610
122.531906
123.269287
123.089661
122.893021
122.450531
120.114914
122.795807
Control Period
123.184097
123.009598
122.812988
122.380997
123.264572
122.525986
121.733696
120.644608
123.059326
Control Period
121.007812
123.051941
122.203110
118.588699
122.932030
122.902275
121.273056
123.245316
Control Period
121.177917
123.164764
123.350403
123.023460
123.577827
120.821060
122.666046
119.494049
122.778534
Control Period
117.345535
122.977119
121.553726
122.148605
123.000351
117.348450
121.726273
122.614273
Control Period
123.099869
122.576157
122.764984
121.047935
123.110428
117.313797
123.513214
120.520096
Control Period
120.601151
123.063522
122.015869
122.803101
123.113602
122.868416
122.992035
121.928131
Control Period
123.018654
122.818626
120.827423
120.599617
123.288422
122.908997
118.232384
123.179871
Control Period
122.760033
122.527840
122.828285
123.258209
123.154144
122.760223
122.936356
123.039200
123.201187
Control Period
119.719940
122.931229
122.988640
120.389763
123.002686
117.340607
123.004990
Control Period
127.998878
123.686462
122.690979
122.974426
121.961594
123.085793
122.936607
123.185280
Control Period
128.423233
120.710144
122.075836
122.722977
122.897415
123.511612
123.522720
123.491455
122.771072
Control Period
121.964355
123.528870
122.077888
121.863419
122.775299
123.148956
122.513725
122.637695
Control Period
122.604324
122.781120
122.769630
122.941895
122.697281
122.060349
123.504166
Control Period
120.474785
123.368317
122.828674
122.310783
121.854210
122.696861
121.351395
122.336769
Control Period
122.251556
123.295425
123.251007
121.577347
121.996643
122.958084
123.014435
Control Period
124.934174
121.779709
123.205887
122.746368
123.134880
123.338943
122.799774
123.791229
122.627045
Control Period
121.154373
123.074020
123.004929
122.935165
123.235291
121.372093
123.173019
118.431778
Control Period
123.343971
122.280930
122.916412
121.558113
121.852478
122.960991
123.319580
120.573532
Control Period
122.745605
121.685471
123.396385
123.080482
122.499779
121.635971
121.403076
123.478043
Control Period
121.509789
122.917923
123.064445
118.297821
123.104614
123.151230
123.148605
123.238724
122.122467
Control Period
123.002426
121.828064
121.774017
123.221252
123.213089
123.105858
117.305923
122.890564
Control Period
121.662598
122.048157
123.162018
117.353378
123.230011
120.533409
123.491295
Control Period
119.412575
123.386497
122.694016
118.656128
123.083557
122.739136
122.495270
122.627838
Control Period
125.579712
122.738174
122.978394
123.321823
117.357574
123.862076
122.858719
121.768288
Control Period
123.203423
122.987358
123.426559
117.334175
124.003387
121.686951
120.005539
121.610977
Control Period
124.904129
122.710556
117.622719
122.740936
123.344101
123.266495
122.681564
119.343872
122.835518
Control Period
122.811615
123.662811
122.677185
117.334076
123.515678
123.072578
122.942535
122.826302
123.239258
Control Period
128.454147
123.548286
122.638077
117.323105
123.284866
117.853569
123.223648
121.050560
117.329636
Control Period
123.111038
120.259872
117.323654
117.313507
122.862785
121.613312
122.379898
118.457695
117.310432
Control Period
117.321632
119.958908
123.601181
123.131554
118.547394
118.179398
121.355652
122.779839
Control Period
127.586533
117.553566
119.667038
122.990524
122.658012
121.036705
122.861572
120.894012
Control Period
121.442947
120.268646
122.085472
122.870438
118.099907
121.944290
122.385178
122.462082
119.387939
Control Period
123.654785
119.876389
123.206024
122.476929
117.574173
123.676636
121.748962
117.359070
Control Period
125.934723
121.533539
121.456863
123.400803
123.199097
122.862946
119.072189
123.477539
Control Period
121.709915
123.174973
117.356857
123.041313
118.746750
123.321922
120.004318
122.987549
118.601822
Control Period
122.929153
120.311615
123.226532
123.241348
119.212448
122.144958
122.953758
119.189346
Control Period
124.693085
123.158020
117.974335
123.233055
117.335449
121.657951
123.158943
118.214561
122.823036
Control Period
127.804512
117.337082
117.310822
123.261978
122.490974
123.238625
122.302498
117.352737
Control Period
118.529755
123.365372
118.530884
123.474823
123.346756
119.050140
123.012192
122.766563
119.860001
Control Period
123.571236
122.939240
123.560707
124.116119
118.590561
121.174301
121.894272
119.382111
Control Period
121.979614
123.318275
120.202911
121.397629
123.107841
119.551552
122.637955
117.335358
123.553986
Control Period
117.340027
117.360001
121.318718
117.309723
123.322174
122.914078
121.872833
Control Period
123.462715
122.665726
117.324036
122.855453
123.386566
122.420898
122.663521
119.534912
Control Period
128.250427
123.183998
122.356255
122.812164
122.702652
121.917084
122.893600
124.407394
Control Period
122.864830
122.146111
123.347260
123.338371
122.516289
123.165535
122.549820
122.246277
Control Period
119.677338
123.632263
122.481377
122.976639
121.335968
120.598976
122.830688
122.877853
Control Period
128.584412
122.885605
122.916611
121.455040
121.356544
123.435867
123.159592
122.744614
Control Period
121.865501
122.054626
121.532898
123.269249
122.692924
122.705276
117.304993
123.019836
Control Period
122.836060
123.357697
122.577728
123.159454
123.015327
119.451263
123.047585
117.386887
123.020004
Control Period
117.323898
123.171555
120.045090
118.439552
123.538147
118.706429
121.311905
122.608864
Control Period
122.258469
123.461441
120.840576
121.971710
122.721146
117.337341
122.902237
120.811813
Control Period
123.370239
118.756096
122.982307
119.576004
121.500412
121.770309
120.101410
122.141953
Control Period
122.218750
123.042587
118.505981
123.118942
117.925026
122.845093
120.503555
123.136002
Control Period
123.712128
123.105919
122.945724
123.210114
122.818680
122.777664
123.535553
122.830879
Control Period
122.232162
121.811234
121.583809
123.076607
122.788895
122.738754
122.328125
123.446785
Control Period
123.517441
122.946533
123.119141
122.933090
117.320511
123.164444
122.715614
122.783043
123.068893
Control Period
123.912254
117.306496
117.312096
122.969727
123.510689
123.566940
117.321243
117.333473
Control Period
124.768280
123.019363
123.305634
122.954330
118.171707
120.882629
122.783394
121.614685
Control Period
123.844452
118.207169
122.942398
120.420738
123.457474
120.989441
123.198814
122.738304
Control Period
126.957283
119.492126
123.062210
122.960800
123.224388
123.116165
118.337372
123.184158
Control Period
121.267456
122.818619
118.237564
123.304352
119.983391
122.886658
122.819038
123.314331
117.712799
Control Period
122.145729
122.813698
122.639709
118.200768
123.567963
119.568672
122.571999
121.713089
Control Period
123.701691
118.477760
123.308670
122.787651
122.700325
123.182915
122.728195
122.495712
Control Period
121.968933
121.710175
123.253220
122.045601
120.923706
123.204483
121.868576
120.463715
Control Period
122.604645
121.377792
120.088486
122.629532
117.304672
122.796860
122.930756
122.441895
Control Period
126.216164
122.341507
123.425507
119.490974
122.985565
122.674339
123.247742
123.137535
Control Period
123.040604
123.924393
117.349953
123.140259
117.914337
123.199356
118.745636
123.189758
122.746841
Control Period
122.770020
122.512962
122.964066
118.703674
122.999649
122.034271
122.848579
122.636703
Control Period
127.888992
122.808990
119.005829
122.903290
117.489693
123.261215
120.654907
122.908478
118.616447
Control Period
123.114944
117.320251
121.338852
122.637634
122.104385
117.314560
122.200417
122.838402
Control Period
121.582306
122.927872
120.403328
123.119934
123.007133
119.827713
122.809761
123.395493
Control Period
123.069382
122.794617
122.555168
123.697533
122.929024
122.065857
119.486877
122.885727
121.510468
Control Period
122.338364
122.692642
122.357155
123.307007
118.646141
122.949501
119.038269
122.764931
Control Period
123.690170
117.441284
122.972000
119.707008
120.396637
123.496353
120.292320
122.912415
Control Period
124.570557
117.888260
123.106270
119.512451
122.154526
123.210625
119.584763
122.494690
Control Period
123.534882
122.424515
122.941826
121.582848
123.037125
119.649597
122.731354
122.378494
122.966522
Control Period
123.479073
122.516678
120.295456
122.945694
118.405022
123.541382
122.917984
119.484993
Control Period
124.326653
121.477180
121.715164
123.330208
118.178268
123.188614
121.007393
123.394852
118.016418
Control Period
123.219620
119.686562
122.439682
117.635330
122.868286
122.069702
122.472580
123.080605
Control Period
122.667358
117.468002
122.964645
121.268356
123.068130
122.962280
118.437469
122.963104
Control Period
122.871552
122.948387
117.362686
122.629059
122.683075
123.027740
122.503708
121.154243
Control Period
128.007721
117.317505
122.754562
118.434555
123.012482
122.209343
122.761024
122.802887
Control Period
123.277222
122.986656
117.821213
122.834534
121.479134
123.063354
118.941727
122.627228
117.317154
Control Period
122.680031
120.932159
122.176384
123.427139
118.676895
123.047615
117.292221
117.284225
Control Period
134.207336
134.152252
134.254013
134.289627
134.243744
134.158432
134.101624
134.229919
134.227753
134.200073
134.197601
134.247620
134.248871
134.224792
134.323883
134.310242
134.231522
134.270294
134.211838
134.186722
134.125092
