59.274559
58.539459
58.513824
58.607521
58.529922
58.537663
58.574463
58.543427
58.572449
58.551136
58.546658
58.540321
58.631905
58.542686
58.542561
58.542400
58.514206
58.555168
58.566463
58.579617
58.540001
58.636513
58.528385
58.536991
58.529442
58.538273
58.546242
58.548897
Control Period
58.714722
57.288322
57.936512
57.057022
56.184578
56.599197
57.869888
58.660160
58.680256
Control Period
61.308258
58.730785
58.704163
58.751328
58.698494
59.831970
58.714722
58.739712
58.719551
Control Period
60.226303
58.694496
58.902016
58.784672
58.707039
58.744350
58.700256
58.694977
Control Period
59.765694
58.776257
62.030785
58.711071
58.717758
60.363007
61.980289
58.727360
62.755745
Control Period
62.319904
59.811455
60.321857
62.222557
59.042431
62.271263
58.697823
62.963425
Control Period
58.757568
62.137024
59.353504
60.804413
61.528927
58.773952
62.806366
58.725662
Control Period
61.672226
59.677025
58.690048
61.793697
58.733311
62.643551
58.741440
62.354820
Control Period
60.485855
58.729630
61.060707
58.697311
61.708221
59.105377
62.753506
58.737473
62.832897
Control Period
58.648415
58.732159
60.042656
60.792927
59.488861
60.432030
61.328255
60.731934
59.122433
Control Period
60.976448
61.161057
58.781120
59.964127
62.224514
58.698402
63.350685
58.690304
Control Period
60.032127
60.501759
61.371231
59.420898
61.750721
58.732544
62.601280
58.724098
60.580963
Control Period
59.673698
60.306400
60.428131
58.788834
61.109726
61.631935
58.810402
62.724129
Control Period
58.745056
58.680771
60.019394
58.707779
62.880127
58.669502
58.705566
62.926559
Control Period
62.467552
58.695778
62.898941
58.698563
62.808899
58.673634
62.583199
59.627392
Control Period
60.057152
62.550659
59.066338
62.338463
59.724545
60.840195
62.438591
58.725441
59.549793
Control Period
58.716286
58.717827
58.747456
59.443104
60.962303
61.698814
60.044640
58.721603
Control Period
60.930145
59.593121
58.709984
62.856224
58.737152
61.059425
58.781792
59.255360
Control Period
58.774559
62.379265
58.827808
63.093987
59.943008
58.719330
63.100002
58.724640
Control Period
58.960449
58.706272
61.595100
62.799522
58.627106
58.711617
59.303551
61.822655
Control Period
60.808384
58.736542
62.149406
58.735138
62.710274
58.711678
60.212639
60.368065
60.803425
Control Period
60.203903
58.728542
61.619133
61.198082
58.750786
59.592800
61.138306
62.573730
Control Period
63.041245
58.686562
58.727650
62.670113
58.697281
61.523487
58.675232
60.479713
58.710205
Control Period
62.573120
63.008511
62.616096
61.065025
62.397503
60.564255
59.895744
58.673344
58.727776
Control Period
61.924286
62.817345
63.161118
58.714241
59.031296
60.266399
59.793182
61.038048
Control Period
59.838943
60.820896
58.716160
60.447617
58.695969
61.857315
59.884735
61.162174
Control Period
62.179840
62.913311
58.765633
62.875839
58.711487
58.687809
63.003361
58.733887
Control Period
63.938400
61.704254
61.128098
58.717758
61.867455
58.744545
62.664799
58.740448
62.677887
Control Period
59.598755
58.741249
58.732002
63.088032
62.700031
58.687775
58.754272
58.739071
58.737503
Control Period
59.663296
58.720963
58.697922
63.070656
62.563328
60.820320
58.728226
61.503204
Control Period
58.737534
60.247200
61.693665
58.705215
60.044930
61.891396
60.384125
59.590271
Control Period
62.652000
58.730465
60.058273
61.801857
58.698051
63.026112
59.709568
60.596161
Control Period
63.935966
58.717216
58.705696
59.771294
58.725311
61.277248
58.732002
62.523201
Control Period
58.759392
62.850876
58.691521
61.101185
60.045120
58.696575
60.200928
59.624001
58.751808
Control Period
61.693054
59.083298
58.809471
62.191902
58.720161
62.804928
58.682911
60.991394
Control Period
60.658592
58.708321
60.106049
58.691456
58.686783
58.758080
58.696861
61.356449
58.724831
Control Period
60.058495
61.319038
60.513123
58.719936
62.640701
63.102528
58.743362
58.700737
Control Period
62.951328
58.748413
58.675682
58.714722
59.397919
63.136383
58.703903
58.777405
Control Period
61.161823
58.941757
58.710464
62.310112
58.709824
62.146690
58.693184
63.445923
58.663200
Control Period
60.051296
61.909538
62.906113
61.640701
59.899261
58.763870
58.674816
58.744831
59.073441
Control Period
63.309341
60.403938
59.323746
58.672832
58.750687
60.123970
58.797470
58.712288
Control Period
62.952835
58.687584
59.467552
61.375427
58.690624
58.996414
58.723328
62.397758
Control Period
62.988289
58.745312
58.757729
59.111229
58.691776
61.708893
60.710785
61.328545
58.690018
Control Period
60.331135
58.727715
58.821888
60.159775
61.433666
62.690880
61.503647
59.843136
Control Period
58.997505
62.746304
58.733215
62.817375
58.799202
60.702049
61.496033
60.453407
58.818497
Control Period
61.451454
63.445473
61.475777
60.214272
59.116959
59.441952
62.543297
Control Period
62.785889
58.752449
62.749695
58.693474
61.160320
59.995583
59.879776
62.590462
Control Period
58.748863
60.686974
58.662239
63.237633
58.733406
60.974915
59.449951
58.847137
58.692543
Control Period
60.747711
59.244446
61.490849
58.761986
60.160416
62.629566
61.006016
60.955872
59.976128
Control Period
62.687103
62.710335
58.732479
62.373245
59.285408
58.716286
63.003296
58.704288
Control Period
60.323776
58.711777
61.310211
59.771362
62.717762
58.958206
58.664642
63.493668
58.691391
Control Period
59.939968
60.689507
58.799934
62.790276
58.707455
60.635712
60.244545
61.381729
Control Period
58.778976
59.824192
63.088768
58.723549
58.676674
62.230591
61.491837
60.965919
Control Period
62.854691
58.746304
58.733215
63.368576
58.753536
62.600353
59.423363
58.764671
Control Period
58.721760
58.764576
62.756676
58.737793
60.433537
60.768864
60.103584
60.605698
59.447456
Control Period
58.800129
58.717278
62.800446
62.626846
58.766720
58.811329
59.724739
62.113411
61.292381
Control Period
63.017860
58.706207
58.738495
58.749920
58.693119
58.726913
63.142593
Control Period
58.717918
58.844353
58.728161
63.057732
58.719360
60.361122
62.983871
Control Period
58.719330
60.852768
63.486206
61.932701
58.702972
58.701569
59.302528
62.230434
62.760544
Control Period
64.768738
58.717312
58.706463
58.711166
62.639870
62.232124
59.965824
58.696770
Control Period
58.722240
63.011200
61.157890
58.696480
61.025406
60.351521
58.698784
58.725410
Control Period
59.767586
61.205536
59.424866
59.109566
60.779167
58.720963
62.442268
58.737247
Control Period
60.916893
59.472511
58.999073
62.605347
58.706017
59.367615
61.000000
58.719009
Control Period
59.767776
60.921471
58.698494
63.174751
58.745792
62.860607
58.731773
62.367615
Control Period
58.767586
62.975967
58.686691
62.901505
58.730339
60.941917
59.811394
62.305504
Control Period
61.905922
61.014912
59.752609
58.746368
63.108608
59.833633
58.737888
62.746819
Control Period
61.333054
58.733791
62.746689
60.202751
58.711487
62.712509
58.731812
58.691841
Control Period
62.908958
62.116447
59.321983
58.704834
58.685341
59.239265
61.318657
58.729218
Control Period
58.718880
62.231873
58.707424
58.683426
62.871841
58.717407
58.679741
62.369057
Control Period
62.935520
58.716995
62.974464
58.705826
62.844448
59.766048
61.257984
61.341408
Control Period
62.522339
59.871201
60.146111
61.560001
58.712769
63.038433
Control Period
58.763710
61.186691
62.976959
60.242752
62.871040
61.725025
60.141251
58.684704
58.736610
58.706528
Control Period
63.137375
58.738880
62.566910
58.914978
58.728546
62.247490
60.138115
61.326210
Control Period
60.601151
58.728195
61.500546
58.682335
60.152927
62.222527
58.775135
59.631935
61.568031
Control Period
60.250977
58.785759
60.882370
61.063744
58.736542
59.189949
62.353058
60.999298
Control Period
58.740349
61.454048
58.696640
60.858269
60.582527
60.078529
61.149857
58.812767
59.268578
Control Period
58.681374
58.700989
62.942848
61.424767
59.894051
61.185665
62.566750
62.701057
63.003582
Control Period
60.076000
61.837570
58.715488
58.656258
58.707779
62.998116
Control Period
58.676640
63.182175
58.697342
60.947998
61.234848
58.709122
62.830750
58.724033
Control Period
62.962719
58.710815
60.865311
59.119392
58.705952
61.534687
60.281761
58.708862
Control Period
59.510689
58.690208
60.008446
60.827583
58.721123
63.414879
58.702049
60.035137
60.677277
Control Period
63.102402
59.154366
61.763039
60.210529
60.293217
61.110176
59.549953
61.859074
59.782753
Control Period
60.937569
58.820671
62.285538
58.705185
62.899902
58.736927
61.373344
58.738274
Control Period
60.141922
58.736221
58.967361
60.426144
62.481949
62.941025
60.279167
62.954018
Control Period
62.735489
61.391521
59.821693
60.492867
62.096096
62.720032
58.728226
58.782654
Control Period
62.766273
62.882271
62.758400
58.721954
58.715649
62.946495
58.717506
Control Period
58.755424
62.858593
62.310593
59.291168
58.678307
58.704990
60.409790
62.844704
Control Period
61.389343
58.711361
58.736961
58.721054
62.365280
61.589149
58.725632
60.080959
62.712097
Control Period
63.137184
58.701469
62.288513
58.749855
61.397377
58.722466
59.058655
58.712032
Control Period
61.155426
59.244480
62.868355
62.992065
58.733597
62.135265
59.514526
Control Period
64.359589
58.763298
62.337631
59.393501
60.918880
58.731422
58.792542
58.684448
Control Period
62.748161
60.009598
58.705952
58.764130
62.711742
58.701790
61.224224
58.799843
59.348576
Control Period
60.881859
63.056862
58.712929
58.736290
63.265087
58.671776
59.862526
63.165604
Control Period
60.996223
61.547134
58.714493
61.566689
60.181923
60.383648
61.939102
60.243713
60.212864
Control Period
61.750336
60.858559
59.075233
63.225662
58.724930
63.114655
59.545151
58.728481
Control Period
59.478657
61.001442
61.355553
59.346111
61.057922
58.719170
62.496544
58.733757
Control Period
58.757919
63.021889
58.691681
62.917313
58.733120
62.591331
58.724541
62.867516
Control Period
61.760063
59.230301
58.694016
61.822334
58.722816
59.599106
58.697792
58.702976
Control Period
59.535969
58.714142
61.815361
58.675617
63.029922
58.790047
62.028381
63.232929
Control Period
63.078560
61.785698
58.692768
59.816574
62.765892
58.719776
58.791008
59.401089
Control Period
58.707394
60.418976
59.026016
58.681568
62.147934
58.723778
61.970463
58.719681
58.681503
Control Period
61.871231
58.896545
59.516830
62.460770
61.527264
59.244415
61.388863
Control Period
60.504959
58.727871
62.752548
58.939453
62.036987
59.225151
62.749249
58.688606
Control Period
61.457123
59.217567
58.688354
62.704414
58.827583
60.671520
60.710846
60.127392
61.791298
Control Period
63.069408
58.703457
61.966785
59.160576
60.589344
61.136448
59.247360
62.899460
Control Period
62.862556
58.741180
61.802334
58.720222
61.248383
58.786400
59.217056
59.077312
Control Period
58.716835
60.024414
60.660736
58.736130
62.011105
58.693024
58.739521
62.616768
Control Period
60.991039
60.497475
59.508064
58.724319
62.304928
59.958046
60.405602
58.699234
Control Period
64.881538
58.752094
61.300705
59.398975
62.995487
58.692673
61.454147
58.711456
63.518272
Control Period
62.663582
62.605888
58.727646
62.876862
58.705055
59.486786
62.013313
58.731136
Control Period
62.677921
58.761154
62.887711
58.725216
62.844288
58.694496
58.676926
61.702209
58.717888
Control Period
62.885475
59.605152
62.029793
58.798080
62.003296
58.737247
63.129696
Control Period
62.534401
58.724129
62.593502
58.700127
60.903618
58.787071
62.776863
58.740768
Control Period
64.074371
58.695393
60.432930
60.471359
58.720993
62.806015
58.709923
58.419777
58.435745
Control Period
64.737915
64.763329
64.676804
65.226334
65.105789
