80
77.0419
75.167
73.6643
72.4688
71.5346
70.8079
70.2528
69.8354
69.5262
69.2981
69.1344
69.0238
68.9508
68.9052
68.8837
68.8785
68.8881
68.9058
68.9278
68.951
68.9817
69.0161
69.0504
69.0857
69.1232
69.1624
69.2004
69.2338
69.27
69.3032
69.3392
69.3753
69.4073
69.4426
69.4775
69.5019
69.5307
69.5599
69.5847
69.6086
69.6322
69.6584
69.6851
69.7024
69.7219
69.7398
69.7602
69.7819
69.8048
69.8273
69.8448
69.8621
69.8824
69.9016
69.9229
69.9367
69.9466
69.959
69.9765
69.9897
70.0028
70.021
70.0374
70.0569
70.0694
70.0805
70.0925
70.103
70.1139
70.127
70.134
70.1411
70.1506
70.1591
70.1677
70.1753
70.184
70.1931
70.2028
70.2134
70.2219
70.2237
70.2308
70.239
70.2443
70.2509
70.2574
70.2649
70.2711
70.2794
70.2831
70.2877
70.291
70.294
70.2975
70.3009
70.3033
70.3071
70.3128
70.3193
70.3268
70.3303
70.3358
70.332
70.3343
70.3349
70.3384
70.3446
70.3494
70.3509
70.3538
70.3568
70.3587
70.3648
