5673.81
5918.66
5888.23
5862.16
6008.12
5911.25
5965.16
5926.09
5918.69
5916.16
5927.41
5865.97
5910
5928.59
5967.66
5926.22
6046.03
5937.34
5921.25
5889.41
5900.32
5919.88
5846.94
5867.44
5926.52
5918.34
5950.53
5864.91
5910.03
6040.18
5864.1
5928.72
5915.55
6005.62
5924.88
5917.41
5964.87
5928.66
5917.59
5928.69
5921.19
5931.12
5930.06
5958.91
5979.09
5932.38
5847.84
5918.29
5916.31
5933.56
6011.75
5919.15
5923.32
5917.44
5954.31
5928.48
5926.16
5929.84
5924.88
6010.53
5986.41
5915.06
5989.25
5918.94
5809.53
5917.38
5918.75
5964.87
5932.41
6005.59
5977.97
5941.5
6036.38
6050.41
5936.09
5908.1
5993.28
5928.66
5922.06
6003.03
6016.84
5943.47
5927.55
5883.1
5844.5
5924.81
5927.41
5920.03
6003.33
5926.44
5943.41
5916.47
5928.59
5961.31
5928.62
5922.44
5905.09
5939.75
5919.61
6008.12
5926.09
5865.41
5891.59
5927.41
5826.19
6021.91
5933.62
5917.06
5963.84
5975.59
5965.06
5893.06
5917.38
5919.94
5932.31
