80
80.3115
86.918
92.1301
93.619
95.4419
96.8367
96.7845
97.384
98.9559
97.6998
97.2687
97.8712
97.3357
96.6136
96.5389
97.4537
96.6604
97.4846
97.9994
97.3202
96.966
98.1701
97.3251
97.3047
97.97
97.4124
97.6103
96.5716
97.8044
97.8141
96.6698
97.3363
97.361
96.5302
98.3311
97.426
97.7991
97.9781
97.4551
96.8401
97.409
99.9576
98.1996
98.7466
99.1812
98.0902
98.6204
98.1425
99.9797
98.321
101.787
98.4445
99.9764
98.6986
98.978
98.4709
99.0107
98.2187
99.0785
99.2672
98.0848
98.602
98.0686
97.4926
97.195
97.6942
97.3581
97.4364
98.1274
97.9071
97.2871
96.1042
97.8219
98.3097
98.519
97.7921
97.552
97.0602
97.3988
98.1996
96.7192
98.8359
98.245
97.1371
97.2826
96.7203
97.104
97.0477
96.2571
96.9231
97.1981
97.2002
97.5469
97.1754
97.1993
98.0762
97.8934
97.137
100.214
98.3603
98.4106
99.4839
98.3437
99.5319
99.7024
98.5433
97.9778
96.6127
98.76
97.295
96.6655
97.5435
97.4814
