0.708927
0.82133
0.836614
0.830367
0.812024
0.803151
0.82207
0.801711
0.794479
0.813785
0.800065
0.794132
0.793846
0.810575
0.803887
0.797027
0.800441
0.79833
0.790471
0.803961
0.799159
0.798987
0.8086
0.79188
0.801434
0.79769
0.799436
0.809564
0.79768
0.801623
0.800487
0.800099
0.800144
0.814821
0.778955
0.815334
0.787519
0.794155
0.810042
0.800026
0.797098
0.792838
0.794294
0.81726
0.804297
0.800112
0.797636
0.796307
0.799481
0.803615
0.807796
0.799634
0.794603
0.804679
0.797165
0.800524
0.802598
0.799586
0.791585
0.801559
0.803385
0.803231
0.790812
0.797608
0.801456
0.80015
0.802765
0.800131
0.795051
0.791595
0.812924
0.809881
0.792049
0.791482
0.806572
0.79895
0.793467
0.803326
0.801375
0.796489
0.819064
0.780742
0.806369
0.800613
0.803912
0.800983
0.791107
0.808006
0.799518
0.796699
0.797937
0.797079
0.80003
0.803149
0.802962
0.793416
0.815442
0.796055
0.786403
0.797003
0.811012
0.805445
0.803358
0.796341
0.810316
0.797565
0.79314
0.81171
0.773071
0.816709
0.793342
0.801298
0.807579
0.789642
