918
918
918
853.728
790.635
758.334
738.554
725.961
709.959
710.704
707.759
705.17
705.682
706.954
710.188
710.014
708.549
705.598
705.79
704.615
709.309
713.048
705.635
707.328
700.701
700.954
706.855
710.705
708.506
706.172
705.579
704.527
705.938
705.617
705.059
702.048
701.295
700.801
700.941
701.127
707.443
706.136
705.436
701.179
701.028
698.584
694.226
697.445
699.983
700.548
699.355
691.351
690.251
695.032
698.181
697.874
695.956
694.789
702.519
698.239
698.92
698.995
697.194
696.962
705.043
705.043
705.432
704.621
703.353
703.749
703.302
703.031
703.116
699.418
700.091
705.962
705.481
701.776
705.218
706.856
704.965
706.251
705.464
702.848
702.306
704.799
705.113
702.893
705.207
704.557
704.327
703.299
704.536
705.184
704.966
705.045
706.516
707.443
706.179
700.201
700.252
701.86
703.406
700.14
697.221
692.735
691.204
691.536
692.279
697.158
701.261
701.127
700.987
701.704
699.023
701.432
706.025
703.947
