113.428
126.381
137.067
143.532
146.007
147.106
152.459
151.594
150.719
153.843
153.094
151.856
150.709
153.042
153.365
152.853
153.077
152.838
150.693
151.609
151.899
151.602
153.878
151.85
152.029
151.174
151.38
153.428
152.541
153.066
152.948
152.971
153.042
156.141
151.339
155.43
152.202
151.732
153.382
152.979
152.484
151.643
150.949
154.732
155.049
154.56
153.872
153.236
153.436
154.871
156.286
155.378
154.071
155.288
154.66
155.016
154.804
154.965
153.298
154.038
154.768
155.233
152.574
152.568
153.042
153.106
153.593
153.512
152.579
151.227
154.452
155.616
153.039
151.869
153.899
153.049
151.71
152.853
152.827
152.154
156.206
151.518
153.538
153.294
154.209
153.986
152.28
154.299
153.878
153.159
152.88
152.45
152.602
153.07
153.389
152.083
155.911
154.333
151.777
151.789
154.33
155.061
155.823
155.068
157.237
156.145
154.507
156.771
150.904
155.542
153.317
154.159
155.334
152.527
