-1229.21
-1220.13
-625.724
-383.896
-243.833
-310.035
13.4482
-57.1665
-50.4331
9.79297
24.3999
62.793
-3.3667
-28.2412
-57
3.5
-22.9653
91.0347
71.8335
-142.621
32.2998
-127.931
4.34473
113.172
75.0688
-41.6001
-44.8623
-12.1724
-20.4331
27.5518
-6.55176
-10.6206
-57.8999
-14.7588
-9.8335
2.96533
2.96533
121.633
-24.3794
-13.4136
-82.1035
-3.1333
-47.3447
-84.8335
61.5518
49.5864
11.207
-22.7241
-155.241
-21.6665
91.6553
61.5518
-5.82764
-36.7666
-22.6553
149.6
-82.6206
12.6665
1.96533
-35.1035
-4.2998
155.552
8.41357
-15.0669
-24.4136
7.1377
-8.43311
-5.17236
1.58643
-71.4482
12.9668
113.138
-9.34473
-71.1724
66.5332
31.7588
-36.3794
24.8623
-15.2759
-50.5
-10.7241
47.8965
6.1665
-43
45.1724
-13.0347
-4
-20.2412
24.2666
12.6206
-4.4668
1.65527
28.5518
18
-24.4136
-115.483
0
31
30.3447
-62.9653
-56.4482
-87.3335
-29.8623
6
14.207
94.5
79.8999
-2.17236
-2.44824
14.1001
-52.2759
46.6333
88.7241
-39.8965
