60.234978
59.915745
59.891426
59.924957
59.895454
59.885986
59.861824
59.886467
59.902756
59.897278
59.902977
59.874306
59.895359
59.899551
59.889534
59.874752
59.871391
59.880512
59.871681
59.882271
59.914719
59.890690
59.918015
59.900482
59.910496
59.914303
59.937569
59.883232
Control Period
65.576157
68.182907
63.857922
64.034332
63.753922
66.441666
66.142944
63.085381
Control Period
72.342117
72.793312
72.971489
69.902054
71.460800
72.695847
72.843391
71.025375
Control Period
76.149124
75.059776
72.626785
73.036514
73.065437
72.321213
72.018814
72.420609
Control Period
73.170181
76.871994
76.875778
76.911270
74.043549
73.465858
76.794174
76.888481
Control Period
76.869629
72.533661
76.870049
76.875748
76.901413
76.885635
76.935966
Control Period
81.000580
76.880447
76.884674
76.930618
76.906113
76.890755
76.908707
Control Period
76.905853
76.889824
76.870911
82.248352
76.911423
76.911972
Control Period
78.364761
76.878235
82.020706
76.895103
82.444862
76.899460
82.142212
Control Period
76.912033
82.422821
76.932541
76.925346
76.918114
76.874557
Control Period
76.952957
76.910660
76.910782
76.938812
82.271683
76.893600
Control Period
82.647362
76.880798
76.885475
76.931931
79.565758
76.904358
81.841118
Control Period
80.633636
76.903900
76.925018
78.657242
76.894432
76.879585
76.926468
Control Period
76.902626
76.872742
76.908859
76.922012
76.910782
76.968895
76.978973
Control Period
76.921600
76.896576
76.934753
76.921089
76.880928
76.899361
Control Period
82.327744
76.915878
76.899841
76.875580
76.881119
82.377121
76.896095
76.901505
Control Period
76.859741
76.892288
76.898972
76.887939
77.359970
76.910950
Control Period
82.305954
78.623962
77.712227
81.695740
76.890755
76.902527
76.868027
Control Period
83.956802
76.903809
76.902939
76.893761
82.060486
76.887360
Control Period
76.912766
76.912193
76.874367
76.909248
76.893951
76.892700
Control Period
76.876320
78.118210
76.880638
77.058212
76.887558
79.998817
Control Period
81.037727
76.927681
80.642334
76.934563
79.577759
76.908768
76.906593
76.895645
Control Period
76.900223
76.914848
76.888412
76.874207
76.916801
78.588387
80.318588
Control Period
81.983231
76.905350
76.877853
76.902557
76.923294
77.671005
81.782043
Control Period
83.892059
76.883583
76.898178
82.346016
76.880417
76.915070
76.894241
Control Period
76.893120
76.880737
76.918274
81.423676
76.881859
76.882591
Control Period
82.104866
76.920609
78.782654
76.906845
76.901245
76.883522
76.882492
Control Period
76.894180
76.889053
76.856964
76.859940
76.905762
76.881790
Control Period
79.672958
76.892349
76.880325
80.710205
76.884445
76.877380
81.654015
Control Period
80.391296
82.411232
76.893311
76.901535
76.906021
76.884003
Control Period
76.885635
77.320030
76.858177
76.886429
76.886818
76.898468
76.889252
Control Period
76.890305
76.870590
79.583649
76.899429
76.872673
82.096832
Control Period
81.116478
76.881531
76.898148
76.920547
76.847069
76.884033
Control Period
76.899429
76.884354
76.917793
76.874649
76.907227
76.888481
76.897476
Control Period
76.905792
76.923584
76.908447
80.272507
82.024765
81.925858
Control Period
82.395355
76.882950
76.889572
76.908508
76.882690
76.906494
76.902237
Control Period
76.869247
76.906174
76.894470
77.933762
79.303268
82.315002
Control Period
87.203903
79.479996
76.934723
76.857254
76.905502
76.910912
79.245850
Control Period
81.603134
76.902626
77.701920
76.862114
76.905922
76.862526
76.881882
Control Period
76.860992
78.921982
76.854301
76.897980
76.881279
76.872284
76.890144
Control Period
76.905952
76.902618
82.247772
76.879906
76.878265
76.970688
Control Period
76.868347
82.053146
82.511108
81.965729
82.516861
80.496506
78.648285
Control Period
76.897858
76.920898
76.883621
76.868927
76.926788
79.009346
80.944229
Control Period
83.380608
79.968925
76.895645
76.879074
76.859421
81.987259
76.893730
76.895386
Control Period
76.901985
80.798752
82.269791
76.889923
76.889923
82.150787
Control Period
76.889824
81.969604
76.895493
80.249184
77.494400
76.900391
Control Period
82.444832
76.907333
76.873764
76.920929
76.904510
82.079262
81.672867
Control Period
76.871002
76.881248
76.861572
78.497787
82.131363
82.322403
Control Period
76.877274
76.879936
82.433731
79.969696
82.307709
77.303207
Control Period
76.887741
76.899971
80.332993
79.829506
77.331329
76.903809
78.107971
Control Period
87.329407
82.242592
82.894852
82.632828
80.566238
82.118721
Control Period
76.882080
81.267227
76.889893
76.893860
79.541412
76.903717
82.516991
Control Period
82.848160
76.890686
76.879906
82.213600
81.137245
Control Period
82.353729
76.876350
76.881760
76.857346
81.853729
76.909218
76.910339
Control Period
78.362595
80.614655
76.875679
78.493790
80.551712
76.852638
82.288353
Control Period
82.764038
76.866882
82.408577
80.299454
77.210365
76.896347
Control Period
76.900383
76.884224
82.139481
82.204773
78.641312
76.857986
Control Period
76.902176
76.880249
82.715714
76.863998
76.873596
78.060799
80.526749
Control Period
82.084290
81.228256
76.886848
76.874786
77.834145
82.282471
Control Period
80.123619
82.139938
76.864670
76.918716
79.171936
82.903870
76.891838
Control Period
76.889503
77.924698
77.835907
76.906464
82.083710
76.876923
Control Period
80.620773
77.140640
82.317215
76.873474
82.334396
Control Period
82.097382
76.864319
76.873734
76.867584
81.870941
76.872734
76.891266
Control Period
76.865219
81.912125
76.860062
76.991264
76.891266
76.908707
76.884323
Control Period
76.896484
76.912506
76.876419
81.457314
76.854210
76.879745
Control Period
80.050629
81.844063
79.035324
76.861954
76.873734
76.862366
76.894241
Control Period
76.875137
76.906235
77.140350
81.754784
76.902725
76.858307
Control Period
81.459969
79.658432
76.913696
76.894333
76.917633
76.903809
76.869980
Control Period
76.872322
76.882271
79.789856
81.976959
79.959396
76.838943
76.880417
Control Period
76.887009
76.858017
76.935333
76.898560
77.986656
82.740326
Control Period
77.962204
79.907837
76.904579
76.893730
76.881218
77.086014
Control Period
78.245888
76.924065
76.914497
76.902725
76.895203
76.871933
Control Period
76.880157
82.342781
76.884506
76.902367
82.482758
76.882912
Control Period
78.622437
76.905991
76.897888
80.594498
76.958817
76.862427
82.100319
Control Period
82.135483
82.421761
82.415581
76.932480
76.887680
76.898239
76.903519
Control Period
76.911522
76.898079
81.974815
76.893219
80.785248
76.890564
76.904640
Control Period
76.925659
76.880127
76.892258
76.876511
82.213852
76.874725
76.905853
Control Period
76.897858
76.888771
82.003387
76.915619
76.880447
76.916031
Control Period
82.254044
76.865471
76.874557
76.873627
76.840576
Control Period
82.102814
76.878975
79.978241
76.899460
76.845345
81.853920
76.850464
76.886879
Control Period
76.862175
76.880447
76.850304
76.867676
76.869057
76.898689
Control Period
82.342400
82.189819
76.894081
78.223557
80.963165
77.964508
81.161217
82.365921
Control Period
76.863174
76.891449
82.352768
76.885284
76.895462
76.888580
Control Period
76.892159
76.901917
78.384766
76.904251
76.910080
76.897858
Control Period
76.904892
78.978561
82.035324
76.900703
76.900223
76.914146
76.907043
Control Period
76.909821
76.911835
78.813599
76.896133
76.896576
76.906975
76.871811
Control Period
76.882462
82.116547
76.922943
76.904358
76.912735
76.921249
Control Period
76.911201
76.886177
80.555359
76.927322
76.914276
76.903458
76.887451
Control Period
76.900253
76.891357
76.896027
76.899040
76.878876
Control Period
78.023834
76.900635
76.894150
76.868675
82.187744
76.882782
76.885376
Control Period
76.871872
82.279419
76.949661
76.936928
76.908035
77.877312
76.912064
Control Period
76.890717
76.875198
82.240219
76.865662
76.882874
76.859009
Control Period
82.126404
76.854240
76.889503
76.862526
80.138138
76.881500
76.856384
Control Period
76.866394
77.859100
76.880859
76.856293
81.871811
76.862274
Control Period
82.233505
76.871643
76.881638
76.892960
76.860641
76.841568
76.887230
Control Period
76.847809
76.876740
76.852478
82.189438
79.074432
76.880997
Control Period
76.860229
76.895264
78.226433
80.903259
82.518845
76.908966
76.896835
76.895035
Control Period
76.917053
76.846375
76.869598
76.893982
76.909561
82.148064
76.919167
Control Period
80.234055
81.580734
82.377090
80.329567
82.327332
79.936928
82.040543
Control Period
76.867264
76.861725
76.867844
76.888481
76.873184
82.413605
Control Period
76.883232
76.892990
76.924355
76.896027
82.368385
82.251038
76.916321
Control Period
82.014053
76.886429
76.883041
82.468094
82.070816
76.914177
79.669434
78.744614
Control Period
77.911522
76.889954
76.878204
79.195526
76.877151
81.289825
82.447067
Control Period
78.021278
82.279968
78.363998
76.847229
77.717857
82.171425
82.300865
Control Period
82.252762
78.531425
82.126755
81.550919
77.999489
76.871231
Control Period
80.517853
76.896034
76.861664
78.165054
80.906303
81.411682
78.092033
Control Period
76.903259
82.112091
76.873764
76.879044
82.107681
76.892418
Control Period
76.861473
76.868355
76.844734
76.886337
76.856445
76.893158
Control Period
77.138367
77.185852
80.085724
82.100739
81.880959
82.229309
Control Period
81.004578
76.886978
76.880096
76.885475
76.872864
76.858238
76.867554
Control Period
76.871712
76.869446
76.861443
76.870148
76.874557
76.866852
76.890182
Control Period
82.489632
80.891808
76.885216
76.881958
78.920227
76.858627
Control Period
76.863327
76.878876
76.894913
76.887451
77.451454
81.455750
82.593697
Control Period
81.394402
76.882462
76.867264
76.911583
76.858948
76.885056
Control Period
89.227074
89.231842
89.221725
89.225693
89.242493
89.246140
