80
70.7441
71.9816
73.8878
74.2545
74.5791
74.3414
73.2608
72.6285
73.5325
73.9156
73.1215
73.7003
73.5975
73.8822
74.0553
73.5908
73.391
73.6499
74.0518
73.9124
74.3947
74.5877
74.2208
74.1179
73.3914
73.8318
73.3495
73.4619
73.8284
74.0958
73.7753
73.5115
74.078
73.8581
73.9737
73.9397
73.6917
73.836
73.2906
74.0908
73.8487
74.5364
73.896
73.0989
74.3735
74.6162
74.7832
74.3732
73.7912
73.5788
72.621
74.0579
74.5616
74.2702
73.2295
73.5509
73.1086
73.7404
74.8227
74.442
74.6948
73.3619
73.5831
73.122
73.896
73.3395
73.8848
73.9414
74.608
74.3956
74.4309
74.4897
74.2931
74.3261
74.0119
74.5306
74.3336
73.6382
74.3217
73.6365
73.2374
74.191
73.9872
74.1378
73.3734
73.9647
74.2802
74.2092
74.495
74.2057
73.6995
74.2348
73.7485
73.7514
73.6564
73.4964
73.9998
74.493
74.1204
74.3463
74.2446
74.6426
74.057
74.6345
72.8842
72.5222
73.2368
73.5265
73.1673
74.071
72.8208
73.891
73.9185
0
