80
67.9165
71.8097
75.1548
74.0389
73.9645
72.3581
72.0952
72.3721
73.0526
71.9659
72.626
72.309
73.0964
73.6219
73.2042
72.797
72.7136
73.432
73.4799
73.0808
73.6844
73.2913
72.9655
72.8168
72.2789
71.9578
72.5146
72.6407
72.4527
72.8228
72.5226
73.3172
73.4959
73.1095
72.7415
72.7493
72.3811
73.2029
72.7416
73.333
72.9949
73.4885
72.4745
72.778
72.8803
73.915
73.3036
72.7774
71.8687
72.38
73.0145
72.2942
73.1238
72.7123
71.7954
72.9945
73.1581
72.7194
73.1496
72.9675
73.6142
71.7895
73.0624
73.6542
72.9191
72.2923
72.8216
73.6186
72.6957
73.0472
73.6606
73.5125
72.4408
72.1042
72.7774
73.3651
72.8848
72.6914
73.0783
72.6437
72.3042
72.6054
73.125
73.0865
72.7931
73.1631
72.4819
72.9409
73.7565
73.2729
73.3638
72.6135
72.0528
72.6936
72.1238
73.0866
73.3063
73.2337
73.2428
72.1788
72.57
73.2886
72.7794
73.2471
72.7547
73.5602
73.0943
72.6786
73.0749
74.3002
72.7662
72.1204
73.2626
0
