4084.5
5972
5972
6283
6830.5
6884.5
6653
6441.5
6382
6362.5
6594
6554.5
6737.5
6672.5
6441
6554.5
6535
6574.5
6554.5
6653
6500
6402
6554.5
6377
6461
6268.5
6263.5
6402
6614
6574
6456
6771.5
6554.5
6692.5
6535
6554.5
6515.5
6515
6594
6436.5
6515
6771.5
6362
6475.5
6436.5
6653
6382
6476
6436.5
6382
6692.5
6613.5
6495.5
6456
6461
6614
6555
6594
6515.5
6613.5
6302.5
6633.5
6633.5
6535
6402
6727
6574.5
6500
6515
6555
6436.5
6480.5
6480.5
6594
6495.5
6535
6515
6382
6495.5
6515
6540
6633.5
6554.5
6555
6500
6362
6515
6500.5
6421.5
6401.5
6594
6515
6594
6461
6633.5
6475.5
6461
6476
6554.5
6574
6342.5
6613.5
6535
6347.5
6555
6594
6327.5
6574.5
6535
6534.5
