113.411
113.246
113.305
115.955
116.16
117.02
116.41
115.51
115.151
115.329
114.939
114.356
114.816
115.812
116.442
116.704
115.525
115.421
115.568
116.031
116.706
115.998
116.071
116.318
116.248
114.516
114.515
115.354
115.123
113.7
114.984
114.465
115.461
116.225
116.274
115.811
115.871
115.034
116.344
115.646
116.079
115.412
116.004
116.016
115.976
115.381
116.855
117.308
117.31
115.707
116.135
116.707
115.505
116.382
116.074
114.703
115.187
114.994
114.684
115.583
115.785
116.048
115.289
117.168
116.35
116.55
113.932
115.785
116.285
115.99
115.854
116.339
116.993
116.436
116.576
116.436
116.242
117.328
116.163
116.477
115.876
114.436
114.753
116.513
116.006
115.723
116.443
115.672
116.044
116.238
116.64
116.04
115.503
115.171
116.164
115.204
116.292
116.328
116.834
117.367
115.728
114.279
115.6
114.337
115.979
115.967
115.667
115.081
115.692
115.072
116.479
116.114
114.172
115.485
117.312
