5723.5
5818.2
5549.73
5126.86
5113.97
5115.27
5007.03
5111.1
4968.83
4963.87
4972.38
4942.72
5007.3
5054.07
4998.07
4990.03
4991.63
4971.07
5001.31
4992.69
4902.83
5028.73
5042.24
5072.45
5079.69
5015.14
4944.33
4961.27
4925.52
5027.33
4971.14
5074.79
5049.33
4994.45
4997.17
4966.79
5111.47
5022.28
4971.63
4895.03
4979.6
4913.38
5005.28
5073
4961.31
4981.76
5021.24
4977.13
5033.23
5049.83
5153.07
4915.41
5010.63
4982.77
5116.55
4925.57
4895.93
4925
5024.48
5033.97
5157.17
4965.52
5009.2
4949.17
5126.9
4905.2
5007.83
4969.45
4996.38
4870.24
5116.8
4950.93
5053.73
4997.41
4986.07
4953.1
5048.43
5000.97
4938.07
5130.45
4975.4
4971.41
4989.47
4980.76
4998.27
4993
4910.62
5089.93
5008.38
4997.47
5061.27
4985.41
4944.3
5036.9
4975.73
5014.59
5011.23
4987.07
5001
5016.7
4950.13
4930.93
5034.86
5000.34
4890.63
4996.38
5039.7
4970.55
4995.1
5056.83
5071.77
5026.79
5088.9
4989.85
