918
918
918
879.082
836.668
808.198
801.657
795.772
789.807
789.441
783.707
785.314
787.192
788.615
791.579
791.207
788.404
788.505
789.021
789.461
790.945
790.885
791.257
796.297
794.803
792.61
788.874
784.753
783.959
786.832
788.822
792.693
791.289
792.772
788.906
786.352
786.638
786.771
788.505
782.745
781.581
783.051
788.484
789.542
794.03
793.765
789.967
791.97
792.911
791.812
793.003
791.291
788.7
780.795
785.16
784.619
785.499
779.474
783.334
788.708
788.708
792.594
791.317
789.559
781.44
783.201
782.735
785.368
778.8
783.697
783.304
784.886
785.058
791.789
785.751
788.278
785.504
785.628
786.354
788.787
786.273
786.234
789.444
782.688
783.96
785.445
785.967
786.977
787.064
787.425
792.063
787.406
786.966
787.096
783.929
784.678
787.567
785.653
786.916
786.159
785.575
786.244
786.188
785.329
787.894
791.493
789.678
789.67
795.318
795.507
793.454
794.987
795.232
792.285
788.588
787.179
782.583
783.117
