113.929
122.337
129.193
133.521
135.651
137.068
138.289
138.215
138.501
139.645
140
139.043
139.037
138.681
138.984
138.318
138.866
138.812
139.15
138.625
141.243
139.327
139.79
140.979
139.009
137.77
136.502
134.941
134.053
136.809
137.997
138.721
137.473
137.662
137.702
137.522
137.541
138.359
138.173
139.239
138.273
138.107
138.39
138.168
138.301
139.017
138.995
137.875
138.191
138.669
138.426
138.215
138.777
139.422
138.387
137.772
138.301
137.971
137.851
138.106
138.129
137.698
137.116
137.426
138.702
137.209
136.67
137.012
137.361
137.906
137.823
137.649
137.972
137.703
138.438
138.082
137.22
137.86
136.721
138.128
138.342
138.556
138.083
138.154
137.65
138.463
139.518
138.132
138.276
138.141
138.086
138.012
138.18
138.008
138.486
138.261
137.215
137.608
137.458
136.672
137.775
137.802
138.18
137.669
137.295
137.855
138.238
136.831
137.058
137.703
137.911
137.562
137.318
137.623
