0.947231
0.91584
0.851099
0.873595
0.87325
0.890151
0.900506
0.922262
0.886744
0.922791
0.873979
0.892799
0.917948
0.914734
0.883739
0.879884
0.919995
0.894014
0.894237
0.903438
0.89244
0.902975
0.904081
0.893052
0.891681
0.908644
0.897455
0.888471
0.910784
0.911362
0.896803
0.899689
0.883104
0.904605
0.919405
0.905419
0.912718
0.884834
0.900131
0.901209
0.904246
0.883653
0.916924
0.888478
0.914199
0.904763
0.895427
0.889813
0.906082
0.903068
0.899963
0.888735
0.885626
0.908058
0.89643
0.916702
0.902304
0.906969
0.896257
0.907826
0.896465
0.896383
0.89754
0.891236
0.907816
0.893245
0.903616
0.906342
0.905286
0.899294
0.89588
0.903488
0.891788
0.901592
0.908413
0.889096
0.889367
0.911548
0.904385
0.896316
0.899234
0.920873
0.86838
0.902781
0.903127
0.905497
0.899957
0.898117
0.893251
0.910045
0.898673
0.897889
0.877659
0.913162
0.899926
0.91398
0.90319
0.897736
0.896405
0.893641
0.908386
0.897965
0.903676
0.900853
0.89343
0.902564
0.897871
0.903108
0.882052
0.890271
0.931315
0.90644
0.901247
0.888657
