80
70.1986
73.0148
75.3145
76.7935
78.1161
78.5895
78.1735
76.3298
77.7534
76.4053
78.1277
78.5662
77.0712
76.165
77.8337
78.4498
78.0252
78.4687
78.2526
78.0959
78.8894
78.6192
78.5616
78.5889
79.415
79.7182
79.9382
79.3566
78.3691
78.7238
79.1008
78.3865
79.3212
78.515
78.4702
78.0604
76.9513
78.4171
78.4522
77.9177
78.0587
79.3942
78.3638
78.5752
77.4241
77.542
78.2705
77.7801
77.7902
77.8674
78.3806
78.6764
79.9009
78.9188
78.9901
78.3939
77.7099
78.0452
77.9309
79.0217
77.6522
78.017
78.0439
77.6489
77.7706
78.4459
78.7783
77.8205
77.0897
77.6244
77.6162
77.5152
77.8738
77.4215
77.8397
77.9882
78.817
78.5889
77.4445
77.6404
78.4539
76.8791
78.726
77.9722
77.457
78.332
78.5979
78.3354
78.2674
78.2153
79.0142
78.6066
79.9182
79.0734
78.7685
78.2275
77.8258
78.3426
78.3235
79.1261
78.1255
78.1663
77.3419
77.936
78.4636
78.5044
78.1355
78.3693
78.9668
79.7441
78.0171
77.1308
78.4475
