60
66.5509
72.9211
74.325
74.5026
73.7695
73.7253
73.4949
75.137
74.0083
75.6867
73.5303
72.9043
74.4534
75.9645
74.6352
73.2309
74.2096
74.4342
74.2968
74.4207
74.0236
74.0876
74.6511
74.6415
74.1898
75.086
74.6878
73.4913
73.4062
74.1471
74.3864
74.714
73.2753
73.4851
74.4462
74.3074
74.7495
73.7098
73.6086
73.4817
74.3421
72.7517
73.6042
72.7002
73.0793
73.6371
74.1849
73.4652
73.6932
74.1009
74.5764
73.8067
73.1022
73.3003
72.6663
73.5778
73.1271
73.6742
72.9419
73.7212
73.6088
73.7744
73.6632
73.2113
74.2544
73.5278
73.7163
73.5482
73.7925
73.7766
73.5068
73.735
73.3222
73.6582
74.2232
73.798
73.48
74.1489
74.5275
73.8527
74.2812
75.5913
72.6788
71.8162
73.0943
73.896
74.0239
73.8079
73.2665
73.8247
74.3609
74.5518
73.0319
73.47
72.8735
73.7184
73.943
74.1595
73.7817
73.9999
74.4225
73.7164
73.8443
73.8681
73.4009
74.3802
74.0618
74.6104
73.1608
71.933
73.5779
74.0174
74.9375
