0.727138
0.886163
0.886908
0.902089
0.908473
0.900766
0.896691
0.87245
0.922802
0.87943
0.928525
0.907602
0.875526
0.881983
0.92624
0.909151
0.897378
0.900214
0.894546
0.89883
0.91012
0.897519
0.896416
0.895962
0.910536
0.901224
0.905173
0.895889
0.893901
0.905139
0.900938
0.886717
0.915979
0.889705
0.902556
0.899084
0.88833
0.921129
0.901551
0.894473
0.896416
0.92359
0.888183
0.904273
0.889174
0.899329
0.902074
0.893422
0.901859
0.899132
0.902645
0.904243
0.91471
0.889607
0.904781
0.893474
0.89618
0.903936
0.903039
0.912908
0.879703
0.901235
0.899867
0.893126
0.896646
0.912213
0.905177
0.892248
0.890691
0.907344
0.899826
0.898605
0.903779
0.891365
0.905931
0.899119
0.907925
0.897768
0.883128
0.906937
0.906903
0.878774
0.933804
0.899442
0.882335
0.908203
0.902491
0.897174
0.899907
0.900314
0.905251
0.891131
0.918503
0.892425
0.90138
0.893176
0.894225
0.90376
0.901042
0.905113
0.887384
0.90606
0.889498
0.908799
0.907731
0.892813
0.896491
0.900029
0.910669
0.916416
0.879862
0.88737
0.910664
0.900794
