160
136.001
139.971
146.43
148.873
151.837
153.758
153.467
153.336
152.673
152.696
152.49
152.925
152.977
153.791
152.928
154.093
152.467
153.374
154.082
154.214
154.372
154.482
154.271
154.658
155.55
154.626
154.904
155.119
154.434
153.254
153.779
154.84
154.269
155.317
154.011
153.955
153.779
153.416
153.397
152.906
153.597
153.204
152.226
152.396
151.383
152.138
152.358
153.794
153.126
153.187
153.045
153.877
154.673
154.548
153.927
152.918
152.428
151.939
151.507
149.802
151.892
152.25
152.882
153.662
153.984
153.836
152.883
152.408
153.11
152.451
152.454
152.199
152.428
152.759
152.367
153.539
154.143
153.571
153.669
153.674
153.426
153.326
152.72
151.834
154.15
152.491
153.05
153.224
153.858
153.015
153.557
154.1
154.441
153.903
153.285
152.722
153.015
152.903
153.345
153.55
154.041
153.166
153.322
152.839
152.819
153.874
153.72
154.353
154.114
153.449
152.6
152.62
152.299
