58.171
62.2074
64.7574
67.9404
69.7649
70.3643
70.4705
68.2024
70.4373
68.3787
70.9443
70.9088
68.7868
67.9755
70.5471
70.7626
70.3991
70.2394
70.1938
70.3358
71.0767
70.8048
70.4756
70.3882
71.558
71.5707
72.1588
71.6158
70.9369
70.935
70.9252
70.14
71.8004
70.5725
70.8642
70.5514
69.3434
70.8821
70.697
70.1734
69.8466
72.0943
70.5166
70.8623
69.8671
69.6298
69.9486
69.9286
70.1467
69.9437
70.2866
70.8751
71.9661
71.0804
71.4043
70.5756
70.2551
70.2448
70.4778
71.1437
69.5156
69.9829
70.2049
69.703
69.6236
70.9434
71.0074
70.2897
69.314
69.9469
69.8485
69.7463
70.0566
69.414
70.1386
69.9872
70.8074
70.7594
69.4041
70.2372
70.4123
68.9433
71.7901
70.8095
68.7976
70.3466
70.6939
70.516
70.4946
70.4652
70.8045
70.4119
72.2004
71.3209
71.2752
70.3542
69.953
70.3358
70.5899
70.8916
70.2152
70.7863
69.5288
70.2882
70.7449
70.0532
70.3785
70.3242
71.3686
72.3665
70.1639
69.23
70.2402
70.6651
