5561.3
5776.93
5664.8
5280.5
5154.21
5088.37
4962
5022.66
4967.63
5021.47
4946.77
4979.21
5051.9
5074.2
4969.9
4993.87
4949.97
5090
5036
4984.66
5016.27
4980.6
5041.43
5065.87
5016.2
5045.07
4967.9
4940.13
4884.79
4997.83
5065.17
5049.97
4957.63
4986.4
4952.59
4927.8
4940.59
4998.27
4984.28
4970.03
5082.97
4930
4962.07
4980.52
4920.03
5035
5122.24
4995.07
4974.62
5029.1
5068.5
4998.9
5037.07
4951.79
4943
4972.9
4913.24
5012.29
4930.76
5037.47
5017.83
5058.34
5007.77
5019
5075.31
4961.1
4992.4
4915.03
4984.62
5004.43
5000.73
4999.37
5019.47
5032.93
5000.66
5044.27
5056.45
4985.67
5011.79
4939.03
5068.79
4986.32
4892.97
4849.97
5154.3
5062.5
5018.93
4987.1
4987.17
4984.38
5089.77
5047.67
4998.53
4937.9
4915.1
4988.73
5001.67
5052.76
4980.57
5092.23
4980
4918.33
4983.03
4995.3
4996.1
5116.07
4974.79
5048.93
4966
4916.48
4943.1
5001.31
5120
4989.68
