117.611069
117.355263
117.348541
117.393723
117.315674
117.303329
117.315010
117.307549
117.336319
117.316864
117.313797
117.307037
117.333664
117.296997
117.322495
117.344292
117.353500
117.340736
117.340836
117.305374
117.332642
117.319328
117.322304
117.319748
117.345055
117.336739
117.330109
117.341339
117.314331
Control Period
122.132866
123.701248
121.998528
127.069916
122.206589
123.826431
121.805473
123.824860
Control Period
123.472832
128.767456
131.285858
128.750458
133.633987
128.886841
132.944382
128.770599
Control Period
134.334869
134.089630
134.220673
134.303802
138.539337
134.187805
138.497192
134.167877
Control Period
138.588867
138.098450
135.542389
133.977753
134.130981
134.048950
134.004608
Control Period
134.276764
138.240829
137.854431
138.333527
137.361542
138.474884
137.566437
Control Period
138.353058
138.554871
138.440414
137.113220
137.119751
141.175613
137.619690
Control Period
138.382263
138.624634
138.686279
138.626083
138.524292
138.259369
138.459579
Control Period
142.439880
138.777023
139.147583
138.493164
138.405060
140.244446
138.738831
Control Period
141.635742
140.393829
138.868576
138.560150
141.017502
141.674881
138.317017
138.231384
Control Period
138.587494
138.311401
138.468475
138.284424
137.122437
138.057159
140.272736
Control Period
141.712860
137.303864
137.148987
138.433121
140.561523
137.933502
137.131744
137.358490
Control Period
138.516388
138.154266
138.062805
138.124268
138.200378
138.471771
137.030823
Control Period
139.954880
138.295898
138.515350
138.517761
138.226013
137.339935
138.632156
Control Period
142.635223
138.879837
139.001495
137.590302
138.828766
138.423264
138.331909
140.358429
Control Period
138.123840
138.530914
138.942017
138.404724
138.517410
138.452972
138.498016
Control Period
138.263809
138.357635
138.334778
138.729401
138.720993
138.257690
138.401459
Control Period
139.120605
138.290619
138.608475
138.161499
138.490936
138.122009
138.558411
Control Period
141.987457
138.246124
137.613220
138.024261
137.437408
138.222626
138.460968
138.439270
Control Period
139.141388
138.366531
138.367325
138.698212
136.958786
137.425156
138.780350
Control Period
138.059616
137.113525
137.955414
138.577148
138.302734
138.551453
138.394012
137.161530
Control Period
141.278137
136.373016
138.536469
136.164612
138.362274
135.998138
138.234253
Control Period
136.263916
138.640381
137.279175
138.271545
138.939819
137.182053
138.516571
137.758179
Control Period
138.699783
138.714813
138.622070
138.522858
134.088348
138.379807
Control Period
138.408127
137.707108
138.228928
138.041443
140.942535
137.770660
140.460968
Control Period
142.221954
140.225769
141.763306
138.407043
140.074432
137.761414
138.353607
Control Period
138.269348
139.838623
138.659073
138.719482
141.527161
138.091583
138.449768
141.300751
Control Period
138.211517
138.375778
138.472900
139.760071
141.740936
137.447845
138.390366
138.571320
Control Period
139.429993
138.514435
139.437378
138.235291
138.632324
138.631470
138.756668
Control Period
142.800934
137.514343
138.388412
138.148010
138.250748
137.166534
138.024673
Control Period
138.708420
138.289062
138.083527
138.011383
138.377792
137.943298
137.325256
138.322205
Control Period
142.533722
137.980835
138.456894
138.262970
134.095810
138.736771
138.425766
Control Period
138.323883
138.430084
138.069504
138.357513
138.408386
138.352539
138.132965
Control Period
138.422516
140.275909
138.968628
138.042587
138.354980
138.468033
140.238556
141.637405
Control Period
138.044678
138.365234
140.064423
141.491837
140.456360
139.467072
138.361176
Control Period
140.261414
138.061081
138.384766
138.206177
138.203873
138.188095
140.739456
Control Period
141.364807
138.530655
138.426941
138.515503
138.704575
138.563843
Control Period
139.625275
138.171448
139.485977
138.243103
139.229340
138.419220
138.270691
Control Period
141.497345
138.190247
139.142242
138.642395
140.652420
138.520447
139.163757
Control Period
141.753082
138.408859
139.662369
138.778168
139.166229
138.348022
138.558258
141.855652
Control Period
138.666306
138.643234
138.432800
138.321899
138.639709
138.426056
138.327942
Control Period
141.732056
138.809845
137.381287
137.365784
137.433472
136.990402
138.638306
138.833496
Control Period
142.264160
137.300446
138.631332
138.220215
134.056961
139.078781
138.586716
Control Period
137.441589
138.624603
138.490936
134.098206
138.302521
137.336914
138.535873
Control Period
138.273758
138.700958
138.634583
138.748444
138.284134
137.349380
137.067520
Control Period
137.286316
138.181061
138.587936
138.430267
138.907379
134.647736
138.354691
138.618271
Control Period
138.334106
134.028000
138.513000
138.729034
134.405731
138.510376
138.359451
Control Period
140.312042
138.656525
139.049866
138.566772
137.125793
137.441986
138.028290
138.679474
Control Period
138.477249
135.234711
138.330109
138.287964
137.497696
138.463837
138.403290
Control Period
139.274948
138.449020
138.014175
137.809448
136.219330
138.485565
138.494751
Control Period
138.762024
138.701920
137.172256
138.720062
137.435486
138.469818
Control Period
141.710724
138.293793
141.122559
138.170105
138.560028
138.420959
141.959045
138.696350
Control Period
138.437286
138.379639
141.682755
140.541214
138.459137
139.227997
141.922913
Control Period
138.938477
141.698059
141.048294
138.726746
138.410629
138.242584
138.236694
Control Period
140.419769
138.764648
138.432800
136.848129
139.594421
138.518005
138.688202
Control Period
142.105560
139.914886
138.514236
143.250748
138.445023
140.331039
139.553986
Control Period
142.009369
138.312225
140.637146
138.634247
138.489410
141.422272
138.642761
138.848831
Control Period
142.209015
138.252014
138.161469
138.606171
138.610138
138.530914
138.190460
138.585220
Control Period
137.935608
138.811584
138.366333
135.827652
138.194855
138.459259
138.090149
Control Period
139.903717
137.405334
137.966888
138.592255
138.353577
138.566788
138.413605
Control Period
137.691132
138.394653
138.137848
138.659653
138.446808
138.468597
138.361694
Control Period
140.074280
138.429321
139.928482
138.073608
138.774231
140.256226
138.525375
Control Period
141.995453
138.191040
140.715424
138.248413
138.160583
141.105728
138.303558
Control Period
142.953217
138.265289
141.460632
138.285660
141.549728
138.613892
141.924652
141.021118
Control Period
140.147369
138.594696
138.160919
139.783875
136.790726
138.494843
Control Period
139.690491
142.950989
138.652954
142.986145
139.374146
138.324005
141.066742
141.496094
Control Period
139.185852
139.430939
138.066711
140.411453
138.367340
138.319199
140.956360
Control Period
140.761322
138.217896
139.580093
139.330109
138.370041
138.869949
138.523499
Control Period
138.321320
140.764282
142.070648
138.457275
139.088287
140.535614
138.472290
Control Period
140.914917
138.448257
139.012909
138.310455
141.156708
138.348724
138.074112
138.449860
Control Period
138.668854
137.957611
137.131256
137.324539
138.998337
138.263107
138.108475
Control Period
140.728607
138.483551
138.274597
138.668854
137.557404
137.218719
138.093307
138.115067
Control Period
138.038757
138.763947
138.131256
138.267670
138.908218
139.780701
Control Period
137.424133
140.281372
138.082657
138.355072
137.368347
139.857971
138.583389
138.636414
Control Period
138.812744
138.254547
137.520905
138.266876
138.320862
139.503540
141.574402
Control Period
141.175232
138.958923
138.669312
138.262726
138.450500
137.142746
137.365082
Control Period
138.317245
138.555328
138.277374
138.172485
138.366455
138.511414
138.306580
Control Period
141.611649
138.209503
138.523254
138.656036
138.581146
138.540009
138.541412
Control Period
141.760742
138.613693
137.961731
140.048508
138.861450
138.308319
138.238007
138.323761
Control Period
141.530121
137.288315
138.425781
138.453156
138.260895
138.292297
Control Period
142.750076
139.746857
138.355484
139.290619
139.430786
139.713562
139.172516
Control Period
141.061249
138.295776
139.657150
140.376480
138.679291
138.711670
140.620926
138.489899
Control Period
138.301178
140.370651
139.235626
138.119141
138.318695
138.748581
137.322403
Control Period
138.325531
138.701080
138.415359
137.767303
138.588638
138.473221
138.493439
Control Period
138.564758
140.659195
142.009369
140.038116
139.170532
139.023590
138.467499
Control Period
140.918182
137.504059
138.495773
138.520355
138.480927
138.494263
138.312225
138.555176
Control Period
138.361115
137.450653
141.364441
140.439819
138.320007
138.523392
139.164032
Control Period
142.590118
138.288177
134.983490
138.504578
138.657501
137.917389
137.283524
Control Period
138.639618
138.747833
139.209961
140.072021
138.238083
137.881760
138.170273
Control Period
142.414780
138.186020
138.450943
138.578171
138.649139
140.902466
141.394852
139.388733
Control Period
138.258514
140.498535
141.374237
141.385696
138.308472
138.255188
Control Period
138.973755
138.853943
139.141632
141.949707
138.391449
138.359009
140.519104
138.412811
Control Period
138.585541
138.252502
139.651550
138.710205
140.350281
137.651230
138.675171
Control Period
138.475372
141.641281
140.544800
137.007645
138.227020
139.004929
138.364517
Control Period
138.530182
138.684738
137.221558
138.523422
138.311157
138.286011
140.714996
Control Period
141.052795
139.628387
138.444214
138.241882
138.335022
138.258636
138.414719
Control Period
142.453888
138.593918
138.138046
140.356064
139.001221
138.412598
138.906006
Control Period
139.100281
140.166718
138.702118
138.504227
138.901505
141.455811
141.497253
138.566376
Control Period
138.380341
138.641418
140.012329
137.976410
138.269409
138.175812
138.468475
Control Period
141.715302
138.811432
138.640564
138.573441
138.855255
138.694687
141.357819
Control Period
139.671021
138.800781
138.543365
141.940613
140.433090
138.267548
138.529785
140.619110
Control Period
141.888321
140.145996
137.078857
139.209183
138.252380
137.642426
137.713959
139.436951
Control Period
138.138016
138.607452
137.840027
138.298676
138.494431
138.567719
138.917236
Control Period
143.146667
138.521759
139.244507
138.246613
138.476227
138.113403
138.633514
Control Period
138.334778
138.778946
138.695297
137.629761
137.004929
136.900574
138.741638
138.268326
138.659302
Control Period
138.534058
134.018250
138.418976
134.504669
138.448120
134.076965
138.380066
Control Period
136.177567
138.492065
137.840698
139.107132
137.137878
138.338272
138.178177
134.117065
Control Period
138.930389
138.258560
138.098694
135.957214
138.115845
138.579956
138.194687
134.091644
Control Period
138.409851
134.771881
138.534332
136.386627
136.248322
138.417908
136.384735
Control Period
138.463425
138.733337
135.231903
138.795258
135.656219
138.312958
136.071289
Control Period
141.895294
137.870270
137.620087
138.881561
137.543396
137.290314
138.430817
138.481140
Control Period
138.421082
138.372009
138.453857
138.082977
138.295456
138.452255
139.082397
Control Period
141.611481
138.193207
138.308990
138.269180
138.354858
138.638046
138.345627
Control Period
138.650848
140.931107
138.328888
142.307327
138.066467
141.337006
133.943573
Control Period
150.659546
150.618622
150.631287
150.626434
150.634018
150.639465
150.614944
150.621277
150.610107
150.650635
150.616409
150.595367
150.617340
150.601990
150.621704
150.608185
150.673828
150.646118
150.666687
150.640701
150.661819
