59.374783
58.611168
58.556290
58.558495
58.572544
58.566818
58.553215
58.542526
58.545792
58.658432
58.539360
58.536385
58.571297
58.555458
58.537918
58.561729
58.588547
58.558754
58.580803
58.601501
58.559040
58.548477
58.586082
58.552734
58.574497
58.568962
58.557602
58.577759
58.584450
58.566589
58.574402
Control Period
62.428001
61.260448
62.347424
58.762302
62.178272
60.894173
62.155556
61.261631
Control Period
64.864189
64.804893
61.789886
64.917725
61.282402
64.910461
62.089760
64.928223
64.252579
Control Period
64.900024
68.511581
64.928864
64.855682
64.841446
64.916672
68.615585
Control Period
64.884926
64.852219
64.867935
64.809471
66.189407
68.127235
68.874146
Control Period
68.832870
64.835419
65.355484
64.752258
65.629059
65.480286
65.546722
64.860123
Control Period
67.141663
68.745636
68.242599
66.814331
64.848541
66.103264
64.849823
Control Period
65.535461
67.876221
68.619102
67.807709
68.429916
64.989792
65.477188
67.463104
66.263229
Control Period
66.875648
67.745789
66.591263
68.575684
65.190430
68.488831
64.827232
Control Period
66.920990
68.725922
67.189926
65.511810
65.670715
68.791969
68.151070
Control Period
70.005188
67.854240
66.216125
64.878944
65.998657
68.298462
66.739929
Control Period
68.082558
66.468864
67.859421
64.913986
66.632225
68.089539
66.628128
Control Period
68.461281
64.882080
65.018661
66.152740
67.916000
66.605347
64.926086
66.190277
Control Period
68.210083
68.254112
66.241959
67.264069
68.421280
65.955582
64.805893
64.848740
Control Period
68.937759
67.743011
68.581924
68.546341
68.398148
68.598022
66.770630
Control Period
64.931427
64.860123
64.890144
65.088028
64.778465
65.039398
64.900253
Control Period
68.532486
68.547546
68.433441
67.733154
68.406815
67.639771
68.488129
66.494400
Control Period
64.891876
64.879486
65.310333
64.837791
66.178406
68.272385
Control Period
64.841309
64.846649
66.036125
67.175232
68.631073
68.412064
67.746529
Control Period
68.428352
66.766846
64.784668
64.865372
64.850525
66.848541
68.446884
68.431198
Control Period
65.420609
64.802948
64.840485
65.472763
64.876541
66.164902
Control Period
64.793701
66.465637
64.792511
66.848160
64.762527
68.527489
64.824005
Control Period
68.774658
64.773827
65.841156
65.542625
64.936935
68.018112
64.838463
Control Period
67.891205
64.834717
64.835526
64.853378
64.900284
68.554306
64.882782
64.879166
Control Period
67.306465
65.271233
66.927292
65.717728
67.758209
66.615646
68.516098
66.998489
Control Period
67.573730
66.707809
64.869408
67.697723
67.494370
65.650940
68.445374
64.835388
Control Period
67.158783
67.747520
68.333954
66.180420
64.849121
68.556931
64.793251
Control Period
68.414459
64.802139
64.788605
65.210876
64.805183
66.758118
Control Period
68.491714
64.824417
64.732224
68.293243
68.491425
68.417465
68.434975
Control Period
64.831520
65.599579
68.488327
64.917313
64.844032
68.059143
67.450302
Control Period
68.736679
68.183426
66.987869
66.448257
64.852737
64.801254
64.831451
Control Period
67.541634
64.875076
68.631874
67.927742
64.882210
68.419205
68.528412
64.770493
Control Period
68.277954
67.315643
68.517700
64.793182
65.636543
64.918106
66.417343
64.843742
Control Period
66.910561
68.026978
68.438690
68.574173
64.856895
64.865891
65.168930
Control Period
68.386749
64.845055
64.807938
64.764572
66.637573
67.838242
68.562561
Control Period
68.329857
68.414688
68.574142
68.110748
65.992996
68.515778
66.673828
Control Period
67.598656
65.627579
64.847198
65.211197
68.589470
68.673050
68.794846
67.258148
Control Period
67.718399
66.964447
67.358307
67.206848
67.878082
68.478081
64.846436
66.892639
Control Period
68.504097
65.981216
68.177086
65.368958
68.857086
66.217278
67.180634
Control Period
67.262268
67.181534
66.537697
67.040001
66.203995
68.037949
Control Period
67.730087
68.465500
68.584961
68.387390
68.773376
68.042336
68.494911
Control Period
68.395615
67.732574
66.157181
67.870399
66.094818
64.866913
68.553917
Control Period
67.259201
68.724480
64.884613
64.874878
68.589478
65.188766
64.941086
Control Period
65.668480
68.697250
64.827393
68.843872
64.808640
66.144318
64.868637
Control Period
66.247040
64.909500
67.267365
68.382271
64.989151
67.757339
Control Period
66.114746
64.819809
66.215454
67.951683
68.766144
64.870087
64.823647
Control Period
68.597664
68.930206
64.823616
68.730370
68.272675
64.808228
67.423264
Control Period
66.750816
68.384644
66.315964
67.061539
67.981537
67.949188
68.361885
65.653053
Control Period
65.193893
68.286041
64.871521
64.872032
67.834595
66.928192
64.890076
Control Period
65.869377
64.818016
64.815201
65.349213
68.397186
66.330460
67.699234
Control Period
70.899811
65.689529
64.850784
68.521317
68.293243
68.524544
68.391617
68.878693
68.323265
Control Period
68.236511
65.399391
68.522659
68.351616
68.534271
64.950272
68.287140
Control Period
67.163040
68.681252
64.942688
65.540512
68.025887
65.912003
65.296928
68.433533
Control Period
64.875389
66.408127
68.172134
66.694275
67.612480
68.471909
64.889824
Control Period
68.486015
64.954147
66.698593
64.808731
66.085022
67.463684
68.471680
64.970207
Control Period
67.504028
68.672287
68.655006
66.178589
68.513504
66.936859
67.982498
Control Period
65.434944
68.344574
66.589508
67.028763
68.468735
66.024261
64.860092
Control Period
64.860382
65.285858
64.837791
65.943771
68.446304
68.544769
68.835777
Control Period
68.132294
65.223877
64.857216
66.704926
68.594437
65.363647
64.865372
Control Period
64.819199
65.623169
67.573914
68.676353
64.846687
64.905342
64.853500
Control Period
67.083008
69.775452
64.895676
64.793060
64.870369
65.119011
64.767395
65.124992
Control Period
64.855072
67.185181
67.498497
67.212738
67.541763
68.391396
65.069244
68.321213
Control Period
66.503838
67.703812
66.435745
68.791008
66.735298
64.815994
68.439804
65.277794
Control Period
68.311134
65.597092
68.211838
64.876389
68.525284
65.375458
66.495201
Control Period
65.516418
68.593918
64.862144
68.378944
67.945251
64.873825
68.365952
68.422333
Control Period
71.164963
64.811264
68.532478
66.624512
67.927361
68.199234
68.335098
Control Period
67.707939
68.294174
66.302078
66.831619
64.812668
68.583488
65.527618
64.753250
Control Period
69.554527
68.559456
64.808670
67.349503
68.481277
65.588699
68.082458
66.275070
Control Period
64.750717
65.170685
68.353119
66.287842
64.777504
68.279778
68.276642
Control Period
67.845184
68.174332
68.563713
68.748764
64.821983
65.909058
Control Period
70.645790
64.778786
66.964188
65.788422
67.746948
64.762787
64.778046
68.353088
Control Period
69.586464
68.109253
66.492126
68.823265
67.540131
66.055008
64.795105
Control Period
69.549118
68.350433
69.063614
64.728287
64.782333
64.793663
64.899261
65.439453
Control Period
66.867004
68.435745
65.896065
65.449081
67.363457
68.311356
66.785599
Control Period
67.981056
64.880356
67.585121
68.426758
67.933594
64.837189
64.822495
Control Period
69.913857
65.416382
67.111267
68.447876
68.663940
68.507812
66.888733
Control Period
67.419678
64.895996
66.269638
67.719681
66.926300
68.453857
66.411270
Control Period
68.157761
68.864418
64.871071
65.596771
67.872704
66.106781
65.137604
65.688896
Control Period
65.519226
64.861504
66.960861
64.826111
66.296257
67.640450
68.629059
Control Period
65.812737
68.169220
64.886497
68.619522
68.767296
68.576859
67.194916
68.620705
Control Period
67.287170
67.974045
66.590881
68.230682
66.608032
67.760063
66.010468
Control Period
66.789154
67.103073
68.447456
66.879936
66.535522
67.535393
67.399071
Control Period
66.909378
64.900574
67.018341
68.064636
66.687965
64.846588
68.626053
67.508095
Control Period
67.523834
68.352509
68.486176
67.351166
64.877022
64.852257
68.392578
Control Period
68.516357
66.992706
65.229980
64.867165
64.935425
64.947296
65.007584
Control Period
66.576065
65.771393
64.830017
65.826843
68.207581
68.708221
68.573250
Control Period
71.626343
68.888573
66.732635
68.214622
68.638885
67.420448
65.552795
Control Period
68.486046
67.928673
64.847778
68.522690
65.724449
64.894173
66.327652
67.866791
Control Period
68.339874
64.925659
68.166176
67.257767
68.007874
66.150406
65.120102
Control Period
64.915939
66.358459
68.437088
68.580475
68.573502
66.369087
64.880035
Control Period
66.414886
64.808701
64.832893
65.283356
66.414207
68.345093
68.016129
65.948639
Control Period
67.898148
66.240738
64.851997
68.464157
64.897629
66.697411
68.569984
Control Period
69.369186
64.921402
67.381409
66.827263
65.681534
67.827423
65.679108
Control Period
68.471909
65.548096
64.850174
65.829826
65.642914
64.842789
67.459938
Control Period
69.247452
68.393661
68.136223
64.898819
69.014977
68.703171
66.611679
Control Period
64.876129
64.870399
64.835236
64.794342
66.208923
68.487747
64.907043
65.317795
Control Period
65.977219
64.914818
66.615326
68.035522
68.559006
68.239296
64.955780
Control Period
66.935547
68.447807
66.312798
64.876511
65.147812
66.260193
68.437569
Control Period
68.674973
64.876640
64.832672
68.774658
68.694565
68.566757
66.847229
Control Period
64.917793
68.786148
68.723969
67.549728
65.350235
68.744896
66.180862
67.605347
Control Period
67.222565
68.837662
65.319649
64.902405
65.680420
67.426147
67.029793
Control Period
68.451042
64.858719
64.869728
67.655106
68.458725
67.283676
Control Period
68.503967
67.114784
66.222847
64.865280
66.584442
67.765182
68.779358
64.845123
Control Period
64.867935
64.891197
67.792419
68.633759
64.828033
64.908257
Control Period
68.811172
65.765472
68.431458
67.542694
68.639877
Control Period
65.845093
68.292992
64.922813
68.419678
64.926208
68.407516
64.855682
Control Period
70.136574
66.401985
67.689056
64.853989
67.888474
64.913284
67.832932
Control Period
68.553024
64.878174
68.473312
64.816895
67.069824
67.405182
68.412544
Control Period
65.361824
68.251968
64.865189
66.430267
68.273285
64.909149
68.401855
Control Period
68.499969
64.752419
68.617188
64.854874
68.566116
64.858879
68.410049
Control Period
65.898788
66.585602
65.545280
64.806786
67.614304
66.361122
64.892830
66.472610
Control Period
67.941605
65.667267
64.837341
66.528702
64.810364
66.714142
64.933151
Control Period
67.249374
66.407196
66.906754
64.784927
65.705666
67.715485
68.319778
67.001862
Control Period
68.302780
68.383865
64.783394
68.708542
64.937119
68.904961
66.396515
68.238945
Control Period
65.925087
71.503143
71.536316
71.546463
71.518555
71.529602
71.549698
71.524254
71.538528
71.528061
71.531235
71.511040
71.531677
71.526627
71.506332
71.534851
71.547653
71.545563
71.532669
71.541313
71.538208
72.007042
