0.72371
0.774083
0.7889
0.797163
0.798715
0.804162
0.818547
0.831347
0.841768
0.850774
0.858332
0.864458
0.869613
0.874201
0.877997
0.881498
0.884323
0.886674
0.889156
0.891113
0.892801
0.894477
0.895899
0.897298
0.898538
0.899545
0.900371
0.901312
0.902113
0.9027
0.903229
0.904141
0.904519
0.905079
0.905069
0.90566
0.905828
0.906153
0.906327
0.906599
0.906697
0.907011
0.906839
0.90722
0.907254
0.907108
0.907288
0.907429
0.907234
0.907002
0.907188
0.906925
0.906912
0.9068
0.906637
0.90654
0.906591
0.906635
0.906392
0.90623
0.906184
0.906143
0.905988
0.906023
0.90617
0.905694
0.905666
0.905597
0.905217
0.905162
0.90539
0.904879
0.905085
0.904964
0.904701
0.904562
0.90459
0.904352
0.9042
0.904158
0.903891
0.903711
0.90382
0.903829
0.903871
0.903524
0.903557
0.90344
0.903389
0.903198
0.903127
0.903168
0.903147
0.902613
0.902813
0.902732
0.902647
0.902462
0.902412
0.902325
0.902285
0.902157
0.902038
0.902068
0.902255
0.90198
0.901821
0.901779
0.901673
0.901662
0.901785
0.901718
0.901596
0.901819
0.901651
