0.943972
1.02176
1.10444
1.18586
1.12708
0.979719
0.978317
0.986519
0.991142
0.99375
0.994212
0.993307
0.991601
0.989541
0.986844
0.98411
0.98107
0.97754
0.974357
0.971703
0.968388
0.965631
0.962976
0.960511
0.958244
0.955095
0.95281
0.950675
0.948072
0.946336
0.944132
0.942589
0.940773
0.939287
0.936962
0.935817
0.934152
0.933026
0.931557
0.930228
0.928914
0.927969
0.926551
0.925695
0.924701
0.92386
0.922839
0.921696
0.921189
0.919971
0.919076
0.918391
0.918009
0.917291
0.916369
0.915622
0.915052
0.914763
0.913924
0.913412
0.913119
0.91253
0.911968
0.9116
0.911392
0.910684
0.910586
0.909861
0.909714
0.909629
0.909005
0.908511
0.9087
0.908065
0.907985
0.907141
0.90712
0.9067
0.906684
0.906304
0.906049
0.905832
0.905916
0.905249
0.905404
0.905054
0.905168
0.904695
0.904636
0.904523
0.904171
0.904261
0.904154
0.903666
0.903742
0.903665
0.90351
0.903552
0.903154
0.902927
0.903051
0.902619
0.902543
0.902531
0.90299
0.902695
0.902138
0.902239
0.902225
0.902224
0.901869
0.902011
0.901795
0.902144
0.90184
