113.409
117.302
117.295
117.315
117.305
117.313
117.32
117.329
117.307
117.321
117.348
117.342
117.328
117.348
117.332
117.353
117.352
117.325
117.334
117.34
117.345
117.34
117.328
117.337
117.348
117.35
117.342
117.338
117.367
117.342
117.334
117.338
117.35
117.357
117.345
117.335
117.344
117.336
117.331
117.344
117.336
117.335
117.324
117.338
117.346
117.335
117.355
117.361
117.376
117.362
117.354
117.339
117.353
117.349
117.343
117.314
117.328
117.346
117.326
117.311
117.309
117.313
117.303
117.321
117.336
117.322
117.33
117.332
117.309
117.294
117.325
117.313
117.319
117.333
117.318
117.302
117.329
117.322
117.316
117.325
117.32
117.304
117.304
117.325
117.323
117.32
117.327
117.32
117.334
117.335
117.333
117.337
117.332
117.313
117.333
117.333
117.332
117.327
117.345
117.329
117.317
117.314
117.306
117.309
117.32
117.323
117.31
117.305
117.286
117.287
117.309
117.293
117.304
117.313
117.307
