117.779778
117.303741
117.264603
117.286942
117.315552
117.301987
117.284698
117.269348
117.305473
117.285568
117.301727
117.307617
117.309631
117.286049
117.285828
117.297791
117.295395
117.308929
117.307587
117.285698
117.331711
117.334465
117.324188
117.341118
117.286652
117.303490
117.333405
117.328903
117.287613
117.315681
Control Period
117.294464
117.296188
117.300926
117.288254
117.320419
117.308380
117.307007
117.284836
Control Period
117.297218
117.297569
117.301956
117.293564
117.284668
117.285919
117.306335
117.296738
Control Period
117.293411
117.316986
117.345596
117.311775
117.332642
117.339874
117.321533
117.305756
117.265915
Control Period
117.287140
117.270111
117.278915
117.294205
117.321884
117.331299
117.331390
117.322083
Control Period
117.322174
117.322052
117.322304
117.303421
117.274719
117.322174
117.322685
117.313278
117.303421
Control Period
117.313538
117.291809
117.301437
117.343170
117.316605
117.350624
117.346367
117.310143
Control Period
117.304153
117.297310
117.341728
117.340485
117.332481
117.328064
117.331772
117.355194
Control Period
117.323364
117.313599
117.304863
117.318085
117.312027
117.298943
117.316132
117.299805
117.277466
Control Period
117.284836
117.309219
117.279007
117.291580
117.342178
117.330078
117.356644
117.370880
Control Period
117.316544
117.349953
117.333694
117.335266
117.339493
117.370621
117.352608
117.373978
117.364410
Control Period
117.352356
117.312988
117.356003
117.336090
117.338593
117.324768
117.363907
117.351776
Control Period
117.319046
117.315933
117.310715
117.326721
117.355293
117.327164
117.322273
117.348450
117.327713
Control Period
117.325180
117.339523
117.362785
117.352097
117.346436
117.316483
117.357086
117.383392
Control Period
117.334305
117.334816
117.319366
117.322525
117.350113
117.309830
117.362495
117.319931
117.325348
Control Period
117.346306
117.349472
117.362465
117.362816
117.358749
117.352249
117.364159
Control Period
117.340958
117.361893
117.352448
117.345123
117.362366
117.377563
117.365372
117.324829
117.340736
Control Period
117.314178
117.315994
117.318909
117.291229
117.335426
117.333725
117.376541
117.311134
Control Period
117.323135
117.322403
117.322556
117.322624
117.317734
117.332352
117.340515
117.346756
117.375748
Control Period
117.348770
117.349953
117.328255
117.353851
117.330177
117.326370
117.344284
117.336411
Control Period
117.306274
117.346817
117.349472
117.344193
117.343292
117.372772
117.338303
117.358887
117.337402
Control Period
117.344955
117.299362
117.349312
117.325470
117.376259
117.343712
117.323257
117.356293
Control Period
117.326561
117.333023
117.328835
117.328186
117.339523
117.330688
117.322205
117.316223
Control Period
117.332573
117.322342
117.321663
117.347778
117.358307
117.349915
117.319168
117.348389
117.337440
Control Period
117.350594
117.339172
117.335358
117.354691
117.336479
117.344322
117.346146
117.353790
117.369629
Control Period
117.355972
117.346336
117.324356
117.334785
117.362885
117.352097
117.373978
117.349411
Control Period
117.343582
117.335556
117.318687
117.336418
117.357986
117.338943
117.343391
117.358208
Control Period
117.316956
117.356163
117.341019
117.320831
117.354240
117.321983
117.342850
117.349823
117.385666
Control Period
117.343582
117.354462
117.366722
117.372864
117.333344
117.339066
117.456223
117.351395
117.338463
Control Period
117.363068
117.355484
117.362846
117.356064
117.324509
117.322304
117.312286
Control Period
117.317566
117.317795
117.337250
117.338432
117.329887
117.338013
117.359871
117.332031
Control Period
117.315933
117.317154
117.369247
117.335426
117.353760
117.371040
117.328796
117.314011
Control Period
117.347778
117.341728
117.321854
117.348961
117.329086
117.373886
117.377029
117.357536
117.364029
Control Period
117.342911
117.369629
117.380669
117.349281
117.350784
117.330017
117.380188
117.365311
117.339394
Control Period
117.332581
117.339714
117.336929
117.335106
117.357376
117.348221
117.342087
117.360733
117.352509
Control Period
117.319870
117.346016
117.328094
117.350693
117.381218
117.326202
117.302528
117.325920
117.333191
Control Period
117.342941
117.349380
117.322556
117.319458
117.354782
117.364700
117.340897
117.368607
Control Period
117.347939
117.326172
117.345123
117.357758
117.331482
117.336258
117.323296
117.341858
117.317154
Control Period
117.317184
117.318466
117.316704
117.319748
117.370720
117.337440
117.353920
117.320419
117.325211
Control Period
117.339264
117.327774
117.337982
117.345627
117.365021
117.371521
117.334656
117.354019
117.324249
Control Period
117.337280
117.328964
117.338013
117.352127
117.337891
117.319809
117.331841
117.341759
Control Period
117.344772
117.315742
117.324738
117.332352
117.358849
117.358467
117.309471
117.333313
117.311996
Control Period
117.336800
117.323936
117.340927
117.326202
117.337402
117.298630
117.306046
117.335388
Control Period
117.339325
117.354691
117.310974
117.329285
117.368927
117.348640
117.329086
117.323166
Control Period
117.351074
117.371811
117.377533
117.351646
117.340836
117.334213
117.341377
117.330917
117.315460
Control Period
117.335098
117.321411
117.309509
117.321243
117.327484
117.339966
117.368515
117.352768
Control Period
117.316254
117.355652
117.360641
117.346718
117.362778
117.377792
117.340446
117.374939
117.356255
Control Period
117.358078
117.348129
117.337570
117.359169
117.373657
117.364830
117.357216
117.388763
Control Period
117.368484
117.359589
117.360474
117.370499
117.362465
117.422882
117.389763
117.372482
117.337502
Control Period
117.362144
117.373505
117.363327
117.352928
117.338814
117.377632
117.362396
117.388031
117.346588
Control Period
117.357056
117.350113
117.372704
117.369728
117.366432
117.363808
117.337341
117.334625
117.337692
Control Period
117.321091
117.318047
117.340668
117.336739
117.322304
117.363487
117.341339
117.371613
Control Period
117.355331
117.366592
117.348579
117.360901
117.354202
117.338432
117.350021
117.348099
Control Period
117.335587
117.339737
117.331512
117.344383
117.377243
117.355042
117.347809
117.342720
117.368385
Control Period
117.327301
117.335037
117.352509
117.346657
117.324036
117.316895
117.385254
117.335999
117.363007
Control Period
117.342720
117.316574
117.328896
117.332581
117.276031
117.300735
117.312737
117.315674
117.298279
Control Period
117.291298
117.310593
117.299362
117.319809
117.323227
117.352646
117.347931
117.366043
117.342400
Control Period
117.339935
117.348282
117.315582
117.359520
117.312195
117.365311
117.354813
117.368546
117.344482
Control Period
117.335556
117.335739
117.309692
117.326492
117.308350
117.333603
117.306915
117.331161
Control Period
117.328896
117.303558
117.301277
117.323105
117.320740
117.301575
117.293602
117.317825
Control Period
117.308289
117.339615
117.305504
117.321793
117.305084
117.321213
117.290497
117.308868
117.282043
Control Period
117.272705
117.297409
117.313507
117.312416
117.325089
117.307587
117.355072
117.320740
Control Period
117.332321
117.292740
117.298531
117.307106
117.286720
117.287262
117.298492
117.319969
Control Period
117.317184
117.308350
117.335617
117.304413
117.318237
117.326813
117.328644
117.326813
117.316574
Control Period
117.310715
117.342972
117.342789
117.342819
117.329567
117.359451
117.335327
117.343109
Control Period
117.330658
117.300323
117.316132
117.308739
117.314560
117.336411
117.336731
117.335907
117.319138
Control Period
117.331009
117.319839
117.338531
117.305954
117.345345
117.341339
117.314331
117.295715
117.378433
Control Period
117.330399
117.329437
117.337402
117.343552
117.365250
117.331520
117.313019
117.323547
117.311295
Control Period
117.297058
117.310722
117.305214
117.312256
117.288605
117.316895
117.308990
117.333786
117.311142
Control Period
117.310623
117.303452
117.287354
117.277664
117.291687
117.313477
117.292160
117.279297
Control Period
117.316803
117.309692
117.311325
117.338112
117.343040
117.323517
117.309158
117.331902
117.345726
Control Period
117.317566
117.322624
117.330017
117.352036
117.311325
117.277374
117.299843
117.291260
Control Period
117.293823
117.303070
117.304352
117.314972
117.316895
117.348190
117.317696
117.355484
117.338150
Control Period
117.325058
117.331970
117.326019
117.311203
117.350784
117.336769
117.344986
117.335075
Control Period
117.332291
117.368355
117.329025
117.332512
117.281761
117.296997
117.283424
117.317123
Control Period
117.301537
117.304001
117.281151
117.311966
117.303299
117.306046
117.288193
117.317375
117.303299
Control Period
117.298492
117.306747
117.349792
117.297630
117.338791
117.355331
117.342339
117.348381
117.322372
Control Period
117.329468
117.324387
117.312737
117.326241
117.332825
117.328506
117.299194
117.321281
Control Period
117.289185
117.318237
117.327652
117.325180
117.311966
117.338211
117.303650
117.308769
Control Period
117.301758
117.323936
117.339363
117.342499
117.316925
117.319366
117.314369
117.337860
117.345917
Control Period
117.324928
117.326660
117.320389
117.314430
117.302170
117.331551
117.322495
117.291168
Control Period
117.303009
117.309631
117.327682
117.323685
117.312988
117.279739
117.285156
117.290047
Control Period
117.302910
117.311134
117.299164
117.286652
117.318878
117.316162
117.285828
117.311783
117.306458
Control Period
117.324127
117.304260
117.306305
117.343002
117.336227
117.317795
117.335907
117.331421
117.327713
Control Period
117.326492
117.307617
117.342430
117.356926
117.300934
117.334816
117.306465
117.311462
Control Period
117.297119
117.312958
117.309692
117.324799
117.315872
117.295166
117.341888
117.342209
117.336288
Control Period
117.335838
117.355103
117.338493
117.320320
117.316254
117.312057
117.312386
117.322693
117.329468
Control Period
117.339874
117.324539
117.294754
117.329025
117.324219
117.320190
117.300674
117.313980
117.336700
Control Period
117.335419
117.330879
117.333542
117.357346
117.338242
117.334335
117.316803
117.322594
Control Period
117.314178
117.316353
117.321312
117.352188
117.368195
117.327972
117.351364
117.331268
Control Period
117.339386
117.343071
117.352478
117.350342
117.325760
117.324570
117.343613
117.309090
117.307587
Control Period
117.303680
117.316452
117.342560
117.347366
117.358688
117.333603
117.329086
117.353378
117.352547
Control Period
117.354523
117.372963
117.343582
117.335327
117.334274
117.307526
117.328125
117.318619
117.288834
Control Period
117.307068
117.296219
117.308228
117.281723
117.300003
117.332062
117.328094
117.353058
Control Period
117.316345
117.339645
117.358398
117.345024
117.351746
117.335106
117.306946
117.313377
117.322014
Control Period
117.323044
117.338814
117.346176
117.333664
117.346436
117.331711
117.338753
117.316193
Control Period
117.326622
117.331230
117.325981
117.321823
117.373566
117.322144
117.322403
117.328644
Control Period
117.312286
117.325539
117.321213
117.329506
117.295898
117.335587
117.334656
117.333405
117.357986
Control Period
117.360260
117.362114
117.343903
117.330589
117.328064
117.311996
117.365181
117.354431
Control Period
117.369766
117.327972
117.343491
117.342400
117.315079
117.305725
117.318115
117.312386
117.327744
Control Period
117.321793
117.317154
117.307587
117.318336
117.310684
117.307968
117.320610
117.310432
117.328934
Control Period
117.312958
117.322052
117.291489
117.321983
117.316833
117.314011
117.307587
117.323227
Control Period
117.287231
117.278885
117.304802
117.321693
117.326019
117.335098
117.307198
117.289024
117.290176
Control Period
117.296898
117.295715
117.310402
117.311035
117.306976
117.315392
117.317947
117.334816
Control Period
117.315582
117.338814
117.318054
117.315872
117.313026
117.311844
117.324898
117.332642
117.309410
Control Period
117.319809
117.295006
117.327621
117.352219
117.340065
117.314911
117.317017
117.314880
Control Period
117.321060
117.306946
117.289665
117.300964
117.330719
117.308159
117.315712
117.304092
117.301826
Control Period
117.284637
117.305435
117.306396
117.306366
117.313599
117.306755
117.303940
117.313309
Control Period
117.294815
117.271774
117.307266
117.294556
117.282303
117.259109
117.278595
117.287323
117.299683
Control Period
117.294846
117.297180
117.313217
117.289627
117.281570
117.271133
117.263939
117.283707
Control Period
117.300705
117.312637
117.315422
117.292358
117.303940
117.299103
117.311707
117.332161
Control Period
117.288994
117.304832
117.278397
117.300064
117.262878
117.301315
117.293243
117.304642
117.299873
Control Period
117.331360
117.271744
117.295258
117.315903
117.279526
117.323364
117.309570
117.303909
Control Period
117.309189
117.305023
117.316742
117.305252
117.341698
117.294594
117.314758
117.309280
117.316605
Control Period
117.288544
117.293442
117.291870
117.294914
117.333466
117.308258
117.314758
117.329788
Control Period
117.307327
117.325348
117.306114
117.292381
117.298622
117.284409
117.296356
117.279770
117.278305
117.328033
117.299362
117.294373
117.298874
117.307167
118.147675
117.307419
