60.173859
59.880478
59.885025
59.902912
59.878754
59.898399
59.854977
59.830910
59.869152
59.853058
59.887550
59.879745
59.883102
59.880928
59.881920
59.873505
59.866814
59.874496
59.892960
59.879009
59.898048
59.897343
59.922783
59.912125
59.904961
59.911041
59.900642
59.857281
59.873249
Control Period
59.863647
59.874207
59.880638
59.907005
59.872833
59.871231
59.872223
59.886017
59.876511
Control Period
59.886398
59.859550
59.872929
59.891518
59.878529
59.861954
59.883617
59.883488
Control Period
59.882050
59.913506
59.912479
59.922272
59.909824
59.889088
59.882751
59.884445
59.854210
Control Period
59.849602
59.868065
59.859138
59.876320
59.910530
59.875519
59.873154
59.899296
59.890114
Control Period
59.883133
59.893280
59.889954
59.885056
59.897984
59.869057
59.901184
Control Period
59.878719
59.883522
59.902878
59.889088
59.886208
59.892353
59.917152
59.886944
59.889759
59.894783
Control Period
59.875267
59.910721
59.886108
59.903618
59.911362
59.888412
59.876255
59.892349
Control Period
59.892673
59.859138
59.883327
59.882465
59.874081
59.882050
59.894623
59.876160
Control Period
59.879295
59.866722
59.895103
59.891266
59.893791
59.897789
59.886112
59.899296
59.908833
Control Period
59.930557
59.885666
59.890785
59.901855
59.896194
59.912991
59.914909
59.896255
Control Period
59.904930
59.909790
59.906975
59.897026
59.890816
59.890015
59.926304
59.901695
Control Period
59.919552
59.905251
59.896706
59.898499
59.875359
59.889664
59.887550
59.906048
Control Period
59.890274
59.887871
59.900768
59.914818
59.905312
59.908829
59.875263
59.933090
59.921440
Control Period
59.917442
59.893219
59.898659
59.885246
59.918205
59.903618
59.904991
59.895393
Control Period
59.905663
59.904991
59.918877
59.926270
59.903358
59.915104
59.906013
59.936737
59.903008
Control Period
59.905823
59.918594
59.909344
59.892609
59.897667
59.924095
59.928417
59.905502
Control Period
59.923393
59.896641
59.911362
59.888130
59.891552
59.901474
59.904129
59.891361
59.873535
Control Period
59.889473
59.906719
59.890594
59.897312
59.899872
59.902397
59.992386
59.893375
Control Period
59.914146
59.912735
59.892960
59.910816
59.907200
59.916733
59.897182
59.885185
59.893951
Control Period
59.887871
59.908321
59.877567
59.905983
59.909439
59.885246
59.907455
59.886528
Control Period
59.875038
59.877762
59.899101
59.918240
59.915009
59.897793
59.898109
59.901825
Control Period
59.877182
59.938591
59.890434
59.880989
59.877151
59.911167
59.897758
59.890114
59.890175
Control Period
59.884575
59.917854
59.886047
59.896896
59.872543
59.911583
59.898399
59.917534
59.914948
Control Period
59.915970
59.908318
59.890594
59.912159
59.907360
59.912704
59.893600
59.931488
Control Period
59.900673
59.911583
59.884285
59.895966
59.898464
59.912926
59.905472
59.917183
Control Period
59.913120
59.884445
59.887070
59.905182
59.896736
59.908638
59.886082
59.885506
59.914112
Control Period
59.903008
59.883713
59.913952
59.908638
59.865852
59.929024
59.912224
Control Period
59.907520
59.931648
59.921410
59.878304
59.893410
59.890430
59.901440
59.912319
Control Period
59.927139
59.901154
59.901154
59.913055
59.903072
59.920353
59.875038
59.879745
59.855614
Control Period
59.885597
59.896351
59.889248
59.889603
59.894913
59.893761
59.875553
59.875839
59.909218
59.946846
Control Period
59.898018
59.901855
59.907265
59.892799
59.918526
59.926208
59.911362
59.894722
59.908417
Control Period
59.889503
59.886078
59.897537
59.897087
59.911808
59.933216
59.922817
59.902847
Control Period
59.923904
59.906013
59.913982
59.900192
59.906334
59.931072
59.929344
59.906273
Control Period
59.889793
59.888447
59.899811
59.885727
59.871841
59.883682
59.902657
59.917664
Control Period
59.913406
59.895103
59.931168
59.926590
59.900894
59.888412
59.881153
59.904224
Control Period
59.893505
59.904415
59.881184
59.887489
59.900127
59.916962
59.890526
59.901474
Control Period
59.908066
59.898529
59.891041
59.883007
59.897888
59.926109
59.917473
59.878239
Control Period
59.891998
59.885185
59.900223
59.888416
59.912094
59.916416
59.888256
Control Period
59.919006
59.885471
59.910049
59.883171
59.903713
59.889217
59.914558
59.913567
59.905151
Control Period
59.897312
59.885792
59.902687
59.902306
59.908863
59.901695
59.889153
59.896832
Control Period
59.923553
59.899361
59.895203
59.909058
59.921600
59.905693
59.932800
59.878399
59.926399
Control Period
59.891937
59.901474
59.880096
59.910336
59.884865
59.883774
59.882847
59.882339
59.929886
Control Period
59.904449
59.884769
59.891075
59.897217
59.933216
59.968800
59.909504
59.899105
59.915905
Control Period
59.905056
59.898720
59.905952
59.920990
59.936256
59.912003
59.917122
59.895554
59.917313
Control Period
59.891167
59.882656
59.898560
59.900928
59.914177
59.895775
59.927231
59.907360
Control Period
59.879585
59.923233
59.893024
59.915329
59.945663
59.933502
59.928802
59.890240
59.926144
Control Period
59.906815
59.935135
59.902401
59.938850
59.915039
59.938721
59.920864
59.944416
Control Period
59.877151
59.911232
59.923233
59.900162
59.925537
59.954529
59.924675
59.910976
Control Period
59.925598
59.894173
59.916927
59.898560
59.888100
59.881474
59.929279
59.911808
Control Period
59.913025
59.899139
59.947517
59.912865
59.925632
59.916481
59.926880
59.911137
Control Period
59.911808
59.910431
59.898273
59.888802
59.895775
59.904831
59.903137
59.906433
59.922241
Control Period
59.893890
59.892738
59.894592
59.913475
59.916447
59.911713
59.924606
59.894562
Control Period
59.915390
59.897697
59.913826
59.913471
59.907074
59.880798
59.896606
59.896767
Control Period
59.886177
59.886337
59.899330
59.890560
59.878529
59.919167
59.898880
59.913311
Control Period
59.905281
59.867966
59.919392
59.905922
59.869507
59.904991
59.875874
59.859680
Control Period
59.908833
59.893856
59.870338
59.928032
59.930241
59.889374
Control Period
59.914112
59.904705
59.893791
59.894688
59.903069
59.922722
59.897758
59.899296
Control Period
59.893665
59.891617
59.894402
59.882721
59.899136
59.888611
59.923775
59.874592
59.908897
Control Period
59.885475
59.914207
59.899551
59.892223
59.890465
59.882271
59.878113
59.867294
Control Period
59.885952
59.900253
59.898499
59.868191
59.893570
59.890015
59.901920
59.874657
59.869278
Control Period
59.882462
59.883968
59.866562
59.880737
59.890560
59.913151
59.922722
59.916573
Control Period
59.887745
59.904221
59.892895
59.883904
59.875267
59.871426
59.886337
59.897629
Control Period
59.878689
59.895966
59.904419
59.893890
59.881218
59.913090
59.893089
59.895294
Control Period
59.916576
59.910271
59.922882
59.893120
59.906113
59.896355
59.913155
59.916672
59.930016
Control Period
59.881538
59.881439
59.891552
59.929726
59.886307
59.890430
59.882626
59.883968
Control Period
59.889793
59.920738
59.904064
59.877693
59.903297
59.888096
59.914112
59.885216
Control Period
59.925312
59.884769
59.903809
59.888287
59.922401
59.875137
59.903679
59.903999
59.877281
Control Period
59.877312
59.896481
59.889442
59.875999
59.880768
59.878494
59.892128
Control Period
59.889603
59.888573
59.879967
59.873825
59.892639
59.902176
59.864738
59.906525
59.871136
Control Period
59.889248
59.920898
59.928928
59.905212
59.908386
59.889153
59.911713
Control Period
59.887711
59.869888
59.910912
59.890144
59.891361
59.864288
59.866974
59.871201
59.901283
Control Period
59.871296
59.894176
59.903072
59.914848
59.901440
59.915615
59.890816
59.926750
Control Period
59.901825
59.925217
59.898819
59.915615
59.873535
59.928352
59.902306
59.896706
59.902657
Control Period
59.915581
59.918240
59.910019
59.891167
59.877888
59.884003
59.877602
59.900928
Control Period
59.874271
59.873726
59.901375
59.905407
59.913696
59.906399
59.890656
59.902786
Control Period
59.856480
59.945984
59.881409
59.909023
59.926113
59.902527
59.896065
59.900032
Control Period
59.904800
59.886528
59.904579
59.894882
59.892349
59.898659
59.880638
59.875359
59.912193
Control Period
59.874947
59.873505
59.905411
59.923485
59.880287
59.875839
59.908512
59.874786
59.892990
Control Period
59.872894
59.879967
59.910461
59.870975
59.892349
59.900383
59.889599
59.913536
59.910370
Control Period
59.902527
59.877663
59.873280
59.891232
59.870178
59.907616
59.882782
59.850719
Control Period
59.870819
59.879105
59.875103
59.880993
59.890434
59.857277
59.875809
59.861855
59.879234
Control Period
59.881470
59.902046
59.878719
59.887070
59.876129
59.882080
59.886147
59.884674
Control Period
59.888702
59.879967
59.901886
59.921345
59.896515
59.883842
59.880478
59.882751
59.907360
Control Period
59.905857
59.886688
59.919518
59.885086
59.905312
59.924286
59.884766
59.886463
Control Period
59.890335
59.874947
59.875938
59.889919
59.884254
59.884159
59.909149
59.888321
59.880798
Control Period
59.893826
59.898109
59.901375
59.891907
59.914146
59.874752
59.904350
59.873535
Control Period
59.904289
59.880447
59.921822
59.903233
59.891487
59.873760
59.889118
59.892128
Control Period
59.905663
59.899933
59.925278
59.868225
59.903038
59.892929
59.905762
59.876579
Control Period
59.870590
59.880035
59.909664
59.901920
59.908035
59.894371
59.878014
59.892258
59.892578
Control Period
59.914848
59.896481
59.897247
59.896927
59.890335
59.891071
59.880512
59.883774
Control Period
59.897633
59.900864
59.892960
59.912609
59.912674
59.900322
59.904579
59.895233
Control Period
59.934273
59.907295
59.917183
59.928673
59.882401
59.899551
59.902977
59.896767
Control Period
59.878593
59.874241
59.884834
59.871902
59.856384
59.889854
59.899139
59.897377
59.879009
Control Period
59.878494
59.876190
59.919838
59.911613
59.897472
59.901119
59.905151
59.896736
Control Period
59.897312
59.884285
59.916962
59.910461
59.894657
59.882336
59.883041
59.904129
Control Period
59.892319
59.894623
59.905602
59.889473
59.908001
59.884865
59.902336
59.901665
59.893791
Control Period
59.891487
59.907967
59.884289
59.884514
59.879074
59.874561
59.889603
59.910336
Control Period
59.909859
59.934845
59.873535
59.898689
59.846432
59.894211
59.880318
59.881310
59.908417
Control Period
59.869953
59.897472
59.907074
59.901119
59.916130
59.864349
59.868736
59.899391
Control Period
59.896671
59.901314
59.899010
59.876610
59.880352
59.887901
59.875137
59.908447
Control Period
59.884480
59.888897
59.884926
59.898499
59.876862
59.866211
59.897728
59.890881
59.884575
Control Period
59.883453
59.879681
59.880127
59.879936
59.887009
59.869789
59.880322
59.873566
Control Period
59.872032
59.859871
59.898720
59.895203
59.888737
59.882816
59.902431
59.870689
59.865505
Control Period
59.884895
59.873600
59.910656
59.914398
59.891617
59.893536
59.905182
Control Period
59.907104
59.870720
59.881470
59.881790
59.895363
59.886719
59.873440
59.901695
59.872799
Control Period
59.885536
59.882111
59.877216
59.879807
59.889374
59.866051
59.883423
59.873886
Control Period
59.875328
59.870430
59.890594
59.875549
59.883808
59.888290
59.899040
59.868801
59.843842
Control Period
59.870270
59.878334
59.877121
59.859489
59.869789
59.867233
59.877026
59.874237
Control Period
59.854591
59.884514
59.880066
59.860962
59.869984
59.857597
59.886368
59.877953
Control Period
59.879967
59.890526
59.864189
59.881344
59.874306
59.903584
59.882019
59.872673
Control Period
59.879776
59.870079
59.896255
59.871326
59.880863
59.876862
59.871170
59.871742
59.892673
Control Period
59.880478
59.862175
59.898529
59.890846
59.864510
59.855072
59.866753
59.870464
Control Period
59.894207
59.888481
59.905182
59.883041
59.883263
59.886307
59.889889
59.890240
59.880352
Control Period
59.878113
59.862114
59.881599
59.910973
59.919235
59.882145
59.875870
59.880352
59.890846
Control Period
59.875938
59.870300
59.868385
59.866783
59.857727
59.871105
59.844254
59.884480
59.854881
59.889183
59.864544
59.859745
59.862720
59.835617
59.852352
59.836735
59.856445
59.849728
59.889984
59.850174
59.841949
59.844673
59.850143
59.835358
59.871647
59.858177
59.867294
59.856956
59.874046
