57.9748
59.9056
59.8989
58.4457
58.109
58.3053
58.0209
57.0559
57.9883
57.4848
57.8379
57.6243
56.7823
56.6608
55.9181
57.4222
56.4276
57.187
56.4893
56.2684
56.4717
56.2714
56.2549
55.9792
56.2769
56.4313
55.9745
56.2761
56.1868
56.4663
56.6658
55.48
55.893
56.2711
55.7936
56.1407
55.7858
55.3714
56.7116
56.2596
54.6534
55.9999
55.6536
56.6882
56.3033
56.2128
56.1315
55.7276
55.6997
56.3026
55.8968
55.8685
55.7673
56.0565
56.5474
56.0173
57.1977
56.4474
55.4007
56.1658
56.2986
56.1055
55.9312
56.0661
55.752
56.1314
55.7528
56.3714
55.3995
56.0392
56.5202
55.6471
55.9052
56.1641
56.2735
55.8747
56.1381
56.5941
56.0261
55.8022
56.108
56.3185
55.6493
55.8533
56.2092
56.0811
57.0386
56.0945
56.4374
56.7867
56.1068
56.1838
56.1457
56.4544
55.7512
56.141
56.2334
56.2165
56.2869
56.1396
57.0572
55.1485
56.9083
56.2861
56.3102
55.9601
56.3563
56.1817
56.1695
56.1735
56.4859
56.3357
55.8766
56.0352
