918
918
918
916.412
926.164
942.787
946.511
946.866
948.649
950.999
953.695
956.856
959.578
962.141
964.563
966.718
968.938
970.8
972.374
974.102
975.488
976.991
978.175
979.203
980.173
980.642
981.077
981.626
982.162
982.562
983.208
983.941
984.429
984.891
985.129
985.245
985.54
985.382
984.836
984.813
984.824
984.69
984.745
984.425
984.069
984.056
983.83
983.785
983.768
983.751
983.521
983.408
982.96
982.96
982.84
983.088
983.366
983.606
983.721
983.743
983.74
983.747
983.769
984.246
984.484
984.364
984.075
983.978
983.867
983.852
983.893
983.629
983.437
983.277
983.102
982.923
983.021
983.018
982.769
982.438
982.224
981.796
981.194
980.783
980.63
980.499
980.566
980.757
980.761
980.765
979.91
979.47
979.201
978.721
978.542
978.534
979.217
979.847
980.711
981.638
982.386
982.992
983.645
984.272
984.511
983.976
983.599
983.45
983.599
983.627
983.323
983.109
982.849
982.684
982.601
982.68
982.564
982.672
