60
52.9189
59.2441
75.4126
75.8263
71.4171
68.9992
67.5474
65.8838
66.3806
66.0825
65.9842
66.6141
66.3741
67.0997
67.3816
67.4241
67.7134
67.6698
68.0307
68.4956
68.6637
69.4855
69.9522
69.4902
69.5347
69.8144
69.3555
69.0363
69.4948
69.4639
69.9351
70.1905
69.8421
70.9315
71.7572
70.8621
70.9062
71.0724
70.6448
71.5822
71.7887
70.9759
71.2999
70.992
70.5778
70.8433
71.198
71.1885
71.7579
71.0099
70.4225
70.5315
70.4337
70.3904
70.7351
70.5799
70.4816
70.49
69.6356
70.0831
70.9821
71.089
71.0469
71.1409
70.9974
70.8965
71.3045
71.2506
71.143
71.306
71.1764
70.8008
70.8492
71.2305
71.5867
71.3411
71.6392
71.9182
71.7808
71.3691
71.3306
70.8202
70.3907
70.7053
70.7183
72.5356
71.8217
71.5967
71.9844
71.381
70.76
69.4522
69.4874
69.118
68.7657
69.0396
69.5043
69.3395
69.1638
70.068
71.5489
71.5299
70.8267
70.3301
70.6482
71.152
71.1536
71.3403
71.0808
70.8852
70.5689
70.9857
70.8828
