5662.1
6200.33
6375.72
6522.13
6516.43
6605.87
6617.14
6535.43
6775.6
6697.31
6733.9
6827.24
6744.87
6863.68
6820.4
6800.07
6863.1
6850.13
6882.27
6928.33
6905.43
7008.8
7001.28
6895.74
6932.6
6994.83
6879.55
6891.3
6979.27
6948.45
7028.24
6986.2
6939.17
7121.17
7122.83
6921.77
7003.2
7009.7
6968.63
7138.57
7039.63
6940.42
7029.47
7005.93
6958.97
7030.4
7049.17
7013.03
7085.47
6950.1
6918.9
6991.2
6967.87
6976.13
7042.23
6982.38
7007.87
7000.7
6858.27
7007.87
7105.43
7025.5
7011.03
7011.83
6988.87
6995.6
7064.23
7021.83
6999.27
7030.77
7008.3
6956.55
7004.26
7058.23
7078.31
6999.39
7071.93
7093.33
7032.97
6986.57
7004.41
6965.27
6947.07
7028.43
7002.77
7243
6988.17
6998.7
7086.63
6981.23
6932.97
6818.57
6920
6887.07
6869.7
6929.8
6980.67
6913.23
6921.93
7053.67
7190.93
7023.83
6948.07
6943.93
7032.6
7072.4
7022.53
7047.28
6986.8
6983.67
6971.17
7053.17
7002.57
7198.65
