113.42
117.85
115.776
114.681
114.375
114.423
113.564
113.869
113.126
113.146
112.481
111.778
112.439
112.161
111.865
110.022
111.441
110.651
110.864
110.409
110.33
110.448
109.86
110.749
109.863
110.321
110.003
110.197
109.817
109.841
109.908
109.636
109.751
109.571
109.677
109.394
109.732
109.755
109.559
109.904
109.998
110.266
109.643
109.958
110.256
109.536
109.894
109.743
109.934
109.831
109.553
109.945
110.429
110.179
109.715
110.223
109.988
110.011
109.984
109.83
109.88
110.017
109.496
109.661
109.935
110.073
110.466
109.854
110.221
109.712
109.968
109.87
110.283
110.018
109.841
110.17
110.267
110.071
109.838
110.379
110.189
110.809
111.125
110.784
110.526
110.252
109.97
110.153
110.439
110.609
110.804
110.516
110.293
110.367
111.012
110.159
109.983
110.232
110.543
109.974
109.964
109.779
109.875
109.789
110.031
110.328
109.639
109.994
110.003
109.819
109.915
110.007
110.321
111.096
