113.471
117.378
117.378
117.376
117.362
117.347
117.35
117.347
117.339
117.365
117.382
117.362
117.351
117.337
117.363
117.389
117.364
117.379
117.359
117.362
117.382
117.352
117.356
117.357
117.349
117.363
117.335
117.324
117.338
117.352
117.37
117.328
117.342
117.332
117.334
117.348
117.341
117.315
117.349
117.351
117.36
117.36
117.321
117.332
117.326
117.364
117.342
117.344
117.36
117.335
117.339
117.322
117.36
117.343
117.37
117.353
117.341
117.344
117.352
117.346
117.36
117.362
117.369
117.368
117.375
117.364
117.346
117.333
117.345
117.357
117.346
117.34
117.331
117.362
117.385
117.366
117.362
117.352
117.34
117.329
117.315
117.314
117.324
117.355
117.345
117.332
117.35
117.362
117.364
117.373
117.347
117.361
117.364
117.395
117.372
117.388
117.373
117.367
117.378
117.354
117.362
117.343
117.352
117.341
117.33
117.36
117.34
117.327
117.316
117.323
117.319
117.346
117.351
117.324
117.336
