1310.25
1115
1112.75
1121.94
1068.91
1068.94
1078.91
1143.88
1067.69
1059.03
1106.34
1086.25
1066.44
1066.39
1061.53
1057.84
1087.16
1061.5
1075.32
1055.31
1067.7
1057.48
1059.24
1061.5
1058.91
1066.44
1150.25
979.355
1058.97
1055.25
1061.5
1022.22
1060.25
1061.44
1055.25
1056.91
1114.55
1034.62
1028.78
1086.62
1075.29
1061.47
1101.69
1062.82
1062.72
1061.47
1117.48
973.781
1076.72
1057.75
1002.19
1050.31
1061.38
1051.59
1062.72
1056.59
1055.7
1058.74
1056.47
1062.66
1047.3
1063.88
1057.78
1060.22
985.531
977.419
1116.56
1006.79
1062.52
974.719
1036.76
1047.29
1063.91
968.758
1004.72
1089.38
1067.59
1060
1063.91
1043.22
953.906
1047.84
1028.75
973.375
1045.41
1007.69
1049.12
1059.03
1051.56
1065.16
1057.72
973.812
1029.31
1057.81
922.291
1044.91
1042.69
977.125
1047.26
1056.5
1040.47
1088
1001.19
974.656
1052.84
1066.41
1060.25
1056.56
1055.28
1047.84
1061.41
992.5
1075.81
1051.97
1059.72
