56.6588
58.5811
58.5921
58.5842
58.5852
58.5985
58.5721
58.6061
58.5936
58.5963
58.6006
58.5612
58.5894
58.5983
58.6042
58.6003
58.5845
58.5991
58.5855
58.5969
58.5868
58.5937
58.6215
58.5967
58.5686
58.5728
58.5765
58.5774
58.5834
58.5923
58.592
58.5702
58.5776
58.5921
58.5766
58.6072
58.57
58.5858
58.5889
58.5867
58.5863
58.5784
58.5863
58.5865
58.6057
58.591
58.5929
58.5852
58.5921
58.588
58.6008
58.5899
58.588
58.5959
58.596
58.5833
58.6008
58.5871
58.5868
58.5893
58.5875
58.5805
58.5813
58.579
58.5899
58.5839
58.5886
58.5975
58.5936
58.577
58.5622
58.5859
58.5735
58.5905
58.5898
58.5804
58.5942
58.5868
58.5789
58.5683
58.5864
58.5715
58.5994
58.5817
58.5924
58.5899
58.5975
58.5994
58.5916
58.5792
58.5861
58.5979
58.5829
58.5946
58.5842
58.5944
58.5961
58.5832
58.5689
58.5838
58.5901
58.6124
58.584
58.6004
58.584
58.587
58.5978
58.601
58.5827
58.5902
58.5917
58.5886
58.586
58.5857
58.5802
