0.708839
0.725413
0.717314
0.711041
0.706001
0.702185
0.699284
0.696946
0.695071
0.693392
0.692375
0.691331
0.690609
0.690299
0.689717
0.689422
0.689198
0.689152
0.689114
0.689046
0.689051
0.689151
0.689256
0.689402
0.689364
0.689644
0.689793
0.689968
0.690225
0.690338
0.690523
0.690686
0.690855
0.691146
0.691369
0.691541
0.691644
0.691682
0.691856
0.692117
0.692251
0.692334
0.692559
0.692783
0.693009
0.693052
0.693238
0.693407
0.6936
0.693696
0.693824
0.694048
0.694106
0.694207
0.694396
0.694368
0.694509
0.6947
0.694587
0.694726
0.694851
0.695007
0.695119
0.695126
0.695349
0.695627
0.695654
0.695594
0.695687
0.695753
0.695742
0.695934
0.696098
0.696202
0.696304
0.69638
0.69646
0.696415
0.69636
0.696432
0.696543
0.696646
0.696863
0.696881
0.69696
0.697096
0.697115
0.697185
0.697219
0.697299
0.697273
0.697411
0.697327
0.697513
0.697446
0.697656
0.697601
0.697591
0.697555
0.697645
0.697812
0.698038
0.697952
0.698018
0.698044
0.698068
0.698085
0.698253
0.698065
0.69825
0.698177
0.698225
0.698265
0.698327
0.698354
