117.741341
117.299774
117.326691
117.288033
117.300224
117.303421
117.342850
117.342499
117.306046
117.272995
117.282433
117.275620
117.268547
117.307587
117.298111
117.312546
117.324646
117.303680
117.294785
117.285278
117.305344
117.309021
117.311035
117.298141
117.321884
117.315582
117.256027
117.289474
117.292831
Control Period
117.274139
117.288734
117.286652
117.283936
117.295547
117.318176
117.306847
Control Period
117.290466
117.284416
117.312607
117.284897
117.308228
117.307999
117.366180
117.318687
117.329887
Control Period
117.348770
117.359802
117.319778
117.297852
117.302338
117.292252
117.315781
117.340378
Control Period
117.296066
117.301254
117.330048
117.298660
117.333374
117.332001
117.335556
117.321342
117.290436
Control Period
117.260544
117.294525
117.326340
117.319809
117.314819
117.309723
117.320480
117.332542
Control Period
117.303200
117.329277
117.305023
117.310532
117.321503
117.291138
117.308197
117.318878
117.351295
Control Period
117.320770
117.326431
117.333542
117.326172
117.362976
117.311813
117.322594
117.323364
117.339874
Control Period
117.308380
117.330307
117.325539
117.341446
117.341446
117.312134
117.311325
117.321823
Control Period
117.344421
117.292191
117.326721
117.298622
117.306145
117.342850
117.353920
117.285019
Control Period
117.284256
117.296326
117.284576
117.312065
117.327194
117.313217
117.305923
117.305504
117.325439
Control Period
117.292419
117.321030
117.344162
117.327103
117.313980
117.309891
117.306046
117.318466
117.319328
Control Period
117.323074
117.330048
117.320671
117.360191
117.286850
117.297318
117.291328
117.286621
Control Period
117.306305
117.312637
117.284065
117.326591
117.299835
117.330978
117.328995
117.315331
Control Period
117.315422
117.270523
117.304642
117.328514
117.311646
117.311325
117.290970
117.314850
Control Period
117.324997
117.327484
117.323807
117.323616
117.345474
117.312897
117.321701
117.307648
Control Period
117.317215
117.312065
117.313660
117.317123
117.321663
117.331650
117.339523
117.313858
117.355614
Control Period
117.321152
117.305252
117.294754
117.292389
117.296646
117.291359
117.313126
117.279739
117.322845
Control Period
117.311813
117.300064
117.296127
117.344604
117.345917
117.309151
117.310043
117.336868
Control Period
117.318527
117.357635
117.348289
117.305504
117.364861
117.340988
117.321312
117.300034
117.317413
Control Period
117.344315
117.338402
117.327301
117.344452
117.331100
117.348099
117.345535
117.311134
Control Period
117.344994
117.351585
117.359840
117.368866
117.311783
117.337090
117.321632
117.354111
Control Period
117.337952
117.373535
117.365860
117.322723
117.344101
117.346786
117.325218
117.321762
Control Period
117.342178
117.334885
117.334976
117.362175
117.341187
117.338974
117.368484
117.327301
Control Period
117.319229
117.323967
117.310722
117.307709
117.303940
117.339325
117.335808
117.317307
117.286972
Control Period
117.304512
117.275299
117.342850
117.378204
117.335876
117.322266
117.350525
117.381180
Control Period
117.353951
117.330399
117.367676
117.367706
117.377281
117.340385
117.370468
117.336868
117.336769
Control Period
117.321312
117.328766
117.335518
117.339935
117.331421
117.314751
117.343040
117.357887
Control Period
117.334305
117.332733
117.310463
117.335617
117.325920
117.330597
117.318405
117.339424
117.312988
Control Period
117.321693
117.334976
117.323837
117.303833
117.306496
117.320709
117.294083
117.336288
Control Period
117.323837
117.349213
117.323898
117.328125
117.356995
117.339325
117.337051
117.331169
Control Period
117.315071
117.305885
117.334816
117.310143
117.312195
117.332092
117.340164
117.329315
117.320290
Control Period
117.347260
117.336929
117.306976
117.280098
117.312454
117.371643
117.342148
117.318878
117.306717
Control Period
117.303551
117.318657
117.375900
117.368317
117.353569
117.369629
117.368958
117.308380
Control Period
117.333405
117.318016
117.311996
117.340416
117.317978
117.358818
117.379074
117.341888
117.316635
Control Period
117.314209
117.304871
117.306976
117.307236
117.341156
117.342110
117.348511
117.341568
Control Period
117.319260
117.302017
117.334816
117.361504
117.313278
117.316574
117.306534
117.301506
117.320099
Control Period
117.322304
117.313278
117.326370
117.307907
117.316025
117.302559
117.314400
117.309250
Control Period
117.314049
117.304642
117.303841
117.294724
117.300934
117.324036
117.344925
117.343842
Control Period
117.331970
117.322495
117.296547
117.269310
117.293564
117.326241
117.271805
117.297638
117.311646
Control Period
117.291290
117.292480
117.303741
117.298271
117.313446
117.307739
117.333923
117.338654
Control Period
117.339386
117.316223
117.323044
117.280228
117.306656
117.314758
117.321793
117.329086
117.348419
Control Period
117.354340
117.312798
117.327362
117.299103
117.294304
117.301407
117.360641
117.370300
Control Period
117.344032
117.335709
117.312378
117.326912
117.336349
117.342758
117.354019
117.336510
117.332611
Control Period
117.323456
117.312225
117.309891
117.312027
117.296188
117.301987
117.307526
117.294365
Control Period
117.333344
117.346817
117.344742
117.334976
117.328255
117.309792
117.332001
117.341217
Control Period
117.324097
117.315109
117.311615
117.319427
117.296356
117.309761
117.301468
117.271332
117.297440
Control Period
117.278717
117.277504
117.320610
117.295227
117.301819
117.303841
117.315842
117.311356
Control Period
117.304161
117.276611
117.326973
117.295013
117.265060
117.293274
117.284698
117.294113
117.274246
Control Period
117.293983
117.289658
117.285599
117.301788
117.293983
117.312225
117.335808
117.298630
Control Period
117.303101
117.314011
117.287354
117.334534
117.328094
117.309250
117.331268
117.310272
Control Period
117.339905
117.336761
117.312195
117.327423
117.332291
117.333084
117.332191
117.325729
117.342781
Control Period
117.303131
117.343521
117.301826
117.312576
117.294014
117.292480
117.293411
117.289444
Control Period
117.298592
117.315582
117.313217
117.333572
117.352386
117.335876
117.355194
117.380676
Control Period
117.313950
117.299103
117.331581
117.324707
117.311394
117.326431
117.338142
117.342651
117.330719
Control Period
117.345657
117.333725
117.335266
117.320511
117.324356
117.334946
117.329498
117.318939
Control Period
117.304703
117.320541
117.307777
117.302559
117.299484
117.328575
117.331169
117.297569
117.294724
Control Period
117.309952
117.327553
117.334465
117.304832
117.301117
117.351456
117.344414
117.319077
Control Period
117.340866
117.331650
117.334213
117.330750
117.370468
117.348160
117.339615
117.330719
117.316193
Control Period
117.344322
117.347107
117.328293
117.351013
117.315681
117.342270
117.315521
117.334435
Control Period
117.322754
117.337631
117.328255
117.313728
117.302277
117.290077
117.307358
117.293152
Control Period
117.294495
117.331070
117.331100
117.303101
117.312386
117.321182
117.337372
117.305374
Control Period
117.324417
117.307236
117.301697
117.314850
117.334717
117.351166
117.319290
117.300323
Control Period
117.335327
117.343842
117.356255
117.357025
117.327972
117.341339
117.326874
117.339104
Control Period
117.305023
117.286819
117.333542
117.324707
117.308098
117.315781
117.309891
117.345505
117.344131
Control Period
117.342270
117.314911
117.304413
117.266205
117.304352
117.287582
117.284576
117.285728
117.288452
Control Period
117.308029
117.277924
117.300797
117.313919
117.307457
117.326050
117.313187
117.326691
Control Period
117.330879
117.306595
117.332352
117.320541
117.311523
117.299835
117.309479
117.333504
117.319077
Control Period
117.321182
117.294434
117.325348
117.293121
117.302048
117.330597
117.301888
117.315613
Control Period
117.327713
117.311134
117.313759
117.327583
117.332031
117.308029
117.337311
117.330307
117.296288
Control Period
117.313980
117.297600
117.296959
117.296066
117.303268
117.320160
117.355972
117.354599
Control Period
117.349380
117.335236
117.321602
117.316093
117.311203
117.310493
117.292862
117.319748
Control Period
117.296547
117.305405
117.319359
117.291489
117.301605
117.260742
117.258652
117.292992
117.304893
Control Period
117.314690
117.310883
117.291359
117.305862
117.304901
117.286560
117.299454
117.311455
Control Period
117.311203
117.311325
117.310112
117.334396
117.317825
117.325562
117.297852
117.335007
117.305115
Control Period
117.329567
117.357857
117.315613
117.305374
117.296799
117.314468
117.305435
117.299393
Control Period
117.325569
117.303680
117.318466
117.292542
117.267776
117.323654
117.302879
117.323776
Control Period
117.335007
117.329437
117.356895
117.353600
117.312347
117.327011
117.316162
117.307388
117.303551
Control Period
117.292961
117.324646
117.337120
117.317955
117.358307
117.323807
117.346115
117.339676
Control Period
117.333023
117.325851
117.330841
117.349060
117.307205
117.296509
117.281372
117.297028
117.285118
Control Period
117.298370
117.283424
117.313538
117.295654
117.338303
117.322655
117.333862
117.302078
Control Period
117.299973
117.311424
117.309441
117.279488
117.294525
117.318756
117.341438
117.307106
117.308670
Control Period
117.302238
117.306816
117.331268
117.349243
117.308769
117.315292
117.302719
117.336227
Control Period
117.335266
117.280769
117.295334
117.310303
117.318146
117.318436
117.325119
117.339745
117.342590
Control Period
117.331741
117.338715
117.324768
117.349762
117.323425
117.335808
117.334366
Control Period
117.318558
117.358887
117.349731
117.360161
117.319809
117.315903
117.337570
117.345154
117.310501
Control Period
117.312927
117.300735
117.314941
117.313858
117.339005
117.335297
117.317505
117.305054
117.285919
Control Period
117.298653
117.299484
117.313438
117.297699
117.292923
117.292671
117.301498
117.313309
Control Period
117.306427
117.300446
117.330338
117.343933
117.355682
117.334526
117.311584
117.331238
117.350784
Control Period
117.318657
117.356796
117.359329
117.313087
117.309219
117.329666
117.320892
117.335327
Control Period
117.306015
117.302338
117.343040
117.281372
117.299774
117.276642
117.324707
117.306305
117.330917
Control Period
117.325539
117.318298
117.320602
117.327042
117.361862
117.353058
117.348160
117.365540
117.357346
Control Period
117.366463
117.347931
117.343109
117.361183
117.332703
117.286270
117.318336
117.307327
Control Period
117.334305
117.310081
117.304642
117.293922
117.308197
117.303009
117.321533
117.327744
Control Period
117.314911
117.322052
117.304031
117.296356
117.299583
117.302338
117.293633
117.303070
Control Period
117.308189
117.307999
117.312988
117.314270
117.320320
117.321411
117.306534
117.317307
117.293633
Control Period
117.296478
117.279907
117.330429
117.324829
117.269089
117.314499
117.325790
117.300354
Control Period
117.278076
117.281021
117.314911
117.285439
117.270523
117.259071
117.308960
117.299805
117.305634
Control Period
117.295074
117.288925
117.302177
117.292702
117.299362
117.270081
117.309441
117.278816
117.308899
Control Period
117.318726
117.310974
117.293533
117.295776
117.268860
117.254143
117.288895
117.314270
Control Period
117.308861
117.315201
117.297150
117.315109
117.310913
117.286209
117.293594
117.289665
Control Period
117.304382
117.299614
117.277634
117.286438
117.301666
117.279907
117.323166
117.310081
117.310753
Control Period
117.304260
117.312668
117.324669
117.309280
117.316986
117.296738
117.314362
117.269470
Control Period
117.298691
117.283676
117.308319
117.319328
117.267548
117.309502
117.305374
117.313889
117.310913
Control Period
117.292679
117.317215
117.315964
117.306595
117.342018
117.335678
117.319778
117.313339
117.298782
Control Period
117.298340
117.318268
117.322372
117.317947
117.326492
117.300034
117.300224
117.320671
Control Period
117.314590
117.307587
117.295616
117.299713
117.305725
117.284836
117.295364
117.283585
Control Period
117.299301
117.286079
117.319778
117.289474
117.315460
117.292641
117.325989
117.328514
Control Period
117.298691
117.307709
117.310974
117.323135
117.290405
117.300858
117.265823
117.310532
Control Period
117.286591
117.308487
117.300766
117.296387
117.320892
117.335297
117.327194
117.349701
117.305252
Control Period
117.312447
117.313789
117.345825
117.332161
117.319359
117.344002
117.286011
117.285538
Control Period
117.304291
117.334015
117.311485
117.289246
117.328674
117.305634
117.289062
117.319260
117.304291
Control Period
117.319359
117.323837
117.334595
117.331070
117.334496
117.300674
117.282684
117.293983
Control Period
117.323265
117.300964
117.283325
117.256386
117.308670
117.282822
117.309723
117.295868
117.300003
Control Period
117.300964
117.285057
117.321022
117.292542
117.299904
117.308197
117.291710
117.287491
Control Period
117.256096
117.265472
117.278687
117.274849
117.249191
117.270782
117.245758
117.281219
117.259674
117.261307
117.241959
117.306107
118.112900
