60.195358
59.908478
59.887039
59.880543
59.903072
59.921856
59.897789
59.901184
59.906433
59.900288
59.878494
59.883453
59.893440
59.881630
59.888222
59.894497
59.896481
59.908798
59.885918
59.898018
59.887199
59.877056
59.893021
59.878593
59.903904
59.898689
59.886337
59.878052
59.898178
59.865089
Control Period
59.892288
59.879551
59.888672
59.853439
59.863197
59.889408
59.891041
59.885536
Control Period
59.877182
59.902782
59.888321
59.896896
59.889313
59.919456
59.926144
59.897568
59.865952
Control Period
59.868546
59.907616
59.942047
59.885757
59.894081
59.908192
59.904701
59.919777
Control Period
59.863392
59.873569
59.894402
60.020832
59.872993
59.905056
59.880096
59.879875
59.895134
Control Period
59.885216
59.888416
59.884575
59.869633
59.900097
59.893791
59.890175
Control Period
59.894722
59.895683
59.878143
59.896866
59.908737
59.910110
59.869247
Control Period
59.902176
59.887138
59.898911
59.893375
59.890495
59.897247
59.906624
59.894463
59.883553
Control Period
59.882401
59.893345
59.928482
59.872448
59.887169
59.883934
59.922142
59.915779
Control Period
59.916000
59.900894
59.891006
59.891808
59.880417
59.886909
59.885632
59.887264
Control Period
59.858818
59.874947
59.905151
59.874432
59.868355
59.891617
59.879326
59.873119
Control Period
59.886848
59.863838
59.875553
59.896511
59.872002
59.906113
59.864704
59.866653
Control Period
59.864033
59.904991
59.883842
59.879166
59.896355
59.890240
59.867874
59.894653
59.879520
Control Period
59.916607
59.890686
59.911263
59.883392
59.891232
59.898815
59.900734
59.885120
Control Period
59.906143
59.924034
59.880798
59.910912
59.885952
59.880417
59.867744
59.871552
Control Period
59.873951
59.925312
59.878529
59.870369
59.878048
59.897186
59.884644
59.886978
Control Period
59.885475
59.879906
59.898979
59.890720
59.918720
59.901794
59.880001
59.878754
59.920067
Control Period
59.888481
59.902046
59.893280
59.926178
59.886818
59.918751
59.879425
59.906433
Control Period
59.900833
59.885952
59.882977
59.904961
59.911171
59.858624
59.869022
59.900799
Control Period
59.902077
59.875107
59.899872
59.886368
59.870720
59.875969
59.902977
59.872292
59.869759
Control Period
59.879265
59.893631
59.892479
59.877216
59.872482
59.878723
59.876160
59.901535
59.894653
Control Period
59.859711
59.873600
59.898849
59.858944
59.879135
59.886147
59.900604
Control Period
59.878433
59.888062
59.884995
59.898464
59.881790
59.885952
59.884094
59.880257
59.916576
Control Period
59.897377
59.944321
59.871902
59.889153
59.862175
59.902306
59.902912
59.867615
59.865856
Control Period
59.881374
59.869473
59.872574
59.870689
59.872803
59.840992
59.889408
59.875298
Control Period
59.878689
59.854973
59.840641
59.873569
59.873856
59.870369
59.888573
59.853470
59.865822
Control Period
59.865440
59.845760
59.898590
59.883423
59.909698
59.895042
59.884514
59.875008
59.912769
Control Period
59.887424
59.874561
59.874237
59.872292
59.888191
59.881630
59.863522
59.878368
Control Period
59.880928
59.895168
59.872799
59.875519
59.877407
59.853470
59.881504
59.887360
59.901344
Control Period
59.891235
59.882050
59.885120
59.873344
59.858208
59.854656
59.852707
59.893887
59.864799
Control Period
59.894783
59.871105
59.899456
59.895134
59.902271
59.866722
59.868065
59.860573
59.871391
Control Period
59.877377
59.888000
59.878944
59.864418
59.868992
59.858238
59.863232
59.896194
Control Period
59.851646
59.871231
59.880257
59.855679
59.883839
59.903809
59.875198
59.870781
59.870335
Control Period
59.891457
59.866814
59.885826
59.929314
59.898430
59.877728
59.889214
59.901886
Control Period
59.932831
59.892769
59.891777
59.891296
59.872543
59.867073
59.875679
59.872002
Control Period
59.888992
59.876896
59.892384
59.874878
59.896675
59.901375
59.909248
59.870590
59.864704
Control Period
59.863747
59.910145
59.895042
59.887936
59.899651
59.871391
59.876961
59.862846
Control Period
59.899170
59.890816
59.889023
59.871231
59.860992
59.857796
59.873215
59.885025
59.843170
Control Period
59.868126
59.851135
59.885666
59.881599
59.872993
59.912609
59.883202
Control Period
59.910336
59.887074
59.914589
59.873917
59.877953
59.864128
59.917023
59.875648
59.876541
Control Period
59.886978
59.895454
59.861763
59.847679
59.862114
59.873920
59.905441
59.875423
Control Period
59.838402
59.868671
59.870911
59.880127
59.885918
59.874275
59.899010
59.883137
Control Period
59.894848
59.857376
59.881630
59.888962
59.869377
59.868835
59.871426
59.870464
Control Period
59.884483
59.906528
59.865120
59.878174
60.201309
59.887840
59.892258
59.898338
59.898655
Control Period
59.897503
59.921059
59.922081
59.921570
59.900417
59.894112
59.903038
59.880768
Control Period
59.884033
59.850048
59.872002
59.876770
59.881538
59.879040
59.894562
59.887329
59.884163
Control Period
59.884224
59.901825
59.919201
59.894081
59.897278
59.891937
59.875198
59.888931
59.903198
Control Period
59.871841
59.900063
59.888702
59.887901
59.879005
59.912514
59.922657
59.907486
Control Period
59.883392
59.906013
59.896957
59.888611
59.890560
59.904190
59.911201
59.910622
Control Period
59.961441
59.857635
59.884193
59.920387
59.900127
59.901985
59.896095
59.913727
Control Period
59.922302
59.908928
59.910496
59.883934
59.909409
59.891071
59.916641
59.919197
Control Period
59.888351
59.895805
59.891907
59.903263
59.878208
59.895554
59.909569
59.906593
Control Period
59.897346
59.901985
59.899261
59.910782
59.895905
59.910973
59.899296
59.887741
59.905632
Control Period
59.924065
59.915264
59.879745
59.899742
59.928001
59.915710
59.934464
59.913918
Control Period
59.878174
59.911491
59.928864
59.936226
59.903168
59.897278
59.891041
59.886208
Control Period
59.928802
59.901695
59.914749
59.883232
59.882751
59.920479
59.915489
59.898911
59.886112
Control Period
59.911137
59.910301
59.909660
59.901154
59.887650
59.881981
59.904320
59.906433
59.894657
Control Period
59.909184
59.891201
59.897728
59.890144
59.884384
59.912159
59.884480
59.897888
59.893375
Control Period
59.857311
59.893887
59.874176
59.909790
59.894432
59.895103
59.864128
59.890465
Control Period
59.873024
59.886177
59.879677
59.889503
59.860611
59.877247
59.886688
59.882851
Control Period
59.915871
59.907425
59.867744
59.907326
59.885345
59.879391
59.880737
59.875549
59.864830
Control Period
59.873055
59.889763
59.894493
59.891006
59.891678
59.919552
59.907166
59.907009
Control Period
59.904030
59.901760
59.885345
59.881950
59.880608
59.873695
59.881027
59.893826
Control Period
59.865887
59.871105
59.890816
59.863041
59.864799
59.891743
59.901440
59.881218
59.909374
Control Period
59.876480
59.915810
59.879425
59.917728
59.890366
59.911297
59.873055
59.902496
59.890114
Control Period
59.902496
59.879105
59.931198
59.902176
59.908958
59.923393
Control Period
59.935425
59.892448
59.906849
59.928448
59.904900
59.908867
59.880386
59.910465
59.881729
Control Period
59.882847
59.868481
59.868225
59.896545
59.904224
59.880226
59.928257
59.873726
Control Period
59.902496
59.879520
59.873726
59.861183
59.895233
59.889473
59.886147
59.892960
Control Period
59.886303
59.886467
59.900642
59.880482
59.877151
59.908417
59.868958
59.884003
Control Period
59.872288
59.893471
59.868095
59.885727
59.882851
59.917088
59.869759
59.905663
59.899681
Control Period
59.892319
59.874336
59.889088
59.887329
59.896545
59.878685
59.894272
59.890369
Control Period
59.919647
59.888481
59.872574
59.911232
59.894302
59.898079
59.883362
59.912926
59.921570
Control Period
59.905441
59.898945
59.912319
59.888512
59.895073
59.898270
59.898018
59.905502
59.896000
Control Period
59.880798
59.881538
59.881023
59.910015
59.904861
59.887230
59.904060
59.885757
Control Period
59.906944
59.901920
59.927681
59.918144
59.931778
59.901405
59.897152
59.905151
59.905823
Control Period
59.900768
59.905121
59.890366
59.903358
59.904831
59.886208
59.873440
Control Period
59.887520
59.913406
59.875904
59.871681
59.895744
59.892319
59.897697
59.895683
59.881630
Control Period
59.893921
59.872765
59.870144
59.885376
59.867584
59.866142
59.838913
59.878273
Control Period
59.875870
59.883968
59.911552
59.878914
59.883873
59.893311
59.854240
59.870239
59.858047
Control Period
59.898304
59.882782
59.856575
59.902016
59.878494
59.871811
59.885086
59.888382
59.878082
Control Period
59.879166
59.875710
59.892509
59.899651
59.869823
59.871616
59.884129
59.853214
Control Period
59.885567
59.880512
59.877182
59.884384
59.908638
59.924320
59.889408
59.880672
59.884735
Control Period
59.884125
59.886208
59.928543
59.903072
59.870625
59.897663
59.909790
59.894497
Control Period
59.896416
59.890400
59.914272
59.901855
59.901474
59.906464
59.876701
59.891396
59.883934
Control Period
59.909378
59.896896
59.911297
59.896034
59.906013
59.918945
59.892929
59.879360
59.896545
Control Period
59.895935
59.910080
59.884575
59.914658
59.901855
59.881889
59.918526
59.905922
Control Period
59.905342
59.891327
59.878494
59.888893
59.906563
59.904640
59.884995
59.905792
Control Period
59.927711
59.891167
59.915230
59.875938
59.892319
59.881439
59.869537
59.895329
59.898720
Control Period
59.887550
59.906593
59.888321
59.896355
59.892288
59.897858
59.948448
59.895134
59.898975
59.888161
Control Period
59.868641
59.870338
59.881439
59.864418
59.886719
59.891327
59.891712
59.893341
Control Period
59.885086
59.910912
59.894848
59.902046
59.912064
59.911583
59.906208
59.888927
Control Period
59.885952
59.871040
59.872993
59.858208
59.885117
59.903778
59.885826
59.885216
59.891937
Control Period
59.874241
59.897888
59.910721
59.903198
59.901405
59.889759
59.912960
59.911297
Control Period
59.884480
59.912003
59.885376
59.884865
59.860703
59.886528
59.892223
59.913376
Control Period
59.930752
59.898911
59.905121
59.919937
59.924160
59.915070
59.869186
59.906433
Control Period
59.882816
59.897118
59.940769
59.886528
59.885056
59.938175
59.895264
59.886497
59.943489
Control Period
59.913025
59.881950
59.872322
59.874977
59.894302
59.893536
59.870335
59.879200
Control Period
59.865730
59.872959
59.903008
59.890175
59.884800
59.878784
59.863457
59.872673
Control Period
59.878719
59.874912
59.874977
59.875008
59.891552
59.879425
59.891167
59.888031
59.873726
Control Period
59.882496
59.897026
59.887264
59.874336
59.884575
59.912285
59.889954
59.891037
Control Period
59.891167
59.909729
59.889248
59.923904
59.911839
59.910370
59.917599
59.900032
59.917534
59.914528
Control Period
59.897469
59.885632
59.875008
59.899521
59.875359
59.900223
59.876415
Control Period
59.910240
59.869312
59.904099
59.920990
59.922592
59.918686
59.895393
59.936001
59.876415
Control Period
59.887070
59.898750
59.892929
59.896225
59.908096
59.883293
59.885406
59.911522
59.894081
59.911552
Control Period
59.887424
59.902306
59.923649
59.902946
59.910080
59.869728
59.933182
59.912128
59.903904
Control Period
59.883457
59.895554
59.902176
59.894722
59.905087
59.899521
59.942593
59.887585
Control Period
59.882912
59.903648
59.887901
59.919872
59.931969
59.911583
59.887199
59.909920
Control Period
59.909569
59.889824
59.889122
59.904575
59.906944
59.899841
59.915745
59.936897
Control Period
59.881535
59.900543
59.892509
59.910271
59.924866
59.915390
59.922142
59.903488
Control Period
59.896992
59.886238
59.898144
59.911842
59.899071
59.886688
59.901440
59.908321
Control Period
59.915871
59.905697
59.900734
59.912544
59.888992
59.887650
59.869057
59.901855
59.904099
Control Period
59.894691
59.897472
59.906624
59.893570
59.920738
59.931038
59.901569
59.921150
Control Period
59.896194
59.905182
59.874466
59.868481
59.905823
59.904541
59.912323
59.903870
Control Period
59.899361
59.889122
59.904255
59.906883
59.890560
59.882240
59.906815
59.932671
59.889408
59.860802
Control Period
59.850754
59.864258
59.865761
59.845314
59.857567
59.865501
59.874077
59.861568
59.900322
59.863647
59.869888
59.857441
59.881981
59.859200
59.897919
59.871521
59.883102
59.864449
59.863297
59.845314
59.853951
59.874912
59.869953
59.883327
59.891777
59.875168
59.873085
59.872131
59.864738
59.964352
59.936993
