59.286980
58.573662
58.554977
58.554306
58.638592
58.575935
58.573761
58.528671
58.558144
58.585373
58.538979
58.566429
58.560577
58.618530
58.581985
58.587521
58.584030
58.548767
58.558369
58.575424
58.571327
58.585442
58.580063
58.582207
58.588833
58.564674
58.572067
58.601601
58.565277
58.579102
Control Period
58.553600
58.577469
58.540672
58.558975
58.553215
58.577789
58.551613
58.687744
58.599487
Control Period
58.543808
58.578270
58.576031
58.601021
58.541313
58.568542
58.568768
58.645950
58.573341
Control Period
58.558083
58.570656
58.588226
58.555199
58.569153
58.580704
58.578499
58.701538
Control Period
58.552483
58.564064
58.569695
58.585373
58.583424
58.581215
58.574081
58.577633
Control Period
58.647007
58.558495
58.527779
58.602562
58.583519
58.590302
58.580639
58.577278
58.574688
58.586685
Control Period
58.636093
58.558559
58.559746
58.553665
58.572544
58.544193
58.568768
58.569473
Control Period
58.556000
58.656670
58.563934
58.604767
58.601536
58.624290
58.582592
58.585857
Control Period
58.591618
58.571297
58.577183
58.552704
58.601540
58.578339
58.588387
58.686302
58.588959
Control Period
58.580994
58.580704
58.560318
58.572769
58.576160
58.584831
58.598366
58.667137
58.577503
Control Period
58.531906
58.554077
58.552799
58.599586
58.583519
58.563553
58.549538
58.589470
Control Period
58.585823
58.600319
58.564545
58.617119
58.586945
58.585281
58.593025
58.571136
58.548481
Control Period
58.564384
58.617470
58.581280
58.600479
58.665504
58.579552
58.591202
58.595871
58.547649
Control Period
58.580322
58.556736
58.573952
58.582016
58.550175
58.574493
58.556801
58.601952
58.593536
Control Period
58.567810
58.575073
58.575871
58.559616
58.567871
58.640770
58.576385
58.549118
58.589279
Control Period
58.589630
58.569885
58.604736
58.575233
58.574017
58.576286
58.565567
Control Period
58.575523
58.574883
58.572544
58.548866
58.562176
58.566017
58.581089
58.598335
58.548992
Control Period
58.598080
58.582497
58.614174
58.559517
58.556770
58.572575
58.564129
58.616322
58.535488
Control Period
58.531517
58.582176
58.559677
58.584415
58.556736
58.556065
58.578690
58.620960
Control Period
58.532639
58.606815
58.549377
58.564034
58.561951
58.564095
58.542786
58.581505
Control Period
58.593697
58.597889
58.573311
58.569153
58.578495
58.562305
58.570049
58.569984
58.565918
Control Period
58.683968
58.567810
58.582146
58.589600
58.583649
58.593822
58.578590
58.586464
58.563007
Control Period
58.593536
58.669281
58.609154
58.588352
58.574783
58.600544
58.607841
58.553886
58.566177
Control Period
58.568130
58.638786
58.592606
58.588547
58.548637
58.570686
58.593887
58.635391
Control Period
58.579742
58.593697
58.601376
58.553440
58.604767
58.594879
58.552605
58.569633
58.559715
Control Period
58.570816
58.567169
58.605026
58.612160
58.565952
58.601662
58.586273
58.614334
Control Period
58.581696
58.596832
58.597885
58.648575
58.571869
58.582626
58.566463
58.538818
58.574944
Control Period
58.586208
58.637825
58.580288
58.626049
58.571617
58.591522
58.596416
58.567585
Control Period
58.591808
58.547871
58.593758
58.556000
58.611168
58.606945
58.611809
58.565632
Control Period
58.606014
58.594112
58.596191
58.547363
58.578049
58.640739
58.535904
58.564800
58.561214
Control Period
58.608639
58.552704
58.574753
58.577919
58.587746
58.618622
58.593315
58.571106
Control Period
58.574913
58.593987
58.567520
58.567871
58.594624
58.566689
58.625984
58.538399
58.579041
Control Period
58.583710
58.563614
58.581535
58.581535
58.601727
58.685699
58.561790
Control Period
58.562782
58.570015
58.588097
58.553154
58.587585
58.582432
58.573090
58.647297
58.598560
Control Period
58.592319
58.612061
58.593822
58.585571
58.578590
58.586304
58.586494
58.703293
Control Period
58.550079
58.583168
58.550591
58.580608
58.564766
58.568321
58.597855
58.596863
58.721279
Control Period
58.666046
58.580544
58.575394
58.586048
58.566879
58.565758
58.559875
58.564705
Control Period
58.626335
58.550690
58.582466
58.571838
58.576351
58.551392
58.567680
58.551933
58.565216
Control Period
58.649025
58.577183
58.605663
58.551712
58.598976
58.590176
58.587555
58.573887
Control Period
58.578976
58.664799
58.590080
58.564480
58.578880
58.568256
58.571968
58.580833
Control Period
58.564320
58.555038
58.676254
58.561119
58.562656
58.601215
58.594818
58.608353
58.569794
Control Period
58.570625
58.557121
58.677345
58.540833
58.580608
58.586082
58.586304
58.562973
Control Period
58.577728
58.569248
58.585983
58.712509
58.580765
58.585022
58.608513
58.616993
58.539009
Control Period
58.555199
58.576286
58.556416
58.675743
58.572350
58.590881
58.607262
Control Period
58.572990
58.584740
58.564831
58.572735
58.586525
58.561600
58.582241
58.560287
58.559967
Control Period
58.622978
58.553085
58.581215
58.608894
58.555424
58.581856
58.608353
58.578815
Control Period
58.567169
58.602272
58.623138
58.575905
58.558144
58.552448
58.571297
58.571617
58.547325
Control Period
58.561409
58.659809
58.581345
58.601536
58.565186
58.575363
58.592064
58.548126
Control Period
58.581474
58.563808
58.659264
58.555744
58.549824
58.536415
58.557182
58.553215
58.538624
Control Period
58.583168
58.583103
58.642879
58.562881
58.555779
58.557728
58.583744
58.573185
Control Period
58.580479
58.558689
58.546112
58.688896
58.579391
58.569824
58.545982
58.584896
58.635551
Control Period
58.613823
58.564960
58.546112
58.545055
58.565441
58.574562
58.563934
58.552769
Control Period
58.629631
58.586754
58.564606
58.578976
58.573727
58.594910
58.571167
58.601280
Control Period
58.644897
58.583710
58.552864
58.583229
58.589218
58.584641
58.610176
58.576286
Control Period
58.599007
58.683296
58.578014
58.558685
58.586369
58.614880
58.578110
58.601181
58.559715
Control Period
58.574848
58.683392
58.559711
58.560638
58.556801
58.589024
58.578461
58.571358
Control Period
58.578335
58.552673
58.738655
58.558403
58.562622
58.569313
58.559998
58.579872
Control Period
58.587360
58.567039
58.557632
58.670303
58.585953
58.567295
58.556511
58.580864
58.561184
Control Period
58.603775
58.556290
58.561890
58.648129
58.582787
58.582943
58.593567
58.552864
58.571678
Control Period
58.591263
58.578720
58.580193
58.560799
58.568993
58.584419
58.580704
58.552734
Control Period
58.597504
58.593567
58.578751
58.557888
58.660641
58.590210
58.563232
58.548256
Control Period
58.541283
58.584511
58.567135
58.585022
58.542336
58.574657
58.696991
58.575905
58.581665
58.547039
Control Period
58.536545
58.576797
58.562531
58.571747
58.562752
58.674850
58.608959
58.583935
Control Period
58.595200
58.572960
58.650143
58.551582
58.570110
58.552448
58.591232
58.569153
58.573341
Control Period
58.574974
58.588707
58.656639
58.578178
58.573250
58.566399
58.550625
58.540607
Control Period
58.563103
58.560158
58.575134
58.580414
58.553215
58.565151
58.550655
58.639297
Control Period
58.563423
58.573822
58.569794
58.562016
58.578304
58.574623
58.563393
58.543938
58.566559
58.635872
Control Period
58.548286
58.578911
58.579552
58.560547
58.587681
58.547775
58.567390
Control Period
58.644321
58.557251
58.556927
58.565857
58.563488
58.600929
58.579456
58.566017
58.591202
Control Period
58.631104
58.566399
58.579582
58.601921
58.557632
58.568832
58.571938
Control Period
58.552193
58.580254
58.564800
58.585281
58.585693
58.546303
58.584381
58.557663
Control Period
58.609695
58.564640
58.684349
58.546047
58.576286
58.554878
58.567104
58.557762
58.561760
Control Period
58.568512
58.573410
58.642334
58.587776
58.553951
58.529343
58.570435
58.573059
Control Period
58.614689
58.559105
58.532192
58.591808
58.559647
58.562241
58.580448
58.543648
58.561825
Control Period
58.559967
58.577599
58.592514
58.590591
58.579201
58.561985
58.582367
58.545090
Control Period
58.594624
58.564766
58.593952
58.568161
58.623970
58.573982
58.569855
58.571548
Control Period
58.576576
58.574242
58.555870
58.541122
58.661983
58.558174
58.559937
58.573280
58.568161
Control Period
58.566689
58.576675
58.584770
58.600128
58.574944
58.612255
58.563072
58.559486
Control Period
58.592224
58.558594
58.560032
58.559040
58.588478
58.592896
58.641182
58.575233
58.543106
Control Period
58.558914
58.568893
58.573822
58.545731
58.530048
58.557343
58.633888
58.535873
Control Period
58.548958
58.523136
58.595329
58.571426
58.583488
58.576767
58.575806
58.617149
58.536224
Control Period
58.545250
58.579391
58.539680
58.568832
58.526237
58.568928
58.570526
Control Period
58.575806
58.528576
58.568512
58.585022
58.572639
58.582306
58.548576
58.557247
58.659805
Control Period
58.581600
58.553406
58.554783
58.560833
58.601852
58.558273
58.564674
58.565346
Control Period
58.677792
58.562431
58.525246
58.570717
58.566750
58.625565
58.572735
58.584702
58.560226
Control Period
58.575874
58.575905
58.595745
58.543747
58.554977
58.603584
58.580162
58.579296
Control Period
58.579391
58.665634
58.576801
58.536446
58.563263
58.549728
58.576767
58.539104
58.550720
Control Period
58.557571
58.655586
58.560158
58.530495
58.547554
58.573761
58.583649
58.557343
Control Period
58.571583
58.579681
58.675583
58.599136
58.597054
58.528320
58.555870
58.590336
Control Period
58.598785
58.575871
58.603584
58.687328
58.556030
58.577789
58.589153
58.566208
58.575043
Control Period
58.595104
58.546242
58.594944
58.554337
58.579742
58.559616
58.558975
58.566017
58.585602
Control Period
58.591743
58.566719
58.560349
58.567360
58.628349
58.573280
58.574207
58.593567
Control Period
58.698433
58.569759
58.565025
58.598686
58.547680
58.568642
58.553185
58.576675
58.570656
Control Period
58.672478
58.554657
58.561920
58.543873
58.555008
58.535263
58.568993
58.565186
Control Period
58.581406
58.645309
58.559807
58.577152
58.571999
58.569984
58.578430
58.554527
58.564449
58.579426
Control Period
58.585281
58.564705
58.596447
58.581886
58.552959
58.571392
58.617950
58.560287
58.536064
Control Period
58.557888
58.573982
58.567650
58.568130
58.541344
58.554207
58.555103
58.655006
58.551422
Control Period
58.551903
58.567741
58.550079
58.555904
58.542080
58.563042
58.566269
58.640259
Control Period
58.555904
58.568962
58.562336
58.620480
58.544640
58.539520
58.557632
58.542625
Control Period
58.578335
58.576927
58.531967
58.545280
58.624096
58.569443
58.563232
58.546593
58.549950
Control Period
58.572063
58.554977
58.588097
58.569824
58.660515
58.544769
58.537823
58.563457
Control Period
58.531361
58.586334
58.580193
58.544960
58.530144
58.641502
58.561470
58.570625
58.572128
Control Period
58.547363
58.585342
58.570400
58.575294
58.581505
58.547745
58.619999
58.546848
58.577023
58.558048
Control Period
58.554527
58.669121
58.576195
58.562016
58.545891
58.563583
58.570305
Control Period
58.581055
58.578339
58.569794
58.574272
58.596382
58.555519
58.583488
58.539711
Control Period
58.567139
58.567810
58.583904
58.681694
58.578430
58.552319
58.568703
58.562496
58.644798
Control Period
58.604797
58.562813
58.576096
58.558369
58.552799
58.564289
58.548607
58.550179
58.615425
Control Period
58.557823
58.551392
58.604034
58.574432
58.655968
58.583393
58.590210
58.562687
58.557022
Control Period
58.556671
58.589539
58.574303
58.549664
58.569473
58.562721
58.566177
58.564415
Control Period
58.538078
58.590752
58.552288
58.557858
58.550911
58.675011
58.572865
58.607552
58.543327
Control Period
58.561951
58.580963
58.564163
58.593441
58.550621
58.670464
58.561153
58.559456
Control Period
58.614880
58.577728
58.553055
58.573921
58.581245
58.593346
58.627708
58.562977
58.550144
Control Period
58.564865
58.567039
58.581600
58.597984
58.571106
58.579681
58.656448
58.592766
Control Period
58.562462
58.571808
58.554592
58.546722
58.588161
58.565472
58.549118
58.664253
Control Period
58.566429
58.559647
58.597282
58.546173
58.566338
58.553726
58.549889
58.564289
58.569759
58.569824
Control Period
58.423363
58.434944
58.424866
58.431267
58.433632
58.437538
58.422432
58.445694
58.402367
58.419647
58.398750
58.430206
58.393730
58.433090
58.415424
58.419197
58.405502
58.457184
58.410942
58.436256
58.410210
58.420609
58.431808
58.424034
58.434048
59.556896
