60.224064
59.918434
59.893822
59.913536
59.922112
59.917763
59.894173
59.897472
59.902626
59.900928
59.924801
59.901154
59.931744
59.929634
59.895424
59.903904
59.903648
59.911713
59.888962
59.899456
59.937279
59.932991
59.957504
59.915329
59.925858
59.918755
59.931137
59.900608
59.931038
Control Period
59.905376
59.951359
59.936417
59.931297
59.910881
59.883522
59.890846
59.895775
Control Period
59.918144
59.943073
59.917088
59.918495
59.910110
59.925026
59.892128
59.921661
59.942112
Control Period
59.923393
59.919872
59.936192
59.928062
59.903008
59.947552
59.932545
Control Period
59.933281
59.905312
59.910400
59.908707
59.904064
59.887489
60.001091
59.889473
59.922752
Control Period
59.913666
59.913151
59.889023
59.909153
59.941986
59.907806
59.879074
59.877853
Control Period
59.915070
59.936478
59.916672
59.888481
59.904064
59.902718
59.901440
Control Period
59.925728
59.888897
59.915779
59.890465
59.918846
59.923199
59.896194
59.913506
Control Period
59.911713
59.886398
59.911263
59.897758
59.922592
59.918560
59.934654
59.877342
59.900963
Control Period
59.902241
59.886818
59.936127
59.940479
59.905090
59.909920
59.920704
59.909187
Control Period
59.914272
59.917694
59.908478
59.961601
59.903587
59.920193
59.892704
59.895679
Control Period
59.901855
59.900574
59.926178
59.915424
59.919586
59.887840
59.923393
59.914047
Control Period
59.944160
59.889954
59.924961
59.884575
59.934559
59.932384
59.900642
59.872482
59.867615
Control Period
59.925312
59.914467
59.892834
59.873314
59.898750
59.896515
59.919552
59.888290
Control Period
59.889763
59.892288
59.909344
59.914146
59.934078
59.929886
59.928963
59.918785
59.960449
Control Period
59.910591
59.941696
59.908928
59.921761
59.924416
59.925823
59.890785
Control Period
59.952515
59.942207
59.928513
59.926975
59.945183
59.921726
59.914303
59.924545
59.885536
Control Period
59.926270
59.908157
59.924416
59.922653
59.921570
59.932961
59.947838
59.889088
59.949505
Control Period
59.912960
59.929916
59.894081
59.895840
59.892448
59.910812
59.918915
59.868385
Control Period
59.904900
59.933662
59.908993
59.889664
59.935871
59.905792
59.896606
59.908512
59.912766
Control Period
59.926147
59.911522
59.942749
59.909149
59.899651
59.925312
59.948990
59.930016
Control Period
59.907295
59.893726
59.906624
59.905087
59.908226
59.890625
59.922462
59.879681
59.912514
Control Period
59.903137
59.901089
59.893185
59.921982
59.917885
59.932896
59.901726
59.927231
Control Period
59.899265
59.895393
59.916542
59.934559
59.891006
59.928223
59.932190
59.919392
Control Period
59.931267
59.886909
59.886017
59.925278
59.906944
59.890274
59.884354
59.893181
59.918144
Control Period
59.918816
59.906013
59.902367
59.899487
59.888290
59.891998
59.931198
59.901665
Control Period
59.931232
59.900063
59.903229
59.865631
59.899582
59.905922
59.896351
59.889664
Control Period
59.894562
59.917664
59.881248
59.894623
59.891266
59.883713
59.903233
59.898499
59.882111
Control Period
59.925858
59.900543
59.925537
59.869888
59.905697
59.896736
59.882622
59.891777
59.905663
Control Period
59.908607
59.890526
59.889122
59.844128
59.901886
59.902306
59.906178
59.888416
Control Period
59.859741
59.908543
59.898209
59.896866
59.883041
59.874722
59.905342
59.900352
Control Period
59.904770
59.890526
59.885025
59.893826
59.885952
59.896641
59.881569
59.871101
Control Period
59.895584
59.915329
59.909088
59.902657
59.905792
59.901154
59.908192
59.910301
59.893890
Control Period
59.901375
59.907295
59.876225
59.893471
59.884960
59.899681
59.896545
59.909409
Control Period
59.923042
59.911263
59.877983
59.905251
59.906654
59.909409
59.900322
59.895805
Control Period
59.900734
59.905632
59.905151
59.929474
59.917534
59.880547
59.916992
59.887585
59.913757
Control Period
59.899967
59.898144
59.907997
59.890369
59.892860
59.888607
59.890495
Control Period
59.906719
59.862946
59.895134
59.908897
59.874176
59.871101
59.876030
59.881760
Control Period
59.889729
59.905247
59.888832
59.923904
59.889633
59.917694
59.893661
59.909409
59.902561
Control Period
59.893341
59.928253
59.888737
59.929054
59.899971
59.922047
59.872383
59.909184
Control Period
59.895554
59.953056
59.892128
59.894497
59.890244
59.909534
59.909534
59.908863
Control Period
59.905853
59.900352
59.897919
59.870781
59.906208
59.913635
59.923038
59.904736
59.940479
Control Period
59.896606
59.924416
59.875423
59.917053
59.888191
59.873344
59.872482
59.909760
59.857086
Control Period
59.886078
59.875839
59.879585
59.916256
59.904896
59.902275
59.882782
59.890816
59.870945
Control Period
59.895489
59.864929
59.897152
59.917633
59.923645
59.882401
59.908066
59.892319
Control Period
59.924286
59.930595
59.929535
59.887619
59.948318
59.906208
59.897633
59.903744
Control Period
59.906048
59.913376
59.924034
59.928417
59.931137
59.885086
59.888702
59.904160
59.912640
Control Period
59.881889
59.886944
59.912575
59.899490
59.957664
59.878082
59.937950
59.928288
59.918785
Control Period
59.914978
59.912224
59.896896
59.925407
59.921185
59.916641
59.925377
59.918434
59.902912
Control Period
59.913826
59.896286
59.891647
59.891235
59.864895
59.895714
59.909695
59.899101
59.875198
Control Period
59.923393
59.892704
59.911072
59.896385
59.914528
59.912575
59.900352
59.900223
59.910496
Control Period
59.868736
59.903137
59.912735
59.887199
59.906685
59.903587
59.881790
59.881569
Control Period
59.909729
59.909058
59.924000
59.917248
59.926720
59.929565
59.945824
59.888992
59.927776
Control Period
59.900639
59.919006
59.912479
59.925312
59.919807
59.925087
59.913280
59.921631
Control Period
59.913376
59.913792
59.918144
59.934368
59.916962
59.909088
59.930786
59.904545
Control Period
59.901184
59.908222
59.903587
59.887039
59.941635
59.933727
59.938141
59.895264
59.901600
Control Period
59.920349
59.922016
59.908707
59.917694
59.897217
59.899136
59.884834
59.898849
Control Period
59.927200
59.876701
59.889923
59.911102
59.928352
59.878529
59.903519
59.909058
59.891968
Control Period
59.908287
59.923615
59.909218
59.905922
59.916191
59.929886
59.893822
59.922882
Control Period
59.911072
59.929314
59.899139
59.896576
59.896481
59.964447
59.906464
59.904961
59.905952
Control Period
59.913090
59.892349
59.907234
59.906654
59.883327
59.899742
59.897537
59.922653
Control Period
59.913857
59.911232
59.900063
59.916767
59.947201
59.935486
59.922783
59.900963
Control Period
59.912445
59.913475
59.913277
59.942719
59.907295
59.888641
59.902081
59.924355
59.930271
Control Period
59.900253
59.909439
59.931038
59.932705
59.910942
59.903198
59.946625
59.952034
Control Period
59.938972
59.935905
59.901535
59.949215
59.922783
59.952034
59.930145
59.919907
59.938816
Control Period
59.913025
59.931458
59.951202
59.923519
59.873566
59.910561
59.933182
59.879585
59.895393
Control Period
59.885632
59.904831
59.894653
59.905983
59.921280
59.908958
59.914909
59.888863
Control Period
59.906685
59.875038
59.883263
59.861504
59.891678
59.894047
59.904610
59.882622
59.897438
Control Period
59.905151
59.892349
59.911232
59.894882
59.902336
59.930080
59.889313
59.882942
Control Period
59.913025
59.885757
59.900833
59.901245
59.939968
59.923294
59.919838
59.886238
59.895744
Control Period
59.916416
59.894272
59.896000
59.913025
59.902145
59.901665
59.909538
59.877823
Control Period
59.925186
59.936256
59.896706
59.897472
59.896034
59.905632
59.910881
59.912064
Control Period
59.918495
59.871967
59.905281
59.903778
59.901566
59.889984
59.908001
59.909279
59.913986
Control Period
59.891006
59.910301
59.889729
59.896034
59.906914
59.889603
59.924355
59.915745
Control Period
59.905792
59.951714
59.910690
59.906273
59.932800
59.926781
59.941792
59.941055
59.960510
59.905602
Control Period
59.921535
59.912193
59.943104
59.903709
59.912865
59.912415
59.889313
59.922241
59.903870
Control Period
59.916641
59.908512
59.923904
59.919903
59.918945
59.905312
59.911552
59.872383
Control Period
59.906082
59.914368
59.904961
59.887199
59.894081
59.896000
59.917824
59.900162
59.907616
Control Period
59.901920
59.902077
59.899422
59.885246
59.893120
59.869026
59.924385
59.881184
Control Period
59.888832
59.867393
59.896034
59.883011
59.873440
59.887550
59.870689
59.873825
Control Period
59.908768
59.870689
59.878944
59.888096
59.861122
59.873123
59.902206
59.891617
Control Period
59.892830
59.866592
59.882561
59.884544
59.866207
59.901794
59.867874
59.863647
59.892193
Control Period
59.873760
59.917564
59.889759
59.933662
59.915840
59.881538
59.881439
59.884766
Control Period
59.911423
59.911041
59.914528
59.904289
59.903679
59.893696
59.881889
59.899681
Control Period
59.903709
59.875263
59.871647
59.894943
59.902977
59.918114
59.893250
59.917854
59.896126
Control Period
59.919552
59.922974
59.918945
59.882370
59.882141
59.877090
59.904449
59.887550
59.893280
Control Period
59.883072
59.914078
59.917152
59.905663
59.905090
59.915710
59.922531
59.911968
Control Period
59.916096
59.912766
59.891586
59.923103
59.936066
59.929443
59.937504
59.857151
59.869949
Control Period
59.892418
59.909439
59.894592
59.908417
59.929726
59.899391
59.917183
59.928864
Control Period
59.912865
59.951904
59.928257
59.914337
59.938175
59.909504
59.928608
59.937088
59.940094
Control Period
59.933022
59.904736
59.876705
59.878719
59.913151
59.907326
59.870209
59.883774
Control Period
59.906399
59.886303
59.916573
59.943489
59.899136
59.883423
59.891712
59.905151
Control Period
59.918240
59.916191
59.925282
59.922493
59.934563
59.897438
59.949310
59.910461
Control Period
59.923645
59.940483
59.916225
59.901505
59.947166
59.942238
59.923744
59.943489
59.921410
Control Period
59.956738
59.926399
59.926945
59.906723
59.907200
59.916832
59.939457
59.946594
59.887619
Control Period
59.895233
59.906849
59.940289
59.929474
59.923489
59.918785
59.911648
59.974495
59.916573
Control Period
59.946274
59.900253
59.904610
59.921730
59.911934
59.915871
59.907555
59.921822
59.890114
59.897057
Control Period
59.933376
59.897121
59.931137
59.925121
59.936287
59.933632
59.908031
59.895519
Control Period
59.918526
59.922592
59.895454
59.923073
59.935455
59.931007
59.934238
59.908577
59.912445
Control Period
59.905472
59.919075
59.919071
59.906815
59.895935
59.898209
59.925087
59.925537
Control Period
59.917923
59.918114
59.899841
59.913567
59.923775
59.922752
59.902817
Control Period
59.878944
59.894081
59.894974
59.887615
59.917568
59.902176
59.893250
59.875778
Control Period
59.880035
59.879715
59.908161
59.934303
59.893410
59.899200
59.921535
59.922081
59.916512
59.911774
Control Period
59.901119
59.933922
59.894432
59.894817
59.917374
59.921921
59.898209
59.888130
Control Period
59.890976
59.892319
59.877663
59.899490
59.902626
59.897793
59.877823
59.909504
59.932770
Control Period
59.925888
59.884193
59.913155
59.891586
59.911522
59.887009
59.923294
59.872063
Control Period
59.904415
59.911488
59.916096
59.881248
59.874977
59.909569
59.891041
59.881119
59.881855
Control Period
59.929504
59.889854
59.893536
59.860291
59.878944
59.892033
59.884354
59.890274
Control Period
59.868641
59.899101
59.910019
59.876770
59.876991
59.866211
59.880447
59.881599
Control Period
59.885921
59.882080
59.905823
59.882622
59.906303
59.884033
59.871105
59.869633
59.884995
Control Period
59.872223
59.886913
59.882465
59.869919
59.891777
59.900959
59.893730
59.883713
Control Period
59.887615
59.861664
59.865440
59.888130
59.904610
59.878529
59.890591
59.917313
59.908512
Control Period
59.906624
59.923199
59.927711
59.888382
59.901855
59.890366
59.892349
59.914879
59.890366
59.894367
Control Period
59.904736
59.887104
59.900063
59.866142
59.877953
59.884354
59.882015
Control Period
59.888161
59.869278
59.863167
59.878654
59.910561
59.911903
59.923328
59.916382
Control Period
59.879456
59.884926
59.903648
59.893345
59.845600
59.859520
59.866753
