59.324448
58.589699
58.596992
58.591774
58.700256
58.583778
58.608734
58.586655
58.600319
58.580864
58.606750
58.606945
58.634689
58.708191
58.591774
58.608959
58.628578
58.612415
58.593121
58.595711
58.619392
58.614368
58.706753
58.616798
58.637726
58.591011
58.634369
58.629181
58.613121
Control Period
58.648960
58.634178
58.702370
58.601089
58.616512
58.632195
58.591293
58.613216
Control Period
58.644127
58.614143
58.598209
58.617569
58.617889
58.612190
58.594303
58.700386
Control Period
58.617409
58.623390
58.582848
58.605022
58.654240
58.623230
58.594498
58.596127
58.662941
Control Period
58.638817
58.631199
58.572670
58.613537
58.602623
58.617313
58.579102
58.596481
Control Period
58.672066
58.637985
58.571678
58.582497
58.629440
58.634209
58.554558
58.571327
Control Period
58.648193
58.667297
58.676285
58.619263
58.570274
58.624512
58.661346
58.609119
58.576481
Control Period
58.588287
58.609024
58.573410
58.586243
58.621311
58.695679
58.628670
58.598785
Control Period
58.586624
58.584290
58.595619
58.609665
58.623840
58.589790
58.688446
58.591553
Control Period
58.616447
58.612511
58.585888
58.624130
58.612541
58.629185
58.621792
58.715744
58.627968
Control Period
58.626144
58.594688
58.621666
58.613342
58.593472
58.617378
58.598080
58.695648
Control Period
58.583519
58.616066
58.620193
58.636002
58.612896
58.600189
58.587936
58.639072
Control Period
58.683838
58.591423
58.605473
58.597794
58.615807
58.624031
58.620255
58.592926
58.600960
Control Period
58.657696
58.603424
58.600674
58.601410
58.590561
58.613983
58.612320
58.617699
Control Period
58.620064
58.601601
58.581154
58.599392
58.647968
58.625504
58.589951
58.595329
58.628098
Control Period
58.623615
58.681087
58.590240
58.619072
58.614243
58.625439
58.587360
58.604576
58.658783
Control Period
58.606945
58.614048
58.615295
58.635231
58.633087
58.618530
58.601440
58.603363
Control Period
58.613251
58.605343
58.644447
58.609055
58.626400
58.609375
58.638878
58.659679
Control Period
58.634464
58.623520
58.611870
58.602718
58.619774
58.616161
58.620995
58.596992
Control Period
58.617344
58.614563
58.611969
58.589539
58.652191
58.662624
58.610432
58.620445
58.593216
Control Period
58.619263
58.618851
58.634560
58.620865
58.645153
58.619648
58.622658
58.610977
Control Period
58.663742
58.604992
58.592094
58.602913
58.595230
58.656799
58.596992
58.573280
58.594559
Control Period
58.634178
58.607742
58.596382
58.621696
58.617599
58.709633
58.611839
58.597374
Control Period
58.606274
58.635712
58.634785
58.641342
58.575871
58.591423
58.681633
58.623840
58.637215
Control Period
58.590816
58.592163
58.606369
58.629601
58.624001
58.600288
58.634239
58.626114
Control Period
58.614273
58.613697
58.590431
58.624161
58.592415
58.609314
58.626080
58.625122
58.606781
Control Period
58.605057
58.599968
58.598686
58.617889
58.605568
58.586369
58.698082
Control Period
58.571999
58.607201
58.606018
58.619583
58.590691
58.616226
58.599266
58.621601
58.620926
Control Period
58.610336
58.604321
58.623680
58.581245
58.575554
58.579487
58.596001
58.583359
58.604065
Control Period
58.628510
58.591488
58.616318
58.584225
58.593506
58.612099
58.630142
58.583584
Control Period
58.612511
58.695103
58.592926
58.617439
58.612961
58.588318
58.593758
58.608128
58.594143
Control Period
58.619682
58.720383
58.636002
58.582527
58.608482
58.599712
58.615391
58.589310
58.557568
Control Period
58.590431
58.593758
58.654270
58.598366
58.578880
58.569633
58.634880
58.611359
Control Period
58.615135
58.601856
58.620323
58.635551
58.600704
58.587677
58.565277
58.585983
58.582146
Control Period
58.618301
58.661152
58.606785
58.645790
58.636322
58.595169
58.598434
58.578785
Control Period
58.612000
58.607361
58.627296
58.615074
58.639297
58.608543
58.614754
58.576546
58.599136
Control Period
58.591423
58.583744
58.613022
58.590111
58.623169
58.595459
58.582237
58.587296
58.601501
Control Period
58.645630
58.575714
58.606049
58.581184
58.574593
58.576801
58.600098
58.600609
Control Period
58.609024
58.639999
58.585182
58.622688
58.603134
58.613251
58.589470
58.586754
58.584000
Control Period
58.607903
58.623264
58.584961
58.598755
58.603134
58.612610
58.607422
58.609474
Control Period
58.627296
58.609375
58.639072
58.601025
58.608128
58.627426
58.571838
58.603745
Control Period
58.619453
58.639999
58.580223
58.704609
58.585217
58.639198
58.617538
58.562496
58.625984
Control Period
58.596802
58.599422
58.606270
58.577789
58.561920
58.614204
58.573341
Control Period
58.657539
58.615166
58.563713
58.574562
58.643806
58.606239
58.606144
58.569824
58.588768
Control Period
58.593697
58.598465
58.553375
58.613537
58.629730
58.605247
58.630337
58.555779
Control Period
58.628227
58.601921
58.635296
58.611328
58.629601
58.654785
58.617409
58.609280
58.586754
Control Period
58.595070
58.640575
58.643486
58.610306
58.601856
58.620895
58.612289
Control Period
58.587967
58.578529
58.696575
58.625248
58.596897
58.598175
58.608253
58.598595
58.627392
58.590881
Control Period
58.616898
58.566307
58.711998
58.598785
58.648003
58.654274
58.606621
Control Period
58.611198
58.593407
58.587837
58.631874
58.568192
58.574654
58.600544
58.618080
58.610596
Control Period
58.588898
58.616512
58.581566
58.580128
58.637440
58.590302
58.588127
58.588638
58.685059
Control Period
58.560349
58.612030
58.588638
58.610817
58.596642
58.619453
58.577057
58.596066
Control Period
58.662273
58.621826
58.626434
58.602463
58.627552
58.590431
58.589699
58.561409
Control Period
58.621727
58.662304
58.634941
58.556381
58.602528
58.606560
58.617889
58.601696
58.605022
Control Period
58.586174
58.675743
58.609280
58.624256
58.610947
58.587105
58.655552
58.628864
Control Period
58.631840
58.586754
58.638943
58.574528
58.596642
58.617088
58.620033
58.582848
58.608097
Control Period
58.595711
58.612221
58.705215
58.630081
58.592606
58.585121
58.592926
58.574913
Control Period
58.616547
58.568993
58.624352
58.691872
58.609726
58.583393
58.585983
58.598335
58.618656
Control Period
58.613537
58.574528
58.589630
58.657440
58.629185
58.609955
58.594559
58.581726
Control Period
58.618561
58.591843
58.602783
58.555840
58.648033
58.593376
58.591202
58.618912
Control Period
58.612160
58.617981
58.610146
58.610718
58.616928
58.601791
58.579937
58.615391
58.614689
Control Period
58.620834
58.588478
58.603680
58.618240
58.608894
58.693886
58.573215
58.578941
Control Period
58.583519
58.615170
58.611267
58.616703
58.690880
58.566910
58.634018
58.607040
58.620926
Control Period
58.606464
58.616798
58.603043
58.604477
58.615265
58.579842
58.646305
58.599392
Control Period
58.613953
58.600769
58.611969
58.611839
58.616066
58.606979
58.637600
58.621346
58.598846
Control Period
58.622078
58.662273
58.638878
58.624962
58.556541
58.606689
58.607071
58.598434
58.632095
Control Period
58.588448
58.575775
58.601376
58.686241
58.616192
58.612831
58.601055
58.587997
Control Period
58.598175
58.557663
58.584415
58.582947
58.621407
58.584160
58.594017
58.589088
58.592159
Control Period
58.694397
58.586884
58.586594
58.600128
58.592224
58.587074
58.606621
58.608223
Control Period
58.602303
58.639999
58.617790
58.609474
58.592094
58.616989
58.677315
58.609726
58.561729
Control Period
58.579491
58.623779
58.611008
58.618431
58.612099
58.586880
58.630623
58.604416
58.607296
58.579262
Control Period
58.594688
58.581955
58.584450
58.601185
58.575584
58.572449
58.662750
58.602367
Control Period
58.584095
58.586208
58.610176
58.591682
58.607010
58.610817
58.601120
58.704254
Control Period
58.614944
58.620834
58.612831
58.613762
58.618431
58.596001
58.599426
58.705215
58.620705
58.617630
Control Period
58.597122
58.604160
58.599007
58.623264
58.574173
58.705345
58.613216
58.627937
Control Period
58.736130
58.574081
58.602814
58.594784
58.633789
58.581249
58.590622
58.633347
Control Period
58.644222
58.622017
58.622849
58.573345
58.603039
58.611519
58.622177
58.598240
Control Period
58.616127
58.669823
58.641693
58.572510
58.570084
58.602974
58.615074
58.634750
58.595650
Control Period
58.562302
58.667999
58.598335
58.575840
58.606750
58.560257
58.584381
58.590942
Control Period
58.591232
58.567261
58.629280
58.587906
58.592766
58.600224
58.566689
58.620449
58.604641
Control Period
58.579552
58.611649
58.564926
58.694145
58.586525
58.600739
58.645538
58.606400
58.598946
58.600128
Control Period
58.580288
58.579262
58.584511
58.539841
58.572098
58.584576
58.573250
58.593311
Control Period
58.578819
58.603615
58.586624
58.594784
58.579170
58.585503
58.594719
58.636768
58.573151
Control Period
58.693405
58.605438
58.603645
58.591297
58.633087
58.574944
58.636414
58.588192
58.589119
Control Period
58.612160
58.581314
58.565407
58.589729
58.583168
58.621441
58.591042
58.574333
58.600639
Control Period
58.609695
58.736641
58.579391
58.558205
58.592640
58.566658
58.626144
58.595745
58.584961
Control Period
58.601601
58.691967
58.599236
58.616829
58.574112
58.608223
58.588673
58.618561
Control Period
58.616638
58.617950
58.696190
58.604446
58.594048
58.617119
58.595455
58.581985
Control Period
58.614174
58.589409
58.624481
58.748093
58.571297
58.609985
58.602943
58.610558
58.608162
Control Period
58.592545
58.636223
58.624832
58.702209
58.621471
58.591488
58.612740
58.621151
Control Period
58.609184
58.604286
58.568993
58.557533
58.645760
58.640705
58.586014
58.554432
58.604515
Control Period
58.606815
58.579422
58.576256
58.582817
58.621792
58.658813
58.585854
58.578911
58.594688
58.604446
Control Period
58.763229
58.594078
58.621246
58.635391
58.620865
58.612736
58.619614
58.599457
Control Period
58.615906
58.701057
58.603394
58.573471
58.609505
58.599106
58.631454
58.605217
58.615200
Control Period
58.608513
58.623295
58.713570
58.572639
58.610306
58.619518
58.619743
58.637344
58.603966
Control Period
58.594368
58.627426
58.692223
58.624672
58.640610
58.593758
58.618240
58.648193
Control Period
58.601822
58.695778
58.607521
58.638496
58.590530
58.622849
58.639553
58.703102
Control Period
58.603840
58.601952
58.629570
58.629601
58.620064
58.607071
58.629921
58.633568
58.628895
Control Period
58.638496
58.624832
58.614334
58.611107
58.623138
58.621155
58.620384
58.621922
58.601181
Control Period
58.670273
58.609600
58.643166
58.581314
58.582241
58.587135
58.588928
58.614559
Control Period
58.596031
58.619137
58.628288
58.624928
58.601826
58.603104
58.647614
58.612030
58.599648
Control Period
58.616959
58.634464
58.593506
58.602112
58.604256
58.583618
58.744320
58.592674
58.579712
Control Period
58.604317
58.598625
58.631134
58.598591
58.586880
58.614304
58.599041
58.641922
Control Period
58.593185
58.592545
58.598785
58.599907
58.636192
58.605278
58.582592
58.602432
58.721123
58.602814
Control Period
58.575233
58.592415
58.592865
58.591904
58.621506
58.573250
58.586334
58.712158
Control Period
58.634270
58.616352
58.597408
58.611423
58.609184
58.629791
58.591133
58.594017
Control Period
58.639618
58.616318
58.625694
58.583229
58.577278
58.632286
58.583839
58.587200
58.612576
Control Period
58.682816
58.582111
58.612896
58.582592
58.556099
58.602493
58.602654
58.599937
Control Period
58.568287
58.697823
58.605984
58.575455
58.617188
58.581696
58.578114
58.575554
58.592865
Control Period
58.612671
58.697502
58.597088
58.598721
58.579102
58.613953
58.561279
58.575775
Control Period
58.619328
58.610817
58.705475
58.553635
58.581184
58.587360
58.571873
58.587681
58.607231
Control Period
58.580162
58.590401
58.582527
58.603168
58.588638
58.597248
58.645664
58.659103
Control Period
58.622719
58.632446
58.606174
58.599457
58.592319
58.586754
58.626911
58.712673
Control Period
58.601921
58.620766
58.612770
58.606270
58.573761
58.583138
58.632896
58.611168
58.598846
Control Period
58.642143
58.567295
58.579296
58.583744
58.628899
58.592163
58.594463
58.583809
Control Period
58.483330
58.458656
58.494400
58.461185
58.477730
58.465088
58.474304
58.472351
58.462753
58.493599
58.461342
58.482849
58.465950
58.462723
58.447872
58.476097
58.442337
58.466019
58.459137
58.459106
58.474144
58.492638
58.456577
58.471550
58.460510
58.470787
59.816639
59.566399
