113.397
112.368
113.025
113.658
114.72
113.931
114.632
116.901
116.125
115.637
114.259
115.553
114.35
115.627
115.024
115.235
116.308
115.864
116.559
116.418
117.014
116.256
114.809
115.829
115.199
114.933
116.027
116.296
116.213
116.145
114.985
116.42
116.446
116.316
115.062
115.33
115.437
116.183
116.1
114.688
114.237
114.209
113.806
113.941
115.35
115.535
115.248
114.478
115.687
115.004
116.187
115.994
115.782
115.112
117.226
114.895
114.688
114.492
116.252
115.291
116.022
115.837
115.157
116.796
116.073
115.772
115.53
115.763
115.505
116.368
115.287
114.365
115.425
114.699
116.01
115.429
116.283
116.102
116.603
115.792
115.638
115.526
115.654
116.696
116.269
114.654
113.741
116.644
114.671
114.39
114.639
114.898
115.03
116.307
115.991
115.97
116.392
116.37
115.977
113.689
115.261
116.186
116.564
114.809
115.78
116.265
116.719
114.854
115.565
114.408
114.297
114.308
113.481
115.792
