3867
5912.5
6204
6302.5
6786
6515
6673
6633.5
6515
6184.5
6653
6614
6633.5
6495.5
6726.5
6495.5
6248.5
6456
6574.5
6342.5
6594
6495.5
6673
6535
6613.5
6460.5
6456
6535
6534.5
6534.5
6480.5
6613.5
6574
6500.5
6613.5
6495.5
6539.5
6731.5
6480.5
6416.5
6495.5
6515
6539.5
6416.5
6614
6475.5
6574.5
6436
6495.5
6480.5
6436
6746.5
6382
6476
6534.5
6707
6515
6456
6495.5
6515
6495.5
6633.5
6687
6476
6436
6574
6554.5
6421.5
6791.5
6244
6495.5
6461
6460.5
6535
6554.5
6766
6515.5
6614
6263.5
6535
6712.5
6830.5
6461
6574.5
6416.5
6535
6476
6594
6732
6495.5
6456
6771.5
6495
6480.5
6456
6342.5
6653
6752
6535
6574.5
6500.5
6633.5
6574.5
6362.5
6574
6534.5
6495
6421.5
6495.5
6342.5
