815.366
-47
-209.815
-106.741
49.8887
-75.0371
-69
-22.1479
-13.5557
8.96289
33.4443
72.1479
-6.75
-115.111
-2.3335
-70.2593
2.14307
14.0742
-47.2222
-109.593
114.444
64.4072
50.0356
109
-90.4072
-40.5
-98.3706
9.03711
23.3213
124.148
-190.857
-62.3335
68.6924
96.2222
43.7036
-33.7036
15.8887
7.85693
42.1113
110.923
26
22.5186
50.3335
-181.963
64.9629
-10.6665
-99.8149
-37.6069
1.70361
14.0742
-66.5557
22.4443
18.7778
74.0371
77.3706
-64.1851
-69.1851
89.3335
55.3706
-58.2964
-16.1431
-98.1787
-83.7778
-12.5186
123.556
-48.7036
0.714355
28.7407
-33.7407
115.964
38.1479
2.37061
-58.4287
-51.1538
-23.9644
-113.481
64.9229
-66.0713
97.0371
21.4072
8.29639
-70.2222
-75.3213
44.1113
142
17.7407
-18.4814
16.9629
105.333
61.5557
-14.7778
-82.7036
-272.464
62
59.7407
-13.2593
-89.5928
87.8149
133.667
-104.857
-68.4443
36.8149
98.0742
-18.3706
-25.3931
1.29639
64.1113
52.1479
15.2222
-94.4443
46.5713
-22.3335
2.65381
-92.5908
