0.707511
0.772453
0.80215
0.827748
0.849178
0.866401
0.88023
0.891043
0.898858
0.905297
0.90985
0.912998
0.914945
0.916576
0.91779
0.918278
0.918578
0.91886
0.918767
0.918503
0.918243
0.917932
0.91761
0.917423
0.917251
0.916962
0.916517
0.915773
0.915504
0.915109
0.914833
0.914267
0.913814
0.913573
0.913106
0.912795
0.91258
0.911902
0.911969
0.91144
0.911244
0.910996
0.910271
0.910074
0.909968
0.909789
0.909466
0.908988
0.908814
0.908665
0.908362
0.907835
0.907665
0.907612
0.907458
0.907093
0.90696
0.906547
0.906409
0.906217
0.906126
0.905936
0.905537
0.905497
0.905361
0.905091
0.905019
0.904901
0.904632
0.904448
0.904332
0.904293
0.904432
0.904016
0.90371
0.903734
0.903605
0.903401
0.903377
0.903494
0.90324
0.902909
0.903161
0.902682
0.903011
0.902929
0.902639
0.902878
0.902679
0.902703
0.902337
0.902052
0.902347
0.902367
0.902202
0.90217
0.90181
0.902115
0.901623
0.901683
0.901731
0.901605
0.901432
0.901663
0.901424
0.901326
0.9015
0.901528
0.901458
0.901264
0.901251
0.901242
0.901186
0.900827
0.900931
0
