80
75.9343
73.177
70.9768
69.2572
67.9386
66.9419
66.2048
65.6684
65.2823
65.0167
64.8408
64.7309
64.6616
64.6276
64.6217
64.6316
64.6539
64.6866
64.7257
64.7645
64.8082
64.8523
64.8948
64.9438
64.994
65.048
65.0968
65.1408
65.1862
65.2302
65.2748
65.3128
65.3508
65.3901
65.4245
65.4607
65.4977
65.524
65.5572
65.5862
65.6166
65.649
65.6742
65.7021
65.7335
65.7614
65.7889
65.8137
65.8372
65.8637
65.8896
65.9092
65.9279
65.9473
65.9673
65.9878
66.0065
66.0226
66.0392
66.0534
66.0695
66.0878
66.1025
66.1189
66.1343
66.1482
66.1639
66.1768
66.189
66.2
66.2101
66.2197
66.2336
66.2428
66.2531
66.2586
66.2662
66.2723
66.2799
66.2879
66.2927
66.2961
66.3044
66.3093
66.3188
66.3295
66.3383
66.3457
66.3537
66.3694
66.3764
66.3779
66.3853
66.3938
66.3996
66.4082
66.4139
66.4214
66.4258
66.4306
66.4351
66.4372
66.4375
66.4414
66.4426
66.448
66.451
66.4553
66.4614
66.4633
66.4676
66.4722
66.4769
66.4771
0
