0.709808
0.75295
0.766938
0.779216
0.789642
0.798217
0.805557
0.811686
0.816716
0.821316
0.825165
0.82848
0.831151
0.833844
0.836365
0.838401
0.840429
0.842362
0.844354
0.845928
0.847608
0.849231
0.850711
0.852531
0.853901
0.855487
0.856667
0.857897
0.859371
0.860569
0.861822
0.862804
0.86393
0.865121
0.866072
0.867295
0.868272
0.868976
0.869998
0.870936
0.871892
0.872858
0.873644
0.874431
0.875553
0.876104
0.876834
0.877511
0.878291
0.879044
0.879696
0.880237
0.880744
0.881487
0.882046
0.882659
0.883179
0.883664
0.88418
0.884577
0.885161
0.885798
0.88612
0.886643
0.887043
0.887449
0.887942
0.888313
0.888647
0.88896
0.889282
0.889561
0.890083
0.890319
0.890589
0.89083
0.891098
0.891421
0.891845
0.89189
0.892273
0.892333
0.892662
0.89286
0.89319
0.893559
0.893746
0.893775
0.894146
0.894517
0.894527
0.894507
0.894845
0.895025
0.895108
0.895393
0.895514
0.895654
0.895729
0.895899
0.896036
0.896068
0.896067
0.896284
0.896401
0.896684
0.896652
0.896845
0.897006
0.897036
0.897182
0.897342
0.897415
0.897487
0.897412
0
