80
75.8722
73.0486
70.7829
68.9988
67.6175
66.5602
65.7647
65.1736
64.7348
64.4205
64.1984
64.044
63.9328
63.8597
63.8173
63.7924
63.7817
63.7837
63.7937
63.8057
63.8229
63.8423
63.8622
63.8892
63.9191
63.9532
63.9842
64.0105
64.0395
64.0679
64.098
64.1228
64.1475
64.1742
64.1973
64.2224
64.249
64.2665
64.291
64.3119
64.3346
64.3592
64.3769
64.3967
64.4207
64.4427
64.4642
64.4826
64.501
64.5221
64.5424
64.5569
64.571
64.5869
64.6035
64.6196
64.635
64.6473
64.6604
64.6717
64.6849
64.6998
64.7107
64.7237
64.7362
64.7469
64.7596
64.7706
64.7804
64.7889
64.797
64.8051
64.818
64.8261
64.8334
64.8386
64.8448
64.8497
64.8563
64.864
64.869
64.8713
64.8789
64.8819
64.8905
64.9002
64.9074
64.9153
64.9232
64.9368
64.9428
64.9437
64.9507
64.9591
64.9649
64.9729
64.9771
64.9847
64.9875
64.9913
64.9956
64.9976
64.9975
65.0016
65.0028
65.0066
65.01
65.0147
65.0205
65.0226
65.0265
65.0308
65.035
65.0344
0
