59.346176
58.600861
58.581566
58.589630
58.605507
58.559105
58.557022
58.592640
58.587517
58.614208
58.575840
58.584736
58.717758
58.596321
58.623138
58.589088
58.577343
58.597824
58.576958
58.575680
58.548035
58.685661
58.616161
58.575680
58.580063
58.593441
58.594303
58.582748
Control Period
58.629311
58.619614
58.611267
58.681824
58.572865
58.580894
58.592384
58.576000
58.604866
Control Period
58.555584
58.583710
58.584705
58.631584
58.584290
58.580994
58.578785
58.667778
Control Period
58.588032
58.577698
58.568573
58.580448
58.603840
58.599167
58.565437
58.585632
58.644833
Control Period
58.597794
58.616638
58.577919
58.608063
58.559647
58.586559
58.589664
58.601791
Control Period
58.656353
58.559616
58.553474
58.558846
58.591648
58.594368
58.571358
58.570114
58.599072
Control Period
58.660992
58.583263
58.560158
58.601662
58.566269
58.600479
58.576832
58.556641
Control Period
58.596642
58.647362
58.589024
58.570751
58.588001
58.598881
58.601891
58.600895
58.600258
Control Period
58.554146
58.590336
58.582047
58.599232
58.581696
58.593407
58.553696
Control Period
58.582947
58.600960
58.658142
58.606750
58.589439
58.595810
58.600739
58.598915
58.597443
Control Period
58.597473
58.604351
58.655457
58.681919
58.589760
58.590305
58.595104
58.619102
58.598816
Control Period
58.641022
58.617184
58.601631
58.618591
58.607071
58.620129
58.607071
58.591522
Control Period
58.594559
58.601791
58.603073
58.586113
58.628384
58.579872
58.569695
58.630943
58.576286
Control Period
58.608543
58.593216
58.612701
58.592926
58.610111
58.592094
58.592033
58.615135
58.576706
Control Period
58.635040
58.593918
58.611618
58.609600
58.623489
58.617569
58.602943
58.584160
Control Period
58.566467
58.620514
58.696064
58.579582
58.601250
58.580734
58.578114
58.631554
58.563774
Control Period
58.608093
58.595104
58.695583
58.578178
58.574623
58.599712
58.572227
58.598045
58.563042
Control Period
58.571457
58.650146
58.741184
58.568481
58.587040
58.549217
58.588959
58.595425
Control Period
58.613632
58.578239
58.580254
58.694241
58.595455
58.593407
58.591873
58.578529
58.595520
Control Period
58.610111
58.564995
58.593761
58.657726
58.606529
58.572735
58.555904
58.596130
Control Period
58.582436
58.576866
58.605186
58.551453
58.644989
58.583298
58.570271
58.598080
58.559391
Control Period
58.572449
58.574368
58.575134
58.589695
58.682209
58.560318
58.578880
58.573311
Control Period
58.576000
58.576286
58.567490
58.585217
58.573280
58.621151
58.570557
58.588512
Control Period
58.556095
58.640350
58.582146
58.599487
58.582016
58.594849
58.595070
58.556610
58.591713
Control Period
58.596863
58.567039
58.573601
58.615326
58.595490
58.610207
58.671425
58.589249
Control Period
58.576958
58.598625
58.592255
58.632767
58.643967
58.608448
58.616959
58.621120
Control Period
58.646656
58.601536
58.694496
58.597057
58.623329
58.589695
58.546402
58.555008
Control Period
58.577408
58.591843
58.585533
58.694946
58.545536
58.607967
58.580963
58.615677
Control Period
58.595905
58.595299
58.565598
58.580963
58.662689
58.622337
58.596928
58.580132
58.616959
Control Period
58.612576
58.596416
58.583073
58.601662
58.650269
58.598591
58.574432
58.607742
Control Period
58.603134
58.623169
58.582817
58.590462
58.603615
58.686050
58.584450
58.618015
Control Period
58.611839
58.640064
58.601536
58.613503
58.604355
58.558208
58.643105
58.567970
58.583263
Control Period
58.558495
58.564064
58.584320
58.627392
58.620224
58.567299
58.692097
58.556770
Control Period
58.600384
58.599327
58.571938
58.585823
58.587746
58.570206
58.583649
58.728256
58.558144
Control Period
58.615776
58.569023
58.612545
58.584991
58.615456
58.609921
58.616833
Control Period
58.576706
58.595104
58.591488
58.598625
58.682846
58.588001
58.585503
58.586849
58.585377
Control Period
58.610752
58.592896
58.581566
58.610752
58.631454
58.629250
58.601856
58.606270
Control Period
58.576225
58.596481
58.591843
58.586624
58.576897
58.590176
58.604385
58.584160
58.611519
58.568993
Control Period
58.574432
58.693153
58.601120
58.563808
58.601536
58.554077
58.690269
58.614624
58.588543
Control Period
58.573280
58.540863
58.592285
58.603806
58.606461
58.587841
58.687775
58.586815
Control Period
58.595139
58.560799
58.616928
58.574272
58.585503
58.589535
58.662849
58.677696
58.571136
Control Period
58.619137
58.595840
58.617310
58.642975
58.578529
58.570496
58.597725
58.646015
Control Period
58.596191
58.555298
58.560287
58.574593
58.580383
58.585091
58.572865
58.559711
58.674942
Control Period
58.591648
58.609154
58.596481
58.570721
58.582176
58.596191
58.596416
58.559074
Control Period
58.667938
58.598209
58.565277
58.597023
58.592960
58.606178
58.598015
58.594818
58.569954
Control Period
58.727009
58.578941
58.612545
58.584961
58.584255
58.615135
58.586815
58.584160
Control Period
58.595360
58.659584
58.594368
58.618656
58.575905
58.629311
58.600544
58.597279
58.605503
Control Period
58.571075
58.542175
58.635490
58.585533
58.597343
58.581955
58.579842
58.700447
58.580608
Control Period
58.608131
58.619808
58.619873
58.568577
58.583904
58.574402
58.570175
58.706017
58.573280
Control Period
58.601215
58.600063
58.633953
58.585377
58.598526
58.612831
58.621758
58.591969
58.642334
Control Period
58.595455
58.610592
58.573822
58.607010
58.595776
58.585312
58.607903
58.699554
Control Period
58.607521
58.586243
58.621536
58.605408
58.625088
58.545792
58.564800
58.593987
58.594528
Control Period
58.651390
58.550179
58.574883
58.574688
58.589630
58.666687
58.620609
58.544384
58.591969
Control Period
58.588448
58.613216
58.579777
58.590176
58.595390
58.674305
58.627357
58.574432
Control Period
58.568737
58.639553
58.615681
58.605503
58.616638
58.580769
58.694366
58.575455
58.591999
Control Period
58.611778
58.605858
58.577984
58.599266
58.589890
58.597183
58.661377
58.567581
Control Period
58.632256
58.604481
58.673309
58.559296
58.588669
58.582787
58.641441
58.581757
58.602722
Control Period
58.608833
58.576675
58.584450
58.580513
58.566399
58.554398
58.609375
58.676640
Control Period
58.608093
58.616638
58.591167
58.597954
58.616032
58.577984
58.615677
58.552162
58.599167
Control Period
58.589504
58.578018
58.598946
58.581985
58.675613
58.588223
58.593121
58.576351
58.582432
Control Period
58.598114
58.586815
58.585503
58.581825
58.584221
58.703232
58.586884
58.581635
58.597919
Control Period
58.584255
58.615936
58.605858
58.612740
58.596863
58.632797
58.575359
58.579521
Control Period
58.584545
58.556320
58.551743
58.613537
58.573021
58.562080
58.669823
58.593216
58.611519
Control Period
58.568897
58.594307
58.604195
58.619518
58.551487
58.563072
58.658401
58.587166
Control Period
58.615616
58.564766
58.587296
58.607262
58.603104
58.619808
58.596127
58.597473
58.585922
58.605858
Control Period
58.604767
58.600033
58.593281
58.636703
58.555168
58.608414
58.577538
58.560799
Control Period
58.613022
58.589409
58.569534
58.610497
58.641182
58.564034
58.605728
58.614399
58.567070
Control Period
58.593025
58.581505
58.595680
58.619743
58.668259
58.596416
58.555584
58.598114
Control Period
58.600895
58.587555
58.580254
58.599361
58.560032
58.670113
58.583839
58.582176
58.578430
Control Period
58.577152
58.587677
58.591904
58.594879
58.600479
58.566078
58.597153
58.590401
58.608414
Control Period
58.597889
58.616737
58.583744
58.605408
58.587585
58.560799
58.590080
58.583488
Control Period
58.591713
58.592865
58.602753
58.690113
58.526749
58.610943
58.569405
58.601440
58.573120
Control Period
58.577187
58.597954
58.598400
58.711105
58.601822
58.581635
58.619328
58.578369
58.640896
58.591553
Control Period
58.576992
58.563454
58.597954
58.584225
58.580994
58.620514
58.579491
58.673950
Control Period
58.570366
58.583904
58.580574
58.587807
58.557022
58.588543
58.585602
58.617729
Control Period
58.646782
58.575199
58.573887
58.605728
58.574913
58.600418
58.602242
58.587486
58.562431
Control Period
58.587326
58.596222
58.579170
58.580803
58.554237
58.629791
58.599907
58.580414
Control Period
58.597919
58.573311
58.581635
58.590080
58.564514
58.577984
58.580929
58.595200
58.586334
58.561024
Control Period
58.583679
58.599457
58.553154
58.585373
58.576126
58.605473
58.606335
58.559746
Control Period
58.581375
58.579136
58.584961
58.702690
58.567425
58.578339
58.582016
58.603363
58.595840
Control Period
58.573761
58.575554
58.618462
58.579487
58.572704
58.618145
58.549858
58.613216
58.588863
Control Period
58.593792
58.583199
58.544319
58.597954
58.585922
58.545410
58.545536
Control Period
58.557247
58.589088
58.588863
58.562016
58.670303
58.607296
58.566143
58.587585
58.574688
Control Period
58.571136
58.554943
58.578339
58.570721
58.602112
58.534813
58.552254
58.556160
Control Period
58.593697
58.589920
58.577538
58.552448
58.592834
58.608353
58.602814
58.594910
Control Period
58.600063
58.575809
58.611744
58.578590
58.566429
58.604095
58.651329
58.574177
58.561920
Control Period
58.556385
58.595520
58.585793
58.558655
58.567581
58.603455
58.602753
Control Period
58.587296
58.553154
58.579231
58.568607
58.590656
58.568832
58.566975
58.732449
58.688255
58.599037
Control Period
58.598495
58.566849
58.583038
58.582367
58.612099
58.602402
58.598305
58.638145
Control Period
58.593025
58.608032
58.607773
58.557632
58.593948
58.572224
58.610558
58.619137
58.694817
Control Period
58.577309
58.595200
58.613503
58.593857
58.606815
58.584351
58.585022
58.602654
Control Period
58.569725
58.564384
58.605278
58.579262
58.600319
58.612064
58.575966
58.547264
Control Period
58.604195
58.656769
58.611614
58.578880
58.569824
58.590942
58.601856
58.599457
Control Period
58.563232
58.695679
58.552414
58.589535
58.708992
58.579742
58.576096
Control Period
58.607967
58.571869
58.613632
58.600578
58.568542
58.554432
58.713505
58.618851
Control Period
58.604797
58.572895
58.585953
58.626816
58.584000
58.603680
58.613533
58.708000
58.584736
Control Period
58.583969
58.582878
58.606079
58.575775
58.605698
58.605503
58.587326
58.598175
Control Period
58.588448
58.616127
58.607262
58.597763
58.599907
58.586754
58.605343
58.598656
58.751106
Control Period
58.626846
58.582146
58.589153
58.582115
58.615776
58.605309
58.567741
58.564674
Control Period
58.679741
58.602303
58.608959
58.573601
58.583969
58.605568
58.559361
58.571617
Control Period
58.569920
58.713921
58.585922
58.597023
58.582466
58.588352
58.612000
58.605377
58.587074
Control Period
58.587200
58.697151
58.568481
58.587585
58.578911
58.615040
58.579010
58.589119
Control Period
58.587616
58.587585
58.567009
58.559010
58.606941
58.596703
58.579521
58.688671
58.545410
Control Period
58.587521
58.599106
58.601280
58.593987
58.585953
58.589569
58.593887
58.745983
58.555489
Control Period
58.588768
58.585823
58.589699
58.575104
58.562302
58.612160
58.623489
58.614723
Control Period
58.601761
58.583393
58.567455
58.607456
58.599869
58.625053
58.552769
58.571838
Control Period
58.619968
58.627041
58.601341
58.585152
58.620960
58.617569
58.610466
58.571869
58.576447
Control Period
58.626720
58.595585
58.618721
58.589985
58.626720
58.656960
58.593506
58.581696
58.584641
Control Period
58.575199
58.616096
58.610435
58.576897
58.564800
58.692993
58.624577
58.603294
Control Period
58.596607
58.571518
58.583679
58.595810
58.597794
58.576992
58.709248
58.594978
58.579330
Control Period
58.593311
58.604832
58.564796
58.575649
58.566849
58.580093
58.707298
58.630207
58.585602
58.608833
Control Period
58.571808
58.581886
58.674656
58.607933
58.597919
58.595520
58.603935
58.603359
Control Period
58.599167
58.611774
58.593761
58.586754
58.604767
58.596897
58.612064
58.633698
Control Period
58.596832
58.583263
58.600449
58.606529
58.589600
58.553761
58.566559
58.670883
Control Period
58.573120
58.590111
58.595299
58.589920
58.561569
58.596802
58.558434
58.587360
Control Period
58.441441
58.438560
58.450432
58.460865
58.418655
58.438942
58.448257
58.463039
58.449310
58.453827
Control Period
58.430687
58.464386
58.446655
58.459583
58.440575
58.461407
58.427231
58.450142
58.440033
58.478687
58.455971
58.490334
58.442528
58.460896
58.439392
58.466179
58.465759
58.463234
