60.239456
59.915459
59.902946
59.912640
59.887455
59.902016
59.875648
59.915104
59.912064
59.875618
59.887295
59.885826
59.891552
59.899551
59.896320
59.887936
59.898750
59.883392
59.877922
59.882301
59.901886
59.905312
59.902592
59.884480
59.911171
59.906174
59.902912
59.909348
Control Period
59.968353
59.914818
59.917374
59.908287
59.916382
59.920738
59.887550
59.881119
Control Period
59.886143
59.886944
59.898430
59.919006
59.899040
59.867615
59.882690
59.923584
59.897217
59.914078
Control Period
59.878174
59.919903
59.879555
59.921661
59.898464
59.901794
59.851395
59.904289
Control Period
59.898849
59.889694
59.909698
59.869568
59.892418
59.896801
59.894913
59.922882
Control Period
59.878654
59.879616
59.896927
59.898369
59.898689
59.895874
59.915138
59.861282
59.901314
Control Period
59.886559
59.906403
59.877411
59.918591
59.899391
59.918625
59.916931
59.882622
Control Period
59.898849
59.902786
59.905281
59.906052
59.874275
59.898079
59.887169
59.891552
59.911007
Control Period
59.860703
59.899651
59.877697
59.897888
59.890434
59.928543
59.875229
59.896576
59.906464
Control Period
59.913887
59.872673
59.871872
59.880386
59.900291
59.921822
59.892288
59.905727
Control Period
59.898464
59.889374
59.904510
59.898464
59.911968
59.911133
59.916512
59.920547
Control Period
59.907715
59.943008
59.924351
59.907871
59.902817
59.928799
59.937183
59.916897
Control Period
59.903008
59.928928
59.914783
59.901600
59.896385
59.889442
59.916512
59.892288
59.878113
Control Period
59.905022
59.920830
59.896355
59.873154
59.911488
59.898338
59.886398
59.901760
59.875648
Control Period
59.913567
59.921471
59.896030
59.908352
59.906242
59.898499
59.923325
59.896736
Control Period
59.900894
59.917568
59.882721
59.886944
59.884865
59.916992
59.909729
59.925438
Control Period
59.915199
59.898529
59.892067
59.897217
59.907360
59.903297
59.909184
59.895233
Control Period
59.855682
59.931519
59.909473
59.908096
59.892448
59.903297
59.921249
59.910431
59.890400
Control Period
59.884125
59.945793
59.891232
59.906689
59.893951
59.896160
59.907936
59.903553
Control Period
59.916161
59.885025
59.886147
59.868866
59.890366
59.870625
59.878593
59.889374
Control Period
59.919167
59.894848
59.920544
59.870625
59.896576
59.907711
59.890945
59.896065
59.889278
Control Period
59.877251
59.907841
59.888321
59.898270
59.886848
59.861053
59.883743
59.916801
Control Period
59.889408
59.876610
59.860962
59.881950
59.874557
59.878559
59.870018
59.872993
Control Period
59.886078
59.890244
59.889248
59.890205
59.908669
59.871811
59.894722
59.892319
59.910976
Control Period
59.913761
59.896767
59.891586
59.916031
59.876255
59.888737
59.888573
59.914848
59.914272
Control Period
59.917603
59.906113
59.919682
59.924831
59.935135
59.917408
59.908127
59.927490
59.932831
Control Period
59.933502
59.906273
59.900063
59.894882
59.918785
59.909023
59.877312
59.894688
Control Period
59.867134
59.886944
59.897697
59.915550
59.901760
59.922977
59.930305
59.894974
Control Period
59.880318
59.918335
59.903168
59.898945
59.907486
59.905792
59.900383
59.911072
59.915936
Control Period
59.911392
59.927261
59.919777
59.928291
59.867584
59.916737
59.879040
59.893311
Control Period
59.900127
59.925217
59.911678
59.894402
59.913246
59.918205
59.921890
59.908318
59.911808
Control Period
59.919907
59.890846
59.910816
59.889153
59.890240
59.866241
59.897152
59.881630
Control Period
59.917603
59.885567
59.913185
59.894527
59.919197
59.865791
59.904705
59.915489
Control Period
59.911423
59.883904
59.882050
59.920353
59.917343
59.910461
59.929054
59.914528
59.902592
Control Period
59.879166
59.897217
59.936737
59.874847
59.881599
59.881538
59.901886
59.888130
59.893345
Control Period
59.896126
59.898529
59.921661
59.919296
59.897598
59.879425
59.884094
59.891617
59.917282
Control Period
59.901505
59.905792
59.893822
59.931458
59.912094
59.907806
59.909920
59.914879
59.900162
Control Period
59.875137
59.870174
59.850048
59.883648
59.881058
59.867840
59.851486
59.901726
59.868961
Control Period
59.864574
59.879456
59.919392
59.903774
59.897568
59.880577
59.931744
59.890240
59.915169
Control Period
59.860352
59.909187
59.875584
59.882050
59.898624
59.871582
59.900223
59.879616
Control Period
59.898815
59.875103
59.894562
59.875069
59.898849
59.888962
59.902946
59.887810
59.914238
Control Period
59.918114
59.909599
59.891647
59.880993
59.909504
59.900482
59.890785
59.914272
Control Period
59.883202
59.861248
59.883102
59.867104
59.892639
59.889282
59.889534
59.899872
59.896576
Control Period
59.910049
59.923775
59.882080
59.900253
59.879326
59.911362
59.907776
59.894142
Control Period
59.903618
59.935455
59.897949
59.914398
59.887074
59.896992
59.905342
59.930496
Control Period
59.897919
59.902596
59.902527
59.911713
59.893120
59.920639
59.907295
59.883682
59.882942
Control Period
59.905983
59.924545
59.918465
59.895519
59.883968
59.922493
59.893089
Control Period
59.890720
59.899010
59.919456
59.898460
59.908096
59.883137
59.894497
59.913311
59.947296
Control Period
59.897823
59.898659
59.917377
59.915810
59.908958
59.888512
59.877823
59.863392
59.898464
Control Period
59.897984
59.917793
59.913792
59.946114
59.901600
59.912865
59.923294
Control Period
59.936192
59.913536
59.939968
59.885315
59.924065
59.912003
59.934528
59.906624
59.923454
Control Period
59.931267
59.889278
59.910751
59.914593
59.916767
59.866112
59.892895
59.891487
Control Period
59.903969
59.897346
59.896030
59.905952
59.898659
59.905342
59.913918
59.870144
59.906719
Control Period
59.875587
59.907391
59.890881
59.884995
59.894943
59.905697
59.903008
59.888161
Control Period
59.912323
59.907616
59.903618
59.904350
59.883457
59.877537
59.895103
59.902687
59.911133
Control Period
59.876930
59.938560
59.900093
59.909664
59.917603
59.934113
59.904610
59.910686
Control Period
59.925346
59.891296
59.912128
59.905212
59.884354
59.889534
59.913887
59.902271
59.883522
Control Period
59.893440
59.924767
59.912193
59.873215
59.879871
59.906528
59.914307
59.908798
Control Period
59.909439
59.918175
59.907295
59.897408
59.888863
59.915359
59.914783
59.871777
Control Period
59.895554
59.891197
59.919872
59.900192
59.903999
59.851295
59.887135
59.903519
59.900673
59.887360
Control Period
59.903358
59.880608
59.893890
59.883423
59.951424
59.889919
59.931839
59.878174
59.882080
Control Period
59.904419
59.929314
59.914303
59.914848
59.939137
59.883362
59.896606
59.907104
Control Period
59.894753
59.904259
59.889534
59.896606
59.919487
59.894753
59.900223
59.927776
59.935646
Control Period
59.901985
59.911102
59.916733
59.940994
59.888962
59.913826
59.911583
59.914112
Control Period
59.941952
59.900703
59.878143
59.907005
59.912224
59.907326
59.911583
59.922241
Control Period
59.933632
59.900002
59.905983
59.906403
59.921631
59.917213
59.909824
59.874306
59.923874
Control Period
59.893570
59.924736
59.897152
59.934368
59.896416
59.946114
59.907425
59.930847
Control Period
59.885311
59.894562
59.901154
59.911007
59.901825
59.919456
59.908478
59.895554
Control Period
59.894592
59.908543
59.927231
59.893089
59.900543
59.917217
59.909920
59.909889
59.900417
Control Period
59.909664
59.924992
59.900703
59.908737
59.909119
59.915230
59.888672
59.880417
59.917313
Control Period
59.887840
59.889153
59.900734
59.909439
59.898399
59.885632
59.904705
59.912254
Control Period
59.884769
59.895233
59.859840
59.926659
59.899651
59.909184
59.898529
59.908031
Control Period
59.908031
59.922531
59.893120
59.918755
59.896065
59.906815
59.899967
59.916256
Control Period
59.881920
59.881729
59.905952
59.908703
59.920097
59.896255
59.895294
59.889984
59.890175
Control Period
59.888126
59.931870
59.896065
59.931427
59.880257
59.945663
59.921661
59.910400
Control Period
59.881409
59.876480
59.877632
59.876320
59.860321
59.878334
59.900513
59.893341
59.874878
Control Period
59.892704
59.888802
59.883774
59.895454
59.900673
59.901344
59.891232
59.910782
Control Period
59.885120
59.908031
59.922112
59.887199
59.871391
59.883423
59.861053
59.877056
59.876190
59.882530
Control Period
59.870338
59.894047
59.903263
59.896992
59.883934
59.871010
59.880035
59.887199
Control Period
59.910851
59.890816
59.861919
59.870110
59.886978
59.911774
59.890045
Control Period
59.896255
59.853600
59.878464
59.847935
59.872799
59.880066
59.860832
59.862816
Control Period
59.900063
59.903458
59.861565
59.872704
59.868481
59.893471
59.845154
59.858589
Control Period
59.861088
59.888382
59.914719
59.913086
59.883453
59.877888
59.866302
59.865120
59.920704
Control Period
59.880352
59.864098
59.886208
59.902111
59.888897
59.872673
59.882912
59.891106
Control Period
59.875359
59.891266
59.889534
59.889408
59.888161
59.896675
59.906273
59.905281
Control Period
59.902046
59.890656
59.896000
59.883392
59.909473
59.897507
59.889694
59.909439
Control Period
59.897984
59.918785
59.903137
59.874271
59.909599
59.880898
59.908031
59.926144
59.870529
Control Period
59.886017
59.886627
59.892159
59.868736
59.877472
59.889057
59.911263
59.885056
Control Period
59.887680
59.890083
59.893982
59.875137
59.889854
59.894943
59.879616
59.905571
59.897217
59.939873
Control Period
59.928352
59.940319
59.903328
59.911011
59.932991
59.932480
59.962753
59.948929
Control Period
59.900734
59.944897
59.907585
59.897758
59.905151
59.892063
59.890751
59.891586
Control Period
59.869278
59.871681
59.886147
59.905281
59.893410
59.887775
59.887711
59.885506
Control Period
59.890594
59.889183
59.880127
59.919777
59.887970
59.926208
59.910816
59.904289
Control Period
59.892738
59.903008
59.915424
59.903198
59.928127
59.925537
59.917248
59.894623
59.884960
Control Period
59.902206
59.892159
59.922592
59.915840
59.908577
59.865120
59.890274
59.903809
59.919777
Control Period
59.899456
59.915329
59.926430
59.917568
59.892384
59.922882
59.904129
59.926369
Control Period
59.942146
59.900803
59.931549
59.910851
59.913536
59.888000
59.880608
59.925312
Control Period
59.885952
59.906303
59.931744
59.901344
59.922462
59.909279
59.893280
59.924385
59.926270
Control Period
59.927521
59.913185
59.905823
59.920227
59.912865
59.912033
59.904129
59.919167
Control Period
59.927200
59.936546
59.905823
59.918400
59.901184
59.897186
59.911263
59.902817
59.901825
Control Period
59.906303
59.920544
59.899841
59.902527
59.905697
59.899010
59.916962
59.902115
Control Period
59.893791
59.887779
59.894974
59.890335
59.910110
59.918465
59.879360
59.908096
Control Period
59.876865
59.900097
59.885792
59.899551
59.910431
59.895134
59.898499
59.909985
Control Period
59.898178
59.909344
59.892029
59.896637
59.902306
59.914978
59.900864
59.890049
Control Period
59.908226
59.886749
59.893120
59.868416
59.883232
59.888031
59.907646
59.898689
Control Period
59.903427
59.919041
59.892448
59.913345
59.934784
59.920128
59.924927
59.901505
Control Period
59.908417
59.899902
59.872963
59.876736
59.916096
59.910175
59.891586
59.899776
59.865536
Control Period
59.916862
59.892029
59.890717
59.901825
59.911167
59.922401
59.892448
Control Period
59.903904
59.917923
59.897697
59.894432
59.915138
59.910496
59.938690
59.897026
59.930592
Control Period
59.892418
59.904865
59.898464
59.905567
59.867874
59.899651
59.892704
59.901249
Control Period
59.902401
59.923904
59.910210
59.901344
59.905952
59.921631
59.912415
59.888031
Control Period
59.908321
59.904961
59.904896
59.903328
59.899521
59.923103
59.894081
59.927105
Control Period
59.900833
59.929535
59.896034
59.896000
59.937408
59.896095
59.916416
59.903488
59.928799
59.899776
Control Period
59.908737
59.897026
59.905251
59.904510
59.882080
59.877762
59.907425
59.925537
Control Period
59.905762
59.913918
59.895393
59.892063
59.917919
59.898560
59.887619
59.870911
Control Period
59.909821
59.868992
Control Period
59.978493
59.911041
