117.848602
117.335556
117.343811
117.319328
117.304260
117.349884
117.323006
117.312546
117.319839
117.335487
117.351044
117.341537
117.321442
117.336700
117.343002
117.355331
117.379364
117.369087
117.321442
117.362366
117.335327
117.343201
117.305153
117.322525
117.318237
117.346405
117.332832
117.335587
117.360413
117.375938
117.367485
Control Period
117.382912
117.384186
117.390045
117.373795
117.368286
117.384224
117.355011
117.332733
Control Period
117.302948
117.318497
117.323135
117.352890
117.343903
117.325760
117.320961
117.319458
Control Period
117.326630
117.318008
117.309662
117.337952
117.363167
117.340027
117.300156
117.337120
Control Period
117.345535
117.316513
117.332932
117.321732
117.319260
117.348801
117.337891
117.369049
117.340347
Control Period
117.337982
117.316422
117.314117
117.314369
117.319649
117.344513
117.294815
117.305466
Control Period
117.297348
117.330368
117.304863
117.344994
117.318047
117.347778
117.336548
117.326279
117.330658
Control Period
117.353439
117.313438
117.327133
117.337090
117.331711
117.360519
117.303230
117.315392
Control Period
117.323235
117.312988
117.269119
117.314499
117.320389
117.335617
117.328156
117.319038
Control Period
117.297699
117.341095
117.318047
117.321442
117.316803
117.322693
117.322525
117.352478
117.520798
Control Period
117.362114
117.330750
117.359711
117.382019
117.347580
117.364227
117.364700
117.362816
Control Period
117.362595
117.363876
117.364761
117.343842
117.331879
117.356033
117.375900
117.433441
117.362213
Control Period
117.336800
117.364098
117.333023
117.342209
117.328865
117.334015
117.324226
117.317696
Control Period
117.346146
117.368736
117.344063
117.334976
117.349533
117.339935
117.323235
117.338432
Control Period
117.386276
117.351746
117.364578
117.319717
117.397156
117.368958
117.346687
117.344391
117.345627
Control Period
117.349312
117.355553
117.332352
117.344284
117.317215
117.326271
117.314018
117.349350
Control Period
117.336060
117.310432
117.349663
117.334427
117.315781
117.331451
117.332672
117.340637
Control Period
117.323196
117.317734
117.349731
117.355904
117.346405
117.309662
117.319107
117.322876
117.315842
Control Period
117.349213
117.344864
117.344864
117.348602
117.365219
117.348572
117.366364
117.325089
Control Period
117.332832
117.314850
117.342468
117.311676
117.340958
117.291359
117.328255
117.331421
117.332832
Control Period
117.315933
117.321030
117.305054
117.312737
117.338821
117.311905
117.335037
117.336838
Control Period
117.319008
117.318085
117.332581
117.332382
117.305664
117.316483
117.313087
117.335587
117.338081
Control Period
117.321793
117.313248
117.308197
117.307556
117.278244
117.316322
117.294556
117.300606
Control Period
117.331100
117.357666
117.362717
117.326271
117.348099
117.367966
117.354019
117.340637
Control Period
117.365601
117.356934
117.299866
117.314941
117.341347
117.328506
117.330429
117.335938
117.373344
Control Period
117.351616
117.355972
117.359070
117.362564
117.381950
117.377342
117.362274
117.371460
Control Period
117.349564
117.409378
117.360832
117.344482
117.331841
117.345245
117.339264
117.313889
117.316483
Control Period
117.304352
117.329468
117.315079
117.355484
117.339905
117.347397
117.358429
117.333473
117.335556
Control Period
117.351135
117.361214
117.350525
117.350403
117.364258
117.369598
117.370621
117.392578
Control Period
117.394623
117.376038
117.368637
117.339554
117.342461
117.340355
117.334976
117.351616
Control Period
117.348099
117.352829
117.357437
117.381821
117.377121
117.358688
117.371071
117.370430
117.352356
Control Period
117.355263
117.359909
117.393089
117.364449
117.307938
117.313049
117.317375
117.310081
Control Period
117.315201
117.323517
117.341980
117.369919
117.362778
117.329086
117.337730
117.323517
117.328224
Control Period
117.339813
117.304642
117.354912
117.362305
117.385498
117.374115
117.349472
117.307648
Control Period
117.336670
117.326660
117.352539
117.337570
117.341057
117.310211
117.319008
117.329536
117.345345
Control Period
117.342529
117.346756
117.346939
117.379265
117.369415
117.356934
117.345886
117.330307
Control Period
117.326691
117.312027
117.367615
117.376892
117.370239
117.362045
117.364639
117.340446
Control Period
117.312195
117.310402
117.309662
117.318817
117.311707
117.313156
117.324608
Control Period
117.314079
117.316452
117.331581
117.308128
117.299423
117.308578
117.324509
117.342339
Control Period
117.306396
117.294754
117.302498
117.343010
117.330841
117.318977
117.321564
117.308800
117.351685
Control Period
117.296898
117.295456
117.316734
117.332512
117.351715
117.322304
117.323135
117.364899
Control Period
117.344193
117.365150
117.355042
117.334915
117.329918
117.312454
117.322235
117.338882
117.336517
Control Period
117.289375
117.332832
117.309021
117.303421
117.326782
117.327805
117.372223
117.388763
Control Period
117.334816
117.338753
117.335587
117.339996
117.319489
117.302078
117.298950
117.329376
Control Period
117.335938
117.337952
117.390144
117.383713
117.319168
117.338074
117.326271
117.358307
117.521599
Control Period
117.333405
117.343613
117.336411
117.315933
117.332481
117.372131
117.352959
117.350143
Control Period
117.368126
117.350906
117.335236
117.342789
117.338081
117.361542
117.324997
117.310684
117.338882
Control Period
117.343330
117.309341
117.318146
117.334717
117.323425
117.347359
117.359268
117.352966
Control Period
117.343231
117.359489
117.365791
117.362656
117.349670
117.347778
117.332832
117.306656
Control Period
117.361954
117.347900
117.377411
117.363327
117.340256
117.346939
117.338242
117.367004
117.352219
Control Period
117.371292
117.358368
117.342239
117.351166
117.346375
117.366081
117.382309
117.341408
Control Period
117.397118
117.359039
117.360764
117.349052
117.332611
117.331940
117.330109
117.306465
Control Period
117.316635
117.341827
117.333084
117.321182
117.342300
117.335968
117.324448
117.316956
Control Period
117.332733
117.344322
117.339294
117.327164
117.342400
117.369728
117.349091
117.365372
117.339554
Control Period
117.352707
117.357826
117.332802
117.346848
117.313019
117.356964
117.332512
117.341339
Control Period
117.307968
117.391068
117.336761
117.342690
117.357147
117.360764
117.349823
117.339645
117.348129
Control Period
117.347687
117.347748
117.347931
117.369507
117.327072
117.336227
117.322693
117.360901
Control Period
117.348572
117.343552
117.355774
117.327454
117.318878
117.347290
117.336510
117.336449
Control Period
117.323425
117.355453
117.347397
117.338013
117.331970
117.336700
117.336639
117.315742
117.354721
Control Period
117.343582
117.314301
117.310944
117.313377
117.336700
117.304230
117.339996
Control Period
117.352768
117.327011
117.331200
117.287361
117.344131
117.337761
117.343262
117.349472
Control Period
117.352005
117.368095
117.346558
117.358337
117.365471
117.356384
117.364929
117.339462
117.352829
Control Period
117.329895
117.330597
117.324158
117.355942
117.327271
117.362747
117.321472
117.371674
Control Period
117.341408
117.346046
117.363586
117.359161
117.350685
117.364410
117.339996
117.339493
117.324867
Control Period
117.357147
117.363846
117.340317
117.383041
117.349701
117.332092
117.334274
Control Period
117.368065
117.332672
117.351585
117.342819
117.336197
117.362625
117.366142
117.312454
117.357925
Control Period
117.365921
117.345093
117.349762
117.359070
117.370148
117.368896
117.369446
117.351555
Control Period
117.315170
117.357285
117.378815
117.357986
117.361404
117.362686
117.374237
117.367645
117.360893
Control Period
117.369598
117.359421
117.325409
117.359741
117.354210
117.346336
117.353210
117.368477
Control Period
117.350243
117.366623
117.360481
117.334717
117.365761
117.336166
117.336868
117.330750
Control Period
117.362244
117.331009
117.334915
117.325989
117.317184
117.347931
117.370789
117.351746
117.326950
Control Period
117.347809
117.323486
117.318657
117.320290
117.370438
117.327553
117.336380
117.327393
Control Period
117.350754
117.351105
117.379105
117.344193
117.381760
117.351395
117.365730
117.330269
Control Period
117.346497
117.339203
117.340729
117.347427
117.365570
117.340866
117.371002
117.335266
Control Period
117.338943
117.348450
117.356003
117.345474
117.361984
117.334427
117.341217
117.338974
117.314529
Control Period
117.321915
117.337051
117.325279
117.310402
117.345695
117.372452
117.328514
117.329025
Control Period
117.343781
117.326782
117.308228
117.325119
117.339424
117.332703
117.333183
117.312866
117.352066
Control Period
117.326530
117.336128
117.333435
117.333786
117.325699
117.317085
117.324738
Control Period
117.349121
117.333054
117.348190
117.316772
117.424805
117.353180
117.315361
117.347931
Control Period
117.329605
117.319717
117.313118
117.289597
117.275940
117.325699
117.343903
117.331802
117.344131
Control Period
117.329086
117.304352
117.301315
117.318848
117.304573
117.334137
117.449722
117.334435
117.339813
Control Period
117.358849
117.319229
117.303650
117.319649
117.316315
117.291931
117.293694
117.281693
117.290146
Control Period
117.305504
117.324738
117.306145
117.320221
117.328857
117.321411
117.293671
117.326370
Control Period
117.292542
117.304642
117.302208
117.340576
117.306885
117.309189
117.307327
117.316513
117.320862
Control Period
117.292679
117.273758
117.304352
117.318787
117.358208
117.315353
117.363525
117.350906
117.361343
Control Period
117.322975
117.314079
117.365540
117.360474
117.327362
117.357819
117.328033
117.351974
Control Period
117.357407
117.338821
117.320511
117.305374
117.308060
117.374725
117.351044
117.369247
117.360672
Control Period
117.318718
117.315674
117.314529
117.335587
117.315071
117.330528
117.331390
117.309189
Control Period
117.318848
117.322845
117.324577
117.329697
117.370499
117.353958
117.362976
117.373665
Control Period
117.363678
117.391739
117.341309
117.341057
117.359711
117.400703
117.384155
117.375900
Control Period
117.380669
117.373535
117.347839
117.345345
117.328827
117.370590
117.324799
117.359482
117.354813
Control Period
117.339355
117.329987
117.320099
117.339203
117.348633
117.327103
117.305756
117.320030
117.367676
Control Period
117.339706
117.332794
117.340988
117.327362
117.340958
117.342369
117.373444
117.356293
Control Period
117.358337
117.331772
117.334244
117.365723
117.361542
117.348701
117.361374
117.363876
117.324257
Control Period
117.353531
117.347549
117.345886
117.328964
117.347870
117.342270
117.334946
117.329666
117.346687
Control Period
117.361221
117.379517
117.374619
117.358398
117.331100
117.369438
117.340958
117.357437
Control Period
117.368927
117.337158
117.374176
117.384544
117.392410
117.346016
117.336510
117.319717
117.361664
Control Period
117.347427
117.349533
117.339203
117.366821
117.374146
117.349022
117.343521
117.390015
Control Period
117.353210
117.351967
117.367737
117.343933
117.349411
117.361023
117.350594
117.330078
117.371101
Control Period
117.331650
117.338303
117.365631
117.362595
117.356857
117.367455
117.334274
117.363937
Control Period
117.369980
117.372002
117.357056
117.372063
117.350754
117.343582
117.347389
117.329025
Control Period
117.328865
117.330627
117.331390
117.328995
117.361633
117.340027
117.361824
117.366180
117.335999
Control Period
117.329056
117.306557
117.299622
117.316925
117.343842
117.344986
117.329567
117.307137
117.344604
Control Period
117.310974
117.316162
117.332382
117.338051
117.362274
117.332703
117.342590
117.335236
Control Period
117.359161
117.326019
117.318878
117.340736
117.325531
117.318466
117.322273
117.329636
117.361053
Control Period
117.356384
117.371750
117.369827
117.329895
117.351456
117.366852
117.348190
117.346817
117.340797
Control Period
117.369728
117.316452
117.319649
117.331802
117.348640
117.362915
117.323044
117.317627
Control Period
117.341949
117.371773
117.338402
117.340958
117.356094
117.359550
117.353149
117.315140
Control Period
117.348320
117.358047
117.353821
117.327744
117.338654
117.354240
117.385437
117.357086
117.377281
Control Period
117.361473
117.351364
117.354340
117.372955
117.339813
117.326172
117.317825
117.366364
Control Period
117.359421
117.369247
117.370468
117.353569
117.334717
117.324768
117.331451
117.392731
Control Period
117.347809
117.393761
117.371399
117.347900
117.320320
117.381439
117.371811
117.364830
117.379906
Control Period
117.324066
117.361984
117.337692
117.382782
117.375969
117.378052
117.361053
117.389313
Control Period
117.398720
117.368317
117.352005
117.393021
117.374657
117.361122
117.329147
117.326431
117.367554
Control Period
117.367813
117.329956
117.356384
117.344254
117.323967
117.355453
117.335587
117.315453
Control Period
117.329247
117.325851
117.316513
117.339104
117.332413
117.319489
117.305893
117.301819
117.317444
117.327133
117.289307
Control Period
117.327164
117.335297
117.349953
117.315781
117.356476
117.312668
117.304474
117.339325
117.348389
117.409698
117.368774
117.367294
117.351135
117.344803
117.355713
117.324707
117.346085
118.185349
