56.5775
60.3142
62.8773
66.1242
64.8622
66.8519
65.6491
67.4251
66.9417
68.2213
68.1308
66.1703
65.9563
65.8796
67.0126
66.3008
66.1866
66.7589
66.9174
66.9022
65.817
67.2255
66.4161
67.7396
66.0847
66.7266
67.8827
66.3014
66.6143
66.0567
66.4259
65.9455
67.8586
66.7147
66.5282
65.9895
66.5026
66.3804
65.7912
66.6861
65.6765
67.1915
67.4712
67.095
66.7414
65.8931
67.3495
66.8436
65.2175
67.5934
66.83
66.1279
66.364
67.56
66.9574
65.0097
66.3718
66.8734
65.9964
66.8156
67.7973
66.2263
66.3039
66.6472
66.6442
66.4805
66.9465
66.4918
66.9193
66.9522
66.8344
67.0323
67.4467
65.261
66.05
66.289
66.0465
66.6572
66.8967
66.1628
67.2561
66.197
66.0092
65.848
66.1514
65.4202
64.8105
64.8198
64.8264
64.807
64.8483
64.8463
64.8224
64.7947
64.8262
64.7793
64.805
64.8576
64.841
64.7816
64.8115
64.8291
64.8233
64.7895
64.8314
64.8186
64.8179
64.8416
64.8347
64.847
64.8494
64.8615
64.8467
64.8378
