0.724567
0.791993
0.832305
0.857651
0.884786
0.885299
0.888737
0.890028
0.882791
0.865558
0.870699
0.874924
0.880181
0.885072
0.875311
0.883931
0.879458
0.882109
0.875949
0.878179
0.89887
0.877211
0.880929
0.867025
0.891599
0.896378
0.864171
0.882788
0.87986
0.89054
0.891055
0.887854
0.870449
0.886267
0.887528
0.882627
0.878002
0.878899
0.893133
0.881338
0.906339
0.8871
0.887577
0.88943
0.896076
0.90034
0.878049
0.875778
0.912594
0.872673
0.873417
0.873059
0.867279
0.870355
0.882529
0.907036
0.894004
0.879643
0.893356
0.885781
0.875802
0.887388
0.88692
0.885182
0.896167
0.895785
0.888668
0.883002
0.887728
0.891427
0.888118
0.890538
0.881677
0.903928
0.887691
0.872838
0.876162
0.883382
0.88785
0.896292
0.874312
0.892852
0.892649
0.889861
0.892472
0.859412
0.856681
0.856561
0.856892
0.856231
0.857199
0.857332
0.856551
0.856331
0.856834
0.856373
0.856795
0.857163
0.857274
0.856503
0.856979
0.857493
0.856809
0.856577
0.857083
0.8567
0.857048
0.857216
0.857147
0.857549
0.857676
0.857621
0.857635
0.857462
