-698.683
-940.704
-532.519
-225.519
-70.4814
-76
-5.25928
-54.5928
-0.0371094
-3.55566
-42.2593
-63.0742
23.8149
58.5557
42.0742
0.111328
4.44434
0.0742188
0.0371094
2.84619
-5.81494
17.3706
-2.22217
-12.8887
113.148
-13.4229
-50.4814
57.0742
5.25928
-70.6924
-90.8521
-16.9629
59.5928
9.11133
-28.8149
-65.2144
0.115234
10.0356
35.5928
46.4229
-54
-100.259
53.5928
-2.25928
83.9644
-23.231
-35.5
-131.593
74.7856
49.5386
39.4443
129.393
-8.48145
-28.4814
-12.6294
-2.25928
-6.96289
-27.7778
-85.5557
-96.0386
46.5186
22.4072
99.5386
7.70361
148.607
0.577148
-45.1113
-26.5186
28.6787
-29.9258
-61.5771
41.5186
-1.07422
-21.2964
-10.2222
1.55566
29.9614
100.815
-60.3706
-17.6294
-7.37061
-128.704
-68
42
43.2964
12.7407
50.2593
-74.7036
-87.9629
6.55566
25
77.769
15.6069
-107.192
41.1113
83.4443
-22.5928
23.2593
12.1924
39.3335
78.5928
40.9258
-49.8887
-49.8887
-2.62939
-2.07422
112.667
-66.3335
-29.3335
8.37061
-37.2222
-9.07422
12.6665
32.2729
