60.238304
59.922848
59.884163
59.898270
59.885345
59.873825
59.837311
59.871582
59.861279
59.871807
59.855648
59.875549
59.880322
59.883965
59.869858
59.875839
59.861092
59.869247
59.875233
59.895424
59.904896
59.909409
59.882721
59.884735
59.910561
59.890976
59.861633
59.882111
59.875389
59.860001
Control Period
64.822014
65.651169
59.919968
61.595650
62.873055
65.296127
59.919006
59.895775
61.311615
Control Period
59.869217
62.329311
66.145630
68.480026
68.448868
65.320992
62.884193
68.449402
Control Period
72.591843
68.433441
68.483139
68.428986
68.478210
68.480804
68.470177
70.002533
Control Period
73.236572
73.503906
73.337982
68.489471
68.501923
68.492226
68.468895
Control Period
68.510300
71.650238
71.042084
68.487289
71.838882
72.100418
68.477982
Control Period
73.196732
68.439804
73.468475
68.545982
73.351898
68.519966
73.262589
69.875076
Control Period
70.741531
71.441437
68.496796
72.805214
68.494980
69.585403
Control Period
72.323227
74.361252
69.918274
68.621979
71.384506
73.282715
73.011871
Control Period
69.159294
68.408539
68.476608
73.309891
69.984863
68.422974
72.930527
73.230530
Control Period
73.087135
72.980347
68.997154
68.945534
73.381317
72.682083
73.202820
Control Period
73.181023
71.005539
69.436996
73.071716
73.219269
73.528122
71.014557
Control Period
73.138016
73.218277
73.098236
71.995392
71.040352
68.761414
68.505791
Control Period
71.496544
69.222748
68.394943
68.353539
72.062721
71.139389
70.103943
73.163452
Control Period
68.890335
68.400352
70.079971
73.315964
68.542015
68.459328
70.073029
Control Period
71.262627
68.424225
72.607742
73.854141
68.312607
68.496765
73.576157
72.413025
Control Period
71.191940
70.124031
68.346558
71.202721
73.368446
68.432251
68.523010
Control Period
72.131203
68.434784
73.441887
72.345634
68.477440
68.981407
72.220093
Control Period
69.905151
73.286270
68.448196
68.473442
73.280060
73.055458
68.386597
Control Period
76.853210
68.927780
68.647842
72.595047
68.467552
69.896416
73.464355
68.500992
Control Period
69.138176
72.650650
69.262238
69.512131
72.633347
69.735359
68.832291
Control Period
73.198303
68.458267
68.547966
73.570084
70.978683
68.471649
73.158493
Control Period
72.712448
73.516609
68.518784
72.978783
73.211395
68.387009
72.572159
Control Period
69.873245
68.410881
73.121986
68.440193
72.991776
73.793564
68.493919
73.981056
Control Period
71.208923
72.182365
73.279518
73.429276
68.500221
68.465790
Control Period
68.406303
70.139587
72.780350
68.423462
70.831268
73.073700
68.458046
Control Period
73.506302
68.415329
73.087936
69.959007
68.497925
73.175072
68.523201
73.431007
Control Period
73.610916
68.505470
70.997635
71.356857
69.812927
72.831100
68.503967
Control Period
73.449692
69.346306
68.479263
73.344063
68.490883
68.430656
73.549919
68.491165
Control Period
72.549500
71.376038
68.479172
73.558945
69.892448
68.454971
Control Period
68.430016
73.247231
68.553215
69.077599
72.862846
68.480316
73.170395
68.530243
Control Period
73.054176
69.935226
68.471130
68.829475
72.367874
70.941055
68.488930
72.066368
Control Period
71.251389
68.483360
71.691551
70.800964
72.891678
73.382950
73.757507
70.572037
Control Period
72.730820
68.535843
69.706848
72.149979
68.420898
70.687233
73.365540
Control Period
68.524414
71.739586
73.917923
68.419998
73.415421
73.441574
68.535873
Control Period
69.947617
69.212158
68.730621
72.728226
73.850784
70.225792
68.493698
Control Period
71.437317
70.156097
68.421661
71.337631
70.014236
72.990524
70.073318
72.698044
Control Period
69.890335
69.057724
68.981888
73.218849
69.772324
72.144958
70.601883
Control Period
71.214912
72.979965
69.774307
71.896255
69.178688
70.693253
68.542786
Control Period
72.835037
69.950302
68.512283
68.495361
68.516609
68.524223
Control Period
71.497375
68.440544
69.674942
72.716927
68.970947
72.226944
68.458694
70.920448
71.757950
Control Period
72.596451
68.447105
68.459549
72.542786
73.259842
71.044159
73.793030
Control Period
71.364838
72.132294
73.274780
73.579262
73.550209
71.738464
68.437668
Control Period
70.212608
71.990051
71.118393
70.506882
68.592377
70.974396
69.641472
68.552223
Control Period
71.199875
68.740387
70.097092
71.737152
68.438309
71.424225
68.468765
Control Period
68.531296
73.529503
72.889404
68.485413
69.257439
71.509056
71.001694
68.529251
Control Period
69.474365
68.494560
68.477249
71.259392
73.429123
71.822144
73.575134
Control Period
71.937119
74.882019
68.537155
68.438591
68.970428
68.509697
71.384125
73.175323
72.414017
Control Period
70.431610
71.927933
73.347519
69.117371
71.333694
72.462204
70.734787
Control Period
70.181824
68.426720
68.408157
68.852158
70.438911
72.296539
73.248260
Control Period
73.221054
73.521851
71.761795
73.202690
73.553154
70.843140
72.030716
Control Period
68.558182
72.427139
73.493927
70.121216
72.027359
73.651077
70.184639
68.410370
Control Period
73.482941
68.417542
72.344193
68.386238
70.795105
72.168350
70.269951
73.234688
Control Period
73.338432
68.425827
73.227776
68.402618
73.361824
68.450363
72.036514
Control Period
68.465950
73.210365
68.453056
70.106369
72.341087
68.581085
71.752060
Control Period
73.335938
70.871933
69.626053
72.870178
68.520256
73.501434
68.477249
72.113541
Control Period
71.337250
70.906494
69.031586
73.315201
68.494598
72.465088
68.956284
Control Period
69.962463
72.151871
68.887589
68.415421
73.509857
68.429123
73.348892
68.563202
73.390594
Control Period
68.583130
68.576126
72.364578
73.456421
68.501541
68.488190
68.483109
71.739395
Control Period
69.824539
68.935226
70.833603
68.691811
70.517700
69.549927
68.559425
Control Period
69.192642
71.869759
71.258720
69.880127
70.394943
71.212967
71.058685
Control Period
73.660767
73.741348
72.951355
70.741600
72.788315
73.068573
73.585403
70.792320
Control Period
70.321854
71.704063
68.498047
70.098145
68.453186
69.625916
Control Period
71.726181
68.754044
68.488358
68.465759
74.146851
71.180420
Control Period
73.743744
72.702560
73.257118
68.447556
68.439621
Control Period
69.701469
68.409821
69.095612
74.259842
68.451035
68.482910
73.856384
Control Period
71.354141
73.389572
68.536095
68.471802
71.154846
Control Period
73.346977
71.681374
68.485382
71.777824
68.418564
68.444061
73.580002
68.496544
Control Period
68.482758
73.260353
68.489311
70.812386
68.482651
70.448486
68.448135
73.358208
Control Period
68.486626
68.547684
70.620895
68.548676
71.592995
68.525757
68.518402
Control Period
76.336258
68.563644
72.967903
68.582245
72.542976
68.561798
68.935074
68.992355
Control Period
73.401985
68.572891
71.446915
70.892578
68.508736
70.936478
71.483070
68.488251
Control Period
74.340607
68.500191
69.314117
72.727554
68.448738
73.368446
68.465149
72.922623
Control Period
73.229790
68.444962
72.231201
69.244446
69.369980
73.088165
Control Period
71.271935
73.360001
68.468224
71.339813
69.766113
68.460831
73.302979
Control Period
68.414246
68.452774
73.336487
68.472801
70.679008
73.599968
68.511612
70.486687
Control Period
68.723358
68.596039
72.992096
69.250336
68.664581
72.248001
69.159042
69.062050
Control Period
68.584961
73.740860
68.500160
73.243622
68.520126
73.626144
68.546944
Control Period
74.823898
72.033539
68.484802
68.538818
73.311104
69.640129
68.559006
68.510017
Control Period
72.191589
72.149506
68.531647
73.212799
68.539108
70.988129
68.519714
68.505020
Control Period
71.387161
68.609154
70.701218
68.624741
69.222687
69.461060
72.384834
Control Period
71.076767
68.508255
71.651970
68.569916
70.066719
68.574142
73.398720
70.335617
Control Period
71.297729
68.547714
70.905151
68.536194
69.427551
68.542297
71.890335
Control Period
72.753090
73.843292
73.304230
70.955582
71.933823
73.487198
68.825699
70.379997
Control Period
73.177345
73.122437
73.573631
71.221153
69.914528
73.460960
Control Period
70.450401
72.938309
72.950821
70.330658
71.808449
73.376923
73.138977
Control Period
71.144196
72.978714
72.925758
69.389885
68.527809
70.902969
73.196289
Control Period
73.301598
72.252289
70.167007
68.509796
69.860199
71.370178
68.494431
Control Period
75.490593
70.256165
69.750145
73.252930
73.259171
73.117630
72.354721
73.484283
Control Period
73.411453
72.635620
71.262268
69.898148
68.522049
69.734016
72.649124
71.854881
Control Period
73.375069
68.755524
70.074623
72.302879
72.967804
73.351776
73.717728
71.255524
Control Period
72.965790
69.798843
68.474533
68.480797
71.869408
72.520706
Control Period
71.729630
73.390213
72.334747
68.574142
68.555618
68.887550
72.155457
Control Period
71.077408
72.979965
70.457794
71.409409
73.575455
72.351646
69.229439
69.388290
Control Period
73.108414
72.654587
70.455582
68.570656
68.516510
69.184929
72.327232
Control Period
74.197281
70.253052
72.595551
71.497856
73.186523
73.794846
72.724510
73.747101
Control Period
69.397980
68.560028
70.853889
71.035484
73.169083
68.533249
68.546402
Control Period
72.012039
68.525467
69.797699
73.449829
72.894363
69.709763
68.595612
Control Period
71.410812
73.035133
73.312836
68.532097
68.552292
73.058464
71.722366
Control Period
68.691299
68.644028
73.260422
73.177025
68.545853
73.469955
68.564575
73.242531
Control Period
71.113312
73.725220
68.609634
69.769279
68.576447
73.553505
68.464737
73.576828
Control Period
73.767838
68.534592
68.544220
68.595779
73.122467
68.613434
Control Period
72.848572
68.503906
68.550369
70.752029
72.627136
70.162842
68.588989
Control Period
69.248093
73.264160
68.689728
68.492188
73.255295
69.982590
68.541885
Control Period
72.790688
68.752350
69.067841
68.805473
72.931778
69.273605
73.271904
68.551483
73.678818
Control Period
68.543839
73.243454
68.499138
73.811325
68.573280
69.369598
68.573883
73.791008
Control Period
69.744865
68.940155
72.971519
70.235641
68.500839
69.998749
71.590401
71.774879
Control Period
68.504379
68.425247
68.479073
71.639328
73.572861
68.497345
Control Period
68.574173
70.023552
68.413345
73.562943
68.470337
68.766464
73.633148
70.072708
Control Period
69.712288
72.939133
70.255005
73.643036
68.518723
69.328384
Control Period
68.585823
69.655617
68.569244
73.097343
68.470245
73.285980
69.633537
68.611771
Control Period
73.245697
70.769440
70.920799
68.493729
73.184860
68.457535
73.527359
68.509216
Control Period
68.445892
72.196831
69.717537
68.513443
73.516571
68.547226
73.249313
68.578018
Control Period
68.471649
72.548576
68.960930
69.427933
68.526276
71.269730
68.424576
Control Period
76.847870
76.864799
76.825630
76.821854
76.809662
76.852257
76.822113
76.829407
76.831589
76.824356
76.836800
76.863266
76.869278
76.878494
76.838753
76.862427
76.845345
76.866531
76.874176
76.845695
76.904671
76.880646
