56.6011
58.7269
58.7756
59.5828
59.6786
60.4569
60.9959
60.994
60.8672
60.2967
60.1752
59.8901
59.9
60.7929
60.4109
60.2052
60.227
60.2779
59.5585
59.683
60.2376
59.9917
60.1122
60.2693
60.2083
59.9179
60.7974
59.6814
59.8645
59.9738
60.1492
60.6054
60.4165
60.7033
59.7712
60.1602
60.3778
59.6314
60.4631
60.0631
60.7467
60.421
59.0634
61.9107
59.9854
60.4996
60.4782
59.7315
60.3389
60.3998
60.0568
59.446
60.6419
61.7053
60.5473
60.3613
60.1596
59.4697
60.1976
60.6749
59.2043
60.5061
60.6187
60.9004
59.5184
60.9336
60.2643
60.2948
62.1881
60.5768
60.4909
60.0382
60.3483
60.2186
59.799
60.3871
60.5314
60.3243
61.1514
60.7376
60.1652
60.5087
60.0462
60.0821
59.7761
60.9413
60.8
59.9652
60.3523
60.6025
60.5822
60.6766
60.5319
60.4605
59.6965
60.319
60.7295
61.248
59.8116
60.0019
60.6051
60.7219
60.4543
60.6711
59.6192
60.3037
60.1316
60.248
60.2976
60.7957
60.8021
60.3808
60.1653
60.0507
