59.368034
58.605888
58.530369
58.583778
58.593887
58.594398
58.572350
58.562813
58.590210
58.572544
58.578018
58.576958
58.696159
58.581154
58.597374
58.600319
58.579102
58.609215
58.587357
58.585022
58.572544
58.680061
58.594307
58.623550
58.579361
58.583168
58.600449
58.634590
Control Period
58.769058
58.768448
58.864319
58.813278
58.771553
58.757118
58.755360
58.789246
58.253376
Control Period
58.771168
58.764671
58.794403
58.787010
58.769890
58.787201
58.754814
Control Period
58.815102
58.785057
58.763424
58.763680
58.790146
58.740513
58.770943
62.507362
62.309219
Control Period
58.775936
59.394241
59.194080
58.783073
62.521027
58.757889
61.220924
58.781506
Control Period
59.666687
60.514626
62.540478
58.743042
60.064354
61.800034
61.575745
58.750431
Control Period
63.198944
61.985344
58.750111
60.431232
61.784767
60.284607
58.758591
62.376701
61.393089
Control Period
62.376068
62.501602
62.068031
61.400513
60.395454
59.764511
59.077057
58.732353
62.630814
Control Period
60.802818
58.792736
58.789120
60.485184
61.136032
62.105309
62.402657
62.423424
Control Period
64.897858
60.602882
59.425186
58.787872
58.800671
59.779713
59.783039
59.047775
Control Period
61.658463
60.551266
59.117470
61.397312
60.687263
58.766754
Control Period
61.824738
62.376862
58.760063
58.775330
58.896286
58.765251
61.846909
58.754814
59.010880
Control Period
61.319778
58.786655
58.809151
62.249249
58.762367
59.156609
58.753601
58.770142
62.492416
Control Period
61.195679
62.534561
59.701088
62.590176
58.772705
58.796898
63.013184
59.739197
Control Period
58.829758
62.537312
59.990944
62.435394
62.591293
58.740318
58.772865
59.389694
Control Period
58.781502
61.754272
61.533218
58.793472
62.776642
58.841152
58.756065
60.404930
Control Period
62.259491
58.816223
58.799263
62.356960
59.817726
58.779678
62.212990
58.773407
Control Period
59.085091
60.515038
61.938080
62.370625
59.461246
58.749725
62.229919
58.775135
59.376575
Control Period
59.103394
58.799202
58.859230
59.939072
60.070816
61.934238
58.806145
58.797951
59.716736
Control Period
60.553631
61.320450
59.178303
60.338913
58.782337
58.763840
58.843521
Control Period
60.057022
62.505566
58.821571
60.141281
62.185341
59.079071
58.873665
Control Period
62.278721
58.792381
58.771969
62.387711
58.756031
58.764702
60.041664
60.140671
Control Period
58.899490
58.772125
62.589504
58.786911
58.785950
62.555138
58.758209
61.750496
61.265057
Control Period
60.250465
58.765442
59.260960
62.348862
58.775810
60.771904
58.817535
62.167908
Control Period
58.788834
59.745632
62.166241
59.258141
61.527779
60.914177
58.767838
61.923168
58.783073
Control Period
62.819168
58.823837
58.811615
62.231617
59.156448
58.786690
58.795776
Control Period
64.900070
60.661537
58.890945
58.767937
62.230721
60.900478
58.756321
62.609917
59.458752
Control Period
58.783104
62.060738
58.783134
59.948063
58.767586
58.753502
61.595360
58.759583
Control Period
62.862717
58.800735
58.753822
60.358303
58.787521
61.430721
59.680992
59.244545
58.860863
Control Period
58.766495
60.519135
60.035934
58.946560
58.740192
59.297218
60.853024
62.596642
60.008991
Control Period
61.996735
62.432770
58.793854
58.774143
58.793442
61.386433
59.373535
58.767776
61.024288
Control Period
58.755455
60.739586
62.282333
61.896416
58.782272
59.523293
62.258308
Control Period
58.761826
59.718430
62.293602
58.764576
62.397247
58.778175
62.648193
59.970207
Control Period
59.629471
62.141312
60.293919
62.332993
58.738945
62.395679
58.768799
61.325024
Control Period
60.118496
58.793022
61.388641
58.802784
58.857666
60.663136
58.837696
61.589310
58.889824
Control Period
62.647263
58.786911
58.789440
59.381538
60.070465
60.484512
62.241375
58.880066
58.788704
Control Period
58.768799
58.811714
62.463009
62.360992
61.839745
58.772034
61.714207
59.881409
Control Period
61.583904
60.355167
60.372963
58.797279
58.792065
58.732224
58.750145
59.667744
Control Period
58.768257
62.539299
59.658142
58.777023
62.375618
62.351265
58.772095
Control Period
58.876831
59.248703
59.896996
61.021439
58.758911
62.357151
58.773312
61.571102
58.762749
Control Period
62.495804
58.809761
62.255394
59.738945
60.865791
60.775871
60.844704
62.171486
Control Period
61.162464
58.830238
61.185501
61.922943
60.590782
60.471970
60.686977
58.782913
60.155296
Control Period
60.058685
58.778786
59.706623
58.819710
58.763969
58.811264
58.791710
58.776382
Control Period
62.146847
60.521439
61.802498
62.359009
61.164162
62.327484
62.282528
62.681984
Control Period
61.513855
58.776287
59.328514
60.360962
62.115070
60.060352
58.865570
58.862240
60.823586
Control Period
58.752895
62.291779
59.438049
58.773056
62.103073
62.786530
59.027519
59.301888
Control Period
60.542976
62.321472
60.670242
61.671455
58.766850
61.231071
61.031136
58.766335
Control Period
58.793728
59.207073
58.761471
62.346081
58.770782
58.795872
62.364700
58.812096
Control Period
58.908382
62.010269
58.800835
60.050690
59.355614
61.915199
60.471550
60.069473
61.468224
Control Period
59.532478
62.227905
58.783649
59.249535
60.223392
62.304482
61.788288
58.788033
60.700768
Control Period
58.802559
60.738239
60.521027
58.799583
58.870018
60.558243
58.942528
61.009407
62.269890
Control Period
58.825249
61.045025
60.054977
61.064575
58.766525
58.908417
58.786655
58.796959
58.765408
Control Period
59.215935
61.621727
62.528320
58.772480
60.955650
58.752991
60.964096
62.539551
60.426498
Control Period
61.232735
62.275970
59.357761
62.620956
61.494881
62.401054
62.325024
61.934273
Control Period
64.178207
58.792801
60.432449
61.842625
59.075359
62.329727
58.964321
58.762978
Control Period
58.801727
60.627522
61.737247
60.092224
61.163136
58.813118
60.949600
58.790367
62.276573
Control Period
58.788639
62.376190
58.772064
58.725151
60.031906
61.555489
58.756226
62.270943
Control Period
58.750080
61.292641
60.580097
59.065662
58.807106
58.767647
58.768864
59.725216
61.087776
Control Period
59.617920
61.246399
62.208225
58.802113
58.761215
60.778786
59.078720
Control Period
58.798496
62.697601
62.364319
58.953438
62.164959
62.229729
59.312832
58.878208
Control Period
58.774658
58.759392
59.656960
58.772194
58.782753
60.551712
58.831551
58.760319
59.949120
Control Period
58.928322
61.367935
62.065086
61.959873
62.007553
60.584736
60.046402
58.833313
58.761566
Control Period
62.260033
61.007072
58.734337
60.419678
62.529217
61.666401
58.745918
59.586975
Control Period
58.777664
60.904991
60.336800
61.460350
62.406723
60.844353
61.959328
62.375168
59.038239
58.846115
Control Period
58.739357
59.911297
58.769279
60.881439
60.891586
59.343777
58.764641
Control Period
62.481407
61.020992
58.795681
58.776703
60.259102
61.834110
62.327934
61.973022
Control Period
58.778049
58.760544
58.742207
58.783520
59.513443
60.897278
62.428223
62.357121
62.118240
Control Period
62.439102
61.810654
59.347263
58.789474
59.881027
61.986626
60.246048
59.383263
58.769505
Control Period
62.585567
62.166206
61.022209
62.259422
62.244480
62.466175
62.439808
62.320610
Control Period
59.104000
58.797951
59.736641
61.023170
62.445343
62.305023
62.408928
58.793472
Control Period
62.657982
62.065697
58.759743
59.608448
61.178337
58.760223
59.675167
62.229023
59.483299
Control Period
59.114464
58.767616
62.155392
60.273216
58.792702
58.759071
61.703453
60.739647
Control Period
62.388992
60.714977
60.783169
58.767838
58.777374
58.760193
62.245857
Control Period
61.658653
58.755424
62.330944
58.763359
60.196129
58.788128
58.922432
62.333565
Control Period
60.922623
58.750496
62.345886
58.801952
60.882015
58.745983
60.134369
58.767616
58.839905
Control Period
60.517021
61.912926
58.777405
59.016159
62.226685
59.447647
58.776642
62.422112
Control Period
59.918785
58.815422
58.772129
62.017921
60.365761
58.743839
61.988674
62.294914
61.865185
Control Period
60.701408
58.782528
61.048832
62.290787
59.492035
59.996864
61.312195
58.969536
Control Period
60.827774
62.233410
62.510147
59.278526
58.792099
61.565121
62.222366
61.782082
Control Period
62.338081
59.581825
58.868034
61.898659
60.380798
58.762272
61.741535
62.329857
Control Period
62.424866
60.904160
59.667549
58.855904
58.765759
58.843651
59.607101
62.252514
Control Period
61.163010
62.572704
60.088669
58.861603
58.796833
60.741184
61.155617
60.690338
Control Period
58.768448
61.938145
60.300289
60.883617
62.584766
58.740387
58.987007
59.458912
58.754082
Control Period
58.840511
62.673058
58.772640
61.561668
60.498272
58.767838
59.184067
60.359009
Control Period
59.254723
62.353310
58.785408
58.787872
62.381119
58.818462
59.548992
59.267712
58.787296
Control Period
59.569729
61.506718
62.077278
62.148193
62.138016
59.332031
59.817345
59.054276
Control Period
58.739517
62.559776
62.226814
58.766434
62.410561
58.912289
62.359070
62.170845
Control Period
61.262047
58.747105
60.880672
61.319168
58.873085
58.734718
60.904480
59.000259
Control Period
61.225567
58.797119
62.039265
58.824768
62.120735
58.891872
60.283806
62.135296
58.852222
Control Period
62.159008
61.968159
58.765282
58.770336
58.760448
60.138496
61.310368
62.947742
Control Period
58.835072
58.783104
62.670174
62.166847
58.787010
61.084641
61.525795
60.804893
Control Period
60.795776
61.715134
58.790047
60.045151
62.407360
58.758785
60.478973
62.421215
Control Period
61.397408
59.601696
62.357567
58.780258
59.734753
62.259232
58.774849
60.276382
61.604767
Control Period
59.551582
62.601376
61.767838
60.797470
58.795391
61.559326
59.865089
58.745918
58.798141
Control Period
58.781921
59.497826
61.072578
61.949089
60.323872
58.834110
58.756672
59.254173
Control Period
60.000000
59.132607
58.866402
59.711456
62.396866
58.762241
62.633507
62.093601
60.816513
58.776672
Control Period
61.302273
58.765282
59.985153
62.394653
61.854465
59.504868
59.918880
62.110275
Control Period
64.905884
58.780704
59.094658
62.763901
62.154846
61.326271
59.709919
Control Period
58.908192
62.285309
58.974495
59.816483
61.663906
58.741631
60.393822
58.757729
58.762497
Control Period
58.846527
62.250366
58.782433
62.445282
59.554047
58.793568
60.588287
58.754723
Control Period
63.834080
62.213699
58.792320
62.033215
58.775421
58.748959
59.034977
61.408192
Control Period
63.176865
58.787521
60.858177
60.537663
58.772995
62.196930
58.780830
62.664574
Control Period
58.754848
60.472992
62.143166
58.733345
59.968254
62.729088
58.853153
61.979492
Control Period
58.985313
60.694241
61.911903
58.786655
62.483070
61.162529
58.797760
61.181183
62.037277
Control Period
58.776833
58.773792
58.845921
59.268799
58.771072
58.799873
59.737343
62.423294
61.175774
Control Period
60.221855
58.828194
58.752319
58.957729
58.747360
62.531677
62.408577
61.981762
Control Period
61.098526
58.793694
58.849663
61.730621
62.742336
58.913857
58.792702
Control Period
63.469437
58.774338
58.801598
62.182049
58.847008
62.317474
58.814816
58.776962
Control Period
64.295746
60.342720
58.805439
60.368126
60.582367
58.795807
61.350399
59.383297
58.754177
Control Period
61.299519
58.793888
62.304062
62.191422
58.759422
62.456223
58.778240
61.782974
Control Period
62.780579
62.379360
61.550335
58.832066
58.798080
60.308098
62.332573
59.435646
Control Period
61.563202
60.956253
58.781792
60.314785
61.709442
58.763905
58.827202
62.129410
60.310368
Control Period
58.806210
60.006721
61.357826
58.754143
60.992352
60.990143
58.763168
61.506847
Control Period
62.271137
59.669151
61.585377
60.208801
58.776802
59.926750
59.236481
58.731422
59.724289
Control Period
64.852829
65.648865
64.918396
