57.9189
63.0749
66.488
69.6714
70.172
69.5002
71.4357
71.5093
70.1403
71.2367
71.235
70.9021
71.7246
70.1524
69.607
70.8027
70.575
70.1134
70.6839
71.0196
70.5436
71.318
70.7826
71.2258
72.1225
71.0561
71.4781
70.924
71.211
71.0216
71.2524
70.7714
70.2727
71.2186
71.5511
71.1352
70.4286
71.1431
71.3541
70.7377
70.698
70.1662
71.5189
70.8859
70.8144
70.734
70.9815
72.0932
70.8378
71.254
70.0482
72.3295
71.8587
72.594
71.2262
70.5398
71.2558
70.9231
71.1007
70.7001
69.9405
69.3076
69.2492
71.2518
69.2825
69.1175
71.6173
69.6611
70.3322
70.4211
71.1321
71.6472
70.1529
71.3171
69.9187
69.9577
70.4605
70.0238
72.0928
69.8851
69.4302
70.8444
69.4597
70.9151
70.5416
71.5293
71.2567
71.1144
71.1452
70.5243
71.5075
70.1915
70.1485
69.8984
71.7421
71.0667
72.1327
70.9464
71.672
71.4242
70.887
70.8656
71.4702
69.9754
70.7858
71.9385
70.9054
70.6434
71.4781
70.4565
70.7796
69.7509
70.4635
68.908
