0.943836
0.835059
0.785924
0.778833
0.795639
0.796216
0.783719
0.797444
0.812404
0.789268
0.804357
0.800344
0.791735
0.812518
0.814276
0.785252
0.794994
0.809302
0.807011
0.787322
0.803107
0.795485
0.7998
0.795059
0.796827
0.801912
0.80175
0.801567
0.798846
0.804236
0.797516
0.808895
0.799942
0.797258
0.791498
0.803628
0.804456
0.787377
0.808881
0.800375
0.803445
0.804832
0.794156
0.797916
0.802105
0.803126
0.793889
0.786811
0.812092
0.797293
0.81031
0.786455
0.797416
0.809198
0.796165
0.807458
0.794442
0.80658
0.805346
0.791835
0.815955
0.804417
0.799746
0.782042
0.8148
0.807516
0.781283
0.812548
0.788807
0.796565
0.794286
0.797825
0.815518
0.785129
0.804333
0.809689
0.785908
0.817129
0.774893
0.818288
0.810436
0.793477
0.800241
0.80109
0.79883
0.789026
0.79553
0.802634
0.799274
0.803775
0.792287
0.815746
0.80135
0.80031
0.796656
0.791775
0.798552
0.804342
0.79369
0.799614
0.804018
0.800277
0.795708
0.809777
0.795406
0.7914
0.809597
0.80046
0.792759
0.803962
0.804179
0.81593
0.794093
0.806062
