0.708983
0.814712
0.821511
0.826834
0.807508
0.810953
0.804968
0.798268
0.801515
0.801334
0.796951
0.799437
0.800169
0.804524
0.795604
0.800048
0.803285
0.796551
0.79828
0.800506
0.802195
0.798522
0.804293
0.803519
0.79708
0.802648
0.795257
0.803661
0.799229
0.80201
0.794941
0.795863
0.802526
0.800028
0.804078
0.796711
0.802812
0.803167
0.794004
0.803604
0.795163
0.798476
0.796634
0.802979
0.800815
0.796005
0.804345
0.797956
0.799243
0.802331
0.799411
0.800067
0.803564
0.79671
0.804864
0.799852
0.801608
0.796422
0.793716
0.807425
0.80113
0.796545
0.798736
0.800827
0.801385
0.798163
0.798671
0.802221
0.802926
0.79579
0.801482
0.797482
0.798797
0.803483
0.798542
0.801262
0.803559
0.79636
0.800912
0.801476
0.797807
0.79908
0.803521
0.79486
0.804998
0.796707
0.803352
0.800353
0.799735
0.801783
0.79787
0.795714
0.8017
0.798718
0.799072
0.80616
0.792868
0.803722
0.802545
0.800257
0.800538
0.802213
0.797407
0.803994
0.796402
0.796181
0.799681
0.801143
0.798768
0.799347
0.801034
0.801756
0.799165
0.801747
