918
918
918
880.381
835.629
808.09
798.464
793.958
790.916
787.616
787.447
788.397
788.377
786.286
787.451
787.016
789.676
793.029
792.487
790.885
786.829
788.841
787.974
782.445
781.653
777.058
778.042
781.483
783.419
784.17
781.502
783.246
789.294
785.451
789.628
784.68
785.782
784.847
785.924
779.474
783.469
785.154
791.31
790.791
789.463
789.104
790.256
789.396
787.824
787.794
790.68
791.384
790.861
790.861
790.635
783.492
777.543
783.034
783.399
784.684
785.761
786.859
787.635
787.936
790.129
788.313
789.969
789.872
789.158
786.466
786.857
788.934
792.126
791.376
791.098
790.649
792.337
793.187
790.861
786.125
789.69
789.541
788.28
790.025
789.998
787.992
787.725
783.942
787.856
789.414
785.076
785.504
785.287
791.657
791.233
790.129
789.085
786.12
783.86
785.432
782.579
781.56
780.088
786.312
781.253
783.232
786.097
785.625
787.713
785.98
790.735
791.488
791.374
791.491
788.82
790.366
787.155
782.431
