117.631165
117.336929
117.312256
117.346016
117.332672
117.312767
117.341156
117.345734
117.372131
117.351967
117.322845
117.325760
117.353821
117.319489
117.323875
117.354340
117.352638
117.367485
117.320580
117.331451
117.346748
117.361252
117.364899
117.338943
117.371490
117.306656
117.309822
117.332230
117.332962
Control Period
122.378876
122.043549
122.550812
124.174080
122.152740
123.563004
122.641792
124.349060
Control Period
124.494659
129.249863
132.229889
129.361084
129.132507
133.942139
129.149292
130.349960
Control Period
138.741608
134.192734
134.327423
135.087936
134.413208
138.479996
134.302612
134.259735
Control Period
138.589310
138.306335
134.367905
136.676697
138.789215
135.340363
136.195908
Control Period
138.514557
138.573975
138.609833
138.104126
138.419998
138.642395
138.546021
Control Period
143.074112
137.758530
137.842926
139.079895
138.767212
138.658875
138.531097
Control Period
138.681000
140.357376
138.218231
138.114624
139.713760
138.617462
138.301987
Control Period
142.256165
139.075012
138.633911
138.443756
138.896454
138.899323
138.324097
Control Period
140.169632
138.844833
137.910812
141.311554
137.247925
140.903458
138.268799
139.694427
Control Period
138.605499
138.770050
138.634186
139.111145
138.670273
138.528473
138.590363
Control Period
138.647064
138.202698
139.053635
138.761719
138.401505
138.460098
139.375748
140.575562
Control Period
138.797211
138.596863
138.671051
138.674133
138.891388
140.488419
138.091736
Control Period
141.992767
140.714462
139.278366
138.739746
138.518555
138.474365
138.351517
141.557861
Control Period
138.508820
138.661377
138.296707
138.674072
138.518402
138.450439
138.300232
Control Period
137.943634
138.978760
138.430603
137.395004
138.883972
138.623611
138.603912
Control Period
142.786163
138.613708
138.966034
138.944672
138.853729
136.517273
138.478073
138.349976
Control Period
138.953018
138.741577
138.534042
138.822601
137.828033
137.635590
Control Period
141.226654
138.803680
138.626038
138.372986
138.308929
137.701767
137.468735
138.565598
Control Period
138.692352
138.569031
138.764160
138.491425
138.550293
138.574402
138.741791
Control Period
140.661896
138.749908
138.923813
138.587936
138.596954
138.833191
Control Period
138.379517
140.036316
138.927673
139.731140
138.741409
139.464127
139.027802
Control Period
139.211884
139.613129
142.307098
138.445602
142.200546
138.671448
Control Period
140.080444
141.084564
138.665924
139.368042
142.230133
142.988510
141.839417
139.353790
Control Period
138.868652
141.441055
139.880066
138.948669
141.055679
142.666473
138.775879
Control Period
141.339783
138.377182
142.324158
138.652374
142.104919
138.406876
141.759583
Control Period
139.974792
138.241180
140.060120
138.632095
140.966400
138.685440
138.498413
Control Period
138.786621
140.252869
138.602844
140.859100
141.679199
138.787491
141.687424
Control Period
140.528717
141.942047
138.911224
140.320740
138.501251
141.186310
138.749084
Control Period
142.796844
139.371124
140.418625
141.334625
138.977280
139.056274
138.901672
141.174622
Control Period
138.371765
138.657700
138.497345
138.742981
136.603455
141.562073
137.825623
Control Period
140.132812
138.515747
138.594528
138.748032
138.529144
137.866821
138.598297
Control Period
139.968231
137.503479
138.209290
141.470947
137.771683
138.416992
138.721863
Control Period
138.895004
137.279266
138.598465
138.750977
140.903229
141.588745
138.308929
Control Period
141.767700
138.657349
138.822845
138.512451
140.237701
142.036041
138.562149
Control Period
138.742020
138.948181
141.074661
138.823975
138.930695
138.874878
138.401154
Control Period
141.737534
138.946854
138.305984
139.039230
141.308472
138.650177
Control Period
139.679932
141.406204
141.852798
139.248703
142.817352
138.870560
139.676224
141.700226
Control Period
139.764984
138.862854
139.238815
138.401306
140.492767
138.273376
138.660736
Control Period
142.028061
142.224991
138.387939
138.772827
138.963715
140.871872
138.646851
139.032928
Control Period
137.643265
137.636734
138.380798
138.946136
138.408661
138.700287
138.435394
Control Period
138.483810
138.758972
138.432068
138.844330
137.741821
137.162430
138.818726
Control Period
139.054688
137.826462
138.025665
137.400070
137.275391
137.865982
138.399551
137.571457
Control Period
138.679779
138.602325
138.782501
138.674042
138.556702
138.592773
138.547638
Control Period
139.117401
138.327850
138.606201
138.380127
138.305176
138.483612
138.497803
Control Period
138.201279
138.469879
137.586975
137.793503
138.173477
137.760681
137.152252
137.320450
Control Period
138.485443
138.362427
140.604218
141.832092
137.865509
138.611328
138.569733
Control Period
139.472580
138.042267
138.561768
138.146591
138.491302
138.194244
138.116089
138.163361
Control Period
138.131866
138.502884
138.206818
138.399933
137.353851
137.938019
138.230194
Control Period
137.950562
138.506500
138.780258
138.676224
138.578018
138.681213
138.224350
Control Period
138.661026
138.473450
137.756042
137.584442
138.562912
138.627258
138.509125
138.381927
Control Period
138.573151
138.736832
138.776001
138.554138
137.892517
137.695709
138.423340
Control Period
140.514465
138.592346
140.272095
141.231873
138.738190
138.421448
Control Period
141.355621
138.887573
140.439041
139.056183
138.313751
138.315903
138.768768
140.138855
Control Period
138.285706
141.688202
138.801178
140.943298
139.050018
138.735992
141.986359
Control Period
141.052887
138.451965
141.049683
138.092987
138.274536
142.013916
138.517670
Control Period
142.430557
141.942398
140.324219
138.432251
139.320740
137.717438
138.499969
Control Period
141.254913
138.385315
138.559204
139.414169
137.131973
138.599884
138.658356
140.099808
Control Period
138.132568
138.519135
137.588501
137.693512
137.487396
137.951080
138.590851
Control Period
142.286270
140.800995
138.882339
138.379456
138.646454
138.980469
138.584732
Control Period
142.899200
138.470337
138.540543
138.656708
138.724457
140.493698
137.498901
Control Period
138.160095
137.788544
138.133209
138.605255
138.435104
138.759613
139.387817
138.555588
Control Period
138.655457
138.445221
138.528290
138.779388
138.474304
138.473785
138.731232
138.303864
Control Period
138.325500
138.969345
138.353058
138.377213
138.129410
137.971298
140.691620
Control Period
141.872803
137.693893
138.101028
138.358368
138.253143
139.292221
138.377029
Control Period
138.789734
138.407837
138.605988
138.446411
138.395294
138.681274
138.372620
Control Period
140.284302
139.094360
137.597351
137.816376
138.288940
138.621887
138.662140
Control Period
137.591003
137.555725
138.296387
138.620636
138.397690
139.103195
140.883942
141.850708
Control Period
138.583832
138.614136
138.138428
138.110077
141.051239
138.376099
141.913727
Control Period
137.314117
137.623291
138.632568
138.457123
138.514374
137.810272
137.967392
138.500992
Control Period
138.941132
138.768005
138.068161
138.314056
138.476379
138.898880
138.911987
Control Period
138.585144
138.323746
138.226837
138.476868
138.511261
138.478821
135.679688
138.869720
Control Period
138.458099
137.532196
136.916443
138.441284
138.450043
138.376923
138.495743
Control Period
139.011780
138.763718
138.586716
138.481979
138.163483
138.547104
138.537598
138.740204
Control Period
137.197891
137.509888
138.268860
138.250061
138.160706
138.627045
138.767365
Control Period
139.305847
138.536316
138.544479
138.499390
138.275131
138.553345
138.515961
Control Period
141.985153
138.388031
138.212097
138.490723
140.532089
142.255066
138.493622
138.305603
Control Period
138.430084
138.604492
138.727386
138.338989
140.873505
137.236206
137.034454
Control Period
140.591095
137.326935
138.767365
139.517670
138.704834
138.595306
138.163620
Control Period
142.321060
138.537766
138.817215
138.490784
138.568161
138.601410
138.600616
Control Period
138.406693
138.340210
138.389771
138.436615
138.832855
138.923370
138.462646
138.433533
Control Period
138.656067
139.025055
138.478149
137.940765
137.380569
138.200607
139.648193
Control Period
141.214752
141.133362
137.850525
138.682144
138.789307
138.964798
138.521408
Control Period
138.495514
138.315964
138.341034
138.533447
138.433502
138.153717
137.611649
Control Period
141.543488
138.721985
138.233765
139.633636
139.474976
140.544922
141.054947
138.535492
Control Period
139.008255
138.137344
138.341629
138.585602
138.741516
138.626175
138.481949
Control Period
142.338165
138.750046
138.435272
138.644440
138.474243
138.879974
138.597763
Control Period
139.746094
138.451614
139.146484
141.572235
138.601761
138.761444
139.846817
Control Period
138.553925
137.505249
138.681885
138.600708
139.979523
140.943390
141.153046
Control Period
141.815109
138.310089
138.688263
137.813416
141.600220
138.695587
138.867706
141.712067
Control Period
141.190155
138.823303
138.943298
136.052994
138.172256
138.581848
138.911453
Control Period
136.843521
138.224960
137.466721
137.974396
138.835571
138.313110
138.787964
Control Period
139.576813
138.499359
138.729126
138.477478
138.635330
138.226715
138.472198
Control Period
136.641403
138.174652
138.344193
138.517242
137.584991
141.622986
138.258148
Control Period
142.321716
137.558075
137.519012
138.564331
138.988861
137.708191
137.618622
Control Period
141.997803
138.619843
141.318604
140.739624
138.336960
137.626923
140.842148
138.341400
Control Period
138.022430
138.684631
138.433319
138.327545
137.467896
138.467392
Control Period
140.070953
138.678986
139.967651
138.533951
140.302979
138.575012
140.296173
Control Period
142.303558
138.089783
141.125534
138.091766
140.908859
138.569565
139.829559
Control Period
139.191040
138.233475
141.780930
139.262527
138.850494
142.751709
138.503067
140.619781
Control Period
138.024567
141.270432
139.007843
138.801270
138.362885
141.106567
Control Period
140.733246
142.136963
138.281769
141.230316
138.511780
141.546234
139.229523
Control Period
138.234528
141.839325
138.447617
141.243195
138.723969
139.393250
138.640228
Control Period
142.962021
138.867386
138.628876
140.885620
141.835449
138.850433
138.457794
Control Period
140.152130
138.008224
138.884613
139.419922
142.679016
138.247589
138.447586
138.491074
Control Period
138.574921
138.610336
138.254272
138.217087
138.631714
139.395142
Control Period
138.598053
141.252350
138.296829
138.388031
139.270660
137.391708
139.726562
138.233978
Control Period
142.080414
138.288162
137.543747
137.369827
138.324417
138.312012
138.888153
Control Period
138.708588
138.583038
138.761383
138.409302
137.620667
137.526077
138.679901
138.529724
Control Period
138.330688
138.710693
137.173096
138.548386
138.485474
138.433243
138.474655
Control Period
139.297882
138.423492
138.494873
138.723999
137.410080
138.687805
138.510345
Control Period
142.381897
138.551804
138.318817
138.403137
138.480682
138.211975
138.648438
138.300568
Control Period
138.715851
138.431686
138.233444
138.758331
139.134659
138.867645
Control Period
139.130310
138.288330
138.769531
138.618988
141.503723
137.129211
Control Period
150.673279
150.693573
150.707550
150.669464
150.676514
150.671326
150.687683
150.669891
150.677368
150.675262
150.698700
150.708649
