160
155.878
152.972
150.568
148.592
146.973
145.643
144.552
143.643
142.881
142.229
141.665
141.167
140.721
140.313
139.943
139.601
139.285
138.98
138.689
138.413
138.15
137.896
137.65
137.411
137.184
136.967
136.758
136.557
136.363
136.18
135.995
135.818
135.645
135.478
135.316
135.157
135.009
134.869
134.731
134.593
134.459
134.328
134.199
134.073
133.958
133.844
133.733
133.625
133.516
133.413
133.313
133.218
133.125
133.032
132.944
132.861
132.783
132.706
132.632
132.557
132.486
132.417
132.353
132.285
132.224
132.167
132.11
132.054
131.999
131.947
131.894
131.848
131.8
131.754
131.712
131.669
131.625
131.582
131.544
131.51
131.472
131.438
131.404
131.372
131.338
131.309
131.279
131.249
131.225
131.199
131.173
131.141
131.115
131.09
131.065
131.043
131.021
131.001
130.98
130.957
130.936
130.914
130.893
130.872
130.851
130.83
130.81
130.793
130.78
130.772
130.76
130.749
130.736
130.724
