0.708199
0.772084
0.801987
0.827707
0.848976
0.86634
0.880237
0.890792
0.898919
0.90475
0.909463
0.912407
0.914947
0.916063
0.917592
0.918294
0.918913
0.918722
0.918572
0.918442
0.918415
0.917892
0.917737
0.917238
0.917066
0.916726
0.916321
0.915887
0.91565
0.915321
0.914446
0.914227
0.913764
0.913607
0.913272
0.912562
0.912597
0.912345
0.911734
0.911372
0.911116
0.910593
0.910327
0.910036
0.910171
0.909319
0.909204
0.9091
0.908508
0.908354
0.908101
0.908087
0.907731
0.907397
0.907225
0.907246
0.907092
0.906676
0.906575
0.906107
0.906089
0.905922
0.906279
0.905266
0.905447
0.905452
0.905055
0.90481
0.904639
0.904521
0.904389
0.904584
0.904179
0.90402
0.904139
0.903861
0.903521
0.903489
0.903475
0.903621
0.903315
0.903133
0.902921
0.902926
0.902807
0.902816
0.902752
0.902598
0.902533
0.902339
0.902663
0.902092
0.902151
0.901903
0.902005
0.902013
0.90194
0.901927
0.90184
0.901592
0.901585
0.901617
0.90153
0.901447
0.901392
0.901327
0.901439
0.901444
0.901435
0.901635
0.901425
0.901319
0.901083
0.901261
0.901032
