5682.34
5955.44
6057.21
5931.06
5985.22
5946.76
5899.5
6026.53
5957.06
5925.97
5938.33
5918.91
5973.91
5901.72
5943.44
6000.06
6008.34
5873.19
5940.97
5928.69
5895.88
5970.31
5943.44
5944.39
5939.84
5937.48
5940.97
5867.94
5978.97
5928.59
5833.47
5929.84
6029.06
5952.16
5959.31
5981.78
5946.79
5934.81
5953.31
6031.88
5940.94
5938.56
5943.53
6077
5861.78
5938.56
5938.56
5899.22
5920.25
5863
5945.88
6023.16
5934.81
5940.97
5981.47
5901.97
5852.19
5937.25
5939.69
5937.38
5933.62
5936.09
5949.66
5939.78
5905.69
6027.47
6040.75
5892.12
5849.72
5945.55
5999.41
5965.61
5945.91
5929.81
5936.06
5939.78
5938.5
5945.97
5866.06
5925.94
5938.5
5944.21
5872.62
5943.53
5938.53
5898.62
5897.06
5938.47
6012
5858.41
6052.19
5955.81
5933.52
5938.77
5907.03
5987.56
5937.45
5890
5939.55
5973.75
5955.81
5997.74
5888.75
5940.94
5981.16
5994.39
5941.06
5938.71
5942.25
5953.38
5923.41
5980.19
5945.97
5942.12
5878.09
