113.429
117.315
117.321
117.331
117.301
117.297
117.327
117.325
117.346
117.325
117.324
117.327
117.306
117.316
117.338
117.329
117.31
117.32
117.337
117.329
117.312
117.337
117.329
117.323
117.315
117.312
117.325
117.307
117.306
117.299
117.323
117.319
117.335
117.338
117.357
117.357
117.356
117.35
117.365
117.366
117.342
117.345
117.367
117.332
117.345
117.343
117.368
117.362
117.372
117.342
117.35
117.328
117.351
117.355
117.349
117.341
117.349
117.341
117.337
117.335
117.327
117.313
117.317
117.306
117.308
117.318
117.318
117.3
117.296
117.297
117.308
117.313
117.327
117.325
117.327
117.321
117.341
117.348
117.327
117.332
117.327
117.314
117.316
117.32
117.319
117.317
117.321
117.336
117.34
117.309
117.336
117.343
117.357
117.343
117.339
117.362
117.352
117.335
117.331
117.357
117.329
117.334
117.334
117.333
117.343
117.316
117.325
117.324
117.346
117.354
117.332
117.324
117.361
117.362
117.366
0
