59.530495
58.577698
58.582977
58.551361
58.576958
58.591682
58.572544
58.543808
58.549473
58.633698
58.575233
58.575745
58.558815
58.560928
58.590813
58.568993
58.604000
58.565247
58.599007
58.568222
58.549698
58.547295
58.569122
58.559872
58.589439
58.588959
58.564159
58.602432
58.628098
58.577919
Control Period
58.549248
58.605408
58.651009
58.538498
58.573566
58.589729
58.586433
58.563042
Control Period
58.568737
58.567261
58.603199
58.586334
58.596897
58.573601
58.545891
58.586624
58.610081
Control Period
58.604675
58.609665
58.553345
58.552704
58.574654
58.579872
58.603394
58.534431
58.661667
Control Period
58.625633
58.578590
58.543999
58.588318
58.573151
58.568352
58.594429
58.552608
Control Period
58.660416
58.558975
58.555809
58.548477
58.546528
58.590691
58.589088
58.576126
58.584259
Control Period
58.666718
58.550850
58.563263
58.580002
58.606941
58.556862
58.587326
58.566048
Control Period
58.608574
58.576477
58.568962
58.551331
58.579807
58.569088
58.605953
58.588001
58.618721
Control Period
58.564766
58.582848
58.575966
58.600769
58.581505
58.558655
58.577728
58.606304
58.613762
Control Period
58.541279
58.563553
58.588352
58.602528
58.556190
58.555969
58.585152
58.579292
Control Period
58.591232
58.587006
58.576866
58.633823
58.597694
58.595615
58.577667
58.541824
58.579231
Control Period
58.564991
58.539360
58.562210
58.569599
58.574272
58.579903
58.564003
58.574883
58.599873
Control Period
58.556511
58.581375
58.596191
58.601410
58.657310
58.583778
58.539871
58.557022
58.587360
Control Period
58.566944
58.556992
58.580994
58.497635
58.576866
58.547874
58.555069
58.589951
Control Period
58.620995
58.587997
58.592926
58.552002
58.572895
58.582943
58.563232
58.554306
Control Period
58.561504
58.620445
58.574913
58.603294
58.628353
58.528095
58.579422
58.579262
58.576992
Control Period
58.604706
58.697536
58.579681
58.589630
58.589314
58.553246
58.662785
58.565857
58.569214
Control Period
58.591297
58.597534
58.565727
58.606369
58.564480
58.606495
58.569153
58.527584
Control Period
58.560993
58.582081
58.670975
58.575905
58.583809
58.549889
58.557373
58.585823
Control Period
58.576321
58.553375
58.572704
58.652576
58.582367
58.562531
58.546688
58.550144
Control Period
58.560032
58.582748
58.554016
58.562656
58.663136
58.586689
58.579136
58.593792
58.581505
Control Period
58.609089
58.533379
58.575134
58.569313
58.574848
58.552193
58.572350
58.563328
58.568573
Control Period
58.679840
58.540703
58.593666
58.551937
58.572670
58.591263
58.556862
58.545025
Control Period
58.545311
58.638947
58.521027
58.546944
58.550560
58.547585
58.586014
58.600895
58.565697
Control Period
58.538368
58.654465
58.600384
58.574303
58.536354
58.554272
58.560799
58.582527
Control Period
58.581886
58.545055
58.627586
58.564545
58.574497
58.568417
58.567650
58.594177
58.557983
Control Period
58.584385
58.572895
58.625374
58.576195
58.580097
58.559872
58.573952
58.575615
Control Period
58.564545
58.607391
58.599297
58.584221
58.536095
58.591362
58.559647
58.578659
Control Period
58.597214
58.602371
58.603809
58.573341
58.607647
58.583900
58.576126
58.592319
58.583359
Control Period
58.591553
58.600349
58.574303
58.595299
58.655487
58.591297
58.607327
58.561855
Control Period
58.564606
58.576317
58.577026
58.600418
58.559776
58.564255
58.569313
Control Period
58.548225
58.613853
58.561729
58.594784
58.574333
58.556610
58.602913
58.609600
58.588318
Control Period
58.553631
58.571106
58.571007
58.614174
58.603874
58.573891
58.533855
58.579071
58.590912
Control Period
58.574688
58.575871
58.706367
58.593407
58.573921
58.551842
58.586082
58.571999
Control Period
58.568062
58.587296
58.562210
58.690750
58.579330
58.579361
58.578400
58.560638
58.645569
Control Period
58.550720
58.554146
58.578144
58.608414
58.575871
58.565727
58.568832
58.577438
Control Period
58.670528
58.629120
58.570557
58.571297
58.587776
58.565536
58.603966
58.597057
58.563393
Control Period
58.643265
58.586273
58.611938
58.620705
58.580769
58.601471
58.579170
58.619934
Control Period
58.608192
58.629601
58.579361
58.581184
58.593952
58.595264
58.569313
58.581566
58.608929
Control Period
58.593056
58.615040
58.560032
58.579582
58.585152
58.581631
58.691391
58.590622
58.561218
Control Period
58.615967
58.581955
58.612991
58.557793
58.562531
58.601025
58.663841
58.602592
Control Period
58.580032
58.583168
58.581470
58.580223
58.587555
58.547363
58.563774
58.677666
58.575294
Control Period
58.606304
58.555424
58.530495
58.582466
58.569279
58.598244
58.582207
58.675392
Control Period
58.575394
58.577343
58.572063
58.574883
58.578529
58.567810
58.610977
58.593437
58.610977
Control Period
58.701538
58.583168
58.567455
58.609474
58.640865
58.579807
58.597919
58.591328
Control Period
58.564705
58.567581
58.555229
58.546143
58.548798
58.618622
58.617729
58.588863
58.591263
Control Period
58.567200
58.610592
58.598145
58.555073
58.564323
58.625214
58.605888
58.557888
Control Period
58.585823
58.567810
58.592094
58.696098
58.598335
58.565121
58.591743
58.570595
Control Period
58.561821
58.542847
58.686687
58.578529
58.577824
58.550179
58.526657
58.569729
Control Period
58.581314
58.564194
58.570045
58.555168
58.568066
58.588799
58.607296
58.573730
Control Period
58.576546
58.538239
58.578976
58.544769
58.552608
58.556770
58.572929
58.593216
58.649315
Control Period
58.598976
58.569565
58.553055
58.612610
58.630974
58.551968
58.579201
58.603489
58.570816
Control Period
58.584190
58.556831
58.541023
58.584000
58.604797
58.602562
58.561089
58.587807
Control Period
58.552574
58.585087
58.553085
58.589825
58.541794
58.589760
58.590176
58.575649
58.547646
Control Period
58.527840
58.601120
58.580925
58.585854
58.570206
58.561920
58.575203
58.548958
Control Period
58.576832
58.556255
58.665440
58.590141
58.565666
58.575394
58.566368
58.558083
58.577377
Control Period
58.594048
58.692322
58.537918
58.593246
58.556705
58.584030
58.554207
Control Period
58.558880
58.549057
58.571617
58.675262
58.541313
58.572544
58.590782
58.571423
58.548126
Control Period
58.566719
58.565117
58.577473
58.689247
58.545502
58.567425
58.568417
58.578465
Control Period
58.549438
58.572639
58.566784
58.536034
58.649826
58.552864
58.531586
58.562271
58.572639
Control Period
58.576992
58.544067
58.557121
58.584480
58.661186
58.548607
58.563488
58.565025
Control Period
58.588001
58.562111
58.565536
58.557983
58.571426
58.666786
58.551491
58.544189
Control Period
58.562111
58.552544
58.585793
58.565662
58.558655
58.592094
58.655586
58.569759
58.849728
Control Period
58.528641
58.538113
58.569344
58.575104
58.549313
58.535774
58.618977
58.564800
Control Period
58.591934
58.607101
58.558784
58.586815
58.576477
58.572319
58.557343
58.577087
Control Period
58.582787
58.557888
58.601410
58.609409
58.575520
58.580803
58.575104
58.582466
58.565918
58.674721
Control Period
58.575649
58.569695
58.610077
58.579105
58.577183
58.573471
58.543457
58.546017
58.626846
Control Period
58.565475
58.591648
58.545059
58.545792
58.588066
58.582016
58.614113
58.556099
Control Period
58.579136
58.569183
58.590080
58.565666
58.549858
58.568893
58.574463
58.564705
Control Period
58.639519
58.583549
58.551102
58.560257
58.561825
58.576035
58.556831
58.554146
Control Period
58.543167
58.611328
58.555969
58.568382
58.562336
58.550560
58.604706
58.584930
58.571648
Control Period
58.588161
58.557793
58.698689
58.582752
58.581917
58.553280
58.583458
58.594398
58.576992
Control Period
58.563648
58.573891
58.635456
58.586815
58.552673
58.559166
58.599041
58.554558
Control Period
58.553406
58.568832
58.568542
58.679230
58.551933
58.541634
58.560097
58.583744
Control Period
58.578400
58.574402
58.576607
58.610878
58.687134
58.582077
58.564674
58.581184
58.566589
Control Period
58.581406
58.567936
58.583744
58.574368
58.601219
58.582272
58.578720
58.601696
Control Period
58.549149
58.587486
58.597954
58.586784
58.556290
58.568607
58.566303
58.574883
58.543358
Control Period
58.554562
58.605186
58.567711
58.551743
58.554047
58.594078
58.591042
58.563999
Control Period
58.614464
58.570175
58.553795
58.603680
58.558014
58.560318
58.558239
58.595264
Control Period
58.596703
58.563454
58.699615
58.567711
58.593376
58.579842
58.559837
58.591103
Control Period
58.593987
58.569183
58.573631
58.652000
58.601601
58.568737
58.563328
58.555939
58.576000
Control Period
58.561470
58.572704
58.587936
58.566944
58.556671
58.595200
58.579391
58.617184
Control Period
58.605408
58.568512
58.554466
58.562626
58.639519
58.528801
58.555107
58.569534
Control Period
58.608353
58.569504
58.562561
58.567169
58.579742
58.622559
58.597088
58.577858
58.528290
Control Period
58.589699
58.584450
58.601856
58.562912
58.552864
58.596733
58.562782
58.568001
Control Period
58.560383
58.553951
58.596191
58.579170
58.569153
58.589859
58.621727
58.588318
Control Period
58.592575
58.577984
58.561119
58.565247
58.552673
58.587456
58.704414
58.545090
Control Period
58.565918
58.579903
58.566689
58.607262
58.580833
58.553185
58.568222
58.641663
58.568672
Control Period
58.572990
58.595585
58.560673
58.588863
58.571648
58.578880
58.587296
58.578239
58.599743
Control Period
58.588703
58.579842
58.594624
58.566368
58.545376
58.582687
58.582115
58.673149
Control Period
58.585373
58.608608
58.601181
58.596222
58.600990
58.708702
58.528450
58.569443
58.565025
58.589058
Control Period
58.576477
58.577408
58.559200
58.553726
58.683998
58.545376
58.514050
58.558079
Control Period
58.568832
58.564995
58.593246
58.553345
58.534111
58.635647
58.585251
58.574623
Control Period
58.546879
58.552128
58.568031
58.545250
58.554527
58.553440
58.644096
58.566910
58.540031
Control Period
58.576126
58.578369
58.594818
58.554432
58.576355
58.560928
58.563553
Control Period
58.561729
58.542240
58.576416
58.632355
58.569405
58.560287
58.562016
58.557407
58.614334
Control Period
58.592831
58.564064
58.583649
58.638592
58.575935
58.531967
58.542206
58.571777
58.558304
Control Period
58.556065
58.556961
58.573215
58.656960
58.544029
58.573181
58.615807
58.562496
Control Period
58.571999
58.533379
58.559166
58.590561
58.618561
58.565151
58.554913
58.620449
Control Period
58.569664
58.564384
58.583263
58.545059
58.551296
58.598686
58.552994
58.565857
58.547234
Control Period
58.550529
58.631008
58.545380
58.539200
58.574112
58.553665
58.556000
58.570976
58.557121
Control Period
58.591167
58.624767
58.548416
58.553795
58.560032
58.555679
58.552193
58.552444
58.569954
Control Period
58.549759
58.621632
58.533058
58.570335
58.570206
58.550976
58.544579
58.555103
Control Period
58.548992
58.571232
58.581120
58.549313
58.572189
58.568737
58.528450
58.547295
Control Period
58.578300
58.570847
58.564289
58.588928
58.524258
58.527649
58.544899
58.541313
58.558689
Control Period
58.549408
58.547935
58.525089
58.542206
58.623009
58.566750
58.540928
58.531487
58.530815
Control Period
58.576096
58.531456
58.548000
58.529182
58.643200
58.537537
58.550560
58.538399
Control Period
58.545921
58.562912
58.561630
58.556576
58.525246
58.620255
58.563904
58.522720
58.516510
Control Period
58.561760
58.569023
58.580254
58.537312
58.542366
58.638432
58.553345
58.535423
Control Period
58.564896
58.555519
58.552094
58.577953
58.560993
58.586143
58.674591
58.557602
58.564800
Control Period
58.549629
58.567711
58.655327
58.537666
58.536674
58.583107
58.554241
58.590015
Control Period
58.557022
58.565247
58.565727
58.631840
58.634529
58.567139
58.549507
58.540321
58.537121
58.545921
Control Period
58.555458
58.580929
58.520638
58.604416
58.551777
58.555038
58.557022
58.546082
Control Period
58.565186
58.591232
58.566368
58.554432
58.623745
58.543232
58.579391
58.555939
Control Period
58.547199
58.543007
58.592354
58.563583
58.591423
58.575905
58.552288
58.522240
58.552254
Control Period
58.437248
58.441120
58.439838
58.417503
58.417919
58.406528
58.410301
58.420349
58.437088
58.420258
58.423168
58.424385
58.455421
58.426079
58.414978
58.426559
58.416225
58.459648
58.438786
58.426559
58.441635
58.425598
58.416927
58.410942
58.473728
58.435009
58.436577
