60.213058
59.913246
59.886143
59.913116
59.894882
59.925537
59.890274
59.882015
59.891361
59.910271
59.912704
59.901119
59.900288
59.907875
59.877373
59.901665
59.882111
59.887070
59.887840
59.889439
59.919907
59.920544
59.933025
59.937859
59.949219
59.929249
59.897663
59.916832
59.919392
59.876930
Control Period
59.929794
59.890079
59.914177
54.853088
55.833473
57.985474
59.906879
59.913795
Control Period
59.911613
59.911968
59.911873
59.907230
59.897758
59.921059
59.915520
65.274429
59.881218
59.916992
Control Period
59.924671
59.903679
64.947487
59.948513
59.879265
62.143936
64.046333
59.901695
61.362175
65.797409
Control Period
65.860001
65.455643
59.914623
60.634941
61.696770
65.145340
62.609024
61.341217
Control Period
65.181534
59.912319
64.886459
62.073792
62.413055
62.746620
64.039871
60.507969
Control Period
59.916641
65.228447
62.597664
59.892384
62.040127
64.373756
59.894562
59.923904
Control Period
61.869408
59.905762
65.714272
59.907745
62.796417
65.469276
64.102402
59.944096
65.764351
Control Period
65.153564
59.931007
65.591042
61.036926
63.747135
62.206398
63.099552
63.417603
Control Period
59.883392
62.001213
63.232803
59.918976
63.634945
61.890846
59.918465
65.610207
65.124161
Control Period
63.243263
60.184799
65.300926
59.957825
66.103363
59.930687
65.464668
61.810974
63.598206
59.922943
Control Period
62.081665
59.913792
60.678432
59.956223
65.784416
60.411648
63.028801
63.454590
Control Period
65.494560
59.924927
65.070206
61.742462
63.961441
63.716866
60.697857
65.561569
Control Period
59.883232
64.817856
59.911331
60.765694
62.660927
59.925343
62.481216
59.897438
Control Period
65.683777
59.904480
64.971809
60.957825
62.651871
62.815842
60.495872
64.882492
Control Period
59.903938
59.898048
59.923969
60.912704
60.421890
59.894913
63.055714
59.895874
Control Period
59.888802
61.353310
62.666721
59.895103
65.361984
59.926750
59.914303
Control Period
64.913025
65.956802
59.901375
64.301285
59.906723
65.286209
59.887901
64.170525
59.901279
63.137730
Control Period
65.386688
64.267075
60.631615
62.125443
63.613312
59.890114
61.657982
63.288094
Control Period
62.813667
61.543167
63.496288
65.579391
60.229950
59.885376
60.656227
66.221634
Control Period
59.886497
64.465988
61.794880
59.910080
64.155647
60.983490
62.515358
63.959904
Control Period
64.413757
63.320671
59.902145
65.733665
59.890594
65.236900
59.915298
65.065475
Control Period
62.805534
59.906654
64.139648
59.946465
59.902306
64.634308
59.895840
64.033218
60.589981
Control Period
60.490208
59.898304
65.619522
65.358658
59.913246
61.374115
64.655548
59.905727
Control Period
62.910210
64.194244
59.890305
62.043297
64.402718
59.919266
65.532227
59.886913
Control Period
68.688354
59.905888
61.015678
59.937695
65.763550
59.919296
65.615585
61.184158
63.578720
Control Period
62.891808
61.633217
62.820580
61.802429
59.900894
62.615551
59.899071
62.921791
60.942146
Control Period
65.232803
63.258850
65.376961
64.629181
61.962112
62.049187
64.319839
65.129791
Control Period
65.350174
59.912640
61.113251
62.742462
59.893215
65.661438
61.092094
Control Period
65.639709
59.947105
60.635902
64.959389
60.019650
64.323586
65.567230
59.897408
64.088516
Control Period
66.499237
59.913376
65.665054
60.317505
63.177315
59.925152
64.903809
59.911171
65.842369
Control Period
59.895805
59.907135
65.597885
59.903618
59.908638
65.035965
59.895615
60.240128
Control Period
63.734177
64.494240
59.927456
64.178978
60.818848
59.889374
64.677986
59.891869
65.630913
Control Period
66.019745
59.881310
65.172546
59.925983
60.150047
63.417023
59.889343
61.549919
Control Period
60.776321
62.521248
59.897057
65.659424
59.914146
61.602592
61.952385
59.878208
Control Period
59.908096
60.899807
64.227005
59.942528
64.867355
59.902496
62.411297
62.362686
Control Period
63.472450
60.522240
60.377502
63.824738
62.324673
61.906784
59.862305
59.901245
61.945087
Control Period
65.273758
59.902271
62.873985
62.066338
59.897217
65.390816
59.894562
65.086685
Control Period
60.536640
62.817024
59.908226
60.807106
59.917984
60.333599
60.334656
Control Period
68.674049
65.840767
59.909023
61.100769
59.952190
59.939327
65.209824
59.923519
Control Period
59.901535
60.456257
65.333633
59.915455
63.505058
62.567902
61.659393
64.722626
59.906975
Control Period
65.678268
59.878624
65.935165
59.932030
60.232128
62.736771
62.938690
60.538048
Control Period
62.436958
64.372292
61.586754
59.896992
63.944160
62.289726
63.208221
62.608131
Control Period
61.449986
65.397377
65.639297
59.899712
63.182755
61.505089
59.894657
59.866562
Control Period
68.453857
59.888767
65.510849
59.897152
65.420349
59.906975
64.923103
61.547264
62.377533
Control Period
63.827362
60.332767
59.903137
66.082207
59.895454
59.907745
64.946304
59.879906
Control Period
59.905472
65.100319
59.857346
64.666077
59.894142
59.874111
63.635612
59.866753
Control Period
61.880512
62.217186
62.579330
59.866783
65.800735
59.995361
62.332352
59.877121
Control Period
65.381569
59.879230
65.622269
59.882561
65.335968
59.874016
62.284256
59.891232
Control Period
62.914787
61.187454
59.894432
64.922333
59.889248
63.487328
59.847744
65.641090
59.892479
Control Period
65.247200
59.888481
64.777405
59.965569
61.049438
59.867489
61.922337
Control Period
63.135452
59.877281
65.138657
59.882301
59.856255
65.344864
59.914112
59.914337
Control Period
68.494240
61.914528
60.919998
59.881218
65.441185
59.870880
63.976929
Control Period
60.756416
65.603554
59.876896
61.755775
63.711937
59.894112
66.052673
59.901955
63.906685
Control Period
60.928288
63.591167
61.397953
62.010399
62.460991
59.898849
63.823360
61.627678
Control Period
68.028610
63.679073
59.870049
65.182816
59.908607
65.210556
59.911297
65.759933
59.887104
Control Period
64.774300
66.106018
59.876225
59.870911
65.690941
59.917088
61.062691
64.587296
Control Period
62.399780
61.635712
62.368706
65.449921
61.614944
59.924797
59.912674
65.597824
65.166557
Control Period
60.530174
62.180832
64.742493
59.874306
64.138557
63.681152
59.927811
65.907684
Control Period
59.931229
59.888767
61.161697
63.705887
61.384193
59.902176
60.586845
59.892227
Control Period
60.422401
59.878433
62.117378
62.787804
61.897278
59.902817
60.110111
61.999229
63.792416
Control Period
61.703743
63.196030
64.726723
65.856865
65.640991
62.240387
60.058914
65.207199
65.421890
Control Period
66.028511
63.929214
62.602016
65.243134
65.700836
63.176865
59.926109
Control Period
59.912895
61.207970
64.483742
59.915615
62.110786
64.924927
59.899330
59.889694
Control Period
65.221985
59.910370
60.219170
64.892097
59.909344
59.904739
59.944832
Control Period
59.886658
59.875839
64.214142
61.268959
59.892448
61.521919
60.784195
59.924736
62.358238
62.803040
Control Period
59.895039
61.995392
62.420448
64.979042
61.263298
59.861343
59.852707
Control Period
62.047424
59.877983
59.908928
65.130623
65.738403
63.665630
59.892990
61.806335
Control Period
64.056160
59.894783
64.866371
62.713310
59.899872
64.588348
61.888226
61.666367
65.087646
Control Period
64.690109
62.433250
61.834785
62.208031
59.946434
62.489792
59.877857
65.407425
61.597153
Control Period
65.724548
61.305634
59.916733
60.182846
63.440384
60.458912
65.335968
65.577759
64.406143
Control Period
62.841534
61.122337
65.355133
64.062943
65.906624
63.976830
65.482468
64.624161
Control Period
64.240128
64.965790
65.475586
64.839996
62.817696
60.678623
60.744705
59.915619
Control Period
64.619362
61.729855
63.661186
63.260929
59.915936
64.258720
61.721214
59.901375
59.903038
Control Period
59.936001
64.009155
60.193760
59.915840
61.112770
65.141502
59.894112
59.900063
Control Period
65.995163
59.949982
59.934048
63.229889
65.854240
59.924637
59.898880
64.568962
Control Period
65.583420
59.921665
62.318241
62.403744
59.900513
65.601593
59.915169
64.037186
Control Period
59.892128
59.911392
60.144707
62.907455
61.430367
59.886688
63.346207
65.193504
59.884991
Control Period
64.338501
62.386333
60.517696
59.894016
65.149277
66.132736
63.749695
59.911613
Control Period
62.531872
65.324608
59.914627
64.541054
62.325951
61.003136
Control Period
62.671265
59.890945
65.445694
59.904800
62.862656
62.698814
59.879074
64.796188
60.036736
Control Period
63.587006
62.342785
63.274113
63.586563
60.259842
65.678078
59.906815
65.630913
Control Period
65.733727
59.904190
64.514397
59.892769
65.337219
59.903328
59.897026
59.913506
Control Period
60.417023
65.066116
59.900642
65.599007
59.934273
59.873760
63.468864
Control Period
61.810173
65.664993
59.906975
59.901344
66.119110
59.934273
62.995491
65.726685
59.917694
Control Period
59.894016
61.727997
59.886559
65.710434
59.927841
65.278465
59.871552
64.594147
59.967808
Control Period
66.119675
59.895264
65.175140
59.907043
62.804512
59.891041
61.807487
59.885536
Control Period
59.897758
65.566879
60.598911
62.461662
63.557823
60.353310
65.680511
59.901119
Control Period
65.033409
61.963043
59.910496
64.026047
62.990685
62.665985
63.526207
Control Period
63.108765
61.774944
59.908417
59.917919
59.907906
59.893055
59.920864
Control Period
61.819489
60.808960
59.952515
59.885761
63.943298
65.382080
59.895294
59.894016
66.018204
Control Period
64.456070
61.212387
61.524574
64.527649
59.881313
60.945473
64.942657
59.913055
Control Period
59.902721
65.328995
60.975426
59.903938
65.467361
60.976608
63.059616
63.832638
Control Period
66.589661
59.916862
63.865089
62.715073
61.087486
63.598335
61.083969
59.975998
59.893410
Control Period
65.600479
65.321091
59.920704
64.336769
63.182495
59.920864
64.180542
62.519295
Control Period
61.935005
59.908607
65.507584
60.636803
59.892769
64.980095
60.757118
63.986206
61.300926
Control Period
62.992706
64.078239
61.224579
59.901756
59.903839
59.872959
65.943550
Control Period
61.281857
59.864738
62.548512
60.677025
59.914177
64.317917
59.889885
59.893822
Control Period
63.775681
59.889633
59.898750
64.817314
59.921440
59.898499
65.435364
59.879807
59.903969
Control Period
62.734398
59.900032
65.457756
59.956097
61.839073
64.567459
59.901154
Control Period
60.826942
62.788799
62.274750
59.923328
62.645027
63.680382
59.883263
63.778912
Control Period
65.736061
65.534271
59.918175
65.236832
60.503197
59.912926
65.385284
59.920639
Control Period
68.682465
59.903008
61.171616
59.925117
59.900639
59.900608
60.795200
65.196671
Control Period
65.415680
59.903358
59.881088
62.485344
59.880257
65.396446
59.911327
61.707710
59.901505
Control Period
64.330368
59.894176
59.909088
60.348831
63.969791
59.912128
62.558113
59.911968
Control Period
65.726624
64.109985
61.827583
59.898590
64.007584
64.971939
65.423645
59.899330
Control Period
62.231487
59.895103
59.900482
65.917725
65.040031
59.886784
61.055073
63.113152
Control Period
63.258591
60.176575
65.868698
59.902847
65.340767
59.889694
59.908928
62.610146
59.902046
Control Period
64.161026
59.891937
65.129539
59.914177
63.913536
59.903297
63.144287
59.921410
Control Period
61.495392
65.026398
59.903778
64.796860
59.909630
63.527103
59.905888
65.540833
Control Period
64.321442
59.918015
62.028770
59.935009
60.924835
59.914528
60.457954
60.639072
Control Period
59.909920
61.035679
64.726334
60.255875
65.320450
59.887741
66.094940
59.880287
64.352066
Control Period
65.763969
59.914719
65.146080
59.919968
65.431007
59.897984
65.700958
59.918400
Control Period
59.915970
64.972420
59.874306
64.644127
59.902306
64.632607
59.899200
59.853058
59.851200
Control Period
68.024155
68.567039
68.569664
68.605026
68.667206
68.633820
68.623138
68.619644
68.647324
68.600929
68.468674
68.484573
68.541885
68.546524
68.617310
68.626846
68.630623
68.523773
68.474945
68.482819
68.476959
68.557022
68.537918
68.574982
68.627396
68.598495
