59.288643
58.594849
58.542686
58.561409
58.618145
58.585312
58.600899
58.573570
58.538815
58.577538
58.582207
58.576672
58.593567
58.611423
58.570274
58.555901
58.597023
58.554947
58.572067
58.554657
58.578529
58.562462
58.685886
58.587040
58.602943
58.578335
58.560513
58.595039
58.572544
Control Period
58.720322
57.221024
56.679901
58.698719
58.725887
58.769920
58.724640
58.728031
58.730270
Control Period
58.722786
58.754814
58.787041
58.728832
58.694046
58.709663
58.697151
58.800354
58.752735
Control Period
62.162750
58.780704
59.152767
58.714722
62.137917
59.858368
58.716286
58.822083
Control Period
58.736031
58.752098
59.344414
62.453697
61.531166
58.747520
60.075775
60.963455
Control Period
58.722591
62.670082
59.259933
60.239361
61.976288
58.751167
59.730301
Control Period
58.719009
62.132225
58.683807
58.759171
59.671005
61.727936
59.440479
58.742371
62.258942
Control Period
58.705566
62.849922
58.744160
60.392899
60.905376
58.716385
59.782623
60.866848
58.757278
Control Period
59.990913
61.981148
58.737663
62.073692
59.414818
62.112259
59.989120
60.115295
Control Period
62.216866
60.321053
60.546913
62.795586
59.259262
61.325825
63.103489
58.679329
59.151520
Control Period
60.383263
61.956192
59.049377
62.743164
59.014206
61.370209
58.750145
Control Period
61.502304
58.759041
62.963615
58.793121
63.015358
58.763870
62.641151
59.435455
Control Period
60.326141
58.709343
63.058846
58.659843
61.529503
58.726013
60.170433
58.676094
58.766815
Control Period
62.361824
59.029858
58.741440
62.342850
58.719391
62.370113
58.701984
62.775040
Control Period
58.832382
62.816864
58.701469
62.003647
58.739681
60.682205
58.755554
59.218018
Control Period
63.064865
58.725216
62.748611
58.694401
62.494461
62.946945
58.747295
61.857826
Control Period
62.883102
58.692993
60.280033
61.705570
58.704384
63.153919
58.756256
58.714302
61.463295
Control Period
63.370590
58.713890
62.196831
58.758400
60.415459
58.675137
62.559837
60.018974
61.218658
Control Period
60.600769
58.747135
59.622849
61.860287
58.697182
60.037758
62.436127
60.938530
58.714241
Control Period
60.399101
61.501633
59.349091
58.698273
62.734047
62.985886
58.731071
58.722305
Control Period
62.889694
58.726494
61.502529
60.997375
58.740864
61.959488
61.004768
59.552544
Control Period
58.878433
60.150658
62.540161
58.720673
58.831200
58.706367
62.270496
58.836578
Control Period
60.682209
61.087585
59.756672
58.715679
62.969917
59.352097
61.879295
58.717056
62.360062
Control Period
61.288158
63.145760
58.709373
58.902336
63.086655
61.947777
58.801151
60.072319
Control Period
60.308990
58.703011
60.199551
61.308800
59.077919
62.804413
58.795677
62.365055
59.550941
Control Period
60.447552
62.076672
63.004318
58.707970
63.002464
58.693375
62.150497
59.490368
Control Period
60.560352
61.587326
59.923203
61.600227
60.821281
60.647808
61.273281
60.798241
60.953312
Control Period
58.743359
59.857666
58.739841
59.458176
61.590977
60.849693
59.371902
Control Period
58.737312
58.799774
58.696381
61.755711
58.723297
62.499203
58.707840
58.721119
60.069057
Control Period
64.923264
58.687294
58.720768
61.915329
59.831459
58.753250
61.272415
60.114208
Control Period
58.781311
62.806046
58.673119
62.581154
58.742691
62.803360
58.684864
Control Period
61.959038
59.873249
58.703842
62.750305
58.698814
58.768578
63.079937
58.722271
60.817184
Control Period
59.359871
61.844322
58.734047
62.360832
58.757343
59.598175
61.654305
58.744545
Control Period
58.819389
61.455936
58.682590
63.105949
58.698689
60.834625
59.599777
61.411552
Control Period
62.957600
58.787842
62.340096
58.794815
62.929123
58.740673
61.132225
60.151550
Control Period
58.734688
63.090015
58.746239
62.228447
58.712257
62.729313
58.716160
60.959969
59.540131
Control Period
62.650784
58.698624
60.495808
58.716640
60.985920
58.786499
62.625122
58.774944
Control Period
58.697281
62.744640
58.735329
61.210976
59.060673
58.697823
61.933502
59.164383
Control Period
61.554115
60.557888
60.634750
60.784607
60.689823
58.811234
63.177280
58.728958
62.567459
Control Period
58.836929
58.752800
59.904896
61.943069
63.392899
58.762238
58.719490
62.657501
Control Period
62.683231
58.772194
58.699806
62.792831
58.735104
60.921600
61.403999
58.803745
Control Period
63.547775
58.694717
63.058399
58.700577
62.839520
58.681053
60.507103
58.787331
62.171295
Control Period
60.848225
59.602173
60.941120
62.607742
59.777763
60.974720
58.802208
60.810272
Control Period
61.006210
58.754333
58.714207
62.989021
58.724384
61.534431
58.733086
62.734497
Control Period
60.497185
61.813442
59.352352
63.089344
58.719711
62.686272
58.709923
61.337887
Control Period
60.634880
59.591362
58.717407
61.532513
58.786339
58.774879
61.304543
59.546333
58.671394
Control Period
62.922592
58.709312
61.572575
59.280319
58.712704
62.797920
58.739616
62.003071
Control Period
60.554817
61.227234
58.702431
62.808189
58.723007
60.237888
60.729218
61.184383
Control Period
58.712418
62.906113
58.716640
62.923809
58.661697
60.850494
60.971359
60.755554
Control Period
64.184708
58.713821
62.278210
58.717346
62.821342
58.691296
62.307617
58.726173
Control Period
63.175873
58.689438
60.037727
58.709087
62.772961
58.692097
62.958591
58.688866
Control Period
60.625443
59.785984
58.701378
62.665791
59.164352
58.689026
61.432671
58.686977
59.664833
Control Period
59.224510
58.678146
58.712288
61.867393
58.695358
58.886589
62.288063
58.701153
Control Period
62.158432
58.684544
62.978973
58.671585
58.715294
62.069054
58.722401
59.654045
60.212387
Control Period
60.824032
58.736450
61.806721
59.643997
60.941216
60.412575
58.716316
61.464516
Control Period
58.706657
59.812576
62.599361
58.749443
62.771328
58.707329
62.668415
58.711391
58.749313
Control Period
59.450531
58.801857
62.213120
62.923393
58.675552
62.918114
61.455261
59.661568
Control Period
64.835648
61.381119
60.047104
58.695328
61.963615
62.802498
62.396286
58.711678
Control Period
60.174110
61.843712
61.010658
58.694912
61.135777
59.994911
59.456673
62.746975
58.781921
Control Period
59.906689
62.797665
62.681442
63.187233
58.745632
60.523041
61.991776
60.535168
61.351135
63.357216
Control Period
61.887680
62.895805
61.375107
60.796543
61.880733
63.190781
62.257023
60.944511
59.191841
Control Period
64.824326
60.764000
59.339680
58.719742
58.717312
60.220192
61.731293
58.689087
58.719231
Control Period
58.753601
59.832222
60.739136
58.736290
58.776321
60.315773
62.811714
Control Period
63.239136
58.714943
59.367363
62.315392
58.709923
59.343647
63.165024
58.768478
Control Period
58.687233
58.777855
62.793728
58.803490
58.700798
61.192738
58.703552
58.714081
62.003937
Control Period
60.414913
61.715843
59.664703
58.700798
59.505280
61.428482
58.749763
60.730335
Control Period
63.030403
61.349537
60.703743
58.748642
61.450813
62.658302
62.951038
61.102463
60.762657
Control Period
61.757313
62.935265
62.986687
58.779232
58.739265
59.921440
62.721985
61.226463
Control Period
63.881920
62.687263
58.846466
60.779713
61.101120
58.738049
61.544224
60.735649
Control Period
60.017662
58.688446
61.004478
60.560226
60.956734
61.887424
58.709312
62.956482
58.742687
61.720222
Control Period
59.359425
62.097664
63.131104
61.557182
60.006336
61.599556
58.700897
58.742176
59.363266
Control Period
60.849663
61.912193
58.751266
59.806625
58.715904
59.814110
58.729984
59.212257
Control Period
59.111584
58.719040
58.701473
59.302719
61.304962
62.287682
61.997280
62.852798
Control Period
59.549057
59.380547
62.171486
59.446915
61.061279
62.263870
60.990814
Control Period
59.419777
59.948257
58.683075
58.705246
61.970787
58.759102
59.324898
62.287071
Control Period
58.718975
58.702911
60.008865
60.478176
58.729248
58.718975
63.317757
58.695393
Control Period
58.721344
62.321247
58.730911
61.354141
59.834846
58.724609
62.555038
58.685951
Control Period
63.412128
62.841217
58.737282
58.750496
62.053310
58.744160
58.712032
58.656288
61.911297
58.710911
Control Period
60.433216
61.540962
63.024895
58.947998
58.741249
60.071648
60.940289
60.794945
Control Period
62.863201
58.756065
58.690941
62.786530
59.162659
58.687744
59.575455
61.508320
61.354465
Control Period
63.089981
61.657665
58.731453
61.523170
60.039585
61.242531
59.673920
58.719231
Control Period
64.855904
58.734879
61.395775
58.713791
59.700191
58.683552
58.710815
58.689342
Control Period
58.740829
58.711746
60.188705
59.608963
62.836349
58.691742
60.908096
60.782562
62.778206
Control Period
62.092384
59.041153
62.903999
58.752129
62.814560
62.525085
59.897568
60.805088
Control Period
58.729023
63.345215
58.692863
58.692482
58.758530
60.730270
58.695518
58.834785
Control Period
62.309280
58.700672
63.257568
58.709923
62.357571
58.769344
61.433281
59.537312
Control Period
62.516579
58.726883
60.174816
58.694305
61.654434
58.795166
62.463554
58.690849
62.774338
Control Period
63.326912
58.726883
62.221855
58.720802
60.083904
58.789986
58.729439
59.763618
Control Period
58.912323
61.410652
60.479134
59.712608
58.737953
60.859455
59.552959
Control Period
60.822403
58.760288
58.798912
58.748894
58.714401
58.754498
58.728035
58.785378
62.770081
60.829185
Control Period
62.102913
58.708961
60.350723
59.666397
58.767872
62.974174
58.735710
58.743519
Control Period
60.047840
61.238239
61.485634
58.764450
59.665314
61.932095
58.724960
63.069729
Control Period
62.039711
58.735424
58.682335
63.079552
58.729218
61.432289
60.898529
58.739006
Control Period
62.926338
58.724705
59.969666
58.745918
62.240799
60.315262
58.769341
62.773918
59.852352
Control Period
58.799042
58.747971
62.797791
59.598625
61.035904
60.523937
58.773537
60.825310
Control Period
62.328835
63.561089
58.737057
62.173950
59.950562
58.764061
62.269310
59.220802
Control Period
64.954369
58.713951
59.191490
62.492031
58.752930
62.990494
59.004578
58.750015
Control Period
61.614880
59.310013
58.752449
62.340160
58.701057
58.679840
63.067009
62.285954
58.701984
Control Period
62.872097
58.716095
59.453346
60.851074
58.755424
59.093918
62.199425
58.725090
Control Period
60.931458
59.454433
58.715294
58.715199
59.912674
61.933472
58.700191
59.447266
58.770462
Control Period
61.344414
58.737408
61.289280
61.936195
60.109726
60.127747
63.179775
59.720001
Control Period
58.718399
58.729633
62.532543
58.740448
62.824066
59.008640
58.727264
62.787010
Control Period
59.772095
62.881695
58.703072
63.320930
58.669571
63.177601
58.702785
58.692574
Control Period
58.745697
63.119392
58.676289
59.919037
61.697502
58.713184
62.764832
61.470623
60.109474
Control Period
59.382370
58.737984
62.908607
58.752670
60.352703
60.831490
61.177086
59.014206
Control Period
58.692863
58.722786
60.122658
61.978371
59.841438
58.710976
58.706688
63.041058
61.950974
Control Period
62.591934
63.151009
58.830368
58.733856
59.192703
61.963585
60.160351
59.701599
Control Period
62.841152
58.692863
63.159203
58.777954
58.740479
62.840706
58.712288
62.118240
Control Period
58.714497
62.941597
58.708801
62.257824
59.537762
60.883232
60.580673
59.685951
Control Period
61.881535
58.725151
62.686462
58.877502
61.845886
60.177696
60.634911
58.734978
59.105347
Control Period
60.514305
61.818115
59.765282
62.022850
58.804832
62.677277
58.724064
63.363968
Control Period
62.441917
58.699326
63.047905
58.713470
63.166431
58.735264
62.406082
59.624386
Control Period
58.676094
62.808319
58.695198
61.604988
58.677345
58.736542
58.733665
61.841408
Control Period
62.826462
58.771873
62.497955
59.162910
60.942146
59.186752
63.049858
58.454975
58.448673
Control Period
58.491806
64.741440
64.730431
64.698395
64.678757
64.661407
64.695038
64.692154
64.755356
64.732895
64.745819
64.683807
65.289215
65.181274
