160
155.89
152.981
150.576
148.6
146.976
145.645
144.553
143.644
142.883
142.23
141.664
141.165
140.717
140.313
139.944
139.6
139.278
138.973
138.685
138.411
138.145
137.894
137.651
137.416
137.189
136.968
136.758
136.55
136.35
136.157
135.974
135.795
135.623
135.459
135.301
135.148
134.997
134.849
134.711
134.575
134.439
134.31
134.187
134.061
133.942
133.827
133.72
133.616
133.515
133.412
133.313
133.216
133.126
133.04
132.958
132.872
132.792
132.712
132.633
132.557
132.484
132.415
132.348
132.281
132.217
132.157
132.098
132.039
131.981
131.926
131.874
131.826
131.782
131.737
131.693
131.649
131.611
131.573
131.533
131.495
131.46
131.421
131.385
131.351
131.319
131.287
131.258
131.23
131.204
131.174
131.148
131.124
131.104
131.082
131.06
131.04
131.021
130.999
130.976
130.958
130.937
130.919
130.901
130.882
130.867
130.849
130.833
130.818
130.806
130.796
130.781
130.767
130.759
130.748
0
