25
23.0021
21.2354
19.6661
18.3272
17.2992
16.3047
15.4927
28.5063
37.5
37.5
36.5853
35.8229
35.1338
34.515
33.9557
33.1159
32.3673
31.7218
31.1487
30.6191
30.3638
30.1384
29.9527
29.8055
29.6747
29.5597
29.4579
29.3682
29.2887
29.219
29.1622
29.1107
29.0654
29.0264
28.9912
28.96
28.933
28.9095
28.89
28.8726
28.8575
28.8435
28.8314
28.8202
28.8104
28.8036
28.7964
28.7907
28.7845
28.7794
28.7751
28.771
28.7675
28.764
28.7607
28.7592
28.7577
28.7553
28.754
28.7527
28.7513
28.7506
28.75
28.75
28.7498
28.749
28.7485
28.7489
28.7483
28.7476
28.7472
28.7472
28.7471
28.7468
28.7465
28.7473
28.747
28.7462
28.7463
28.7461
28.746
28.7454
28.7459
28.7459
28.745
28.7447
28.7451
28.7452
28.7448
28.7449
28.744
28.7443
28.744
28.7438
28.744
28.745
28.7448
28.7448
28.7451
28.7451
28.7449
28.744
28.7444
28.7441
28.7437
28.744
28.7438
29.5098
37.5
37.5
37.5
37.5
37.5
37.5
37.5
35.3351
32.8963
30.8776
28.8398
27.0775
25.4715
24.1548
23.0104
21.989
21.0856
20.651
20.2762
19.9585
19.6891
19.4622
19.2737
19.1135
18.9807
18.8722
18.7797
18.7029
18.642
18.5887
18.5443
18.5096
18.4788
18.4526
18.4342
18.4165
18.4072
18.4061
18.402
18.3989
18.3973
18.3976
18.446
17.7175
17.2232
16.8112
16.4698
16.1185
15.773
15.4908
15.2638
15.0793
14.9357
14.8235
14.7354
14.6666
14.6151
14.5735
14.5447
14.5195
14.503
14.4891
14.4781
14.4713
14.4635
14.4618
14.4558
14.4554
14.4549
14.4535
14.4531
14.4527
14.4519
14.4532
14.4565
14.4571
14.458
14.4564
14.4595
14.4625
14.4645
14.4619
14.4597
14.4618
14.4645
14.4616
14.4606
14.4611
14.4613
14.4637
14.462
14.4637
14.4631
14.4618
14.4635
14.4664
14.4685
14.4663
34.8116
34.4463
32.3293
30.2857
28.531
26.9527
25.5773
24.3582
