0.244826
0.294804
0.328636
0.359864
0.39201
0.424402
0.452503
0.650926
0.86327
0.683179
0.773745
0.808198
0.830994
0.846915
0.862081
0.758372
0.784562
0.809014
0.826565
0.848627
0.828767
0.837063
0.851131
0.865108
0.869567
0.87354
0.876732
0.879893
0.882411
0.884793
0.889172
0.890214
0.891536
0.893119
0.893558
0.894558
0.895597
0.896195
0.897238
0.897636
0.897988
0.898146
0.898605
0.898526
0.89881
0.89975
0.899243
0.899668
0.899079
0.899521
0.899471
0.899762
0.899809
0.899758
0.899528
0.900143
0.900056
0.899562
0.900136
0.899877
0.899958
0.900092
0.900057
0.900177
0.900136
0.899952
0.899981
0.900501
0.899987
0.899683
0.900153
0.90015
0.900086
0.899757
0.899936
0.900506
0.899974
0.899648
0.90002
0.899995
0.899987
0.899674
0.900369
0.900187
0.899628
0.899941
0.900136
0.900047
0.899822
0.900144
0.899786
0.899992
0.899921
0.900046
0.900245
0.9003
0.899955
0.900088
0.899998
0.90001
0.899914
0.899582
0.90015
0.899924
0.899886
0.900099
0.89996
3.86812
32.2554
28.1655
31.1181
33.638
35.9847
27.8439
13.795
1.93869
0.551153
0.642239
0.676004
0.728201
0.808987
0.859021
0.880143
0.913402
0.978394
0.985715
0.981454
0.977326
0.973639
0.96981
0.966173
0.962866
0.959539
0.956609
0.953693
0.950973
0.948367
0.94581
0.943412
0.941142
0.939048
0.936975
0.935289
0.933496
0.932454
0.931853
0.929894
0.928785
0.927145
0.925988
0.892671
0.871506
0.919172
0.918725
0.918066
0.895306
0.872828
0.874433
0.876076
0.876967
0.878438
0.879614
0.880989
0.881999
0.883238
0.883743
0.88488
0.885398
0.886746
0.887216
0.88762
0.888301
0.889017
0.889953
0.889858
0.890941
0.891042
0.891572
0.892055
0.892588
0.892804
0.893155
0.893986
0.894203
0.894537
0.894457
0.895214
0.895369
0.895641
0.895542
0.895844
0.896372
0.896356
0.896087
0.896746
0.896795
0.89707
0.897524
0.896881
0.897833
0.897639
0.897578
0.898056
0.89805
0.898253
0.898066
0.946854
0.702309
0.705218
0.695976
0.767769
0.799972
0.854868
0.887029
0.912467
