10.8902
11.5814
11.6445
11.724
12.1608
11.4131
11.5692
16.5744
26.7578
22.9076
25.733
26.2945
26.2724
26.2871
26.252
23.8059
23.7903
23.9756
24.0047
23.8189
25.669
25.6651
25.7442
25.8416
25.8364
25.841
25.8396
25.8401
25.8365
25.8396
25.8651
25.8576
25.8583
25.8642
25.8598
25.8567
25.8604
25.8623
25.8694
25.8688
25.8688
25.8663
25.8669
25.8636
25.8647
25.8745
25.8697
25.8718
25.8659
25.867
25.8688
25.8661
25.8665
25.8648
25.864
25.8717
25.871
25.8645
25.8681
25.8681
25.8657
25.8708
25.8713
25.8743
25.8728
25.8695
25.8702
25.875
25.87
25.8687
25.8691
25.8724
25.8711
25.8708
25.8704
25.8757
25.8706
25.8683
25.8713
25.87
25.8703
25.8687
25.8731
25.8711
25.8663
25.8693
25.872
25.8708
25.8682
25.8709
25.8648
25.8707
25.8677
25.8677
25.8705
25.8752
25.8697
25.8713
25.8723
25.8701
25.8697
25.8651
25.8726
25.8683
25.8659
25.8705
25.8685
24.963
25.1857
24.2027
23.7789
23.642
22.1336
10.8363
10.9373
10.7503
11.3373
13.9196
12.6007
13.5601
13.421
14.2823
14.464
14.429
14.3698
16.429
16.418
16.4267
16.4269
16.4304
16.4429
16.4333
16.4397
16.4502
16.4421
16.4442
16.4579
16.4478
16.4488
16.4595
16.4516
16.4506
16.4663
16.4578
16.4813
16.512
16.5013
16.5052
16.5125
16.5208
16.7784
12.9552
13.5582
13.5597
13.5551
13.2456
12.9972
12.9939
12.9954
12.984
12.9946
12.9992
12.9987
12.999
13.0065
13.0008
13.0136
13.003
13.0131
13.0089
13.0083
13.014
13.0042
13.0193
13.0021
13.0173
13.0165
13.0122
13.0146
13.0137
13.0116
13.0185
13.0267
13.0189
13.0202
13.012
13.0272
13.03
13.028
13.013
13.0116
13.0253
13.0298
13.0111
13.0151
13.0198
13.0192
13.0266
13.0149
13.0244
13.0174
13.0144
13.0239
13.0305
13.0296
13.0155
16.223
12.5119
12.9138
12.5683
13.6511
13.8772
14.3028
14.4325
14.7273
