-614.196
-1306.83
-1341.53
-1352.67
-1355.9
-1237.53
-1169.23
-1136.33
-987.733
-908.9
-842.333
-705.4
-609.6
-519.8
-455.965
-292.9
-287.621
-165.367
-194.467
-211.733
-204.655
-103.104
-71.2002
-39.6333
-127.689
-125.8
-104.483
-111.333
-111.333
-97.6895
-124.733
-64.0669
-65
-114.367
-186.724
65.1333
-82.4136
-101.333
-96.2998
-25.5864
-149.067
-37.6553
12.2666
-21.6333
-4.0332
10.5
-26.7588
-22.9331
17.8276
10.1333
56.9653
24.4331
-12.7666
-93.0688
-40.3335
-14.9331
-0.758789
-6.27588
3.5332
-9.6665
-10.3447
-8.3667
95.5864
7.48291
-4.8999
-0.466797
-104.138
-76.9668
-47.9668
-5.37939
-53.2666
10.1035
-69.4482
-25.5332
16.7334
-64.2759
-0.433105
84.9668
47.6553
21.7666
144.448
16.3335
-39.2412
10.1333
-4.8623
16.2334
2.2002
34.0347
7.56689
20.5332
-41.2666
-0.689453
-80.7002
-0.689453
61.1333
20.4668
15.6206
28.2002
23.7334
2
0.0688477
53.7666
8.75879
7.3999
-189.586
-67.8335
4.58643
50.9331
-29.5
39.7588
11.1665
10.1377
-15.1333
56.6665
