56.5174
58.4709
58.332
58.3395
58.7599
59.0833
59.3795
60.1288
60.0894
61.3842
61.6444
61.7811
62.2139
64.41
63.7611
64.4999
64.621
64.3639
64.6723
64.8771
64.8749
64.8529
64.8943
64.8143
65.2152
64.8651
64.9043
65.1343
65.5138
65.6348
65.8637
66.1776
66.2458
66.1383
65.1198
65.1556
65.6838
65.5125
66.4531
65.9159
66.37
65.7488
66.2682
66.3104
65.8574
66.4913
66.7093
65.2506
66.5164
66.2352
66.9084
66.0968
66.4864
66.2967
65.9178
66.8044
66.8271
65.8614
66.2218
66.4068
66.4257
66.6936
65.4956
66.7975
66.0902
66.5561
65.4048
65.7329
65.9466
66.3437
66.425
66.6434
66.2591
66.218
66.1115
66.2868
65.8977
66.1228
67.1899
66.4582
66.1616
66.4245
66.542
66.5161
66.2002
66.0237
66.1382
66.074
66.4663
66.5684
66.5466
66.2645
65.7607
66.5613
65.9294
66.3411
66.1718
66.0991
66.2297
65.9358
66.3396
66.267
66.1902
66.7215
66.1772
65.8783
66.7601
65.6717
66.7771
66.4347
66.5727
66.8894
66.3396
66.8547
