113.56
116.801
116.327
116.766
117.327
118.757
121.24
121.3
122.449
123.741
125.033
127.745
127.696
128.854
129.101
130.01
129.914
132.234
133.431
133.166
134.139
134.733
134.595
134.899
134.646
136.976
135.676
135.629
135.111
135.76
135.924
134.793
134.724
136.861
135.217
136.06
137.442
136.909
136.604
136.992
138.041
137.84
136.879
136.884
137.726
137.734
138.163
137.904
136.794
137.659
136.94
138.134
138.28
137.906
138.216
137.754
138.168
138.096
137.294
137.408
137.137
137.343
137.839
137.821
137.748
137.66
138.226
138.266
137.499
138.404
136.704
138.64
137.728
138.836
138.496
137.621
138.194
138.148
137.915
138.527
137.939
137.877
138.153
137.568
137.434
138.335
138.273
138.249
137.485
137.827
137.556
138.666
138.167
137.627
138.035
137.856
137.986
137.93
138.375
138.201
137.598
137.756
137.313
138.038
138.112
137.861
137.429
137.86
137.368
138.648
137.579
138.036
137.936
138.509
