3882.5
5739
5813.5
6070.5
6456
6283
6397
6322.5
6165
6298
5912.5
6085.5
5986.5
5774
5739
5521
5501.5
5308.5
5189.5
5149.5
5110
5248.5
4912
5031
4876
5110
5209
5268.5
5288
5229
5051
5209
5189
4931.5
5129.5
4955
5070.5
5150
5050.5
4991.5
5051
5070.5
4951.5
5150
5070.5
4931.5
5090
4932
4951.5
5110
5050.5
5070.5
5169.5
5150
5031
5130
5129.5
4912
4892
5030.5
5169.5
5011
5169.5
5090
4912
5030.5
5110
5070.5
5011
4932
5185
4932
5011
5070.5
4971.5
4757
4991
5090
4951.5
4872
5011
4912
4991.5
5189
5011
4931.5
4912
4951.5
5110
5031
5130
4955.5
5130
4932
4932
5070.5
4872.5
5011
4797
4991
5169.5
5090
4932
4971.5
5031
4892
5011
4892
5070.5
5149.5
