5614.2
6306.83
6341.53
6352.67
6355.9
6237.53
6169.23
6136.33
5987.73
5908.9
5842.33
5705.4
5609.6
5519.8
5455.97
5292.9
5287.62
5165.37
5194.47
5211.73
5204.66
5103.1
5071.2
5039.63
5127.69
5125.8
5104.48
5111.33
5111.33
5097.69
5124.73
5064.07
5065
5114.37
5186.72
4934.87
5082.41
5101.33
5096.3
5025.59
5149.07
5037.66
4987.73
5021.63
5004.03
4989.5
5026.76
5022.93
4982.17
4989.87
4943.03
4975.57
5012.77
5093.07
5040.33
5014.93
5000.76
5006.28
4996.47
5009.67
5010.34
5008.37
4904.41
4992.52
5004.9
5000.47
5104.14
5076.97
5047.97
5005.38
5053.27
4989.9
5069.45
5025.53
4983.27
5064.28
5000.43
4915.03
4952.34
4978.23
4855.55
4983.67
5039.24
4989.87
5004.86
4983.77
4997.8
4965.97
4992.43
4979.47
5041.27
5000.69
5080.7
5000.69
4938.87
4979.53
4984.38
4971.8
4976.27
4998
4999.93
4946.23
4991.24
4992.6
5189.59
5067.83
4995.41
4949.07
5029.5
4960.24
4988.83
4989.86
5015.13
4943.33
