56.7448
56.6302
56.212
57.0266
56.1693
56.888
56.8959
56.4999
56.5398
56.8539
56.3361
56.6197
56.9804
56.5288
56.7639
56.5466
56.6118
56.8841
56.595
56.7386
56.0283
56.3427
56.4523
56.6957
57.0854
56.6967
56.6779
56.793
56.3994
56.6703
56.5846
56.8592
56.8031
56.944
57.1369
56.1574
56.6393
56.8733
56.3466
56.6753
56.3481
57.1658
56.9951
56.7489
56.8724
57.1049
57.0388
56.1153
56.658
56.5662
56.7461
56.8027
56.5556
56.7673
56.977
56.6282
55.9071
56.6023
57.0759
57.0382
56.6105
56.1497
56.6244
56.8009
56.2475
56.2944
55.6667
56.6264
56.7542
56.7086
55.9655
56.3938
56.6386
56.2689
55.9491
56.9434
55.8969
56.7021
56.7909
56.7997
56.4677
55.7824
57.4441
56.0731
56.7243
56.3704
56.5525
56.7626
56.6569
56.6562
56.6935
56.8371
56.7774
56.4884
55.6656
55.9977
56.4488
56.932
56.5156
56.5308
57.0024
56.4609
56.5849
56.9312
56.6133
56.773
56.7588
56.8044
56.6473
56.8384
56.5931
56.5968
57.0373
56.4925
