918
918
918
985.062
990.9
986.076
985.093
981
981.428
981.632
983.108
978.612
983.729
981.313
981.948
983.031
977.929
972.89
976.244
980.522
983.249
983.13
989.099
988.441
984.921
979.372
977.6
983.155
982.619
987.114
985.811
980.738
979.416
978.134
982.373
974.554
973.861
977.449
976.057
979.859
980.297
981.41
977.09
978.197
975.87
980.933
981.045
976.908
983.307
985.27
981.818
977.599
979.812
981.158
982.095
982.504
981.169
981.169
986.183
988.604
978.645
974.553
977.696
982.102
989.462
981.007
980.59
986.092
983.57
985.403
981.69
982.268
982.101
988.091
988.652
989.375
990.715
991.854
987.618
986.965
982.512
983.909
984.277
991.754
985.715
987.069
984.961
982.279
986.524
989.84
979.119
980.027
982.942
985.902
979.955
980.913
986.362
986.252
984.198
984.185
983.934
980.59
977.657
979.909
983.737
981.398
981.125
974.479
976.857
978.493
980.491
979.975
981.201
983.721
983.396
984.243
981.295
986.045
