57.7785
56.0499
56.0732
55.2108
56.3067
56.3375
56.0801
56.5973
56.1287
56.3002
56.366
56.6315
56.2599
56.4159
57.0319
57.1586
56.7607
56.6487
56.6274
56.3029
56.3003
56.2639
56.7018
56.4277
55.649
55.2973
56.4804
55.6322
55.9278
55.8598
56.5471
56.3835
56.1128
56.1293
56.6755
56.9092
56.5068
56.0397
55.9723
56.5709
56.6006
56.3653
56.9276
56.1446
55.8166
57.0167
55.7039
56.9299
56.3543
56.6707
56.0687
56.4247
56.0861
55.8333
56.0039
55.7863
56.4298
56.4637
56.168
56.0823
56.4911
56.3592
56.3722
56.1104
56.2517
56.2909
57.6665
56.3384
56.3373
55.9253
57.185
56.0678
55.2692
56.1564
55.839
55.2157
57.3018
56.2352
55.1813
55.57
56.003
57.6816
54.6846
56.6916
55.9694
56.1362
55.5035
56.6313
56.2135
56.1282
55.6455
56.4717
56.4053
55.8409
57.0361
56.7532
56.0624
55.8385
56.4945
55.9508
56.0231
56.5644
56.4618
56.1776
56.9217
56.467
56.2848
55.8845
55.644
56.5133
56.3507
55.6552
55.2253
56.7289
