0.708717
0.736879
0.737762
0.738302
0.738968
0.739362
0.739835
0.740268
0.740641
0.741005
0.74137
0.741615
0.741785
0.741984
0.742244
0.742401
0.742599
0.742812
0.742937
0.743138
0.743431
0.743538
0.743704
0.743748
0.743726
0.744034
0.744073
0.744352
0.74446
0.744616
0.74465
0.744778
0.744997
0.745256
0.745096
0.745305
0.745321
0.745346
0.745608
0.745705
0.745747
0.745849
0.74609
0.746253
0.74613
0.746253
0.746191
0.746397
0.7463
0.746395
0.746452
0.746607
0.746776
0.746937
0.746978
0.746947
0.74697
0.746983
0.747051
0.747228
0.747092
0.74712
0.747277
0.747347
0.747525
0.747695
0.747769
0.747748
0.74774
0.747762
0.747701
0.747832
0.747974
0.748014
0.748067
0.748209
0.748224
0.748248
0.748261
0.748229
0.748271
0.748319
0.748404
0.748429
0.748539
0.748495
0.748542
0.748824
0.748689
0.748765
0.74872
0.748844
0.748811
0.748874
0.748769
0.748779
0.748845
0.74881
0.748794
0.748988
0.749002
0.748859
0.749025
0.749034
0.748894
0.749134
0.749157
0.749048
0.749219
0.749196
0.749166
0.749313
0.749299
0.749212
0.749117
0
