160
159.183
159.024
158.888
158.768
158.663
158.569
158.484
158.409
158.341
158.279
158.224
158.173
158.122
158.074
158.031
157.988
157.949
157.912
157.873
157.836
157.804
157.773
157.742
157.708
157.674
157.644
157.615
157.586
157.56
157.535
157.509
157.483
157.462
157.442
157.416
157.394
157.37
157.344
157.326
157.307
157.287
157.267
157.25
157.235
157.218
157.2
157.181
157.163
157.144
157.124
157.106
157.088
157.073
157.06
157.047
157.032
157.017
157.002
156.985
156.973
156.956
156.938
156.923
156.909
156.898
156.89
156.881
156.872
156.862
156.851
156.838
156.827
156.817
156.809
156.8
156.795
156.789
156.781
156.772
156.764
156.754
156.747
156.738
156.73
156.726
156.72
156.713
156.713
156.708
156.705
156.698
156.694
156.689
156.685
156.679
156.673
156.668
156.661
156.653
156.65
156.646
156.638
156.633
156.629
156.622
156.619
156.617
156.612
156.609
156.606
156.602
156.601
156.598
156.594
0
