5668.62
6106.59
5887.53
5687.17
5516.3
5444.9
5525.2
5531.83
5557.6
5506.76
5520.33
5462.97
5457.73
5586.33
5574.1
5399.45
5481.4
5456.67
5608.93
5586.38
5492.33
5443.07
5468.03
5473.93
5591.27
5443.86
5483.59
5520.87
5528.55
5491.6
5496.9
5462.1
5446.6
5566.87
5484.97
5441.07
5425.1
5658.97
5545.7
5469.33
5488.14
5466.53
5491.2
5491.6
5465.13
5504.28
5558
5502.1
5475.67
5496.69
5492.76
5506.9
5490.27
5501.8
5503.93
5574.53
5503.13
5476.34
5483.43
5441.48
5505.47
5535.24
5580.31
5605.07
5416.63
5426.41
5347.1
5504.66
5561
5420.21
5571.87
5528.62
5486.62
5599.6
5535.83
5439.07
5466.13
5463.7
5599.34
5508.03
5479.48
5504.73
5457.8
5553.34
5435.03
5541.83
5483.93
5456.6
5505.76
5589.97
5524.86
5451.23
5467.76
5485.57
5563.14
5398.93
5598.93
5508.47
5497
5465.34
5446.33
5550.93
5485.9
5378.79
5478.1
5581.14
5534.23
5498.53
5507.1
5483.27
5389.86
5488.5
5458.93
5584.83
