0.722908
0.803658
0.806054
0.801091
0.790511
0.813007
0.804025
0.811494
0.80308
0.776195
0.818271
0.806714
0.778536
0.812225
0.793937
0.807731
0.780259
0.792798
0.807879
0.798013
0.799761
0.80943
0.800383
0.806014
0.784494
0.806406
0.798576
0.816062
0.78614
0.798602
0.815904
0.79911
0.784593
0.786839
0.812874
0.79897
0.791332
0.812292
0.805186
0.807092
0.794064
0.812418
0.79612
0.789706
0.79331
0.80642
0.776255
0.81402
0.817002
0.797249
0.79977
0.791986
0.805891
0.803916
0.80224
0.804689
0.788564
0.801348
0.798924
0.800895
0.821424
0.782817
0.803829
0.806492
0.791036
0.788019
0.804807
0.799923
0.80249
0.813808
0.786007
0.775079
0.801187
0.81669
0.799521
0.830883
0.786358
0.785806
0.804043
0.807677
0.796164
0.804882
0.79031
0.812181
0.790282
0.798626
0.80152
0.799787
0.823465
0.779576
0.798873
0.795141
0.8074
0.79552
0.8065
0.79817
0.787575
0.80412
0.803187
0.797282
0.809645
0.791315
0.789945
0.814143
0.801192
0.803162
0.823108
0.777743
0.797445
0.774757
0.812573
0.79163
0.797134
0.819542
