-168.625
-606.586
-387.533
-187.172
-16.2998
55.1035
-25.2002
-31.8276
-57.6001
-6.75879
-20.3335
37.0347
42.2666
-86.3335
-74.1035
100.552
18.6001
43.3335
-108.931
-86.3794
7.6665
56.9312
31.9668
26.0688
-91.2666
56.1377
16.4136
-20.8667
-28.5518
8.3999
3.1001
37.8965
53.3999
-66.8667
15.0332
58.9312
74.8999
-158.965
-45.7002
30.6665
11.8623
33.4668
8.7998
8.3999
34.8667
-4.27588
-58
-2.1001
24.3335
3.31055
7.24121
-6.89648
9.7334
-1.7998
-3.93115
-74.5332
-3.1333
23.6553
16.5669
58.5171
-5.4668
-35.2412
-80.3105
-105.067
83.3667
73.5864
152.896
-4.65527
-61
79.793
-71.8667
-28.6206
13.3794
-99.6001
-35.8276
60.9331
33.8667
36.2998
-99.3447
-8.0332
20.5171
-4.7334
42.2002
-53.3447
64.9653
-41.8335
16.0669
43.3999
-5.75879
-89.9668
-24.8623
48.7666
32.2412
14.4331
-63.1377
101.067
-98.9312
-8.4668
3
34.6553
53.6665
-50.9312
14.1001
121.207
21.8999
-81.1377
-34.2334
1.4668
-7.10352
16.7334
110.138
11.5
41.0669
-84.8276
