113.541
119.023
123.993
126.843
128.869
129.089
128.049
129.043
128.602
128.989
129.248
129.096
129.061
128.848
128.982
129.795
129.155
129.159
128.869
129.904
131.267
130.806
129.841
129.418
129.29
130.912
129.678
129.228
129.871
129.845
128.978
129.56
129.95
129.065
129.319
129.803
129.773
127.813
128.809
129.706
129.898
129.52
129.838
129.53
129.674
129.352
128.507
129.885
129.009
129.541
129.591
129.387
129.724
128.735
129.499
129.062
129.729
130.045
130.464
129.603
128.718
129.088
128.955
129.984
131.095
130.631
129.881
128.594
129.028
127.782
128.542
128.989
129.826
128.987
130.493
128.899
129.535
129.281
128.821
130.006
130.537
129.664
130.499
129.514
130.883
129.003
129.416
129.346
129.029
129.785
130.57
130.96
129.206
130.015
129.689
129.9
129.352
129.766
130.339
130.647
129.379
129.883
129.602
129.228
128.024
128.955
128.043
129.26
129.376
129.349
129.222
128.928
128.264
127.853
