56.6656
59.2764
61.0936
62.3738
63.131
62.7224
62.6286
61.8294
62.0865
63.4052
62.6279
62.3236
63.5457
62.3635
63.2176
63.4561
63.9557
64.5501
62.9707
63.5074
63.3793
63.3389
63.396
63.2804
64.0447
63.3042
63.2815
62.7616
63.8718
63.4728
63.3243
63.2721
63.7092
64.0249
63.5182
63.4276
63.5259
63.0928
64.0435
63.0469
64.0343
62.9802
62.4528
63.2455
63.1189
62.6945
64.424
63.3971
63.1918
63.24
62.8999
63.1989
62.8574
63.4657
62.485
62.7179
63.5459
63.7291
62.7705
63.1409
62.0574
63.6009
62.626
63.1342
64.2268
63.4548
63.3845
62.6753
62.3604
63.1316
62.7859
64.6946
63.7106
63.1442
62.9589
63.4962
63.6646
63.7306
63.3291
62.9894
63.379
62.9733
63.5797
62.9722
63.3425
63.7594
63.6343
63.231
62.3236
63.0726
63.275
63.2148
63.4177
62.9414
62.9958
62.9929
63.4391
63.6728
63.0579
63.3153
63.0765
62.9878
63.6513
63.2133
63.2949
62.4183
61.9575
63.2486
62.956
63.9032
63.3257
63.049
63.6461
62.0636
