160
147.901
152.011
156.39
159.031
160.615
160.839
160.42
161.242
161.218
161.271
161.596
161.221
161.056
161.553
161.742
161.528
161.362
161.176
161.736
162.698
163.659
163.223
162.372
161.787
162.184
162.918
162.23
161.845
162.366
162.275
161.494
161.608
161.904
161.873
161.624
161.743
161.657
161.196
161.323
161.735
162.128
161.771
162.103
161.917
161.845
161.757
161.276
162.07
161.343
161.746
161.881
161.815
162.005
161.227
161.719
161.862
162.097
162.293
162.77
161.88
161.198
161.517
161.743
162.878
163.118
162.822
161.604
161.007
161.558
159.773
160.841
161.292
161.934
161.996
163.014
161.293
161.553
161.381
161.693
162.329
162.821
162.312
162.659
162.409
162.903
161.947
161.727
161.446
161.362
162.508
163.161
163.273
161.808
162.241
162.508
161.833
162.297
162.28
162.73
162.951
161.754
162.481
162.055
160.983
160.166
161.376
160.613
161.303
161.646
161.581
160.91
161.025
160.286
