0.727994
0.499457
0.316722
0.229952
0.2061
0.217415
0.250182
0.2881
0.320003
0.357496
0.436944
0.577589
0.833559
2.62768
26.292
5.68796
0.425132
0.13651
0.115428
0.11962
0.139569
0.157115
0.182663
0.202399
0.220049
0.231645
0.251527
0.285551
0.340077
0.438233
0.607321
0.762438
0.525144
0.274015
0.159792
0.128128
0.137793
0.155936
0.181238
0.208048
0.24043
0.263428
0.285364
0.313888
0.377024
0.490863
0.742362
1.7333
15.8373
6.59301
0.61223
0.134109
0.117196
0.126784
0.147431
0.164935
0.195399
0.219599
0.239853
0.264962
0.280822
0.323692
0.407598
0.517752
0.767948
1.07398
0.0778643
0.0779317
0.0956475
0.13175
0.192644
0.22167
0.202245
0.196188
0.210578
0.225084
0.262322
0.329253
0.456378
0.738913
3.04419
0
0
0
0
0.556263
0.185766
0.113591
0.070886
0.0698538
0.0805948
0.0974405
0.121944
0.151056
0.187614
0.222431
0.243632
0.255665
0.273388
0.293828
0.321468
0.358834
0.42128
0.446087
0.332678
0.161732
0.137334
0.151687
0.181778
0.213976
0.254091
0.292084
0.315415
0.337804
