60
102.938
181.272
267.368
321.284
309.726
277.346
247.023
232.369
210.682
176.921
132.009
85.9341
38.0369
-2.92305
-15.4881
110.488
287.998
385.838
376.299
338.431
300.008
262.779
235.796
217.536
206.875
195.347
167.361
127.013
77.0452
20.6347
-9.3651
24.9942
179.212
333.866
428.967
424.249
390.061
353.214
317.06
282.41
266.474
253.244
233.15
199.137
151.928
96.8329
43.7692
-1.96914
-6.54907
138.882
326.48
406.456
383.059
347.627
307.074
270.539
240.594
218.733
206.19
192.155
162.676
115.875
73.3999
21.9355
0.263453
8074.9
0
0
0
-142.422
-158.3
-111.873
-90.39
-86.1641
-100.402
-132.259
-184.597
-258.849
-347.206
-445.51
-555.495
-661.826
-724.991
-606.462
-418.582
-196.845
25.0803
612.059
636.107
544.42
448.576
353.871
271.54
203.024
159.3
138.549
134.02
129.282
117.023
100.784
80.4801
47.7259
21.8378
97.8549
300.528
377.806
351.735
308.644
267.539
228.184
204.894
191.694
184.906
