60.409184
60.199711
60.178047
60.204414
60.182369
60.197151
60.180191
60.175808
60.151264
60.170464
60.146656
60.173729
60.185501
60.191101
60.164127
60.163616
60.160576
60.184288
60.195488
60.199936
60.204514
60.149757
60.157341
60.175743
60.154049
60.165283
60.144032
60.172256
60.160927
60.127266
Control Period
60.136578
60.150497
60.174305
60.193474
60.189728
60.179840
60.198975
56.325661
60.179905
Control Period
60.243645
60.170013
63.364799
60.197887
60.188992
60.158497
64.390244
60.175743
Control Period
66.304993
63.190659
60.199997
64.760735
60.858849
63.966080
62.511776
60.705921
Control Period
67.899612
67.886688
66.429276
66.770851
64.963264
66.980804
65.838562
Control Period
67.907166
67.923424
67.960510
67.986404
68.008316
67.986084
Control Period
70.241058
69.160126
72.246849
71.603203
69.960770
69.267807
71.594147
Control Period
71.585442
75.495773
76.540421
72.161469
72.116196
72.623360
72.264069
71.679291
Control Period
77.017670
77.051239
76.992447
74.991898
76.979645
77.001114
77.022018
Control Period
76.984512
81.847107
76.988480
82.043228
77.017380
77.040451
77.005249
Control Period
82.448097
82.252029
83.437668
82.103333
79.643707
82.067230
Control Period
82.466431
83.486755
87.217697
83.134628
83.096130
86.534332
Control Period
82.388870
86.569183
84.633217
82.809601
89.284546
83.582428
86.646011
Control Period
83.226082
82.939713
83.102623
83.531136
83.624420
87.303421
Control Period
71.685089
72.627007
72.502975
72.161217
72.084862
70.816101
69.511971
72.432159
Control Period
54.180481
54.002975
53.985504
54.013474
53.993599
54.029312
54.013023
54.007072
54.014626
Control Period
54.022018
54.003967
54.032673
53.983360
54.241821
54.022655
54.003456
53.979874
53.993313
Control Period
53.999104
54.099903
53.965057
53.990368
54.004513
54.004417
Control Period
57.966145
55.106720
57.751038
54.027710
Control Period
55.904575
55.682240
59.900257
57.117760
Control Period
64.389244
59.876579
59.893379
64.378815
59.902912
Control Period
64.434814
62.993759
63.812416
63.025314
64.430656
Control Period
65.116608
68.514175
68.519836
68.530403
67.675423
Control Period
68.402847
69.650467
68.439613
68.423874
72.678177
71.163330
Control Period
71.295776
72.275009
72.680862
72.339523
71.343872
72.224701
Control Period
72.851906
75.942497
72.344734
74.856255
72.307137
72.125702
Control Period
76.863167
76.864189
76.837151
76.852066
76.899139
76.862625
Control Period
78.265411
79.514847
76.870407
78.496063
82.015335
82.580643
Control Period
82.660065
83.083778
82.655998
81.779236
82.056290
78.307617
Control Period
86.630814
83.061890
82.381348
84.309158
82.914780
87.195740
Control Period
89.239616
82.050629
82.632965
83.321762
82.223068
83.688034
82.732864
Control Period
75.865311
59.883263
64.453018
61.977345
63.561790
64.287041
61.145344
64.422462
Control Period
64.659424
59.889122
59.889122
64.757858
59.906208
59.875359
64.717598
Control Period
58.974594
54.014526
53.999550
54.031166
54.059521
54.005470
54.000736
53.981438
54.004478
53.989376
Control Period
54.017727
54.034431
54.023808
54.010273
53.992287
53.935680
53.993153
Control Period
54.852097
54.002495
54.019966
54.001762
56.605438
Control Period
56.025215
59.894913
58.329697
58.496769
59.909729
Control Period
64.704834
60.672832
59.892960
59.886467
59.880928
Control Period
64.096161
64.539101
64.416222
64.828674
64.145798
Control Period
68.464287
68.508743
62.974174
64.188416
68.512894
68.464447
Control Period
68.446716
68.521118
68.456100
70.214241
72.266464
68.515778
69.509796
Control Period
72.459839
68.914597
72.784286
72.658463
72.314651
72.795296
72.709633
Control Period
76.890015
74.590591
75.336899
74.798431
72.389854
72.080765
75.581055
Control Period
71.842079
76.867584
76.862366
76.830978
76.894821
76.881378
Control Period
82.147232
78.446465
81.517792
78.303131
79.211617
76.908218
78.312065
Control Period
76.880005
82.002686
82.256607
82.149445
82.050171
83.175682
Control Period
82.273567
84.984985
83.347298
85.591873
87.186050
84.859802
Control Period
83.207581
82.692764
79.519806
82.065887
83.016670
82.257408
Control Period
73.339142
71.423584
68.359680
68.525955
68.446526
68.378784
68.473984
Control Period
60.949696
53.991489
53.999744
53.991840
54.003361
53.992287
54.054337
53.976864
54.025124
53.989857
54.023071
Control Period
54.002239
54.065887
54.027969
54.014847
54.008224
54.040253
53.998466
54.012543
54.008545
Control Period
54.015457
54.012062
54.027103
54.017216
54.009377
Control Period
54.038303
55.775135
56.619934
57.380547
Control Period
57.415615
55.500542
59.893215
59.891521
55.890366
Control Period
61.447872
59.899582
64.687363
59.865696
65.017021
Control Period
63.063168
62.785984
63.531105
63.563103
63.339966
Control Period
68.503746
68.395103
68.499451
68.516388
67.059357
68.456703
Control Period
68.532730
72.587067
68.560448
71.459396
72.891457
Control Period
68.543617
72.770493
72.422211
72.119202
72.492096
72.386589
72.684250
Control Period
76.915390
76.889893
76.856354
74.650146
75.461853
76.345184
76.492035
Control Period
76.913055
76.898659
76.921219
76.913025
77.482529
76.849762
76.910530
Control Period
76.868576
82.126785
78.236801
82.151459
80.468864
80.879517
Control Period
82.118362
82.206970
82.231522
82.652252
82.320610
81.733826
Control Period
83.091843
82.405342
83.151749
83.306274
84.957985
83.110817
Control Period
86.945923
81.905090
87.415939
82.590111
86.840256
82.506973
Control Period
86.058144
61.918846
59.908703
59.896446
64.567902
64.571037
64.655426
64.229950
62.814625
Control Period
62.577663
54.001373
54.118080
54.041565
53.994179
Control Period
57.659138
57.672318
57.409599
Control Period
58.396706
56.140224
59.904991
Control Period
59.884033
64.553925
62.262402
60.900032
Control Period
68.491264
63.186050
65.229279
62.863392
64.437309
Control Period
71.866081
72.347687
72.643143
70.466591
72.679230
68.477859
Control Period
75.979263
72.305664
72.695236
76.427109
74.450142
72.553535
Control Period
76.855743
76.895424
76.874557
72.003006
76.853409
Control Period
82.786148
80.487778
82.190750
83.568932
82.946785
Control Period
82.021606
84.393982
87.671005
85.275520
89.288284
82.460220
Control Period
95.701309
89.257538
89.257759
94.508926
89.248642
Control Period
98.517532
99.471298
99.939972
99.562592
99.433212
96.905029
99.479744
Control Period
107.168159
103.413177
106.106491
107.114685
Control Period
114.399330
107.112640
107.123108
113.663910
114.542274
Control Period
115.755676
119.436615
119.042175
113.961670
114.746948
Control Period
111.359329
111.945442
108.635902
113.622658
Control Period
115.196930
89.946365
96.009888
96.432289
95.165253
Control Period
76.225281
54.024643
53.999550
54.031746
54.036064
54.012413
54.015358
54.062431
54.008831
53.993309
54.047646
53.994751
Control Period
54.012733
53.988449
54.031040
54.008163
53.986115
53.984703
53.996704
54.017601
54.012447
54.027393
Control Period
54.000481
54.021790
54.017570
54.041504
53.997215
54.019646
54.051651
54.017891
54.015488
54.027870
53.996834
54.015873
53.992706
54.010208
Control Period
57.717472
56.991234
57.880577
56.787933
57.432865
57.928993
54.008736
Control Period
58.468323
58.598656
56.122398
59.912834
59.436226
Control Period
54.016068
54.022816
54.050560
Control Period
54.025246
54.037666
Control Period
53.982590
53.999359
58.033409
Control Period
58.391552
58.689537
57.296959
Control Period
62.939232
59.881218
64.503616
60.208542
Control Period
62.658081
67.651138
67.773087
63.207741
63.458717
Control Period
68.522491
68.536636
68.532349
68.562210
68.549210
Control Period
72.183235
72.076828
72.715103
72.743233
69.765251
72.587204
Control Period
74.069664
75.613441
74.164864
72.317154
71.536163
76.018242
73.877731
Control Period
76.889084
76.869377
76.872353
76.868477
72.556000
76.882591
76.877731
Control Period
77.311386
82.529572
79.250015
82.103394
76.893120
82.199165
79.648956
Control Period
82.846558
83.037117
83.175644
82.299515
82.616699
82.917313
82.161118
Control Period
87.192093
84.748573
84.747559
84.594177
84.105637
85.008705
83.066338
Control Period
89.270844
89.276581
86.022400
83.267395
89.298492
83.499420
88.675774
88.495972
Control Period
89.260193
89.267456
83.178146
89.257690
89.257408
89.255646
89.272797
89.275299
Control Period
76.847046
76.882690
76.889534
76.860352
82.144768
76.865982
76.871429
76.869186
76.862526
Control Period
54.015808
54.016350
53.984291
53.984802
53.991646
53.995487
54.006531
54.017281
53.998047
54.001663
54.000061
53.998177
Control Period
54.009472
54.027390
54.025665
54.035042
54.022079
54.015167
54.000095
Control Period
54.023903
54.396034
56.500862
57.684479
56.311966
Control Period
57.964256
59.905602
55.654305
59.891136
55.950562
Control Period
64.252449
60.180897
59.874496
64.299934
59.883202
63.344799
Control Period
64.993538
63.853119
65.261093
63.430111
67.402397
63.033440
Control Period
68.023941
68.619461
68.563744
64.143776
68.522240
68.597664
67.069344
65.326851
Control Period
72.591492
71.724991
71.910912
68.841248
69.264389
68.791519
72.440125
72.326782
Control Period
72.406555
71.958687
72.903137
72.578430
72.776192
73.146591
72.585854
72.639519
73.115776
Control Period
76.903427
75.009888
76.872452
74.359070
76.847427
72.286621
76.887772
76.832474
Control Period
76.821342
89.217178
89.229759
89.257469
89.226044
89.220032
89.210373
89.215515
89.253983
89.206497
89.209213
89.249695
89.226303
89.263748
89.225182
89.235008
89.219101
89.229088
89.211586
89.257370
