59.657150
58.747520
58.686302
58.725567
58.729248
58.734718
58.740608
58.727009
58.717472
58.727745
58.724800
58.712639
58.727009
58.768929
58.742210
58.691650
58.690849
58.694275
58.743298
58.734688
58.719296
58.710686
58.718784
58.774208
58.714211
58.733856
58.669632
58.721184
58.722176
58.763229
Control Period
58.854336
58.885437
58.911327
58.899361
58.887550
58.944801
58.757568
58.910431
Control Period
58.929726
59.486145
59.907135
58.883614
60.180130
58.892990
58.918686
58.975903
58.898785
Control Period
59.725983
62.170338
62.123650
58.959137
62.194366
62.097343
61.998943
59.585854
Control Period
60.721825
60.664192
61.215805
64.305283
61.638912
61.789921
Control Period
60.637920
64.337280
64.355331
64.438522
64.342209
64.357788
64.368866
Control Period
66.269989
64.646439
68.105316
64.335167
68.465950
68.239395
68.101212
Control Period
67.359619
68.483322
67.428421
67.463486
68.889664
69.064316
68.367996
Control Period
69.619644
71.744797
71.733444
68.808899
71.730331
67.316666
71.713959
71.733955
Control Period
74.463646
72.224319
73.921120
71.721252
76.618973
71.770981
76.929344
Control Period
77.021500
77.163300
77.311005
76.860062
76.389404
76.575394
Control Period
81.901855
80.137474
76.861633
76.550690
80.254593
79.127136
76.757690
Control Period
82.761948
79.664993
78.727356
82.768929
77.074875
79.275520
Control Period
79.598175
79.792740
79.716705
77.012222
77.104256
77.373535
76.615387
Control Period
67.054306
68.056641
68.167130
68.211586
67.299202
68.292641
Control Period
55.324959
55.255646
55.209793
55.208450
55.256866
55.333633
55.265408
55.236961
55.235008
Control Period
55.236610
55.286018
55.270302
55.238560
55.242561
55.251553
55.350018
55.230656
55.245728
55.267105
Control Period
55.235104
55.226494
55.254143
55.210014
55.247231
55.250816
55.231392
55.269730
Control Period
55.240669
55.975517
55.982784
56.236610
57.448608
Control Period
58.684128
58.295006
57.044800
58.148766
57.553600
58.700706
Control Period
61.337471
58.722752
59.503616
58.672417
58.687935
Control Period
60.095169
61.496864
61.606434
62.075233
60.972450
58.665249
62.314430
Control Period
64.786362
63.038273
60.674530
64.803940
60.916096
64.792450
64.737381
63.326050
Control Period
64.762238
67.362465
64.791389
64.775101
64.779419
64.737122
64.750778
64.744827
Control Period
67.852287
67.445984
67.420830
68.527008
65.186432
68.392227
67.574905
68.443520
66.885506
Control Period
71.059837
70.996674
68.058083
71.598434
69.097443
67.742943
71.606491
71.198174
68.489090
Control Period
70.585632
71.613152
71.620605
71.637505
71.610428
71.616959
71.595970
71.603775
Control Period
75.144737
73.695839
75.823715
73.175354
71.632446
71.591522
71.604126
Control Period
77.061249
71.725601
76.830627
76.862144
76.413406
76.640579
Control Period
76.525955
76.494110
79.229630
77.106621
76.589691
Control Period
76.983292
77.159653
77.126656
76.689407
80.106308
77.133286
Control Period
62.182274
58.688961
61.042816
60.679459
61.586052
59.406593
59.476799
61.318626
Control Period
60.900928
58.740608
58.723488
62.186398
58.725887
62.318016
59.253571
58.745216
62.219391
58.708160
Control Period
55.213310
55.279778
55.309216
55.230816
55.286530
55.269695
55.249794
55.219616
55.269024
Control Period
55.255875
55.260643
55.381569
55.266914
55.263618
55.255169
55.294399
Control Period
56.722015
56.339520
55.517982
55.873886
57.523422
Control Period
58.683968
56.348801
57.345634
58.722145
56.221729
Control Period
58.718208
60.163681
62.265953
58.708450
58.813057
Control Period
61.601822
62.209087
61.114334
62.329437
62.263329
Control Period
64.761406
60.950241
64.765663
64.816353
63.340351
61.660992
60.776733
Control Period
64.781830
66.388992
68.398819
66.900574
64.791870
64.797440
64.866394
Control Period
67.658340
68.235779
68.370499
67.724159
68.666855
64.915520
68.266273
Control Period
69.861504
67.827744
69.128189
69.317917
71.133286
68.810783
68.677124
70.717957
Control Period
71.618561
71.640030
71.605186
71.621086
71.612190
71.621437
Control Period
73.273827
76.491257
75.268799
76.655838
75.848640
76.399551
Control Period
76.924316
77.049957
76.922081
76.808228
76.410202
Control Period
81.055649
76.887070
76.520767
77.087425
76.580383
76.832481
Control Period
76.835297
76.613632
76.536354
76.820740
77.003525
76.600998
Control Period
76.793381
66.036484
68.234528
68.579300
68.128891
66.542496
68.797661
Control Period
55.235775
55.241695
55.240158
55.282562
55.250816
55.263428
55.237152
55.258720
55.295361
55.271458
Control Period
55.228512
55.272961
55.235584
55.248768
55.254528
55.205154
55.284676
55.226242
55.323681
55.235744
55.223969
55.268929
Control Period
55.251137
55.278847
55.391586
55.283520
55.260033
55.226753
55.226433
Control Period
57.313663
57.557858
57.038177
56.299232
55.668640
Control Period
58.677826
57.482464
56.329887
58.692608
58.636448
Control Period
58.402718
58.717278
58.703201
58.862465
59.512959
58.716034
Control Period
60.582848
60.705986
60.716896
60.533890
62.103519
62.133217
60.811680
Control Period
61.814850
62.964737
61.196705
64.761307
64.779266
64.846848
64.800095
Control Period
66.407455
64.791710
64.876358
64.881950
68.155968
65.699387
64.854462
64.807137
Control Period
68.601059
68.445404
68.589798
67.762756
68.561089
68.470627
67.551651
68.686340
66.178688
Control Period
71.257599
67.827484
67.532768
67.534401
71.649017
69.761276
68.622116
68.129440
67.813217
Control Period
76.421661
71.639107
71.678177
71.615646
71.645798
71.619293
71.623932
Control Period
74.647675
76.725662
71.622078
71.799393
76.708420
72.851486
Control Period
76.769348
77.116127
76.810852
76.447906
77.016281
76.834816
76.958817
77.173477
Control Period
77.133568
78.937439
81.214554
77.123962
80.734016
76.863235
Control Period
76.724731
76.730530
76.630493
77.079834
76.834625
76.838364
Control Period
64.483040
60.826145
62.318977
58.688835
58.697571
58.708542
58.703362
59.112705
Control Period
55.376064
55.278816
55.295746
Control Period
Control Period
Control Period
Control Period
60.997280
64.801537
64.685661
64.899399
64.874176
63.324062
64.851868
64.828064
64.830177
64.693695
63.614944
64.812737
62.628128
Control Period
63.688961
65.405731
64.781540
64.777824
64.815781
64.813278
64.824577
66.535233
64.776512
64.760353
64.755585
66.066238
67.405502
64.783676
Control Period
68.525536
67.769730
67.618652
69.976547
67.597351
68.443520
70.063995
67.537857
67.572388
67.625381
68.726303
68.503098
70.606979
Control Period
71.608673
71.607872
71.631645
71.625694
71.621727
71.629951
71.660446
71.630783
71.595078
71.607872
71.599075
71.619232
71.598785
71.626274
Control Period
76.887772
72.978241
76.544960
73.607193
76.979614
72.187614
76.769150
71.834595
75.353317
72.689407
76.153183
74.676987
Control Period
79.973152
82.538940
79.074310
81.664062
76.574913
77.555679
80.139198
76.709984
76.597054
82.748291
82.752449
Control Period
82.760223
82.750916
82.791428
89.205376
82.752701
84.175041
83.762405
88.833466
Control Period
92.548447
89.055420
89.757278
89.877953
90.227615
89.100418
Control Period
91.158234
91.912643
99.501404
92.919937
99.484604
99.514816
Control Period
107.310364
106.590332
107.235397
99.503326
102.196579
Control Period
109.668800
105.596100
111.914238
111.830017
Control Period
102.502365
102.155487
107.340225
100.525696
99.496262
Control Period
88.630112
88.584930
82.780029
82.755844
82.747360
82.777283
Control Period
55.243935
55.273346
55.224930
55.234146
55.336929
55.274689
55.212959
55.273918
Control Period
55.264030
55.232094
55.229309
55.265633
55.231552
55.226974
55.234818
55.240227
55.284988
55.269054
55.274784
55.223999
Control Period
55.264130
55.323586
55.257568
55.229729
55.257469
55.269279
55.284897
55.231041
55.303329
55.345917
55.224258
55.309341
55.267967
55.231934
55.282173
Control Period
55.582878
55.876064
56.799362
55.213184
55.435646
57.263359
55.752895
56.091042
56.708351
54.308800
51.552483
55.383842
57.526146
55.251778
55.462337
57.467712
52.380447
53.751778
57.389282
57.273663
Control Period
55.221825
58.681503
56.271202
56.340286
53.339394
58.680225
56.508320
58.764381
54.090370
54.520386
55.456322
58.685089
53.214973
55.414719
51.922016
55.564449
54.091682
56.350273
57.271103
57.894302
52.990723
55.552799
54.925247
52.588448
55.559135
52.349922
57.779938
Control Period
56.073341
55.249344
55.262238
55.260128
55.247711
Control Period
55.215202
55.253632
55.218048
55.287102
Control Period
55.242336
56.705055
55.984131
Control Period
57.236000
58.688896
58.720062
58.720161
58.090591
Control Period
61.624962
58.723938
58.721695
60.279266
58.751938
Control Period
63.869537
60.995968
60.702019
60.760735
61.224449
64.714813
60.895168
64.788223
Control Period
64.891968
64.793594
64.832993
64.853470
68.592834
64.854141
64.886688
64.811584
64.809509
Control Period
67.691170
67.638496
66.413185
68.808670
64.845825
68.175743
64.942108
68.300865
68.476990
66.396957
67.063141
68.522598
Control Period
71.629089
71.477631
67.761375
69.681534
67.478943
67.641571
68.870079
70.442108
70.477890
68.217567
67.686943
70.280991
67.587845
Control Period
71.608833
71.623779
71.606049
71.627647
71.610046
71.637436
71.634338
71.640289
71.615616
71.630203
71.619423
71.648193
Control Period
67.981369
72.987869
76.410843
71.613403
71.586884
77.120483
71.632416
71.611488
76.899422
71.622147
71.952797
76.713951
Control Period
76.752930
76.452835
71.609344
76.812195
77.422050
76.471970
76.823647
75.096352
76.762657
71.597984
76.716217
76.595047
Control Period
78.095581
77.973892
76.961731
81.182404
81.528412
76.797379
80.362625
81.679169
76.593567
80.903778
76.933090
Control Period
82.750717
76.870529
79.772766
80.236832
82.747940
82.753952
82.747269
82.732422
77.619522
Control Period
82.740891
82.762619
82.762016
82.749153
82.743301
82.753052
81.284637
82.754562
82.744064
Control Period
71.621124
76.760002
71.634369
76.715332
71.606079
71.604225
71.613342
76.917572
71.620575
77.264740
Control Period
68.636703
55.233856
55.286942
55.301346
55.279358
55.220161
55.279839
55.268894
55.240639
55.268097
55.258179
55.206947
55.312546
55.227585
55.245152
55.220413
55.256866
Control Period
55.295586
55.236927
55.285789
55.256447
55.273697
55.241951
55.227295
Control Period
57.562370
57.537537
56.114914
56.870178
56.291073
Control Period
57.757313
56.494370
57.985535
58.724960
58.691391
57.806816
Control Period
58.706047
62.403038
58.727005
58.709183
59.545410
58.673759
60.916641
Control Period
61.741055
60.787491
62.272003
62.541534
61.645409
61.513504
61.187294
Control Period
64.918594
64.834846
64.810913
63.997601
64.826462
64.884125
61.897598
63.210243
64.848358
Control Period
66.113312
66.463997
65.251770
67.507553
67.878242
67.367935
67.304863
64.767136
64.799164
Control Period
70.440964
67.607101
70.491554
68.545090
68.477951
68.984512
67.861374
69.210022
68.646271
69.891708
Control Period
71.617218
70.972870
71.606491
71.617340
69.757408
71.609375
71.602013
71.611450
67.993698
71.526337
71.529694
Control Period
80.298843
82.722336
82.723038
82.723007
82.716034
82.713409
82.716156
82.720863
82.731964
82.731705
82.708511
82.713699
82.721024
82.708252
82.719772
82.715042
82.719620
82.731743
82.726044
82.824898
