5682.36
5924.03
5555.7
5239.45
5079.63
4956.77
4989.31
5066.73
5030.79
5127.93
5005.38
5003.3
4930.69
4920.45
5023.97
4977.21
5015.86
5046.73
5029.52
4981.93
4960.7
5192.45
4986.76
5006.7
4991.31
4965.57
4928.57
4889.66
5006.23
4922.83
5047.28
5045.4
5037.66
5076.73
5012.69
4997.17
4922.83
4971.66
5067.47
5084.14
4999.2
4956.07
4976.9
4957.24
4995
4939.14
5004.93
5029.43
5033.66
4941.93
5053.93
5096.47
4981.31
4907.8
4979.93
5039.1
4961.03
5065.67
5092
5005.31
4886.33
4947.34
5037.93
4978
4935.66
4936.97
5115.69
5046.6
4987.57
4918.1
4894.28
5091.8
5056.72
5007
5019.9
5133.03
5069.73
4947.62
4953.03
4914.57
4983.47
5001.24
4890
5058.14
5039.5
5024.76
4912.38
5108.1
5012.53
4984.69
4923.47
5082.66
5007.72
4979.69
5018.67
4973.07
4926.37
5032.28
5028.2
4971.76
4909.03
5091.5
5030.8
4991.72
5111.23
5100.77
4999.83
4915.34
4881.67
5066.17
4947.59
5106.93
5114.47
4946.42
