918
918
918
883.882
837.68
809.895
797.923
793.941
796.103
796.637
793.301
791.761
785.364
785.095
784.93
788.396
792.373
791.175
792.315
791.522
789.185
787.709
788.613
790.578
780.955
781.617
781.282
781.717
783.438
787.01
792.527
792.215
796.074
793.71
791.44
789.558
785.721
785.086
785.228
789.086
790.504
787.13
782.923
782.963
785.16
786.315
788.453
788.703
791.746
791.746
791.499
790.028
788.345
791.248
788.552
783.728
784.663
789.273
790.276
788.321
790.269
786.986
782.386
782.121
787.804
790.437
788.54
789.64
792.857
796.009
790.224
787.894
788.516
792.611
797.897
793.307
790.471
790.121
789.126
782.474
778.988
781.607
783.955
788.227
789.053
788.991
794.491
791.584
789.609
788.372
792.753
787.348
786.721
787.486
791.313
787.18
786.794
787.81
786.876
788.223
791.904
790.291
788.881
790.293
794.841
790.266
788.726
789.14
783.578
778.54
778.548
782.781
788.698
785.39
788.01
782.664
776.94
779.619
