56.6814
60.6411
63.5077
65.5035
66.555
66.4762
66.1382
66.5771
66.3053
66.6689
67.2069
67.7008
66.8556
65.4671
66.6948
66.0601
66.6612
66.5645
65.4093
67.4627
66.4343
66.8435
67.0234
67.2777
67.3814
67.3958
67.4572
67.1731
66.8548
65.904
66.3661
66.5124
65.4037
67.4464
66.5324
66.8689
67.4272
68.8716
66.9976
65.3878
67.0967
67.1751
66.8867
67.411
67.0687
66.7659
66.9136
66.7317
66.3269
67.8368
66.5439
66.5541
66.8527
67.3148
66.1908
66.5338
67.2605
65.1538
66.4396
67.2508
66.6645
65.7674
65.8227
66.8106
65.0988
66.2623
65.4477
66.6608
67.8615
67.1256
66.3994
66.057
66.6931
66.2626
66.2673
66.6986
66.5118
65.9132
67.0593
67.2156
66.5057
67.4544
66.8725
66.1806
67.0288
66.5485
65.9016
66.3089
68.1199
66.2577
66.4664
65.5678
66.8377
66.3524
66.9122
66.7005
66.2182
66.8147
66.4127
66.1079
65.6286
65.6807
66.7788
65.5394
66.0894
67.5152
66.859
67.9685
67.5157
66.7919
67.2372
66.5039
67.3587
67.9614
