0.708517
0.758014
0.793846
0.818794
0.831937
0.830953
0.826728
0.832214
0.828817
0.833361
0.840086
0.84626
0.835695
0.818339
0.833685
0.825751
0.833265
0.832056
0.817617
0.843284
0.830429
0.835543
0.837792
0.840972
0.842267
0.842448
0.843215
0.839663
0.835685
0.8238
0.829576
0.831405
0.817547
0.843081
0.831655
0.835862
0.84284
0.860895
0.83747
0.817348
0.838709
0.839689
0.836084
0.842637
0.838359
0.834574
0.836419
0.834146
0.829086
0.84796
0.831799
0.831926
0.835659
0.841435
0.827384
0.831673
0.840757
0.814423
0.830496
0.840635
0.833306
0.822093
0.822784
0.835132
0.813735
0.828279
0.818096
0.83326
0.848269
0.83907
0.829992
0.825712
0.833664
0.828282
0.828341
0.833733
0.831398
0.823915
0.838242
0.840195
0.831321
0.84318
0.835906
0.827258
0.83786
0.831856
0.82377
0.828861
0.851499
0.828221
0.83083
0.819598
0.835471
0.829405
0.836402
0.833756
0.827727
0.835184
0.830159
0.826349
0.820358
0.821009
0.834736
0.819242
0.826118
0.84394
0.835737
0.849606
0.843946
0.834898
0.840465
0.831299
0.841983
0.849518
