117.607452
117.312637
117.341759
117.361984
117.376961
117.355423
117.349854
117.340416
117.358459
117.353630
117.345665
117.347931
117.358849
117.330978
117.320099
117.308701
117.330460
117.334656
117.341660
117.320312
117.296387
117.302429
117.317154
117.307770
117.314880
117.329987
117.341949
117.374847
117.350975
117.294083
Control Period
122.297501
122.230011
122.374718
122.293411
122.090240
122.204674
122.145920
122.521278
Control Period
125.012291
129.783707
126.895203
130.819031
128.944351
128.801895
128.923462
129.017761
Control Period
134.344955
134.302048
134.208557
134.187393
134.365326
134.311981
134.254059
134.263809
Control Period
134.267883
136.082306
138.755524
134.150787
134.154663
138.611328
138.323486
Control Period
138.880417
136.667938
134.195206
134.240906
134.245514
134.312057
134.543640
Control Period
136.314819
138.419769
134.578461
136.279785
138.682281
137.921783
134.199860
Control Period
138.659454
135.568237
138.555878
134.957443
138.762787
138.567490
138.733002
Control Period
138.574692
138.206299
138.359192
138.566620
135.075424
138.941956
138.643005
138.324188
Control Period
138.069275
135.892242
139.178619
138.544449
138.570694
138.770599
139.070496
138.390244
Control Period
138.614746
137.988708
136.444290
138.689697
138.157471
138.764313
134.228668
Control Period
138.586685
137.745956
138.783905
134.656647
138.404907
138.736542
138.711395
Control Period
138.478043
138.615906
136.115616
138.590393
137.406860
139.279327
138.163681
Control Period
137.399963
138.443817
137.909348
138.618744
137.218140
138.989441
139.135193
Control Period
138.936920
137.808929
138.630783
138.311554
138.017151
138.324890
Control Period
142.260742
138.427963
138.214294
138.633636
137.295319
139.048859
138.721954
Control Period
138.649536
140.200485
138.213593
137.874237
140.218689
138.618011
138.214111
Control Period
140.178284
138.600739
138.538605
138.674332
139.863068
138.743393
138.449539
138.656616
Control Period
138.820740
138.589249
139.572662
138.183746
140.195419
137.420532
138.415970
Control Period
141.024475
137.390106
138.288605
134.664261
138.548584
138.755524
134.223541
138.306305
Control Period
138.695389
137.984192
139.023865
138.228485
135.910522
138.674850
136.073792
Control Period
137.646622
138.596100
138.452087
137.810822
138.463104
138.400330
137.588867
Control Period
142.540436
138.857239
138.563461
138.485596
138.682373
137.523422
138.198303
Control Period
138.817078
137.879745
138.970886
138.477631
138.521057
138.458923
138.675110
138.322205
Control Period
138.508698
138.728195
137.332794
138.308029
138.757721
138.853729
138.412292
Control Period
138.800034
138.708313
138.578156
137.615082
137.754883
138.523132
138.395233
Control Period
140.709656
138.569031
136.223450
137.870468
138.496094
138.534454
138.478821
138.395142
Control Period
138.431366
138.518814
134.779449
138.562714
138.727112
138.598495
135.797150
Control Period
138.595901
138.527908
138.557098
135.127319
138.607452
138.773605
138.841568
Control Period
141.387909
138.794586
138.534027
138.984253
138.676025
140.104736
138.283112
Control Period
141.066528
138.567596
138.498505
137.912201
138.577301
138.687195
142.085876
Control Period
139.885895
138.827225
138.919418
138.675201
139.526276
141.654144
140.534790
Control Period
138.466431
138.634918
139.653625
138.401596
139.397980
138.852219
139.446854
Control Period
142.165527
139.715210
138.938049
138.648743
138.313843
139.005096
138.651337
138.425964
Control Period
138.464737
138.483887
137.414215
137.451782
138.999161
138.788605
137.664352
Control Period
141.614655
138.016068
139.009644
138.220123
138.466278
138.521790
139.667938
138.611618
Control Period
138.459015
138.125427
137.626343
138.631302
138.430695
138.305725
138.453278
Control Period
141.082733
138.030975
138.417267
138.308441
134.204834
138.561066
138.464264
Control Period
140.789368
137.698975
136.212418
138.594818
138.556900
138.111481
138.605408
Control Period
138.449860
138.856262
138.395554
138.378464
138.840942
138.622711
138.380859
135.515015
Control Period
142.621796
134.751328
138.468002
134.659454
138.699432
134.789246
138.745819
Control Period
134.367264
138.677826
138.483261
138.585388
138.462006
136.337189
138.622879
138.230743
Control Period
134.353485
138.514114
134.448578
138.623749
134.337830
138.678146
138.593353
Control Period
138.410675
138.604355
134.574982
138.624695
138.595459
138.199234
138.737793
Control Period
138.428680
138.465759
138.669952
137.367035
136.430206
138.889053
138.717575
136.232162
Control Period
138.832764
135.487427
139.010818
139.109741
138.044067
138.820007
138.434906
Control Period
139.919647
138.330353
136.096542
138.984741
134.395782
138.499237
138.398239
Control Period
137.743195
137.781250
138.213196
138.784515
138.348770
138.817764
138.551041
138.949463
Control Period
138.798920
134.442200
138.758438
137.975327
138.700546
137.657318
139.030975
Control Period
138.723755
138.439240
137.103485
136.948318
138.597107
135.824493
138.854050
138.501831
Control Period
135.527191
138.671265
136.127777
138.770142
138.762665
135.471100
138.852325
Control Period
136.878021
138.566437
134.430389
138.691483
138.136765
138.893250
138.248703
136.475677
Control Period
134.855484
138.859741
134.469925
138.393341
135.941086
136.894623
138.694138
135.745880
Control Period
138.464996
137.260635
138.772766
137.037628
136.081055
139.030396
Control Period
136.452087
138.688187
138.840637
135.496582
138.557541
139.075836
137.713959
138.855103
Control Period
138.315109
136.229706
139.060928
139.017273
134.628769
138.758209
138.492447
138.556549
Control Period
138.637878
138.171204
138.884995
137.568359
134.512451
138.577606
Control Period
141.295898
137.700607
138.482880
138.411957
138.402039
138.475266
138.639771
Control Period
139.103775
141.753250
140.437378
139.031357
139.073639
138.475616
138.420029
Control Period
140.597656
138.895493
139.497925
138.811325
138.763031
138.969788
138.767014
Control Period
138.503036
137.889664
138.217819
139.025696
138.351334
138.677185
139.177155
Control Period
140.127716
138.606781
139.603455
138.570175
139.244171
138.704422
139.405701
Control Period
138.683746
138.727936
138.627655
138.517639
139.049683
138.638458
138.069855
Control Period
137.973373
138.993790
138.397308
138.234894
138.735260
138.657013
138.584839
Control Period
138.293060
138.455414
138.524292
138.841736
138.963287
141.231018
136.831238
Control Period
139.970490
138.816772
141.348480
138.435074
138.386108
138.571838
138.449280
141.291901
Control Period
137.114197
138.537598
138.533340
138.486725
138.958145
138.227966
138.547821
Control Period
138.677979
134.386200
138.940384
138.575287
137.489120
138.486694
138.675232
Control Period
138.588440
138.559296
138.400085
138.238495
138.659332
138.492676
138.613251
137.766113
Control Period
138.662476
134.532440
138.241470
138.361282
138.259094
137.155228
138.688263
Control Period
138.488708
138.303833
138.212067
138.825470
138.880188
137.091583
136.797333
Control Period
141.766022
138.773087
138.828522
138.452835
137.736938
138.766205
138.860352
Control Period
138.645950
138.587189
140.638336
141.882202
139.603806
138.530792
138.452606
Control Period
141.417282
138.393570
138.460846
138.371521
138.070587
136.928833
138.868454
Control Period
138.557068
138.719009
138.769089
138.213562
140.890503
137.837067
137.664337
Control Period
142.312469
138.756287
137.599167
138.459457
137.433868
141.920547
137.166107
138.607040
Control Period
138.748001
138.495209
138.506683
138.659943
137.316010
137.697052
138.932007
Control Period
138.928131
138.598083
138.330811
138.327713
137.783081
138.400970
138.591797
Control Period
138.427094
137.570435
137.554810
138.886322
138.217407
138.556961
138.568314
138.758148
Control Period
138.652954
138.689728
137.409027
138.321259
138.225281
138.786850
135.510880
Control Period
138.619583
138.462494
138.354248
135.179199
138.897400
138.510040
138.623932
Control Period
141.114685
137.632156
137.822693
137.923340
138.958817
138.360504
138.467300
138.971390
Control Period
138.312134
138.961243
138.459488
138.624542
138.375809
137.217255
Control Period
137.636292
140.234558
138.461441
138.548737
138.673462
138.607040
138.502884
Control Period
142.351074
141.818588
139.759171
138.673157
138.545090
142.529846
139.604858
Control Period
141.540710
138.516602
138.236298
138.772736
138.956192
138.616455
139.684540
138.775421
Control Period
138.918915
139.154907
137.620697
136.892609
137.804840
138.629089
138.634689
Control Period
139.866730
138.353699
138.782593
138.691895
138.716339
138.349640
137.637878
137.746689
Control Period
138.634216
138.376648
137.670013
137.633453
138.487091
138.760345
138.720184
138.689850
Control Period
138.762085
138.140869
138.781342
134.465057
138.439072
138.459229
Control Period
139.724930
138.247131
138.439484
138.555649
138.637604
138.527008
140.036865
Control Period
142.588135
140.660828
138.383575
140.497498
139.168961
138.515488
138.287903
Control Period
140.976349
139.930496
138.495911
138.317078
138.588348
138.255432
137.921341
Control Period
138.591949
138.653122
138.921112
138.434845
138.524704
138.474976
138.975388
Control Period
141.608582
138.117279
138.656479
138.461914
138.845535
138.523590
138.382538
137.760834
Control Period
140.191330
138.102493
138.391296
137.302826
139.012772
138.231293
Control Period
140.618774
138.726196
138.825592
141.336395
140.776611
139.426498
Control Period
138.599167
139.967651
138.210144
141.198883
138.230316
138.600861
138.571167
141.212418
Control Period
139.100616
141.296143
138.547302
140.038971
138.884216
139.870575
138.725372
Control Period
139.992386
138.745026
138.624832
137.973251
139.842377
138.736969
138.463455
Control Period
138.924469
138.393524
137.294495
138.444916
138.763077
138.682648
141.278809
Control Period
142.067551
139.412674
138.615906
138.538422
138.743515
140.969376
138.593597
138.335617
Control Period
138.991302
140.794525
141.544617
138.492065
138.537720
138.297150
138.323303
Control Period
138.148163
140.438934
137.374084
138.586212
138.442230
138.342377
138.623749
Control Period
138.591614
139.482437
137.209595
138.657532
138.713089
138.382401
138.202393
Control Period
141.335327
138.964355
138.462082
138.794174
138.531403
137.716980
142.065796
140.515778
Control Period
138.343109
139.133118
138.490662
138.576828
138.622589
138.164490
138.515167
Control Period
137.676544
138.906815
138.354172
138.364029
138.705856
138.491608
138.607803
Control Period
139.377594
138.514313
138.814697
138.396606
137.115738
138.160614
138.524994
138.401535
Control Period
138.680634
138.467896
138.609192
137.544189
137.845276
138.468964
Control Period
142.644470
139.019897
138.815430
138.667618
138.415710
138.947006
138.423172
138.446686
Control Period
138.650787
138.456573
138.655106
138.533600
137.532959
137.117569
138.527191
Control Period
141.897217
136.409821
138.913849
136.862854
138.646088
137.311584
136.646454
138.311676
Control Period
139.757828
134.354675
138.790009
138.573120
135.540649
138.407318
135.168121
Control Period
150.683075
150.676514
150.686401
150.673340
150.662018
150.706329
150.698944
150.706757
150.724091
150.716309
150.716446
150.677643
150.720398
150.731964
150.695770
150.667038
150.703064
150.658356
150.695465
150.722946
150.731003
151.578247
