59.317154
58.628033
58.554176
58.585152
58.690655
58.602913
58.560608
58.582787
58.612259
58.614334
58.593536
58.570816
58.605793
58.801441
58.628448
58.589279
58.624447
58.554016
58.608414
58.591331
58.588318
58.636513
58.687233
58.608963
58.598976
58.620991
58.588638
58.620064
58.576096
Control Period
62.371777
58.774849
59.977570
62.241726
61.327362
59.224129
59.604065
61.607422
Control Period
64.583740
64.923737
61.051231
64.889542
61.809631
63.985760
62.908257
63.909855
Control Period
65.526627
64.881638
64.923294
64.872925
64.849121
68.441025
64.900604
65.632889
Control Period
68.523712
64.939484
68.339775
65.018524
64.880997
68.324158
65.858177
64.891487
Control Period
66.805634
68.519936
64.875137
65.522240
68.243042
Control Period
64.884834
67.638947
64.872025
64.847008
68.645790
64.816162
67.262947
64.876511
Control Period
68.643204
64.839485
67.360580
64.874786
66.614212
68.403709
64.831070
68.750748
Control Period
64.845886
68.312767
66.388702
65.030212
68.450684
64.803810
68.691933
Control Period
65.214172
67.981407
66.525955
64.832230
68.588638
68.376389
64.903938
64.905121
Control Period
67.633186
68.527267
66.426407
66.099197
67.748192
68.632828
65.381210
Control Period
68.075134
66.432419
68.552765
68.619965
68.673698
66.198242
68.434814
66.619202
Control Period
66.994080
68.289536
65.428772
64.908569
66.796288
68.480637
67.091263
Control Period
68.449539
64.883873
64.923233
64.843399
64.821503
64.881248
Control Period
67.345917
65.100479
64.931580
68.620064
65.606140
64.920059
68.743202
68.290657
Control Period
64.902115
64.888191
65.419296
67.480125
67.805603
65.865021
Control Period
64.895203
67.440262
67.969955
66.666687
64.814148
66.251556
68.590683
Control Period
67.495163
65.015297
64.896736
64.885254
68.593445
67.372414
65.797028
68.460289
Control Period
67.633087
65.221504
64.871170
64.881790
64.874115
65.106461
65.277313
Control Period
70.759071
68.550842
67.482178
67.185669
65.835106
67.074875
65.350975
64.854462
Control Period
68.490913
68.485977
65.740067
67.271935
65.548157
66.276543
64.806236
Control Period
66.704926
66.684448
68.405022
64.819901
64.920097
66.259933
68.397758
68.555679
Control Period
68.382111
68.560165
64.806915
68.333313
64.829727
67.500549
66.750748
Control Period
67.611938
66.511711
68.265244
66.961212
67.471878
66.297920
67.864479
67.237442
Control Period
67.595200
69.034683
68.543106
65.398499
68.385666
65.785278
67.857758
66.450653
Control Period
68.405411
67.075134
66.578049
68.240128
66.031647
68.364349
65.929794
68.542175
Control Period
67.445503
66.435295
67.537308
65.990242
68.103653
68.454788
68.233376
Control Period
68.252762
68.632607
68.387741
67.208992
65.627426
64.928802
Control Period
68.510880
66.567169
67.399292
66.168159
67.942535
66.058495
65.341347
66.850845
Control Period
65.967392
64.847710
64.832832
65.570236
67.076797
67.128799
Control Period
64.822273
68.722336
64.809372
68.428635
64.807770
68.194817
64.777603
Control Period
68.161758
67.579552
64.806244
66.559738
64.823715
64.854080
68.801956
Control Period
64.838562
64.902046
64.884224
66.808670
66.725510
64.871422
64.762337
65.437057
Control Period
66.188896
68.045441
68.215714
68.256126
69.041855
64.911743
66.352646
68.559135
Control Period
66.984924
66.199425
64.772675
68.909637
67.976318
66.023392
64.860474
Control Period
66.434723
68.089890
65.964638
67.827934
67.765091
66.621567
65.378593
Control Period
67.212318
64.785469
66.994560
68.286720
68.269600
69.014374
Control Period
71.437958
68.292099
68.202530
68.688477
68.495102
68.347198
68.637665
66.634781
Control Period
68.816544
68.505341
68.014938
66.016220
64.870819
64.822845
68.370621
66.926300
Control Period
64.866684
64.791367
67.214371
66.395294
64.800034
64.811295
64.835808
Control Period
66.479233
68.439262
65.261246
68.275871
64.893761
68.243874
68.083710
Control Period
67.130974
68.218628
66.432571
68.261917
66.145538
67.471008
66.565155
67.720963
Control Period
64.979462
65.509766
68.900673
66.304672
64.882751
68.181664
68.613831
Control Period
68.483398
68.763260
68.862144
67.530655
64.905342
65.921120
Control Period
64.995102
66.511299
68.236252
65.691139
68.369408
66.518883
67.307907
68.919495
Control Period
66.388832
68.415909
67.438751
68.615326
64.857185
64.879486
Control Period
68.411743
68.336990
67.659973
64.808411
65.384415
67.212418
66.580925
64.861794
Control Period
66.951843
68.388702
68.279968
64.864227
64.869728
67.434944
68.202301
Control Period
68.573601
67.593597
65.724129
64.934975
64.956543
65.423843
67.081696
Control Period
68.271584
66.384674
67.591965
68.365501
66.887779
68.870300
68.485703
Control Period
68.764320
64.990242
64.957275
66.570625
68.600998
68.723419
64.847618
64.896805
Control Period
69.602814
68.065659
64.995132
66.248154
64.872772
64.851486
66.732513
65.023582
68.594910
Control Period
65.248482
68.890656
64.903778
66.240891
67.681213
68.151398
Control Period
65.473221
68.261345
66.893440
68.062592
68.022308
68.619423
65.871460
Control Period
68.001053
66.408936
64.974747
65.942947
64.901665
68.181282
64.924667
Control Period
64.924095
65.613724
68.100922
68.345024
68.448380
65.298553
65.006073
Control Period
68.430626
67.164932
68.605988
68.519424
64.857986
65.984222
Control Period
64.954720
64.870270
64.930618
64.903839
67.027298
64.807846
64.923584
64.812286
Control Period
64.860443
68.595360
66.721825
64.870209
64.821182
65.293243
68.146461
68.208450
Control Period
66.314659
68.301857
65.330208
68.643204
68.617538
66.222786
67.325119
Control Period
64.858047
68.529922
65.251358
68.669250
65.234177
67.444000
Control Period
68.254684
66.657631
64.891869
64.839996
64.869019
65.091324
68.569153
Control Period
64.831619
64.853378
66.729759
65.016319
64.776413
64.807938
66.997375
68.219009
Control Period
64.737953
64.962402
64.929024
68.600609
66.914017
68.674271
67.447357
Control Period
64.952316
66.047935
64.971970
64.854111
64.893860
64.872513
Control Period
67.353699
66.868576
67.509377
66.172577
64.819199
64.850403
Control Period
64.796608
67.695236
64.873795
65.037766
65.627426
65.333725
65.331909
64.884796
Control Period
66.795906
66.722366
68.178940
68.601852
64.885727
65.367043
67.844254
64.890205
Control Period
68.089218
68.440033
68.160034
68.518143
68.462524
66.067902
67.292801
Control Period
69.138336
68.037827
65.955231
67.518303
65.178726
66.925339
Control Period
64.911774
64.902237
64.860542
68.701126
68.621277
64.842819
Control Period
66.780197
67.676865
64.862946
65.086464
68.510399
64.847969
65.772095
66.133087
Control Period
68.623459
64.826492
64.836411
68.454590
64.807777
68.273956
67.029022
Control Period
64.918434
64.900703
64.868286
66.937859
68.715134
67.953979
65.543549
Control Period
67.064926
67.551872
65.884293
65.190979
64.877411
65.268509
68.033051
68.585190
Control Period
65.206177
66.947006
65.006439
67.096481
65.132416
66.576447
67.445343
68.292160
64.900513
Control Period
64.908859
68.603714
65.051773
68.266945
64.822235
68.447746
64.928482
68.675995
Control Period
65.319199
65.495872
67.691132
66.341087
64.925888
65.705948
Control Period
68.588318
66.656097
66.411713
68.183685
66.167389
68.485443
64.922684
Control Period
68.374878
65.768036
64.874115
68.612579
68.546112
65.584412
68.748894
Control Period
64.896255
66.976418
68.338882
66.436577
67.014587
65.371262
Control Period
67.541763
65.741219
67.859421
68.557892
68.086304
66.196411
68.571838
67.080292
Control Period
67.543900
66.154526
66.772385
64.851654
67.322693
68.589630
Control Period
67.275520
64.829117
68.803711
64.765373
67.400383
66.743683
64.832382
64.794754
Control Period
64.842361
67.468445
68.936287
68.520004
68.472961
64.851135
66.307678
68.275589
Control Period
68.713791
67.138336
65.909149
68.965248
65.453026
64.869156
64.790558
Control Period
65.422180
68.428131
64.853058
65.816574
64.857147
66.032288
Control Period
67.438690
64.842880
65.817856
66.020355
64.757568
68.484894
68.251106
64.857796
Control Period
68.102112
68.564102
68.662880
67.866211
68.727264
68.274467
66.642181
Control Period
69.875427
64.870659
64.892899
64.927422
65.154465
66.656601
67.426147
Control Period
65.643326
64.865692
64.841377
65.992126
67.471550
68.586082
67.864449
Control Period
65.505920
64.893631
64.902977
64.880035
66.861023
64.831009
65.203323
67.464828
Control Period
68.628098
69.003906
66.971909
65.182716
64.934723
64.825920
68.316483
65.114784
Control Period
67.842651
68.303230
68.535904
66.467583
64.855042
64.856155
64.843552
Control Period
68.362816
67.193985
68.967651
65.621796
67.046722
65.656349
67.553818
64.894211
Control Period
64.895004
64.910172
65.386948
67.334915
68.484512
68.305855
67.586174
Control Period
68.799232
64.895142
65.184227
64.932007
65.836769
67.661789
Control Period
68.329536
67.854752
66.417282
64.967773
67.429024
67.237595
65.467194
64.924667
Control Period
64.949310
66.105667
67.485794
68.790405
68.437180
65.693504
64.914886
Control Period
68.398941
66.562622
64.916382
67.162338
65.019073
65.764641
64.931358
Control Period
68.422592
64.926468
64.909027
64.934753
64.950211
66.627426
Control Period
65.540314
64.928513
66.547897
64.946655
65.948166
65.090240
65.281830
66.215302
Control Period
64.858177
66.718887
67.893730
68.459488
68.469345
66.110947
64.941315
Control Period
65.749573
64.935646
64.917572
64.962051
64.867645
64.906693
68.436638
Control Period
64.886276
64.861343
64.955811
64.869698
68.554207
68.134460
65.290718
64.867104
68.385025
Control Period
66.535110
68.490402
66.542145
67.257507
68.433441
66.455292
67.768799
68.638977
Control Period
67.697220
64.927933
65.838913
68.367935
68.378304
65.210403
67.592125
Control Period
68.614624
68.651459
68.698814
67.350975
68.050308
67.258942
67.154114
Control Period
66.981827
67.945923
67.798592
67.331520
66.781540
68.254532
Control Period
67.485214
67.022629
67.691582
65.819138
67.703682
65.781860
67.917023
64.913696
Control Period
65.192253
68.258049
68.458435
68.701569
67.287811
64.895424
67.867035
Control Period
66.845276
68.183228
64.935745
65.756195
64.878723
64.860382
68.543579
68.028091
Control Period
69.775040
64.890144
68.496674
68.540451
66.098846
68.175873
66.308350
66.583870
Control Period
68.582848
67.437790
68.345093
67.086533
68.444901
67.871399
65.844803
64.689819
Control Period
71.554466
71.545822
71.545090
71.550079
71.565598
71.543747
71.553665
71.534943
71.540833
71.552002
71.547714
71.545601
71.570267
71.558044
71.562943
71.563171
71.554909
71.541031
71.544930
71.550560
71.564384
72.016006
