56.5661
58.5605
58.5657
58.5565
58.5563
58.5642
58.5362
58.5524
58.5339
58.5449
58.5458
58.5485
58.5476
58.5695
58.552
58.56
58.5575
58.5711
58.5768
58.563
58.5372
58.5498
58.5646
58.5843
58.5505
58.5628
58.5813
58.5481
58.5602
58.56
58.5632
58.5698
58.5651
58.5848
58.5822
58.5603
58.5653
58.5517
58.5564
58.5631
58.5722
58.5649
58.5687
58.5576
58.5624
58.5834
58.5466
58.5627
58.5567
58.5615
58.5531
58.5487
58.5619
58.5594
58.5573
58.5564
58.5689
58.5623
58.5586
58.5481
58.5363
58.563
58.5627
58.5482
58.5535
58.5602
58.5444
58.5402
58.5489
58.5518
58.5452
58.5482
58.5471
58.5447
58.5394
58.5502
58.5646
58.5578
58.5549
58.5526
58.5636
58.5588
58.542
58.5544
58.563
58.5581
58.5532
58.5537
58.5752
58.5566
58.5697
58.598
58.5553
58.5622
58.5572
58.5621
58.5727
58.5573
58.5585
58.5667
58.5725
58.5587
58.5605
58.5613
58.5652
58.5696
58.5509
58.578
58.5776
58.5675
58.565
58.5651
58.5883
58.5475
58.5677
