59.266720
58.585922
58.556770
58.554432
58.612289
58.569473
58.544800
58.540577
58.564671
58.574848
58.564991
58.555550
58.563522
58.601887
58.576866
58.549889
58.517216
58.534527
58.545120
58.559551
58.556576
58.626045
58.536415
58.564445
58.532639
58.542591
58.549187
58.570591
Control Period
58.552162
58.573151
58.640224
58.550110
58.541439
58.537277
58.559937
58.529663
58.543358
Control Period
58.550079
58.545696
58.662048
58.561539
58.534687
58.583038
58.557533
58.553474
Control Period
58.556961
58.570721
58.569855
58.556541
58.529282
58.553665
58.562881
58.552319
Control Period
58.523132
58.541214
58.567810
58.557247
58.615936
58.519520
58.561344
58.549599
58.570717
Control Period
58.557281
58.552765
58.571869
58.661728
58.524925
58.532608
58.547966
Control Period
58.574814
58.534462
58.533024
58.558334
58.527199
58.516289
58.523167
58.522079
Control Period
58.540897
58.685856
58.538017
58.506142
58.544479
58.552322
58.552673
58.507713
58.543743
Control Period
58.512703
58.614433
58.515167
58.517727
58.520737
58.540607
58.529282
58.520866
Control Period
58.541729
58.510750
58.631714
58.543072
58.553314
58.514046
58.536831
58.552769
58.520226
Control Period
58.549377
58.505379
58.643677
58.514656
58.537056
58.538818
58.564705
58.512962
Control Period
58.571552
58.543678
58.537758
58.643456
58.545982
58.496964
58.525375
58.523491
58.551872
Control Period
58.505470
58.532993
58.544769
58.611649
58.547840
58.529888
58.557823
58.545792
Control Period
58.585854
58.569534
58.562462
58.536224
58.653919
58.584896
58.532223
58.531197
Control Period
58.554432
58.559040
58.545601
58.538368
58.535873
58.563202
58.566238
58.553535
Control Period
58.568161
58.593727
58.539490
58.556931
58.527939
58.567490
58.581085
58.544830
58.522591
Control Period
58.534657
58.587967
58.535042
58.561855
58.530273
58.555199
58.615871
58.570435
58.561440
Control Period
58.561665
58.544418
58.553635
58.576447
58.567360
58.553345
58.648674
58.563488
Control Period
58.554943
58.564575
58.568733
58.558594
58.566978
58.579327
58.544865
58.675999
58.563965
Control Period
58.532032
58.559746
58.556190
58.553635
58.582787
58.569565
58.558559
58.590656
Control Period
58.546112
58.545120
58.537792
58.547646
58.501213
58.530846
58.565186
58.524063
Control Period
58.594048
58.533569
58.538689
58.524574
58.583138
58.520191
58.559872
58.555904
58.537758
Control Period
58.614208
58.540417
58.572319
58.589344
58.551105
58.541313
58.560799
58.547264
Control Period
58.558334
58.805759
58.539070
58.566177
58.540031
58.550049
58.551262
58.563969
58.542755
Control Period
58.535454
58.564705
58.539936
58.553986
58.549824
58.534752
58.580383
58.552704
Control Period
58.555840
58.558559
58.627937
58.546112
58.560738
58.559551
58.532318
58.561378
Control Period
58.572510
58.518974
58.569473
58.658142
58.509758
58.564095
58.676414
Control Period
58.560032
58.545471
58.554558
58.554688
58.531235
58.558529
58.557953
58.542526
58.527744
58.635712
Control Period
58.533630
58.565311
58.533279
58.576286
58.548798
58.568607
58.544449
58.536224
Control Period
58.576672
58.527168
58.557247
58.547935
58.491837
58.627327
58.597824
58.530815
58.583328
Control Period
58.536896
58.522751
58.558144
58.569473
58.569565
58.649826
58.525440
58.573120
58.543137
Control Period
58.545662
58.555264
58.530975
58.573120
58.575394
58.706818
58.539261
58.558334
Control Period
58.584351
58.556320
58.569244
58.538143
58.541374
58.527039
58.662624
58.541634
Control Period
58.595901
58.550369
58.599167
58.588127
58.562912
58.582081
58.591713
58.635136
58.558144
Control Period
58.531586
58.565792
58.627937
58.563683
58.569984
58.541374
58.675297
Control Period
58.576607
58.563263
58.563072
58.574368
58.560638
58.528576
58.544930
58.528030
58.602913
Control Period
58.584450
58.560543
58.547874
58.563103
58.621376
58.568222
58.527809
58.587105
58.526848
Control Period
58.559776
58.514366
58.529442
58.560226
58.605469
58.568863
58.535488
58.540321
Control Period
58.560608
58.555618
58.549984
58.552448
58.504864
58.654114
58.544353
58.529087
58.566849
Control Period
58.533890
58.568802
58.554016
58.545570
58.536926
58.628479
58.536480
58.596672
Control Period
58.573021
58.561310
58.562561
58.553566
58.548000
58.558334
58.666718
58.554367
Control Period
58.524384
58.550911
58.533150
58.519165
58.555969
58.551136
58.607777
58.650238
58.591042
Control Period
58.550240
58.567520
58.563362
58.553566
58.557533
58.566399
58.557632
58.633667
Control Period
58.576767
58.530624
58.579903
58.591614
58.540642
58.533184
58.561024
58.547359
58.639198
Control Period
58.554115
58.557503
58.541634
58.541565
58.567329
58.567070
58.556221
58.536896
Control Period
58.665119
58.568573
58.565826
58.571457
58.657089
58.562973
58.561119
58.577343
58.520832
Control Period
58.516609
58.535202
58.532513
58.537727
58.566944
58.557953
58.563103
58.562592
Control Period
58.549538
58.577759
58.551521
58.543587
58.537186
58.580833
58.590370
58.570755
Control Period
58.527969
58.549347
58.524929
58.594818
58.516640
58.549568
58.544193
58.659969
58.542816
Control Period
58.551807
58.533218
58.550976
58.541664
58.521408
58.538754
58.551392
58.703136
58.533310
Control Period
58.548767
58.546654
58.568642
58.528862
58.529121
58.537472
58.526718
58.658337
Control Period
58.534847
58.537918
58.554398
58.631905
58.522781
58.519871
58.530594
58.557442
Control Period
58.522240
58.555618
58.569283
58.581665
58.657185
58.545982
58.514240
58.548832
Control Period
58.554626
58.547680
58.545341
58.542336
58.576607
58.608128
58.566399
58.549118
58.544350
Control Period
58.559807
58.534561
58.558014
58.535358
58.563007
58.633728
58.546051
58.528191
Control Period
58.575584
58.533058
58.518528
58.537697
58.553280
58.562271
58.611584
58.559456
58.534782
Control Period
58.556129
58.556671
58.592995
58.542686
58.576576
58.565983
58.646561
58.547680
Control Period
58.563263
58.566559
58.550209
58.549408
58.559967
58.537727
58.548416
58.622978
Control Period
58.547649
58.567741
58.546082
58.540962
58.541504
58.546783
58.580254
58.546303
58.610016
Control Period
58.558144
58.570591
58.556610
58.562881
58.536415
58.540092
58.535934
58.527233
58.545120
Control Period
58.559521
58.512321
58.541248
58.541153
58.543327
58.539776
58.546562
58.506592
58.555073
Control Period
58.659679
58.563839
58.540993
58.551102
58.549698
58.539680
58.554207
58.552414
Control Period
58.533119
58.609985
58.537506
58.544895
58.596321
58.548576
58.584290
58.547104
Control Period
58.566399
58.538239
58.608864
58.568672
58.536545
58.532478
58.524834
58.522942
58.535103
Control Period
58.548927
58.529152
58.659775
58.551872
58.554592
58.539040
58.505569
58.539421
Control Period
58.545536
58.562782
58.554657
58.633698
58.530239
58.556511
58.538559
58.586815
58.532608
Control Period
58.531906
58.565536
58.513954
58.641281
58.513088
58.521538
58.537697
58.530113
Control Period
58.525440
58.551422
58.547329
58.543266
58.552799
58.530113
58.544189
58.526718
Control Period
58.518433
58.560417
58.520355
58.547806
58.627678
58.541313
58.528381
58.546593
Control Period
58.535553
58.526752
58.550335
58.553246
58.539902
58.634178
58.526688
58.547806
Control Period
58.552288
58.541283
58.525951
58.540287
58.540512
58.519394
58.616512
58.525154
58.545631
Control Period
58.523102
58.562687
58.520447
58.515392
58.533184
58.548191
58.537632
58.644768
Control Period
58.516701
58.553314
58.542080
58.556801
58.534492
58.524963
58.535172
58.595390
58.565186
Control Period
58.501728
58.539169
58.532799
58.552479
58.559616
58.539360
58.532349
58.600349
Control Period
58.556770
58.549538
58.513405
58.553345
58.523521
58.547840
58.549824
58.521248
58.590752
Control Period
58.531487
58.548065
58.536160
58.536766
58.583649
58.554977
58.534943
58.535423
Control Period
58.627266
58.541759
58.566208
58.552383
58.563522
58.555904
58.546528
58.563072
58.518814
Control Period
58.648163
58.574081
58.538719
58.535934
58.568451
58.520512
Control Period
58.546402
58.532928
58.569603
58.556961
58.588226
58.533504
58.582527
58.548832
58.534721
Control Period
58.564514
58.523422
58.559166
58.557533
58.561535
58.544899
58.562206
58.547165
Control Period
58.548225
58.523361
58.644768
58.545631
58.560829
58.551487
58.571007
Control Period
58.548096
58.543358
58.575775
58.553631
58.556831
58.570431
58.536766
58.564445
58.579967
Control Period
58.513504
58.558044
58.558880
58.557407
58.525120
58.542496
58.538689
Control Period
58.655968
58.546558
58.557888
58.540192
58.532608
58.534592
58.554146
58.503838
58.563457
Control Period
58.657280
58.536896
58.540096
58.537598
58.543297
58.557953
58.590847
58.540096
Control Period
58.571392
58.620995
58.606274
58.553825
58.534721
58.529663
58.546463
58.536320
58.523457
Control Period
58.529053
58.592514
58.550049
58.556351
58.537632
58.521954
58.568127
58.570271
Control Period
58.548546
58.525375
58.595390
58.544895
58.589890
58.532707
58.545441
58.547104
Control Period
58.585312
58.559456
58.556931
58.625759
58.562111
58.560513
58.537502
58.551743
58.637794
58.544830
Control Period
58.558563
58.536896
58.530529
58.569374
58.557247
58.538910
58.544800
58.628578
Control Period
58.570274
58.575775
58.547394
58.617985
58.556736
58.573021
58.546623
Control Period
58.828735
58.594818
58.561951
58.544289
58.552799
58.562527
58.540993
58.531517
Control Period
58.621632
58.536194
58.586594
58.570175
58.516739
58.560703
58.533058
58.540833
Control Period
58.557377
58.659168
58.562401
58.534431
58.523422
58.566940
58.520992
58.573090
Control Period
58.561890
58.556606
58.543427
58.545792
58.557854
58.565281
58.562496
58.563774
58.557503
Control Period
58.551491
58.545731
58.571907
58.587486
58.570431
58.545692
58.544384
58.579712
Control Period
58.556320
58.555519
58.550049
58.575264
58.575329
58.537537
58.559456
58.672127
Control Period
58.584641
58.565952
58.549343
58.565697
58.608032
58.547554
58.538750
58.515907
58.539520
Control Period
58.543873
58.580383
58.557152
58.540733
58.559776
58.564960
58.571552
58.549183
Control Period
58.670464
58.517921
58.568672
58.556545
58.555424
58.552162
58.571232
58.541344
58.545311
Control Period
58.657890
58.532578
58.567070
58.555103
58.629059
58.576126
58.517181
Control Period
58.544735
58.559521
58.559586
58.566463
58.537186
58.522751
58.611198
58.578400
58.548477
Control Period
58.540096
58.549377
58.567902
58.550560
58.523842
58.590721
58.599648
58.561600
Control Period
58.556480
58.533855
58.547203
58.574047
58.556992
58.527359
58.564770
58.630016
58.573662
Control Period
58.553986
58.552193
58.545761
58.561981
58.545090
58.554878
58.551262
58.647583
Control Period
58.602272
58.573761
58.552895
58.585056
58.568607
58.552959
58.551937
Control Period
58.535519
58.550018
58.557854
58.573891
58.585411
58.522945
58.557182
58.524254
Control Period
58.577824
58.538078
58.572350
58.542015
58.590370
58.627712
58.596291
58.579552
Control Period
58.590591
58.660641
58.567680
58.530113
58.570175
58.564606
58.553535
58.583679
Control Period
58.574814
58.546528
58.561890
58.559776
58.559425
58.649441
58.559647
58.528385
Control Period
58.543777
58.562851
58.562496
58.554306
58.556000
58.569214
58.635170
58.536285
Control Period
58.541245
58.568928
58.541409
58.630722
58.553440
58.542557
58.568737
58.530815
58.608448
Control Period
58.537117
58.572128
58.565826
58.666367
58.559166
58.566143
58.596642
58.549152
58.667297
58.603073
Control Period
58.562912
58.537346
58.545761
58.527870
58.556221
58.548447
58.553791
58.651390
Control Period
58.564960
58.532257
58.561790
58.545280
58.669891
58.531425
58.542400
58.546562
58.531197
Control Period
58.471741
59.796738
58.838943
