0.70883
0.742209
0.747281
0.751609
0.755336
0.758705
0.761292
0.763542
0.76562
0.767274
0.768904
0.770297
0.771318
0.772369
0.773329
0.774115
0.775041
0.775619
0.776345
0.777097
0.777772
0.778424
0.779075
0.779505
0.779986
0.780515
0.781129
0.781624
0.782147
0.782644
0.783076
0.783601
0.783897
0.784258
0.784679
0.784948
0.785432
0.785765
0.786244
0.786572
0.786811
0.787135
0.787364
0.787713
0.788207
0.788397
0.788844
0.789046
0.789049
0.789196
0.789637
0.790041
0.790117
0.790356
0.790676
0.790894
0.79109
0.791445
0.791588
0.791916
0.792116
0.792235
0.792416
0.792413
0.792738
0.79305
0.793353
0.793577
0.793768
0.793765
0.793977
0.793989
0.79395
0.794115
0.794254
0.794253
0.79441
0.79463
0.794864
0.795031
0.795217
0.795383
0.795378
0.795618
0.795781
0.795894
0.796055
0.796258
0.796206
0.79619
0.796355
0.796502
0.796591
0.796598
0.796766
0.796858
0.79687
0.797055
0.79703
0.797209
0.79715
0.797205
0.797346
0.797242
0.79739
0.797645
0.79746
0.797533
0.797625
0.797668
0.79766
0.797749
0.797698
0.79788
0.798134
