59.348320
58.566818
58.566719
58.599426
58.659042
58.563072
58.577503
58.572639
58.605438
58.582878
58.564034
58.592995
58.607807
58.663776
58.602142
58.556225
58.573761
58.584961
58.585247
58.552639
58.564095
58.595169
58.659809
58.596291
58.561981
58.580162
58.586529
58.593121
58.586365
Control Period
58.570686
58.583199
58.664162
58.589855
58.597824
58.576637
58.547935
58.586082
Control Period
58.598400
58.616737
58.593506
58.573730
58.560509
58.601025
58.609123
58.651741
58.680733
58.593536
Control Period
58.623459
58.585503
58.594177
58.525826
58.594307
58.568962
58.589378
58.661282
Control Period
58.590973
58.591297
58.621407
58.580605
58.591965
58.612221
58.568993
58.611038
Control Period
58.695744
58.582657
58.599903
58.581886
58.595104
58.590336
58.604355
58.624161
58.596607
Control Period
58.752159
58.548576
58.605118
58.580574
58.593121
58.594177
58.576195
58.586815
Control Period
58.581631
58.732513
58.566273
58.624222
58.563488
58.605568
58.555710
58.603966
58.614082
Control Period
58.603424
58.709373
58.591293
58.600670
58.577698
58.597183
58.605824
58.582146
Control Period
58.592514
58.619904
58.663902
58.601952
58.584419
58.593826
58.609665
58.593952
58.569183
Control Period
58.606110
58.596256
58.706238
58.560352
58.607616
58.618210
58.603554
58.611427
Control Period
58.597694
58.589699
58.641411
58.724190
58.586273
58.579010
58.610977
58.591423
Control Period
58.620224
58.601089
58.582336
58.590591
58.717537
58.570175
58.612255
58.570816
58.617504
Control Period
58.588673
58.595299
58.598946
58.574883
58.693726
58.607712
58.617699
58.568256
Control Period
58.597313
58.596001
58.611229
58.589378
58.590370
58.658752
58.616127
58.616322
58.606655
Control Period
58.578465
58.589184
58.586685
58.595840
58.592545
58.670143
58.607811
58.598846
Control Period
58.627266
58.592129
58.620895
58.607647
58.563103
58.576195
58.588863
58.587170
Control Period
58.566658
58.578751
58.572128
58.608704
58.543999
58.578079
58.599037
58.608833
58.580894
Control Period
58.603394
58.589218
58.591263
58.649918
58.576286
58.599747
58.580929
58.579330
58.622398
Control Period
58.625854
58.555199
58.581825
58.647202
58.604832
58.610237
58.597282
58.699200
Control Period
58.570240
58.583549
58.596928
58.595936
58.596382
58.622688
58.608673
58.638115
Control Period
58.697727
58.621986
58.612320
58.593216
58.586048
58.569313
58.597473
58.588192
58.556992
Control Period
58.742622
58.601471
58.589855
58.580994
58.648193
58.611198
58.563137
58.621155
Control Period
58.596382
58.739517
58.599232
58.559837
58.564159
58.621346
58.581795
58.603233
Control Period
58.563423
58.568642
58.705246
58.604286
58.594944
58.568287
58.592255
58.580383
58.592991
Control Period
58.566109
58.583935
58.676003
58.559361
58.607296
58.582497
58.601089
58.568382
Control Period
58.620800
58.588161
58.600258
58.670273
58.612061
58.574814
58.597473
58.601250
58.606209
Control Period
58.570786
58.568222
58.629536
58.613792
58.605377
58.598049
58.602562
58.554241
Control Period
58.628223
58.594688
58.573631
58.559391
58.577312
58.593758
58.608864
58.626915
58.564991
Control Period
58.627167
58.595615
58.622147
58.590302
58.587517
58.589058
58.622463
Control Period
58.578465
58.716606
58.564991
58.605057
58.578655
58.566750
58.614689
58.570560
58.612896
Control Period
58.616898
58.634239
58.652096
58.596321
58.591263
58.598526
58.597889
58.609406
58.607552
Control Period
58.589378
58.594589
58.598755
58.664768
58.627907
58.616833
58.608093
58.623936
58.596062
Control Period
58.639744
58.572899
58.592319
58.672318
58.590271
58.617023
58.589088
58.579166
58.628578
Control Period
58.600739
58.607170
58.717281
58.600189
58.643456
58.597569
58.616096
Control Period
58.587360
58.570435
58.589600
58.594975
58.712990
58.571136
58.573856
58.583168
58.582657
Control Period
58.597183
58.597885
58.594498
58.623104
58.719711
58.573662
58.603394
58.587906
Control Period
58.634689
58.612030
58.590431
58.572739
58.603806
58.673344
58.578110
58.615200
58.598274
Control Period
58.582878
58.617344
58.593887
58.610176
58.643135
58.663902
58.587296
58.594910
Control Period
58.614494
58.604607
58.620834
58.586464
58.582752
58.612064
58.674080
58.706879
58.613377
Control Period
58.608162
58.579361
58.579262
58.584801
58.601471
58.622017
58.581631
58.638145
Control Period
58.611584
58.576641
58.576035
58.600098
58.598495
58.592926
58.583519
58.625053
Control Period
58.578209
58.587105
58.597919
58.584381
58.590340
58.564510
58.554943
58.615936
58.607201
Control Period
58.600830
58.564926
58.596191
58.599457
58.609600
58.626595
58.587746
58.584061
Control Period
58.631744
58.575008
58.564995
58.578499
58.603134
58.643394
58.613281
58.574688
58.618881
Control Period
58.636608
58.616798
58.564865
58.582336
58.601921
58.601471
58.627071
58.603134
58.568577
Control Period
58.613922
58.623390
58.621506
58.586975
58.603233
58.620445
58.592003
58.573215
Control Period
58.603584
58.588066
58.643585
58.607841
58.603840
58.621857
58.591133
58.590530
Control Period
58.614624
58.618240
58.683712
58.600639
58.589890
58.590111
58.609695
58.580223
Control Period
58.563042
58.559456
58.582878
58.697411
58.555489
58.550690
58.600769
58.613377
58.619331
Control Period
58.586754
58.562496
58.587425
58.581215
58.658913
58.575489
58.578976
58.591843
58.612896
Control Period
58.576000
58.606209
58.620766
58.714813
58.573151
58.656384
58.592354
58.617569
Control Period
58.570045
58.567905
58.572418
58.581825
58.667870
58.551647
58.567070
58.576031
58.605728
Control Period
58.569473
58.613567
58.587105
58.588417
58.603489
58.649952
58.588737
58.622238
Control Period
58.572384
58.584000
58.605789
58.582817
58.600159
58.588703
58.663231
58.575874
58.616287
Control Period
58.593761
58.563454
58.569984
58.566978
58.607742
58.571072
58.590561
Control Period
58.594624
58.586205
58.586945
58.581566
58.605473
58.624832
58.589981
58.703297
Control Period
58.600513
58.556961
58.574783
58.590752
58.591682
58.595299
58.569695
58.584862
58.686817
Control Period
58.584991
58.573215
58.591362
58.566498
58.590401
58.561951
58.603840
58.603394
Control Period
58.683392
58.618496
58.569473
58.576035
58.597794
58.614334
58.569153
58.569759
58.574623
Control Period
58.673248
58.594624
58.582947
58.565186
58.594879
58.601089
58.577888
58.595360
Control Period
58.620129
58.602211
58.638657
58.559776
58.582016
58.571457
58.595459
58.556259
58.607136
Control Period
58.610241
58.596832
58.633919
58.604671
58.558079
58.599426
58.575615
58.588703
58.563843
Control Period
58.590240
58.582626
58.702591
58.562241
58.582558
58.581635
58.543869
58.547523
58.540863
Control Period
58.576477
58.591137
58.656639
58.581696
58.580193
58.575680
58.599873
58.615265
Control Period
58.564545
58.588737
58.590847
58.668030
58.655777
58.613472
58.639584
58.601952
58.609280
58.684959
Control Period
58.604992
58.604256
58.591618
58.609123
58.594177
58.595615
58.644157
58.594879
Control Period
58.656193
58.621376
58.605377
58.585247
58.581215
58.605507
58.646496
58.588638
58.591873
Control Period
58.700768
58.572670
58.624321
58.582336
58.622658
58.605118
58.600864
58.603935
Control Period
58.582558
58.648991
58.585442
58.575073
58.576385
58.582432
58.612099
58.601341
58.606369
Control Period
58.580803
58.697021
58.611584
58.607967
58.571838
58.549088
58.608765
58.594498
Control Period
58.625694
58.577278
58.677696
58.591713
58.590080
58.594879
58.592480
58.574051
58.581757
Control Period
58.587646
58.551582
58.672001
58.577858
58.585377
58.596191
58.584896
58.556416
Control Period
58.579521
58.605347
58.585663
58.651775
58.591072
58.608192
58.586174
58.601727
Control Period
58.589149
58.603519
58.578655
58.590626
58.629696
58.556160
58.582115
58.604034
58.574142
Control Period
58.573601
58.560608
58.568642
58.571938
58.623104
58.575966
58.556770
58.578270
Control Period
58.555775
58.582367
58.547199
58.577118
58.591553
58.615391
58.540611
58.572189
Control Period
58.577217
58.541473
58.684223
58.560158
58.568161
58.557121
58.577469
58.594719
58.586849
Control Period
58.570656
58.602051
58.573376
58.590336
58.556259
58.597954
58.624382
58.563999
Control Period
58.597824
58.553917
58.602112
58.540672
58.585632
58.554913
58.591362
58.576675
58.552479
Control Period
58.582146
58.588928
58.576992
58.707745
58.602016
58.598335
58.565155
58.585312
58.591167
Control Period
58.588127
58.566879
58.571838
58.697376
58.569920
58.596031
58.577759
58.575264
58.597054
Control Period
58.578339
58.585121
58.579071
58.581760
58.645569
58.590816
58.566879
58.582718
58.605473
Control Period
58.602974
58.566498
58.574688
58.578144
58.635807
58.595810
58.564674
58.565376
Control Period
58.602463
58.558685
58.586464
58.574783
58.572704
58.624802
58.606750
58.554558
Control Period
58.584480
58.596031
58.584541
58.585281
58.593472
58.542336
58.641632
58.596222
58.598465
Control Period
58.579330
58.584415
58.587391
58.583904
58.601059
58.530365
58.574848
58.601570
58.615936
Control Period
58.618301
58.604637
58.677727
58.606144
58.582687
58.611778
58.580734
58.593472
Control Period
58.600098
58.587040
58.574623
58.690655
58.598305
58.595261
58.621346
58.592003
58.576897
Control Period
58.554688
58.568672
58.583328
58.666176
58.581055
58.552418
58.604385
58.581665
Control Period
58.590851
58.614273
58.589630
58.558495
58.676289
58.554688
58.578430
58.598274
58.574593
Control Period
58.568802
58.592384
58.606464
58.605312
58.532864
58.627586
58.590881
58.565441
58.561951
Control Period
58.604836
58.601822
58.571072
58.576065
58.572800
58.630302
58.594944
58.581440
Control Period
58.597919
58.593697
58.586014
58.580288
58.577538
58.591774
58.640160
58.561569
58.581055
Control Period
58.566303
58.591454
58.588448
58.586815
58.601852
58.591133
58.615425
58.604191
58.581024
Control Period
58.582207
58.583775
58.705151
58.586720
58.579742
58.588352
58.596130
58.568863
Control Period
58.595230
58.580383
58.605152
58.685410
58.633793
58.584770
58.582306
58.576736
58.551262
58.583935
Control Period
58.594177
58.577984
58.628738
58.599297
58.602051
58.614399
58.626560
58.588768
58.715202
Control Period
58.608833
58.578625
58.600739
58.589119
58.623711
58.561665
58.570240
58.582947
Control Period
58.693439
58.581535
58.608768
58.576675
58.601730
58.603745
58.615200
58.610367
58.593597
Control Period
58.592896
58.644833
58.572769
58.593216
58.591743
58.578465
58.580288
58.598816
58.578590
58.587872
Control Period
58.590210
58.601215
58.603680
58.548672
58.567459
58.572830
58.708321
58.587456
58.555008
Control Period
58.583710
58.571777
58.593121
58.573536
58.594688
58.601791
58.706146
58.568256
Control Period
58.589184
58.611904
58.570015
58.567490
58.571552
58.577217
58.573021
58.684158
58.559647
Control Period
58.567581
58.584030
58.598881
58.571587
58.559616
58.576736
58.577568
58.658974
Control Period
58.614304
58.557663
58.613823
58.608383
58.678017
58.694046
58.616192
58.573059
58.583458
58.585823
Control Period
58.597183
58.603329
58.559998
58.563454
58.648705
58.584415
58.571167
58.561630
Control Period
58.579811
58.568607
58.599678
58.595295
58.560898
58.676514
58.572701
58.574371
58.565376
Control Period
58.568001
58.569153
58.588959
58.564224
58.589024
58.736160
58.629505
58.608994
58.564640
Control Period
58.577118
58.591202
58.593792
58.593987
58.566814
58.570911
58.633537
58.568802
58.569054
Control Period
58.580734
58.579071
58.679901
58.557758
58.585953
58.552128
58.570496
58.598145
58.591808
Control Period
58.596382
58.614048
58.679199
58.593376
58.599106
58.553566
58.587521
58.552002
Control Period
58.550976
58.595520
58.581245
58.577568
58.540543
58.562050
58.550976
58.554207
58.597919
58.591553
Control Period
58.566910
58.555809
58.584930
58.684258
58.571007
58.587391
58.597408
58.569374
Control Period
58.552959
58.572929
58.607170
58.612736
58.596992
58.589474
58.573982
58.585732
58.563328
Control Period
58.463520
59.114849
59.433472
