814.098
-184.311
-225.133
-91.8667
-168.379
51.5332
36.8965
97.2998
-19.2759
-12.5332
-10.2998
-102.207
34.1001
-72.2666
32.7588
8.7998
-39.3999
41
61.4668
37.4668
15.4829
11.5332
-51
-13.4668
23.5864
24.6333
62.2002
-28.5669
-156.8
86.9653
-49.6333
-63.7998
-61.4136
37.645
125.965
136.1
40.7666
134.3
-179.433
-80.9331
-41.3667
33.1333
-2.48291
1.2666
-60.1665
113.104
-160.733
-54.8667
70.5171
141.4
-68.3667
-37.7334
-15.7998
176.345
-45.9668
-251.067
115.1
50.1377
-1.80664
-46.0688
59.7241
-9.8335
-2.17236
8.2002
25.9668
0.399902
19.7334
28.4829
-99.6333
112.767
131.267
-140.733
-56.5
-123.6
-27.2334
7.68945
34.0669
-0.666504
58.2334
-64.7588
-2
47.8667
33.7588
82.8667
34.2666
-54.8335
-185.759
127.9
26.2666
-108.767
26.9653
14.5
33.7241
-53.2334
30.7241
-8.5
-62.3667
-4.2666
39.8276
41
11.3794
-9.6333
-3.2666
61.3794
75.2334
-32.1333
-9.7998
-83.793
91.4136
6.5332
89.0332
-67.3667
-49.7241
-13.2002
