3981.5
5952
5893
6475
6653
6693
6599
6540
6515
6268.5
6515
6554.5
6554.5
6619
6633.5
6554.5
6476
6495
6481
6475.5
6500.5
6574.5
6480.5
6456
6633.5
6574.5
6534.5
6401.5
6495.5
6633.5
6362.5
6692.5
6495.5
6515
6421.5
6436.5
6421.5
6500
6732
6633.5
6554.5
6574.5
6593.5
6436.5
6594
6436.5
6653
6574.5
6401.5
6456
6461
6633.5
6396.5
6402
6870
6401.5
6480.5
6495.5
6397
6460.5
6500.5
6476
6539.5
6476
6534.5
6401.5
6653
6535
6209
6633.5
6712.5
6476
6574.5
6347.5
6495.5
6362.5
6461
6653.5
6535
6481
6500
6382
6554.5
6811
6574
6461
6786
6520
6495.5
6456
6554.5
6554.5
6540
6653
6515
6456
6515
6327.5
6555
6436.5
6480.5
6382
6673
6751.5
6475.5
6574
6535
6539.5
6554.5
6633.5
