5685.9
6684.31
6725.13
6591.87
6668.38
6448.47
6463.1
6402.7
6519.28
6512.53
6510.3
6602.21
6465.9
6572.27
6467.24
6491.2
6539.4
6459
6438.53
6462.53
6484.52
6488.47
6551
6513.47
6476.41
6475.37
6437.8
6528.57
6656.8
6413.03
6549.63
6563.8
6561.41
6462.35
6374.03
6363.9
6459.23
6365.7
6679.43
6580.93
6541.37
6466.87
6502.48
6498.73
6560.17
6386.9
6660.73
6554.87
6429.48
6358.6
6568.37
6537.73
6515.8
6323.66
6545.97
6751.07
6384.9
6449.86
6501.81
6546.07
6440.28
6509.83
6502.17
6491.8
6474.03
6499.6
6480.27
6471.52
6599.63
6387.23
6368.73
6640.73
6556.5
6623.6
6527.23
6492.31
6465.93
6500.67
6441.77
6564.76
6502
6452.13
6466.24
6417.13
6465.73
6554.83
6685.76
6372.1
6473.73
6608.77
6473.03
6485.5
6466.28
6553.23
6469.28
6508.5
6562.37
6504.27
6460.17
6459
6488.62
6509.63
6503.27
6438.62
6424.77
6532.13
6509.8
6583.79
6408.59
6493.47
6410.97
6567.37
6549.72
6513.2
