160
149.503
151.153
152.492
153.612
156.487
155.954
155.165
153.992
152.716
153.123
155.313
154.341
154.134
155.13
155.271
155.539
155.525
154.373
154.384
154.62
155.385
152.842
153.994
154.026
153.587
153.825
155.098
154.113
154.117
154.438
154.674
155.283
156.428
155.81
154.64
153.852
153.06
152.568
152.996
153.867
155.857
154.577
154.664
153.215
154.682
153.598
155.199
155.95
155.414
154.21
153.518
153.53
154.093
153.328
153.826
154.23
154.192
154.472
154.726
154.642
154.198
154.977
154.918
154.218
153.697
153.795
153.892
152.806
153.92
153.109
152.562
152.844
153.464
155.654
155.429
155.657
154.481
154.502
154.177
154.878
155.148
154.338
154.189
152.752
153.722
153.928
153.251
153.403
153.977
156.185
155.516
154.885
154.725
154.741
154.852
154.472
155.483
154.921
154.116
154.568
154.533
153.968
153.751
154.222
154.634
154.384
154.875
153.712
153.18
153.211
152.031
153.001
152.87
