0.709644
0.754463
0.750362
0.754306
0.763723
0.748315
0.745908
0.745629
0.74007
0.75242
0.765369
0.738924
0.749912
0.754162
0.752339
0.752267
0.748295
0.743495
0.752594
0.753223
0.756098
0.732406
0.756215
0.749664
0.747828
0.752724
0.761691
0.741832
0.7436
0.755859
0.749656
0.751737
0.755634
0.747154
0.746824
0.74995
0.745998
0.752001
0.745672
0.752926
0.762575
0.742273
0.75052
0.739713
0.75809
0.746879
0.754891
0.753103
0.749062
0.747209
0.742242
0.748538
0.753844
0.75176
0.751697
0.742583
0.754431
0.754062
0.751735
0.747521
0.749275
0.755172
0.749493
0.74535
0.747334
0.75072
0.751511
0.743385
0.75392
0.748818
0.751474
0.746217
0.752142
0.76066
0.747288
0.751933
0.743038
0.750123
0.750064
0.752363
0.751844
0.746187
0.750317
0.743111
0.758432
0.749227
0.737519
0.756364
0.755213
0.761366
0.746359
0.746107
0.750241
0.747937
0.752041
0.746947
0.754669
0.745842
0.74589
0.75491
0.750224
0.745577
0.748305
0.755902
0.756029
0.746911
0.753101
0.738304
0.749937
0.750487
0.745184
0.754241
0.747001
0.757749
