57.7544
57.3549
56.0744
58.4166
58.0158
58.9783
58.8115
59.2413
59.8866
59.6475
59.8177
59.0165
59.5049
59.0645
59.9031
59.2002
59.1396
59.9215
59.4237
58.6865
59.3571
59.4735
58.6085
58.4294
59.569
58.5795
59.6058
59.1065
59.5743
59.7748
59.7479
59.4031
59.2652
59.6601
59.7107
59.475
59.0813
58.3023
58.9755
58.7817
59.4307
58.6805
57.8096
59.3307
59.7593
58.7648
58.5222
58.6054
59.4376
59.3013
58.9391
59.5221
59.2788
59.3666
58.9214
59.4325
59.5534
59.0476
58.604
59.0796
59.1368
58.7501
59.0105
59.4246
58.866
58.2499
59.0337
59.3838
58.3469
59.4762
58.6971
58.4193
59.0991
59.7768
59.4361
59.2158
59.3264
59.2438
59.1621
58.8159
59.428
59.715
59.0014
59.3872
58.3912
58.7423
59.8884
59.8711
59.0159
59.8007
59.5519
58.6343
59.0695
59.0181
58.7659
59.0441
58.6974
59.3089
59.6764
58.4161
59.3843
59.9105
58.9924
58.8322
57.3737
58.4641
57.8841
58.9987
59.4205
58.4721
59.674
58.3913
59.0767
57.9578
