918
918
918
959.804
950.439
938.798
934.056
925.363
928.014
929.908
934.947
933.964
933.312
932.805
927.49
929.243
925.507
927.199
927.664
925.615
927.737
930.921
932.862
933.678
934.257
931.627
930.915
932.143
933.411
936.648
935.179
927.057
931.554
928.985
925.69
922.504
924.444
930.958
938.009
940.125
947.074
937.812
933.612
931.483
933.177
933.04
933.101
930.008
935.832
927.536
924.688
928.335
935.652
932.114
930.165
929.347
938.476
936.11
936.11
923.117
929.049
931.651
931.553
929.173
932.263
931.756
931.649
932.074
933.413
933.43
934.457
935.931
930.773
936.611
943.397
936.126
933.207
926.825
925.398
925.793
927.534
927.502
930.515
927.174
927.076
929.547
931.289
935.574
937.36
934.528
924.909
931.515
932.883
927.287
928.668
929.395
931.15
928.395
929.979
929.54
926.319
926.091
928.146
930.266
930.873
930.38
930.191
933.373
937.267
935.612
935.102
930.768
935.49
935.825
940.446
936.966
934.39
933.694
