0.72193
0.773905
0.732205
0.764432
0.745182
0.753094
0.7512
0.757556
0.765099
0.750896
0.75186
0.740103
0.748361
0.745444
0.755869
0.744502
0.747868
0.757417
0.747941
0.742785
0.757943
0.754715
0.741074
0.742545
0.761545
0.742196
0.761715
0.750217
0.754709
0.746994
0.752599
0.744287
0.743585
0.750147
0.752373
0.753471
0.752295
0.742669
0.762522
0.743383
0.752432
0.739467
0.736982
0.765284
0.760333
0.738089
0.748162
0.743209
0.755908
0.753353
0.752901
0.755223
0.746899
0.749401
0.752161
0.755105
0.741943
0.74617
0.745405
0.754512
0.750076
0.747816
0.752173
0.755865
0.745169
0.741775
0.757421
0.757731
0.740592
0.756823
0.747392
0.751607
0.752776
0.756914
0.742426
0.743564
0.74967
0.750375
0.749056
0.747937
0.754183
0.754875
0.744703
0.754724
0.742607
0.753695
0.763291
0.745679
0.743571
0.759084
0.744917
0.738016
0.752306
0.751622
0.744911
0.753306
0.746261
0.753751
0.755652
0.73768
0.76027
0.760465
0.74135
0.745021
0.732572
0.762019
0.744863
0.762296
0.755434
0.743822
0.763688
0.742096
0.753139
0.734566
