57.9019
59.325
59.8878
62.4278
62.7251
62.3257
61.9148
61.1877
61.9315
62.2565
63.6374
60.3314
61.5368
61.813
62.6495
62.8284
61.6812
61.2193
62.7086
61.9323
62.2946
61.7603
62.2162
62.1012
62.2429
61.7842
62.4681
60.7157
62.7605
62.8011
62.0232
62.3352
60.4213
61.5355
62.5611
61.8421
61.7698
60.934
63.0834
61.9753
62.348
62.3804
62.0648
62.8903
62.3912
62.1615
62.6732
61.585
62.3096
61.7865
62.0447
60.1329
61.6668
62.1232
60.4219
61.9587
62.6176
61.8136
61.627
61.3591
63.3999
62.7113
60.1403
62.2406
61.8074
62.1787
61.6796
62.3801
61.8136
61.88
62.5061
61.8671
61.9679
61.2371
61.9742
61.2237
62.548
62.0644
61.2302
62.7469
62.382
62.0065
61.7958
61.3137
62.2207
62.8797
61.0668
62.0675
61.7483
62.2597
62.6938
61.3665
62.5842
61.9755
62.2476
61.5143
62.791
61.559
63.265
63.0476
61.4204
61.9134
62.0294
61.733
63.4422
62.2402
61.9122
63.0821
61.8173
62.7073
62.1733
62.1481
61.7902
62.9893
