80
65.7502
67.4103
68.8924
69.9349
69.0452
69.1537
68.6006
67.9073
69.2997
69.7077
70.5253
67.1444
68.1922
68.5761
69.1246
69.5325
68.7489
68.3419
69.4675
69.0366
69.2297
68.8426
68.811
68.8257
69.0218
69.1557
69.6026
67.7936
69.3622
69.3681
68.8907
69.0701
67.8758
68.3615
69.1329
68.6943
69.1294
67.8081
69.4518
69.022
69.5737
69.0168
69.1876
69.6922
69.3363
69.432
69.6764
68.2778
68.4398
69.0906
69.33
67.1133
68.1828
69.2375
67.3002
68.4779
69.2445
68.6906
68.623
68.4904
69.7936
70.1795
67.2952
68.5477
68.657
68.9674
68.7807
69.1106
68.7973
68.7803
69.1052
69.0087
68.6727
67.9611
68.7576
68.4061
69.1573
69.6299
68.1186
69.2405
69.2168
68.9778
68.6819
68.1726
69.6009
69.0281
67.9918
68.7573
68.962
69.2172
69.275
68.6992
69.4566
68.7378
68.72
68.6504
69.7571
68.9927
69.5477
69.8561
68.5558
69.0197
69.5474
68.6143
69.7686
69.1606
68.9846
69.8853
68.8929
69.4472
69.1963
68.9086
68.9331
