160
130.475
131.823
133.818
134.967
134.777
134.806
134.869
134.073
134.327
135.489
135.621
135.259
135.358
135.277
134.41
134.348
134.262
134.551
134.384
134.703
135.294
134.672
134.427
134.061
133.461
134.658
135.161
136.349
135.542
135.098
134.894
134.153
135.288
134.878
135.074
134.584
135.361
136.491
134.962
134.943
134.605
135.397
135.567
135.282
135.25
136.057
136.355
135.632
134.764
134.363
135.136
135.779
135.378
135.699
135.7
134.818
134.853
135.338
135.003
135.831
135.243
135.562
135.315
134.257
134.692
135.359
135.262
134.743
135.094
135.154
135.295
135.054
134.758
134.625
134.974
135.121
134.419
135.57
135.447
135.001
134.782
134.542
134.782
135.166
135.393
135.013
134.74
134.642
135.311
135.193
134.993
135.107
135.473
134.604
134.387
134.293
134.611
135.91
134.661
134.653
134.836
135.117
135.441
135.937
135.935
135.209
135.435
135.185
134.931
135.094
134.988
134.291
135.236
