56.7221
57.2098
58.743
60.0748
60.6257
59.8539
60.0258
60.0499
60.0246
60.3479
59.7499
62.0965
60.3433
60.3081
60.1809
59.7208
59.8986
60.1299
59.7885
60.3037
59.7998
60.5831
60.3944
60.2321
60.1907
60.1621
59.8203
61.1448
59.9341
60.3287
59.9683
60.28
60.3238
60.5482
60.0642
60.2594
60.0592
60.751
60.1216
60.1421
60.474
60.3287
59.7203
60.4843
60.1453
60.118
60.1731
61.1977
60.0866
60.0138
60.3305
61.7024
61.0837
60.0316
61.6041
61.0421
60.5617
59.727
60.6218
60.5974
59.7201
59.7189
62.5751
61.4488
60.3706
60.2163
60.4985
60.8185
60.3139
60.3032
59.9445
60.1917
60.8031
60.5073
59.6355
60.712
60.1059
59.8165
61.8807
60.2339
60.0259
60.6889
60.7401
60.625
60.2586
60.1146
60.8368
59.8916
60.034
60.2176
60.0454
60.559
59.8281
60.7432
60.3683
60.3107
59.7182
60.6103
60.2374
59.8558
60.5561
59.9069
60.6042
61.4674
59.6738
60.2786
60.3843
59.9425
60.7184
59.6356
60.4191
60.9768
60.2944
59.8061
