4079.5
5932.5
5952
6130
6377
6303
6071
6066
5794
5833.5
6244
6105.5
5951.5
5971.5
5991.5
5972
6110.5
6110.5
5991.5
6070.5
6071
6130
5932.5
5972
5992
6130
6091
5991.5
5972
5972
6189.5
5972
5952
6031
6066
5971.5
6031
6051
5952
5853
6011
6110.5
6051
5972
5932.5
6051
6090.5
5853
6031
6243.5
6051
5972
5932
6150
6011.5
5972
5972
5932
6051
6051
6224
5991.5
6031.5
5992
5952.5
6031
5991.5
5952
6051
5972
6090.5
5952
6011.5
6224
6011.5
6031
5912.5
5952
6070.5
6011.5
6011
6011.5
5932
5932
6145
6031.5
6145
5972
5952
5991.5
5932.5
5991.5
6105
6070.5
5932
5932.5
6090.5
5893
6031
6125
6011.5
5972
6090.5
5972
5991.5
6085.5
6031
5952.5
6065.5
6031
