5677.27
6321.41
6459.97
6137.9
5854.13
5987.67
5945.5
5959.37
6137.59
6107.3
6000.1
5887.77
6009.48
5996.9
5937.97
5968.53
6006.2
6039.1
6007.9
6021.57
6009.83
6022.53
5944.27
5970.5
5984.07
6092.23
6050.31
5987
5996.9
5929.97
5977.29
5974.23
6080.62
6016.73
5965.03
5979.58
6102
5966.7
5953.79
6010.77
6072.4
5928.03
6045.33
5987.94
5988.24
6066.13
6016.23
5920
5870.33
6100.43
6076.4
5965.33
5984.03
6076.97
5953.07
5983.13
5973.24
5979.83
6022.97
6048.7
5938.9
6100.67
5969.23
5944.23
6001.03
5991.7
6035.13
5978.43
6007.53
6003.53
5953.43
6042.03
5956.13
5958.59
6013.37
6051.58
5970.53
6133.07
5956.1
5961.37
5982.43
6004.83
5992.03
5988.21
6135.3
5833.97
5984.03
5994.27
6068.5
6016.59
5936.33
6065.8
6015.33
5950.8
5923.4
6048.86
6041.07
6072.33
5893.31
5978.43
6002.9
6056.76
6127.67
5967.67
5920.87
5977.2
6026.41
5999.6
5996.9
5982.4
6010.1
5964.03
6048.55
5996.57
