117.447617
117.312386
117.294586
117.318085
117.311874
117.311325
117.299904
117.324799
117.313118
117.292740
117.280258
117.314880
117.327011
117.294022
117.294403
117.294624
117.311264
117.302208
117.316864
117.343262
117.298492
117.296829
117.293564
117.293823
117.325150
117.303841
117.327682
117.327263
117.304161
Control Period
117.320572
114.077728
117.360001
117.296478
117.298813
117.304321
117.324539
116.770660
117.245087
Control Period
122.349533
117.302879
117.292030
117.296387
117.333023
117.320641
117.287460
117.283905
Control Period
122.101700
121.881210
119.170433
122.283737
117.676865
122.342682
121.993149
119.196159
Control Period
123.783325
121.923965
122.030746
121.906937
122.278885
122.039169
123.087708
120.404419
122.182365
Control Period
125.483772
122.312286
118.341629
121.960159
120.376640
121.521530
122.103394
119.177055
Control Period
123.781982
122.139236
122.251167
121.895996
121.882912
119.977219
122.202438
122.166656
119.356033
Control Period
122.618401
122.074623
122.587616
117.297699
122.067711
122.219940
117.295876
121.727203
118.952484
Control Period
119.401886
120.818268
117.300385
120.096710
122.165634
122.405914
118.354019
121.404510
Control Period
122.299484
122.537094
118.539108
122.348892
121.090752
122.063583
121.703293
Control Period
122.288773
121.912865
122.152290
122.299652
122.040413
121.674973
122.221115
Control Period
123.940735
122.643936
122.001755
121.997345
122.142685
121.984383
122.219803
122.118469
122.265343
Control Period
121.996223
122.255325
121.682655
121.356354
122.267296
121.026497
121.761505
121.918114
Control Period
122.250595
121.966560
120.378082
121.882530
122.135452
120.632477
122.327774
122.446747
Control Period
122.149124
120.147072
122.053375
122.004700
119.501472
122.039612
122.319611
122.162369
118.286560
Control Period
126.617249
119.722816
122.401886
117.324646
121.902878
120.419006
122.044067
118.594719
120.880547
Control Period
121.336960
122.028351
122.065918
117.306305
121.984833
118.030014
121.716385
121.755135
Control Period
122.100189
117.337921
122.204926
122.464005
120.247070
122.222626
118.847397
121.829758
Control Period
121.093338
122.145187
118.077957
122.401344
120.960251
120.876709
122.175781
119.166183
121.942719
Control Period
121.847641
121.065025
122.288193
119.633987
121.998627
119.344414
122.039291
120.288254
Control Period
122.162560
122.324890
120.156128
122.523552
122.065628
120.934464
121.708862
122.709923
118.955711
Control Period
119.281952
121.787781
121.843781
122.011490
119.463547
122.055969
122.081345
Control Period
118.486305
119.458687
122.197983
122.388321
122.221985
120.680130
122.083069
121.998177
122.061821
Control Period
122.033859
118.741920
121.845154
122.167458
117.753151
122.404129
118.961311
122.227463
Control Period
119.967514
122.292320
117.729630
122.359802
119.990433
122.174561
117.267548
121.773254
117.287842
Control Period
122.222916
121.937889
117.317276
122.512543
119.070404
120.739548
122.175171
Control Period
119.869980
122.403748
122.141373
122.003326
120.612831
122.305885
122.133789
122.274559
119.113312
Control Period
121.883102
122.246048
122.885857
124.018913
124.360443
123.600540
122.268288
Control Period
122.305542
119.320068
121.333282
122.468964
121.764633
122.298882
124.096451
121.156677
122.094818
Control Period
126.175995
121.844864
119.703293
119.402847
122.254471
122.165787
121.853699
121.977188
Control Period
123.904320
122.308578
121.852707
119.511070
122.317978
121.890625
120.824257
122.083038
118.857697
Control Period
121.641792
118.513626
122.285408
117.982399
121.956673
119.858597
122.247231
121.515106
Control Period
120.434143
121.996445
120.011871
121.894150
122.490143
121.911163
122.224449
120.459259
121.894623
Control Period
122.568420
120.191422
122.124359
121.867203
120.113762
121.901886
121.808449
119.032799
Control Period
123.767365
122.431679
121.782715
121.973251
118.509087
121.871643
122.152420
122.141602
Control Period
122.654755
119.239136
122.204193
122.388802
118.836990
121.817314
122.459839
119.631073
Control Period
121.855911
121.845474
122.413605
121.919456
121.662880
121.940514
121.788673
117.281151
Control Period
126.707260
122.075134
122.009827
122.240479
122.300766
123.747742
124.013412
123.160255
Control Period
122.252831
119.547234
121.958878
122.082077
122.275810
122.673439
119.096161
121.690239
Control Period
122.282883
122.364510
119.233055
121.911453
122.046555
121.875008
119.511780
121.785889
Control Period
119.016006
118.368607
122.421661
122.120544
119.401093
122.281219
122.248672
119.086884
Control Period
125.741348
122.510117
122.234718
122.153915
121.983002
122.343170
122.119324
120.799484
122.372604
Control Period
123.614883
121.541023
122.164703
121.183548
119.561310
122.049377
122.188187
120.832153
Control Period
122.170464
121.782364
120.715042
119.903008
123.727966
122.211517
122.524124
122.096420
Control Period
124.491974
119.071198
122.441757
121.904480
122.663200
121.860901
122.113602
119.787491
121.814209
Control Period
122.125381
122.175713
122.952545
122.070175
122.280159
123.614304
120.554398
Control Period
126.432800
122.200165
121.859390
121.990723
122.126305
122.453125
122.110817
122.249535
Control Period
123.753723
122.092667
122.889153
121.910782
122.182587
122.069763
122.031998
122.481056
Control Period
122.263939
121.792191
122.295868
122.021317
120.062561
122.182243
122.344482
122.205795
122.205383
Control Period
118.156288
122.326591
121.485947
118.103485
118.896515
122.019516
120.487747
119.087006
Control Period
122.342438
121.817123
122.048477
121.958206
118.819748
122.256668
122.045670
Control Period
122.215805
121.727203
122.085503
121.952667
122.324997
122.325027
123.647705
124.123970
Control Period
124.378433
122.119011
122.275009
122.232704
122.197441
118.876511
120.760994
122.045792
Control Period
122.088699
121.670685
119.475677
122.271744
122.262848
121.868767
123.521408
120.500511
Control Period
123.851456
123.568542
121.358627
122.246338
122.888199
121.748932
122.173409
121.916412
122.081085
Control Period
121.652771
122.031967
122.191681
121.378754
119.832611
119.298721
122.461151
122.015488
Control Period
121.990463
118.892159
119.203201
121.913406
122.245918
122.159515
121.932640
123.556290
Control Period
124.253181
121.662140
121.922943
121.452606
120.811905
121.886658
122.141663
122.098785
Control Period
125.511490
118.943909
121.733215
121.589279
119.310562
122.058815
121.991394
119.184448
Control Period
123.491905
122.311584
121.897095
120.493790
121.760956
122.737221
122.069382
119.422913
Control Period
122.029503
122.261414
122.172455
122.249954
122.419586
121.721725
122.591644
122.998558
Control Period
123.378143
118.961990
122.214020
122.181633
118.775009
122.332733
122.199776
120.175232
Control Period
121.872894
121.272507
122.761856
122.558434
121.998657
122.117538
122.410172
122.169312
Control Period
124.216354
120.147995
119.407906
118.908607
119.477058
121.341919
122.109024
122.142212
Control Period
121.993988
121.801285
121.863739
118.485596
122.266373
122.107300
122.056519
119.856506
Control Period
126.549789
122.079163
119.370300
122.584869
122.054626
122.185852
118.999519
122.278076
Control Period
122.435837
122.106781
122.538078
118.631042
122.409218
121.753471
121.044098
120.492706
122.028770
Control Period
122.201088
120.988480
122.054878
122.339996
122.137283
121.763260
119.518982
119.392578
Control Period
122.285797
121.839203
121.875549
122.331772
118.392639
122.067581
121.907394
122.159264
Control Period
123.093025
120.313278
121.871429
122.060867
121.964645
121.770050
121.593277
120.355621
Control Period
121.204422
122.290657
122.003235
122.002396
121.806335
123.640289
121.163933
122.274948
122.421051
Control Period
121.916992
118.663651
122.110016
122.141602
119.799133
122.456284
120.110397
122.672318
Control Period
121.935715
121.238205
122.355713
122.237885
121.984100
119.848770
119.538177
122.184990
122.171646
Control Period
120.047974
122.286209
122.325027
120.351547
122.021149
121.782433
120.428032
121.930847
Control Period
124.239899
122.253052
121.912415
122.074432
119.833504
121.894012
117.406624
122.096130
Control Period
124.830338
120.575485
122.366852
117.284767
122.282852
119.104675
122.023552
122.035683
Control Period
118.549568
121.271103
122.018272
120.993217
120.953087
122.235748
122.217438
118.779236
122.162209
Control Period
122.368835
118.925667
122.021027
120.604797
121.780350
122.064545
122.077278
Control Period
121.653023
122.775841
122.102623
122.245117
121.791008
122.126915
122.375549
122.167618
Control Period
122.249756
121.994812
122.076645
121.952988
121.661758
122.063873
121.112579
120.124893
Control Period
122.480675
122.020706
119.440231
121.017380
122.254395
121.886078
121.742592
120.119713
121.054878
Control Period
122.302719
121.767105
118.353981
122.058746
122.305794
119.656769
119.409149
122.168289
Control Period
122.019165
121.427681
121.427139
122.447906
122.295715
119.428574
120.009766
122.172836
Control Period
122.094116
122.454849
121.943039
121.702011
120.870689
122.263138
120.967194
122.114944
122.067612
Control Period
119.146370
121.887711
121.930367
118.589401
122.488930
120.791489
121.462433
Control Period
122.618271
123.207138
123.957733
121.918625
122.179649
121.731171
121.834435
122.562500
122.338112
123.933212
Control Period
121.964355
120.099747
121.995300
119.445602
122.368637
120.850113
119.090881
122.066147
Control Period
120.478592
122.070755
118.553787
122.037567
119.728928
122.059006
121.869797
122.009056
121.944611
Control Period
124.172127
118.707138
122.639359
121.879227
121.865982
117.841599
122.125412
122.631905
Control Period
120.522018
121.650848
121.885468
121.975166
118.683487
122.519936
122.583939
122.533539
120.850273
Control Period
121.906494
122.264000
122.549667
120.043396
122.101120
121.752609
122.139908
123.094879
Control Period
119.574463
122.124222
122.073151
119.467804
120.938339
122.099396
122.143036
Control Period
119.883743
121.924706
121.715805
122.219803
121.184067
123.512314
122.073120
122.582977
122.028671
Control Period
122.414207
122.679680
118.324387
119.219421
122.280289
122.253693
121.975845
121.070686
Control Period
120.869026
121.920418
122.036736
119.066177
121.831421
121.936157
121.286911
120.966209
122.585602
Control Period
121.894432
122.448517
117.321350
122.084419
117.347458
122.393982
119.762878
121.035355
Control Period
120.472641
122.354202
118.440834
122.651718
122.149124
122.216034
122.035995
117.325089
Control Period
126.801857
122.594078
119.765213
122.259453
122.182083
118.852737
122.210114
122.346939
Control Period
123.964897
119.126526
120.031845
123.509377
120.152191
121.119171
122.247490
122.761627
122.248543
Control Period
122.196960
119.892700
122.290436
121.129471
121.337570
122.352356
117.931808
122.531105
Control Period
120.306595
122.049500
122.132675
122.171875
121.955421
121.136322
121.999680
119.212959
Control Period
120.765923
121.735008
121.928162
122.227554
119.990913
122.095108
119.470749
122.209312
Control Period
122.108383
122.433571
120.518875
122.036774
119.796539
118.964867
122.233124
Control Period
123.627777
122.356613
121.965637
122.050659
123.238144
122.337151
123.471169
122.136604
Control Period
122.572891
123.873955
124.539719
121.937607
123.698112
121.949371
122.079582
122.084290
Control Period
121.684158
122.037857
121.213440
118.258331
121.893890
122.191589
122.672318
123.517883
Control Period
124.436707
119.787140
122.113853
122.213531
120.891495
121.777184
122.217155
120.734436
122.467552
Control Period
122.116730
122.470047
121.997025
119.635582
119.160355
122.166626
122.097412
122.453827
Control Period
122.131905
119.755844
119.310143
122.197830
122.034912
122.065598
123.600319
120.140518
Control Period
121.830658
122.269318
122.143806
121.714172
119.754471
122.044128
121.956993
122.118973
Control Period
121.684418
118.736320
122.161728
122.072449
120.263779
122.343361
122.325470
121.650589
119.041885
Control Period
122.030304
122.294815
119.709213
119.241150
121.982079
122.480316
122.632004
119.116165
Control Period
122.356384
120.591644
122.170563
122.203232
119.966629
121.692291
122.303581
121.499008
Control Period
123.391487
122.370270
122.708290
122.337830
122.197121
119.800034
120.736282
122.381088
Control Period
128.460358
134.382492
134.341431
134.250885
134.260864
134.270081
134.270874
134.384796
134.295074
134.301636
134.219208
134.239227
135.090607
