60.217438
59.893059
59.892353
59.876640
59.868835
59.900448
59.893410
59.873535
59.874687
59.908226
59.902016
59.868992
59.889183
59.879395
59.892704
59.879967
59.882751
59.881310
59.898495
59.904701
59.936031
59.906559
59.914909
59.888031
59.888832
59.914593
59.905952
59.877922
59.888130
59.914719
Control Period
59.881630
59.283806
59.902176
59.898849
59.910782
59.895393
59.885792
Control Period
61.326431
59.918625
59.891808
59.902527
59.914433
59.904861
59.916542
59.917793
Control Period
64.895905
61.968063
59.898945
59.897697
59.929245
59.925087
59.934208
62.376320
64.738373
Control Period
59.932610
65.075745
64.504166
61.190750
59.896355
60.638241
64.918465
62.175137
Control Period
62.880737
64.242241
62.575104
59.899773
62.526077
64.273438
59.906273
64.759872
Control Period
62.247200
64.148125
64.718750
64.349701
64.715332
59.900352
59.906082
62.399807
Control Period
59.892353
61.431263
64.262337
64.580223
64.477539
Control Period
63.034973
60.487267
64.700836
59.888351
60.671234
64.495934
59.924160
60.741184
62.554688
Control Period
64.786179
59.898079
64.556450
59.918655
60.533791
60.842815
59.912094
62.749470
Control Period
59.899361
64.504868
59.897408
61.818977
63.804478
59.881660
64.875038
59.901985
60.411617
60.721504
Control Period
59.949024
59.908287
63.562210
59.901085
60.145313
62.343582
62.793343
64.124161
Control Period
59.899136
62.134815
64.293823
64.913696
59.909569
65.675262
59.889122
Control Period
62.953468
61.030209
59.880257
64.840836
61.017181
59.867519
60.097473
64.479233
60.433376
Control Period
68.506813
61.479805
64.809311
59.916256
61.928448
63.841953
59.888130
59.895775
Control Period
67.812958
59.904575
59.896286
61.626595
63.442848
59.908127
59.915039
64.827133
59.910400
Control Period
63.171680
60.683838
59.893120
64.711906
59.894463
59.908897
62.873695
61.477985
59.894402
Control Period
61.849377
62.736958
63.842079
62.047455
59.903618
63.126205
62.673534
61.356323
59.903618
Control Period
68.500511
63.955902
59.885025
61.980064
63.916130
59.879040
62.694756
63.831039
59.888641
Control Period
62.399296
64.483902
59.901409
62.710754
64.546974
62.804131
59.903618
62.935555
Control Period
64.009506
59.916191
64.598686
59.916512
62.661953
59.899742
60.554306
59.920799
Control Period
59.907837
60.063488
61.523006
63.541023
59.900738
62.916065
59.881248
61.676224
Control Period
63.756035
63.752384
59.913536
60.987968
59.930080
60.099297
64.868317
59.936832
Control Period
67.130051
59.912704
62.963455
62.842148
59.914783
64.158943
61.948509
62.875198
64.680542
Control Period
62.900928
59.895969
64.512032
59.972511
64.563354
62.307198
59.920158
64.999229
Control Period
59.887039
62.050400
64.247551
59.914528
60.892578
64.771042
59.922462
62.147358
Control Period
64.688545
64.759041
59.965218
59.892509
64.684448
63.968124
59.912003
64.681763
64.475204
59.913025
Control Period
62.309441
59.906624
63.896671
63.268509
61.938335
59.903233
63.547810
63.124126
Control Period
68.604477
62.646721
59.908031
63.581215
63.553024
63.149055
62.918404
59.893730
64.348801
Control Period
59.921856
59.901600
59.897537
60.257088
59.894081
59.909630
Control Period
65.829247
64.642654
59.941536
64.879425
61.392544
59.897537
64.627007
59.938721
62.493828
64.215874
Control Period
63.228607
59.905792
62.887745
64.368576
62.578339
61.715073
59.913185
Control Period
63.139328
61.171841
59.898499
64.801888
62.362431
60.793213
59.905472
60.442112
60.348896
Control Period
64.936668
59.905312
59.913406
61.974945
59.888382
63.058624
59.882015
60.833729
Control Period
65.705154
59.883774
64.827263
62.593822
59.889217
62.270977
59.903969
59.882401
64.550720
Control Period
64.565887
60.729279
59.895039
64.460098
61.571167
59.867203
64.896126
60.135136
Control Period
64.195518
59.900162
61.379711
64.666077
60.276382
59.892097
63.531651
62.648323
Control Period
61.965630
64.711075
59.897507
61.042721
64.461029
60.478817
64.804733
63.793152
59.903038
Control Period
66.950211
63.672417
60.838081
63.061375
61.136032
59.884064
59.886017
64.075233
Control Period
61.856831
60.621056
59.886272
64.919518
63.073826
60.316544
59.913822
62.014881
Control Period
63.675644
62.347710
61.360832
60.796288
60.118176
59.907394
60.295517
61.834274
Control Period
59.897984
61.949280
64.750275
61.681824
62.895363
63.722080
60.421440
59.923363
60.663742
Control Period
59.908127
64.753922
59.938240
63.602913
59.936546
60.867584
60.401024
64.296677
Control Period
64.521278
62.106911
59.899742
60.782623
60.983585
63.454655
64.330399
62.579582
Control Period
64.816673
60.281025
59.898338
64.904099
61.676994
59.903679
63.278877
61.708511
59.922302
Control Period
64.416931
62.315521
61.210880
59.908577
64.843712
64.410461
60.488735
59.896416
Control Period
61.732002
62.852608
63.375298
62.546398
59.861282
63.905663
64.765091
60.381855
62.588512
Control Period
64.578880
64.168228
63.913315
64.613091
62.506241
63.959297
59.913727
60.799042
Control Period
62.427330
64.182755
64.869377
64.319298
59.906914
63.083710
64.099396
61.830978
Control Period
62.335617
59.907360
64.694366
59.871040
64.790176
59.896000
64.602402
Control Period
59.889282
65.708221
60.354752
59.914047
64.708572
59.896545
61.630562
61.081635
Control Period
64.533188
59.890049
64.729446
61.116959
59.890526
62.287331
63.835903
59.890560
59.897278
Control Period
64.633118
64.015999
64.375237
64.393631
61.285789
64.095520
65.043808
62.606018
Control Period
59.891518
61.322880
64.789566
63.658623
64.665634
64.947205
62.988735
Control Period
64.448868
59.887970
60.999229
59.898239
63.899551
64.514687
61.662975
60.370560
Control Period
59.887775
61.377247
64.460037
60.093601
64.489853
59.895714
64.755135
Control Period
61.972321
63.978943
59.913597
64.807457
59.948830
64.738625
61.353504
59.894592
Control Period
62.996128
60.995041
59.889568
63.218559
61.067966
59.896576
64.546051
59.916416
59.892929
Control Period
62.229248
63.174339
59.900608
64.592865
59.907200
64.715683
59.897507
63.167553
Control Period
60.583775
65.081795
59.901505
62.585056
59.915039
60.966305
59.898941
59.901375
Control Period
62.942047
64.704575
59.907967
61.017693
64.794945
59.893600
62.042656
64.123230
63.316483
Control Period
64.808289
59.877182
64.536636
59.898048
61.878525
64.576797
61.196190
63.897026
Control Period
62.061378
59.884830
63.392349
63.549534
61.555489
64.437279
60.223072
64.702301
61.327263
Control Period
59.887619
64.500961
59.887489
64.148163
59.861214
64.731903
60.383743
63.106850
Control Period
64.486977
64.525955
62.644897
59.883682
61.986176
64.679428
59.894882
59.896034
61.266754
Control Period
63.171391
59.957409
62.363068
64.453278
64.698044
64.687614
63.613441
62.348927
Control Period
61.821121
64.573921
64.374687
61.599518
59.894051
62.053566
59.863808
61.436672
Control Period
64.232315
61.682369
59.891998
64.666885
62.269791
61.209408
59.920959
64.665604
61.135201
Control Period
63.230816
63.092606
59.896675
64.743423
59.899296
63.343933
63.450527
61.193665
Control Period
61.277023
59.882816
64.213440
62.054497
64.600128
59.886047
63.767776
62.160961
Control Period
64.576706
59.879906
59.889759
59.900162
60.325218
59.892448
60.358784
Control Period
60.789566
59.876640
59.884384
63.808029
60.107262
59.897312
62.859135
Control Period
59.866333
62.035294
60.177471
64.636444
64.748161
64.478432
60.005249
62.669151
61.201824
Control Period
64.724670
64.634399
61.943871
59.882851
62.371105
60.496193
63.664322
64.679169
Control Period
60.994240
64.599869
63.666752
61.897598
62.889694
64.718048
62.426979
64.096062
Control Period
60.078590
64.940384
59.862946
59.895233
64.550430
65.003426
62.981117
59.882401
59.876926
Control Period
64.826530
59.862465
64.655327
59.900352
60.294975
63.989250
59.917694
60.884033
Control Period
59.977375
63.005440
62.302753
59.882591
59.885597
59.856224
59.872574
64.721405
Control Period
60.940319
59.908066
61.821854
62.743965
59.884609
64.728989
59.889282
63.016960
59.888321
Control Period
67.875748
64.975204
63.347839
61.579231
62.737762
59.904640
64.576187
63.955521
Control Period
64.768417
60.496574
59.901951
61.142208
65.442497
64.448990
59.869888
Control Period
64.487457
61.878208
59.900928
64.654625
61.984608
59.888737
64.468925
64.598366
Control Period
64.361153
59.918560
59.990913
64.879326
64.349213
59.887039
60.052128
Control Period
64.510017
64.280830
63.773537
62.748928
64.550461
59.912125
Control Period
64.005188
62.360764
62.608093
64.273087
60.035522
63.157341
59.878403
62.911362
Control Period
63.668705
59.859680
62.676674
64.460861
59.869278
62.674210
62.744961
Control Period
59.920353
60.062752
65.025726
59.897312
62.652351
62.135616
59.907967
59.918114
Control Period
64.594147
64.638115
63.870621
59.903999
59.911293
59.896095
62.285854
64.191711
Control Period
61.686852
60.557728
59.902847
63.309692
64.425308
65.040253
64.724350
64.895103
Control Period
59.902912
59.992737
62.464607
59.911713
59.916000
60.764259
64.543327
59.890495
Control Period
64.839363
59.884735
59.900543
64.394684
62.730721
59.881920
64.525856
62.184383
Control Period
60.783165
59.905376
64.873123
59.927010
60.227295
64.999130
59.902718
59.902111
64.643585
Control Period
63.208065
63.124577
59.885921
60.429474
59.888191
62.273922
64.711777
59.880318
Control Period
65.096161
62.745567
63.586689
64.892380
62.155746
63.316864
64.502655
64.495300
Control Period
67.748764
62.149696
60.388256
59.867905
61.270977
62.664577
59.920734
59.883488
59.907616
Control Period
64.396866
62.442081
64.427391
59.935234
60.156097
59.915199
60.834435
62.240959
64.596893
Control Period
60.747585
61.044479
64.483932
63.044449
60.411102
59.886848
65.210236
60.193474
Control Period
59.904961
59.904255
60.857826
62.698082
63.420994
62.565502
59.902561
Control Period
64.605499
64.629570
62.477570
64.445053
59.950302
62.123680
59.883553
61.672066
Control Period
60.367359
63.765121
60.333122
62.079071
59.872643
62.625633
62.167778
64.570053
64.024925
Control Period
61.702530
64.401634
64.194496
64.326302
59.919586
64.708893
64.384224
Control Period
59.888542
62.612766
61.390465
59.873505
59.902237
61.159554
63.013119
59.912514
Control Period
64.545761
59.942017
61.624126
59.913086
64.692123
59.892670
63.030594
60.028736
Control Period
62.255966
61.752640
64.568611
59.929634
61.375999
64.332260
59.896126
59.956543
64.973053
Control Period
64.949539
64.791580
59.898209
61.323967
64.780449
63.941250
59.904449
Control Period
65.394882
61.970272
59.913155
63.200027
59.890274
64.659195
59.904320
62.998913
59.904930
Control Period
63.422241
64.280190
61.954594
59.942787
60.586975
61.856255
64.677444
59.912895
Control Period
60.310944
63.538177
63.835327
62.008575
60.077538
59.915550
60.307678
64.661919
64.102020
Control Period
61.628929
61.154114
64.217827
62.936481
61.769028
63.533184
59.889885
Control Period
62.867714
63.424576
61.622112
62.746304
59.926750
61.131584
64.700226
62.916065
59.937920
Control Period
64.893021
64.510780
59.872288
59.887871
59.848541
61.307678
62.707039
Control Period
63.887711
64.677597
62.114975
64.778366
59.887264
61.612381
64.490433
63.204960
Control Period
60.554718
62.403103
59.891998
60.049088
60.255554
63.991840
61.711075
64.066437
59.898113
Control Period
60.782173
64.344444
59.914207
64.529373
59.876419
63.798813
59.894722
62.250816
59.871616
Control Period
68.506752
68.482498
68.483421
68.410172
68.441025
68.457443
68.429695
68.415871
68.446426
68.481796
68.435745
68.451424
68.461761
68.431747
68.448578
68.354370
68.422722
68.449692
68.458267
68.397598
68.359772
68.466171
68.467682
68.499519
68.488319
68.513344
68.468384
68.479324
68.497696
68.477921
68.509216
68.543228
68.513885
68.485153
68.502884
68.527039
68.516571
68.499619
68.477539
68.409409
68.419136
68.505981
68.558304
68.500519
68.503075
68.486877
68.508705
68.522781
68.500893
68.503708
