113.379
110.091
108.641
109.474
109.57
109.522
110.451
111.533
111.095
110.934
111.367
110.362
108.941
110.132
109.474
110.151
109.944
110.495
109.839
110.671
111.313
111.125
111.493
112.341
110.969
110.724
110.952
110.185
110.997
110.461
110.334
110.779
111.384
110.636
110.34
111.399
110.657
110.718
110.709
109.991
109.639
109.814
109.611
109.591
109.459
109.652
110.503
111.431
110.485
111.322
110.026
110.659
111.27
111.708
115.271
116.653
115.235
112.895
112.577
113.887
116.365
118.716
117.385
114.276
115.204
114.141
113.47
112.515
111.523
110.467
110.656
109.976
111.144
110.086
110.123
110.093
111.278
111.438
110.551
109.393
110.138
110.619
109.837
110.618
111.483
110.925
110.788
110.435
110.544
111.312
110.29
109.847
110.455
110.289
110.424
109.802
109.715
111.008
110.316
110.509
109.618
109.938
111.054
110.864
111.498
110.985
110.424
111.002
109.826
109.758
111.111
111.626
111.125
109.744
