0.724343
0.729511
0.71906
0.708223
0.707641
0.708143
0.692088
0.702981
0.692742
0.704263
0.703689
0.697429
0.711174
0.687091
0.707592
0.686777
0.705002
0.692677
0.695779
0.705084
0.699384
0.701857
0.699124
0.690119
0.705468
0.709124
0.700447
0.704113
0.698142
0.704739
0.697871
0.692202
0.698327
0.705981
0.701436
0.694876
0.70837
0.696677
0.700903
0.698718
0.70479
0.697798
0.686162
0.702984
0.699658
0.70503
0.703122
0.69542
0.708978
0.691813
0.704888
0.69956
0.688863
0.707471
0.693839
0.7025
0.699917
0.702769
0.699735
0.694897
0.702191
0.692362
0.70625
0.699846
0.69833
0.705717
0.702059
0.694487
0.701257
0.706186
0.699224
0.6979
0.695511
0.696023
0.708103
0.708631
0.697232
0.697224
0.702386
0.70859
0.684693
0.696713
0.718709
0.691241
0.695537
0.697456
0.703647
0.704148
0.696709
0.695909
0.700603
0.703511
0.705726
0.704026
0.689195
0.688022
0.710745
0.69935
0.705039
0.697865
0.704565
0.702965
0.698871
0.695522
0.698251
0.699535
0.697796
0.692232
0.71045
0.711036
0.693651
0.69726
0.699686
0.707307
