918
918
918
984.371
998.027
991.693
989.343
986.232
978.867
969.828
969.724
974.052
977.56
980.878
990.028
985.135
985.031
983.47
980.184
983.515
984.923
977.023
972.013
972.229
970.496
969.975
973.564
973.32
974.121
978.127
972.155
975.871
981.918
978.979
978.692
973.92
973.326
975.556
977.878
979.221
978.82
981.203
986.72
984.541
986.535
989.756
988.984
985.785
969.759
971.002
975.302
975.039
977.633
981.039
976.276
973.605
973.605
926.566
926.677
932.897
961.715
959.021
944.538
925.587
913.884
919.959
934.107
938.286
945.672
961.115
964.899
972.542
978.034
982.695
982.586
978.145
984.579
984.205
980.694
973.615
972.5
980.359
988.328
984.52
980.1
985.373
981.104
972.794
974.86
972.998
978.787
975.214
972.199
981.242
984.846
968.966
972.192
978.276
986.137
982.944
978.341
978.898
979.973
979.651
977.046
973.275
975.46
975.276
978.276
977.817
980.668
982.063
983.266
974.525
970.977
973.422
977.232
977.45
