3942
5972
6031
6302.5
6929.5
7234
7082
6989
7042
7008.5
6988.5
6943.5
7101.5
6929.5
7042.5
7214
7155
6910
6752
7135.5
7121
6989
7081.5
7101.5
7081.5
6929.5
6969
7002.5
7214
7042
7008.5
7259
6969
7115.5
7062
6929.5
7042
6949
7101.5
6870
7175
7002.5
7062
6983
7180.5
7470.5
6850.5
7003
7101.5
6909.5
6831
6870
7777.5
7312.5
7095.5
6481
6904
7293
7174.5
7194.5
6850.5
6771.5
6943.5
6594
6963
6850.5
6929.5
6909.5
6830.5
7200
6890
6969
7174.5
7081.5
7081.5
6929.5
6988.5
7048
7200.5
6929.5
7253.5
7022.5
6890
7081.5
7141
7042
6929.5
6693
7160.5
6963
6771.5
6752
7121
7234
7022.5
7121.5
7003
7008.5
7115.5
7062
6969
6850.5
6890
7194.5
7081.5
7141
7082
7062
6811
7081.5
