160
153.905
154.545
155.669
156.39
156.823
157.408
158.649
159.094
158.368
158.049
158.347
156.898
156.636
157.089
156.819
157.525
156.863
157.334
157.941
158.598
158.84
158.975
159.223
159.628
158.956
158.374
158.012
158.289
158.054
157.224
157.801
158.121
159.284
158.567
157.724
158.367
158.038
158.165
157.896
156.799
156.932
156.677
156.264
156.537
156.785
158.471
157.945
158.257
158.019
158.375
157.239
158.304
159.014
164.585
164.624
165.219
161.649
161.715
162.753
164.814
167.012
167.978
166.23
163.877
163.504
161.512
161.468
160.157
159.017
157.736
157.967
157.914
157.749
157.484
157.768
158.24
158.826
158.191
157.144
157.015
157.71
157.327
157.536
158.767
158.851
158.812
157.826
158.184
158.35
157.772
157.237
158.797
157.801
156.971
156.595
157.117
157.385
158.084
157.654
157.827
157.335
157.574
158.014
158.265
158.579
158.612
157.748
158.118
157.209
157.916
158.825
158.961
158.404
