57.961
55.4128
55.5241
55.4575
55.365
56.698
55.3304
56.6319
54.9523
56.3573
55.8064
55.6536
55.3724
56.4847
55.2034
56.3738
55.8266
56.7148
56.1999
56.7361
56.1708
56.0132
56.2427
55.5901
55.6438
56.6257
56.0152
54.9185
54.7413
54.8346
57.7409
55.8988
56.0287
56.3122
56.029
56.1083
55.7019
56.1338
54.9868
56.1884
56.9117
55.8732
56.134
56.6979
54.9289
55.2138
55.103
55.9311
55.7817
56.1059
55.4355
55.3351
56.9081
56.9404
55.5637
56.2737
55.7215
54.8891
56.0021
55.2898
55.5123
55.7051
56.6369
55.648
55.5314
55.6042
55.4494
56.9963
55.3282
55.6066
55.5978
55.4957
56.0352
56.2307
55.6585
56.1588
56.0141
57.0244
55.3027
55.7367
56.311
55.8455
56.1627
56.8399
56.3587
57.0962
56.1533
56.1617
56.4564
55.5843
56.1653
56.626
56.1296
56.0502
55.3398
55.3454
56.1602
56.0628
56.22
56.6483
56.0184
57.127
56.052
56.5094
55.4648
57.0726
56.282
56.3136
56.5021
55.7809
55.1982
56.4161
55.4118
56.7819
