56.6433
57.0123
55.8654
55.9625
56.4632
56.1097
56.8374
56.1979
56.9756
56.4476
56.5947
56.6187
56.7306
56.1976
57.0938
56.3158
56.7141
56.634
56.9087
56.0056
56.6671
56.5671
56.4861
56.9144
56.7232
56.5421
56.7579
57.362
56.9006
57.3911
55.3172
55.9849
56.7513
56.745
56.8174
56.7206
57.1861
56.2354
56.5081
56.5149
55.9556
56.5578
56.2585
56.1455
56.8068
57.2358
56.5541
56.3597
56.7152
56.8465
57.0417
56.7276
56.3076
55.7444
56.1362
56.0828
56.8858
57.0263
56.0517
56.4491
56.6329
56.6401
56.6289
56.3029
56.1961
56.3087
56.8383
55.954
56.735
56.4316
56.3379
56.7793
56.4152
56.3506
56.9365
56.8788
56.6153
55.8481
56.9717
57.0107
56.586
56.621
56.9849
56.7739
56.7279
55.7996
56.6656
56.6856
55.8683
56.8457
56.3629
56.5408
56.8315
56.642
56.8669
56.5647
56.5548
56.6357
56.7263
56.3413
56.6372
55.6886
56.3979
56.4813
56.893
55.9673
56.3176
56.7103
56.4374
56.7462
57.1029
56.3854
56.6848
56.27
