0.708709
0.71264
0.704256
0.702279
0.696952
0.704572
0.700454
0.700831
0.701862
0.697261
0.700039
0.699837
0.70043
0.700781
0.698138
0.700238
0.703241
0.700334
0.698049
0.698318
0.701344
0.70309
0.700432
0.698389
0.702871
0.697956
0.700251
0.695385
0.701723
0.699282
0.700292
0.702676
0.69722
0.699528
0.701902
0.699087
0.697953
0.700103
0.703338
0.697734
0.701978
0.699266
0.697848
0.701063
0.700252
0.699257
0.700987
0.698847
0.70082
0.697915
0.701783
0.701646
0.697069
0.701805
0.700382
0.701083
0.698017
0.700825
0.699007
0.701522
0.697946
0.700529
0.699159
0.698837
0.702313
0.701117
0.698368
0.699439
0.700054
0.697304
0.70207
0.69918
0.703207
0.700943
0.699704
0.696894
0.699105
0.702627
0.699482
0.703169
0.700416
0.704497
0.693896
0.698694
0.700068
0.700157
0.701364
0.701623
0.697918
0.697595
0.702111
0.7015
0.699531
0.701585
0.697469
0.702422
0.696496
0.699369
0.70069
0.698766
0.702098
0.699218
0.69906
0.701175
0.70029
0.699274
0.70036
0.699539
0.699098
0.701011
0.700651
0.700108
0.700489
0.69818
