113.393
109.45
108.518
108.895
108.404
109.995
109.758
110.042
110.187
109.662
109.799
109.61
109.802
109.943
109.581
109.757
110.732
110.782
110.142
109.574
110.114
110.61
110.707
110.249
111.113
110.294
110.493
109.396
109.878
109.714
109.801
109.912
109.548
110.248
110.41
110.05
109.91
109.584
109.768
109.591
110.194
109.896
109.234
109.696
109.705
109.613
109.363
109.166
109.97
109.568
109.801
110.064
109.53
110.018
109.354
109.686
109.712
109.868
109.275
109.642
109.194
109.917
109.939
108.844
109.236
109.674
109.596
109.505
109.633
108.711
109.471
109.492
110.184
110.112
110.18
109.588
109.586
109.868
109.711
110.837
110.524
111.192
110.034
110.338
109.984
109.73
110.453
110.659
109.691
109.311
110.072
110.624
110.355
110.594
109.664
110.14
109.608
109.919
110.009
109.683
110.015
109.625
109.632
110.04
109.896
109.737
109.896
109.943
109.763
109.917
109.904
110.05
110.027
109.702
