59.288895
58.584190
58.571938
58.533859
58.648705
58.558723
58.571232
58.535648
58.524483
58.544064
58.565376
58.563393
58.576096
58.657410
58.554783
58.567139
58.553505
58.566463
58.592926
58.535294
58.552162
58.543358
58.552574
58.563744
58.534462
58.595039
58.550110
58.628609
58.563072
Control Period
58.588833
56.638496
57.344543
57.086082
56.948158
56.803169
56.131264
57.571678
57.389694
Control Period
58.736961
55.336353
55.712639
57.618847
57.128899
55.350494
55.320992
56.819389
55.290627
Control Period
55.292896
55.299713
56.473213
55.594559
55.279041
56.241535
57.338623
56.001122
55.888481
Control Period
55.437187
55.437218
56.903713
56.936707
56.893410
55.284225
55.350784
57.210880
56.554111
Control Period
55.485153
55.458817
55.381889
55.812195
56.222115
56.389854
56.465504
56.816254
56.493759
Control Period
56.397793
56.561089
57.031841
56.757439
55.338432
57.135231
57.324928
57.484097
56.769119
57.649666
55.606239
Control Period
56.828354
56.408768
56.251266
57.215042
56.994175
57.056255
56.939934
56.543198
56.656704
Control Period
57.369408
57.502846
57.275330
57.495998
57.528191
57.463486
57.619041
57.488224
57.488064
Control Period
56.320545
56.474365
57.477089
55.340096
57.080544
57.462208
56.396767
57.478050
56.508064
Control Period
56.535233
55.399071
56.116478
55.495712
56.318146
55.374912
56.660034
55.311680
Control Period
56.519775
56.391518
57.552673
55.632355
56.738113
57.590210
56.345760
55.719742
Control Period
55.361633
55.388062
55.342499
55.330784
57.506210
57.103806
56.902016
55.345024
56.780289
Control Period
56.664322
56.662750
56.173023
56.075645
56.920578
57.328735
56.696640
56.693054
Control Period
56.294559
56.409760
56.274368
56.028065
56.302689
56.530594
55.309471
55.315041
Control Period
57.339966
56.499939
56.194336
57.553696
55.335072
57.465057
57.481728
56.575874
56.956448
Control Period
58.754272
56.464096
57.403519
56.193695
56.410782
57.069183
57.139198
56.904736
Control Period
57.205696
57.693504
57.541088
56.584160
56.611744
57.376320
57.602753
55.348545
55.297150
Control Period
57.239838
56.641056
56.534912
56.825760
56.096992
55.883518
57.538589
58.062401
57.501217
Control Period
58.555840
56.929665
57.320736
56.505119
56.992226
57.861408
56.049438
55.434685
57.516319
55.374817
57.178177
Control Period
55.343010
57.737442
57.390495
56.735775
56.377693
56.547295
57.399330
57.666946
57.697472
56.626560
Control Period
57.667679
57.457855
56.808800
57.105984
56.659489
56.910751
56.505024
56.346912
56.452835
57.689247
Control Period
57.623459
57.569374
57.228897
56.572960
56.592094
56.410496
55.375008
57.519646
57.507774
57.647041
Control Period
57.374977
57.268768
56.902718
56.874306
57.177536
56.680962
56.666336
56.805855
Control Period
55.304161
57.611778
57.489822
55.417793
56.586048
57.481216
57.714432
56.880768
57.052128
Control Period
57.379585
56.522621
56.504513
57.598785
57.486752
56.736256
57.115936
56.838047
57.139904
57.131039
Control Period
56.924160
55.387775
57.481346
56.291328
56.467682
57.571426
57.142334
55.345856
Control Period
56.756287
57.374271
56.629375
57.125122
57.188736
55.771614
56.534752
55.282207
57.042751
57.067390
Control Period
56.970238
57.294304
57.500385
56.501408
56.455101
55.906879
57.646816
57.912289
Control Period
57.174942
55.321503
56.863617
57.503838
56.814751
56.718979
55.319809
56.542881
Control Period
57.480640
55.328735
56.972961
56.869728
55.986271
57.610847
55.834240
56.436352
56.069183
Control Period
57.765888
56.375999
55.875778
57.555107
56.470432
57.549889
56.313759
55.334686
57.428352
Control Period
56.882847
57.209602
55.327072
56.835552
57.126434
57.802143
56.200958
55.929085
55.680641
55.923454
Control Period
57.408386
57.028896
56.875328
57.363998
57.462303
56.444031
55.464035
57.449856
56.600449
56.343010
Control Period
57.687454
57.482880
56.368126
56.231136
57.498749
57.610752
56.540833
56.363838
57.575806
Control Period
56.558208
57.264385
55.378143
57.122688
56.744831
57.460960
56.575966
56.286690
57.543583
Control Period
56.459267
57.507103
56.513409
57.403458
55.321022
57.331871
55.284416
56.612801
55.297440
Control Period
55.359901
57.425598
56.311424
57.267326
56.885246
55.329567
56.457794
57.622749
56.381859
Control Period
57.475327
55.652382
56.324738
57.653923
56.430271
57.558304
56.016544
56.566753
Control Period
57.044479
56.923874
55.303680
56.549469
57.511490
57.618912
56.062431
56.350975
Control Period
57.425632
55.280640
57.430466
55.519775
55.337410
55.485954
56.936989
57.157536
55.332001
Control Period
56.558434
55.991714
56.401695
56.688034
56.542336
56.086975
57.411201
Control Period
58.758430
57.226654
55.363552
57.493568
57.642433
57.729790
57.494019
57.244766
Control Period
55.305794
57.465729
57.096352
57.482368
55.405121
56.311008
56.572510
57.551617
Control Period
56.864990
55.455231
57.626560
57.518368
56.353149
56.027584
57.484802
55.659584
56.240799
Control Period
57.443329
57.301247
57.460381
55.590271
55.990463
56.883423
56.673599
56.600960
56.962368
55.826656
55.408127
55.339294
Control Period
56.986240
57.175873
57.730495
57.673023
57.733440
57.537727
57.491009
57.487198
57.062782
Control Period
56.837662
56.774849
56.813152
56.506241
57.389473
57.339104
57.252289
57.035522
Control Period
56.837891
57.384514
56.761280
55.307713
56.415745
57.554398
55.312481
56.774208
57.156578
56.468384
Control Period
57.696384
56.610718
56.315105
57.654049
56.292862
57.483521
57.491905
56.402016
57.785278
Control Period
57.486050
56.606369
57.457920
56.019394
57.495613
57.560318
55.358303
57.527679
Control Period
56.899937
57.261471
55.424480
56.558880
57.516705
55.334911
57.420704
56.455070
57.209408
Control Period
56.614017
57.248798
56.472000
56.076832
57.576416
57.779617
Control Period
57.095425
58.584320
57.601727
56.085693
56.325600
56.248802
56.979294
57.823296
57.366013
57.056770
55.526783
56.516479
Control Period
58.899105
58.881538
58.962368
58.968925
58.930176
58.953217
58.791039
58.869026
58.863041
58.902336
Control Period
58.798462
58.830147
56.740353
58.845345
58.912254
59.441666
59.213631
58.288734
Control Period
58.943169
58.969917
Control Period
58.902336
57.302654
57.458336
59.296638
57.188000
57.515198
56.715137
57.443295
56.974594
57.024765
Control Period
57.779137
56.246239
57.681473
57.327808
58.537827
56.699615
57.571487
56.843391
58.862434
56.593666
Control Period
58.918144
58.557858
58.135071
58.942593
58.473633
58.181793
57.508766
58.894527
57.210175
58.911808
58.050751
Control Period
58.905472
58.963554
58.981537
59.001888
58.919037
58.983391
58.940289
58.910942
56.628674
58.938942
Control Period
58.877056
58.907394
59.042721
58.921024
58.962463
58.931393
58.964226
59.000416
62.356575
Control Period
59.017921
58.874817
58.956032
59.046722
58.889603
58.927265
58.886047
58.885086
Control Period
58.902271
58.924866
58.922688
58.920959
58.896255
58.885536
58.902626
58.898560
58.901794
58.982784
Control Period
56.722786
58.568607
58.879105
58.089058
57.358147
58.773087
58.656128
Control Period
56.572639
58.764191
56.583870
57.556381
58.820030
57.620384
56.548576
58.770081
58.764801
57.013535
Control Period
56.532799
56.617344
57.610626
56.365982
57.364929
57.301247
56.619713
57.371742
56.501503
57.623745
Control Period
58.784992
56.496223
56.942078
56.918114
57.742496
56.542786
57.330109
57.038109
56.979584
Control Period
56.534813
56.425182
57.576385
57.454144
55.895645
56.415039
56.352638
57.735329
Control Period
57.434559
55.355392
57.551170
56.772896
57.532608
56.766914
56.046463
56.391842
Control Period
55.376415
56.842270
57.426018
57.090721
57.237503
55.372414
55.337952
56.163422
57.547806
Control Period
55.411968
57.202209
57.186562
57.108929
55.456802
57.396641
57.464226
56.675457
56.580482
Control Period
55.429375
56.710434
57.538368
55.344574
57.416542
56.463680
57.479874
56.588768
Control Period
57.215168
57.190659
57.563103
57.398720
57.461056
56.094433
56.557762
56.628609
57.547485
Control Period
55.440800
55.321247
55.314911
56.612480
55.933662
56.201698
57.595810
57.580803
57.525536
Control Period
55.777695
55.819168
55.325630
57.069122
56.822174
56.073021
56.764099
56.827042
Control Period
55.392349
56.620354
57.395775
56.559746
55.336929
57.366497
57.744640
56.479324
56.627712
57.574722
Control Period
56.699329
56.479488
57.267586
57.569889
56.303009
56.422752
56.559486
57.500221
Control Period
56.588352
56.626816
56.463520
57.530910
56.397026
55.755966
57.498146
56.303009
Control Period
55.923393
56.033310
56.174881
55.366177
57.490143
55.918144
55.663712
55.729218
55.883583
Control Period
57.375267
57.720928
57.527744
57.479965
56.447166
56.691841
56.619682
56.402687
57.050880
Control Period
55.378914
56.916641
57.572704
55.805920
56.127357
57.030334
57.156448
56.688835
Control Period
55.394176
55.593567
55.706367
56.025185
56.766205
56.593121
56.763424
55.976959
55.677216
Control Period
56.480675
57.748608
56.330109
55.714462
57.395393
55.328384
56.961342
57.513664
55.342690
57.779327
Control Period
56.362335
56.465790
56.670082
57.396095
56.749565
56.500771
56.571903
57.308609
57.415070
Control Period
57.484642
57.035454
56.761856
57.356800
56.908768
57.008961
57.018883
56.723934
57.148415
Control Period
56.660255
56.806911
57.117184
57.060543
57.563393
56.877441
56.400963
56.184479
Control Period
57.144638
58.060417
56.138687
57.496254
56.563232
57.044670
55.596767
57.396481
56.372093
56.767200
Control Period
57.370239
57.482178
55.817886
56.428288
57.616192
56.560417
57.492386
56.635616
56.850594
57.559616
Control Period
58.733089
56.552097
56.613152
56.956959
56.723137
56.673088
57.207138
57.491264
Control Period
58.767906
56.382881
55.579807
57.562305
56.399490
55.307362
56.926785
57.081215
57.102974
Control Period
57.461250
56.673187
56.418880
56.501602
56.598816
55.975266
56.337891
57.083393
56.643681
56.152065
56.556450
Control Period
56.574913
57.580097
57.322754
57.280418
57.148640
57.490685
57.469917
57.296288
57.507202
Control Period
57.592224
57.439842
55.508514
56.347389
56.511650
57.513184
57.273407
57.194111
Control Period
57.272194
57.439552
57.397507
56.315552
57.643551
57.332802
56.900578
Control Period
57.589344
57.208481
57.346111
57.364735
57.372864
56.884956
56.662369
56.620064
56.858398
Control Period
58.532478
56.446049
56.230145
55.460991
57.145378
57.396797
56.362526
56.261150
57.568577
57.674561
Control Period
57.636482
56.026146
55.863838
57.734306
55.391296
57.387199
56.623779
56.418465
Control Period
57.563744
55.368385
57.447201
56.512352
57.377151
56.073471
55.744160
57.716095
56.292290
Control Period
57.764381
56.934719
57.105598
56.958241
55.350494
57.217438
57.265377
55.368896
56.966049
Control Period
58.742081
56.471390
57.727135
55.344383
57.419456
57.055870
56.368000
57.247551
57.109921
57.118496
Control Period
57.178078
56.858658
57.629150
56.360416
57.437664
56.301407
57.551392
55.606815
57.469185
55.488159
Control Period
56.807426
56.736351
57.312355
57.217216
55.966976
56.965729
55.311806
57.389664
56.695969
Control Period
57.128799
57.279198
57.036896
57.174210
56.983456
55.348129
57.588703
57.418274
56.693474
57.302750
Control Period
56.569889
57.289024
57.328545
56.994110
56.582909
55.484608
55.326496
56.470337
57.569214
Control Period
56.701023
56.935326
55.352226
57.335167
55.321602
57.594048
56.216545
56.940514
57.405567
Control Period
56.937790
57.560703
56.464546
57.658047
56.321728
57.358528
56.529182
57.384926
Control Period
57.503357
56.273918
55.542366
57.483776
56.003231
56.591648
57.036194
57.520672
Control Period
57.997280
56.313538
55.413216
57.561699
57.330559
55.875458
56.350464
56.604767
57.525280
Control Period
57.519775
55.389248
56.136223
55.899616
57.712738
55.425152
55.394112
57.582787
56.420158
56.513725
Control Period
57.565376
57.646301
56.837376
56.425987
57.472031
56.435425
55.954784
57.279873
56.912960
55.964127
57.502689
Control Period
56.426144
56.497601
56.412605
56.373566
57.353504
57.420509
57.204735
57.537437
55.395329
Control Period
57.573982
57.570721
56.989952
56.729568
57.570656
55.580322
56.497185
57.412193
Control Period
57.611458
57.363167
56.366974
57.561024
56.866592
56.869473
56.688705
57.575806
55.029984
Control Period
56.945854
58.448669
58.458626
58.441952
58.481438
58.444927
58.445282
58.449341
58.441120
58.469475
58.461060
58.490688
58.453217
58.461983
58.438782
58.449280
58.424675
58.452385
58.433853
58.452415
58.458752
58.453949
58.454784
58.489887
58.429726
58.454269
58.472099
