0.708826
0.740647
0.741871
0.742881
0.743604
0.744606
0.745079
0.74583
0.746584
0.746633
0.747178
0.747288
0.747559
0.74786
0.748353
0.748377
0.748569
0.748733
0.74887
0.748922
0.749237
0.749205
0.749399
0.749358
0.749347
0.749259
0.749563
0.749733
0.749715
0.749834
0.74991
0.749974
0.749808
0.749735
0.749875
0.749979
0.749953
0.750129
0.750083
0.750089
0.750297
0.750201
0.750256
0.750279
0.750423
0.750313
0.750441
0.750261
0.750413
0.750394
0.750324
0.750223
0.750294
0.750386
0.750664
0.750422
0.750317
0.750204
0.750331
0.750352
0.750748
0.750038
0.750276
0.750287
0.750151
0.750313
0.75048
0.750368
0.750496
0.750386
0.750341
0.750613
0.750321
0.750575
0.750626
0.750328
0.750518
0.750434
0.750306
0.750568
0.750482
0.750327
0.750232
0.750241
0.750537
0.750322
0.750139
0.750477
0.750373
0.750323
0.750287
0.750094
0.750326
0.750424
0.750474
0.750485
0.750356
0.750337
0.750235
0.750477
0.750298
0.750348
0.750309
0.750404
0.750213
0.75043
0.750103
0.750399
0.750281
0.750248
0.750442
0.750118
0.750296
0.750137
0.750387
