918
918
918
907.99
875.171
856.844
847.535
842.429
843.286
840.327
843.412
840.128
843.856
843.804
841.911
846.029
846.316
842.949
837.284
839.096
842.843
839.759
839.435
843.378
846.265
848.234
845.625
849.407
839.907
838.108
838.5
838.157
835.824
837.164
841.596
843.167
843.973
844.831
844.063
843.7
847.222
848.15
847.901
847.875
841.258
840.612
844.1
843.93
842.986
842.617
843.362
844.086
843.211
836.396
836.396
841.767
844.461
849.1
849.87
846.51
837.956
836.566
836.844
844.198
850.899
837.55
837.415
844.656
847.5
845.201
842.363
846.362
844.466
842.022
847.641
848.841
847.676
843.063
845.108
848.693
851.126
843.102
846.514
845.501
844.811
844.046
839.221
840.56
841.319
841.678
844.408
848.418
851.49
853.879
849.817
845.518
837.249
840.619
840.179
841.535
844.139
845.533
847.559
844.73
841.624
841.393
841.165
841.258
837.545
840.537
840.518
840.81
841.919
843.378
842.173
846.057
844.458
843.605
