57.8241
61.8158
62.9657
64.652
64.8815
66.4267
64.4657
66.8591
66.8434
65.312
66.6509
64.4145
66.3772
65.2503
66.8781
64.9237
66.6959
66.4417
66.4076
66.0986
65.6328
66.8276
65.7288
65.9049
65.3754
66.161
65.9907
66.2596
66.9277
66.0906
66.472
66.9796
66.0695
66.3868
65.3967
65.6662
66.3822
66.0888
65.4969
65.4602
65.3109
65.4965
67.0263
66.2215
66.0204
64.5998
65.0559
65.8643
65.506
65.3643
65.8583
66.5198
65.5614
65.5441
65.9532
65.8715
66.5135
66.0934
66.5242
66.3199
67.4256
65.2531
66.2158
67.1613
66.6285
65.7846
65.2327
66.6992
66.8856
64.9447
66.6467
64.7483
65.473
65.9074
66.2782
65.1756
65.6522
65.0236
65.6799
65.5864
64.8504
68.2953
65.7775
67.0321
65.1199
66.4737
65.7305
64.8042
63.9533
65.3871
65.3543
65.8424
66.6094
65.9491
66.3038
65.4369
65.5343
67.1034
66.6374
65.2203
63.7821
66.0559
65.1477
65.9832
65.6042
66.3754
66.7377
66.5627
65.7838
65.1018
65.7978
66.872
66.0876
65.1882
