80
81.9941
87.6655
89.8612
90.5487
91.1631
90.414
91.818
90.3288
90.4785
90.607
89.8049
91.3237
90.1929
90.7365
89.8526
91.3851
90.7959
90.0468
90.3968
90.7531
90.1631
89.1409
89.1911
89.7503
89.2586
90.7524
90.7249
91.0427
90.41
90.9549
90.6484
90.4753
90.1847
89.297
90.2559
90.2456
89.7211
89.9285
89.5383
89.7771
89.7198
90.892
90.4055
90.1721
89.8011
90.57
91.0595
90.6984
90.8862
90.441
91.0668
89.645
89.6819
90.0892
89.4443
90.1243
90.8426
91.5369
91.0397
90.0365
87.6476
90.9389
90.2648
89.0003
88.7135
89.5446
91.0216
88.8995
89.1128
90.3898
88.937
89.6357
89.5054
89.9814
90.2923
90.7828
89.6936
90.9669
90.088
90.581
91.5556
89.0726
90.3888
90.2333
90.386
90.2618
90.262
89.3828
89.9716
89.0073
89.1257
89.6812
90.7255
90.0921
89.9601
90.6907
90.5879
89.4308
88.23
89.6883
91.8359
91.1152
90.7508
90.6654
91.3835
90.5491
90.4888
90.0874
90.2633
90.6008
90.3808
89.9125
89.8876
