-195.456
-639.655
-356.433
-181.448
-99.4331
15.793
-57.2998
59.2666
-63.5518
72.2666
-0.931152
-36.3335
79.4482
5.3667
-65.0688
-109.333
34.7666
72.2759
-59.2998
-6.10352
76.1001
55.7588
38.3999
-50.3999
73.2002
-183.9
-35.0688
7.43311
-6.8999
-44.8667
25.9312
85.4668
30.6665
15.5171
16.6665
-14.5518
-7.1001
68.1035
18.0669
-4.7666
-0.344727
-128.2
-12.6665
67.1035
-2.90332
-17.7588
-7.2002
14.0669
13.9668
-17.0347
-132.276
103.6
52.3335
89.6895
15.3667
-64.9312
-165.367
-27
5.10352
142.172
130.067
-258.133
-2.72412
139.633
55.0332
-44
-55
77.5669
-36.8623
-46.7334
108.6
23.2334
-22.8335
-89.3105
39.3999
69.3335
47.2002
-154.931
65.9668
-19.7588
-13.3667
-15
-92.9312
25.5332
14.9331
6.8623
52.6333
77.7241
59.7002
46.2759
-78.5
-83.1001
-160.241
64.9331
-8.6665
26.3794
50.4482
26.7002
39.1001
-54.5171
-59.7002
-4.68945
-4.3335
1.56689
-71.7241
57.7588
-0.5
5.7998
21.5864
28.1724
-23.3335
74.7666
-30.6895
-16.3335
