160
162.386
170.802
176.785
180.727
182.887
183.983
184.715
184.788
184.832
184.733
184.525
184.499
183.956
184.009
184.471
185.351
185.296
185.362
184.886
184.616
185.155
184.532
183.75
183.566
183.599
184.071
185.616
185.474
186.16
186.242
186.209
185.104
184.822
185.524
184.816
184.439
184.649
183.533
183.879
183.699
183.648
184.457
184.43
184.87
184.716
184.525
184.316
184.515
184.188
185.285
186.995
187.382
186.594
184.874
183.801
183.624
184.523
185.092
186.084
185.497
184.056
184.954
186.312
185.813
185.109
184.407
184.54
184.543
184.475
184.286
183.715
183.652
184.413
184.827
183.975
183.257
183.172
183.721
183.852
183.733
183.561
184.062
184.475
184.608
185.331
184.753
184.739
185.208
184
183.068
183.371
183.398
184.48
185.659
186.031
185.276
184.623
184.491
185.255
185.099
184.695
184.752
185.528
185.427
185.567
185.476
185.107
185.117
185.009
185.128
185.326
184.381
184.509
