56.705
58.7558
61.0566
62.2724
63.3004
63.1125
64.3985
63.0869
62.907
64.0316
62.5326
64.2585
63.2906
63.7767
62.0402
63.7461
63.5879
63.2871
62.9617
63.6233
63.462
62.4154
62.7479
62.6629
62.8453
62.7161
63.2279
63.9158
62.9799
63.5423
63.5296
63.9209
63.2466
62.2696
63.6935
63.0547
62.539
63.5571
62.6579
62.9034
62.7774
63.1125
62.991
63.5437
62.6873
63.5704
63.8839
63.4528
63.8035
62.9988
62.9843
62.9758
63.1935
63.9161
62.4672
62.8618
62.6081
64.1487
63.5678
63.7141
61.3881
62.9997
62.8931
62.8654
62.4068
62.6762
63.8882
61.9695
62.1824
63.4262
62.5053
63.2051
62.427
62.4927
63.6334
64.2786
62.7085
62.9982
63.2145
63.4542
64.3792
61.2353
63.087
63.2984
63.4456
63.1862
63.5887
62.8103
63.6753
62.2716
61.8321
62.3618
62.6985
63.3092
62.8529
63.9801
63.7575
62.3414
61.5778
62.9499
64.6906
63.4549
63.3451
63.4443
63.7063
63.4924
63.3145
62.9433
63.4206
63.7734
62.9987
63.3261
62.6744
63.4343
