0.722801
0.748583
0.705579
0.707509
0.698701
0.71257
0.684307
0.717851
0.708373
0.684754
0.71118
0.680387
0.712479
0.695343
0.715911
0.682876
0.708635
0.70168
0.702806
0.695681
0.693277
0.712973
0.695045
0.701405
0.693116
0.708481
0.694811
0.699712
0.70722
0.693601
0.70009
0.706296
0.695716
0.70286
0.691126
0.700193
0.707174
0.699251
0.695846
0.698723
0.697768
0.701152
0.712142
0.695495
0.698587
0.684322
0.698443
0.707862
0.699537
0.698814
0.704245
0.703887
0.694928
0.699802
0.70752
0.702394
0.705384
0.69178
0.700571
0.698244
0.716125
0.687507
0.696527
0.70861
0.702438
0.693922
0.690369
0.710126
0.708384
0.681388
0.709548
0.687171
0.703873
0.705252
0.702681
0.69069
0.704145
0.696458
0.700203
0.701425
0.691968
0.73357
0.685154
0.70445
0.682482
0.708442
0.695443
0.690327
0.690028
0.714134
0.70642
0.704749
0.706923
0.690011
0.702357
0.691399
0.6988
0.718148
0.702564
0.687375
0.678121
0.714297
0.695303
0.707073
0.698594
0.705141
0.707759
0.700959
0.692352
0.690705
0.705034
0.712446
0.698861
0.688992
