117.451134
117.277603
117.309341
117.299232
117.306496
117.308029
117.312035
117.314850
117.369507
117.326553
117.273376
117.285347
117.338593
117.325668
117.324860
117.299393
117.298462
117.327553
117.291550
117.294144
117.349251
117.282784
117.300064
117.303391
117.297150
117.335266
117.316025
117.298981
117.300606
117.310463
Control Period
117.298241
122.214462
117.305153
117.301987
121.991364
117.302109
117.282402
122.365341
Control Period
126.160446
127.200607
122.271973
123.110207
123.679749
123.938660
122.626846
122.345184
Control Period
126.378693
128.915680
128.675415
123.135651
128.779449
128.696442
124.568832
126.505371
Control Period
128.504761
129.067657
128.296600
128.487946
128.666046
128.442657
128.437683
126.222588
Control Period
128.703094
129.027359
131.110138
129.775970
129.051224
128.581436
129.078979
Control Period
129.781311
130.536011
127.824608
129.189789
128.507614
128.981186
128.233643
130.820740
Control Period
130.671066
129.823364
129.041534
129.449982
131.544220
128.904327
128.862122
Control Period
130.449829
128.008545
128.647125
128.760132
128.974152
129.386215
128.765717
130.615265
Control Period
128.950592
131.450012
128.636765
128.996124
131.288025
129.155334
128.738174
Control Period
130.629501
129.502182
129.680450
128.341599
128.100357
128.830109
128.958176
128.577789
Control Period
128.698242
129.645859
126.574051
130.878174
129.003204
128.785065
128.770309
128.470795
Control Period
128.901825
129.258148
129.091492
129.730362
129.860962
128.961029
128.466202
128.738556
Control Period
129.120865
128.487640
128.517700
129.142426
128.911224
128.959045
128.897827
129.066116
Control Period
128.184540
128.210815
126.421097
130.779572
130.891205
128.970154
128.717407
Control Period
130.859940
129.285858
128.960129
129.033447
130.333572
131.002106
126.388420
Control Period
128.786942
130.435974
129.344482
134.098785
128.773026
129.191193
128.704727
Control Period
131.385284
129.204636
128.475967
132.506943
128.883636
133.643265
128.076324
129.724228
Control Period
128.961700
128.768417
127.628258
130.952545
128.433182
128.561218
128.664413
Control Period
128.522598
127.874176
128.571716
128.839325
128.747330
130.580109
130.885727
128.643234
Control Period
134.062561
129.145630
128.525208
128.858139
130.425369
128.619812
128.744324
134.076935
Control Period
129.972321
130.633118
130.779572
128.196198
128.468842
128.688904
128.686401
128.764130
Control Period
131.868835
128.811737
127.448486
129.802399
126.507141
126.713089
126.437149
130.822083
128.221924
Control Period
126.762756
127.497475
128.885498
128.799561
128.387070
129.580856
126.690659
Control Period
128.364410
127.390594
130.145538
129.450012
130.100861
128.804001
128.435959
129.160828
129.099487
Control Period
128.906143
126.387589
128.164383
128.568298
127.332481
127.202652
128.589371
Control Period
134.212341
128.916473
133.555359
128.624969
128.804596
130.485626
129.097412
128.972443
Control Period
129.684357
128.666214
129.465942
128.642044
130.926971
129.652161
131.719452
Control Period
134.112549
128.938812
132.254974
128.660507
128.718231
129.329178
128.577316
133.776154
Control Period
129.365082
130.212509
128.766205
131.250977
129.225601
133.494995
128.508804
Control Period
133.000916
129.632706
128.831039
132.830627
128.831543
129.998779
130.355255
129.158981
Control Period
128.640198
129.053314
130.598206
128.897186
129.632065
129.061722
132.300385
Control Period
129.096924
131.515289
128.804825
128.404160
129.041992
131.047882
128.768341
128.958344
Control Period
134.180969
128.972229
127.831612
129.144409
130.422073
130.606110
130.150085
130.672089
Control Period
128.944092
128.261047
130.829865
130.986435
127.289658
128.761322
129.003708
129.448318
Control Period
128.790314
129.309753
129.100677
128.716095
128.835068
129.001602
128.281693
Control Period
128.741638
130.294617
129.330688
126.270943
130.707886
131.155273
130.647552
127.206146
Control Period
128.490234
128.357895
128.548920
128.812439
129.124954
126.890976
130.532410
126.873695
Control Period
129.482086
128.782211
128.696762
129.091141
128.409912
128.914719
128.108612
130.259705
Control Period
133.573883
127.898239
126.517220
127.011780
127.094269
128.383270
128.464325
128.945221
Control Period
127.056381
131.632202
127.500168
128.630402
129.219299
128.390396
129.217789
126.597794
Control Period
132.482300
129.047104
126.413193
126.720642
128.388519
128.691040
128.712540
Control Period
128.475388
128.777161
128.392929
131.509506
128.723679
128.509766
128.887909
128.805908
Control Period
131.629669
131.729767
128.972534
128.823807
131.722916
128.911453
129.036072
129.267456
Control Period
133.944290
128.658539
128.293533
129.080170
128.502441
128.427612
128.512131
128.339508
Control Period
130.255432
126.807648
130.290085
129.923172
128.800735
128.670975
128.925797
128.139496
Control Period
129.085861
128.805374
127.550781
130.417450
129.022980
128.363525
128.994400
128.686493
Control Period
129.375397
129.198181
128.761597
128.727325
128.773224
130.505981
130.619263
Control Period
129.880676
129.172897
126.561119
130.045731
128.555389
128.756470
128.979370
129.150696
Control Period
134.143433
129.048355
128.907043
128.720123
128.604919
129.868698
130.946167
Control Period
134.318573
131.008698
130.811966
130.224258
130.519714
129.179016
129.202240
Control Period
134.458466
134.315140
129.266403
133.920898
128.889465
133.634598
128.922241
132.425629
Control Period
134.399994
129.368347
131.183716
129.803329
128.944763
129.095520
131.429184
130.801727
Control Period
133.625977
126.941826
127.665573
129.419937
128.902710
129.435074
128.938248
129.350754
Control Period
129.356964
129.100128
128.888824
126.310333
128.293533
129.237671
128.805984
128.307648
126.609093
Control Period
127.990654
127.787842
129.252747
126.494247
128.660248
128.638580
127.563744
Control Period
127.206696
127.597855
128.946304
128.730179
128.788727
129.035675
129.082275
Control Period
128.968643
129.625092
128.827621
130.689499
129.197052
131.106522
128.949570
Control Period
132.583710
129.322174
134.354889
129.133789
130.441803
130.189316
128.814270
131.959015
Control Period
128.595261
133.677979
128.887451
129.548538
129.910919
133.189850
129.023132
129.796478
Control Period
128.982727
128.996353
128.299927
129.003433
128.854111
129.202560
127.611870
131.676758
Control Period
132.082397
129.045563
127.597153
128.716705
123.328033
128.424194
Control Period
128.960907
134.192963
128.834335
133.509064
128.913345
130.540161
129.033020
133.611328
Control Period
134.079895
129.010651
131.075958
129.048477
131.934357
128.432770
133.757996
128.668701
Control Period
134.293701
129.040680
129.334686
128.913498
128.928284
128.624420
128.962036
129.020447
Control Period
130.231262
129.123260
129.091934
128.520737
129.217285
126.703903
126.771423
128.977539
Control Period
128.909439
128.993530
128.902908
128.832321
129.101761
128.500763
128.858688
Control Period
133.353851
128.931366
128.504990
128.390656
129.606247
129.417633
131.078110
129.430603
128.322327
Control Period
128.585602
128.932159
128.677887
128.807495
129.090714
129.446747
128.567780
127.983871
Control Period
128.714844
129.075623
128.487839
128.383575
128.817596
128.733185
128.823715
Control Period
128.475098
130.028412
130.799683
128.572189
128.563110
128.374039
128.559296
130.664993
127.470139
Control Period
128.960358
128.507736
130.957825
126.558815
130.362335
126.492569
128.907501
128.672760
Control Period
132.134781
128.900055
129.176544
127.769089
131.000702
126.932510
129.057251
129.050980
Control Period
128.898300
128.860260
128.860352
128.970596
129.459351
126.699677
131.128128
127.711838
Control Period
129.363998
128.496826
128.469406
130.704071
126.810654
128.502975
128.973724
129.159912
Control Period
133.445663
127.479034
127.445023
127.756989
128.595688
128.250885
127.508705
126.944290
Control Period
128.652710
129.337448
128.464966
126.527390
129.792389
128.708359
129.175201
127.208191
Control Period
127.163040
128.648514
129.044830
127.446396
127.342819
127.896637
127.385880
Control Period
129.179398
128.867523
132.010345
128.217026
128.931686
128.838943
128.692993
128.784790
128.974945
Control Period
128.713623
129.078873
128.863235
126.473282
126.380478
130.949951
128.624069
Control Period
128.772354
127.137894
126.500061
127.892319
128.190796
128.249146
128.727112
131.247482
Control Period
130.382812
128.755234
129.098175
128.608231
128.919891
129.330475
129.545914
126.967804
Control Period
128.941925
128.398178
129.186279
127.882782
128.722748
128.986679
128.856506
Control Period
128.431458
129.590042
128.866043
130.364288
128.445175
131.491150
129.446625
128.900925
Control Period
134.048447
128.458618
131.680756
128.923706
128.809052
130.661148
129.145508
129.206619
Control Period
128.892258
128.392197
129.106873
128.720383
131.465210
128.492325
128.896454
131.835678
Control Period
129.025223
128.990433
130.302399
130.268250
129.075317
128.758209
128.899841
Control Period
130.415619
130.667618
131.509537
130.181702
130.972153
130.771912
130.394714
129.065979
128.943771
Control Period
128.709045
129.155716
129.304642
130.043640
126.433060
128.578812
129.034332
128.256714
128.828735
Control Period
126.049820
129.296158
128.675644
128.469513
129.078186
126.780258
126.766205
128.626465
Control Period
129.194016
128.679688
128.026215
127.186813
126.167847
128.762848
128.985657
126.886337
Control Period
127.221664
128.353943
128.811676
126.500092
127.920158
129.072098
127.481689
127.557571
Control Period
128.766907
128.737503
128.800125
128.862778
128.616455
128.522858
127.617126
Control Period
134.047745
129.029144
130.837311
128.939301
132.098297
129.221786
133.674881
128.933792
Control Period
134.182053
128.720352
130.590500
130.270493
128.498291
131.363770
128.599747
Control Period
128.694687
128.542786
129.163742
131.651428
129.006790
128.777603
130.708191
129.894745
Control Period
128.978561
128.552383
129.039993
131.503235
128.730804
128.355545
129.409943
129.760483
Control Period
130.742554
131.265472
130.466248
127.644676
127.452606
128.703522
128.883652
128.922180
Control Period
134.162842
129.447739
130.107971
129.705414
129.638306
126.859268
130.813629
131.138489
Control Period
131.161346
127.941437
128.546875
129.144989
128.819305
127.655617
130.859421
127.054535
Control Period
128.487747
129.236023
128.698090
128.396896
129.160477
129.479492
129.448547
Control Period
129.956390
129.835617
128.349213
128.807938
130.333572
129.733948
128.790085
128.757156
Control Period
134.071930
129.713730
130.581253
130.497665
128.681534
128.551224
130.928543
128.208862
Control Period
133.984406
128.316254
128.784698
130.859879
129.999146
128.915970
128.844162
128.450302
Control Period
129.770554
131.056091
128.761917
128.804504
129.259903
130.334808
128.508865
Control Period
134.043427
128.878113
128.483673
129.246338
130.085785
128.857407
133.318726
128.382568
Control Period
128.376648
130.696640
128.788330
129.067291
130.578232
129.472549
128.985703
Control Period
130.666473
128.933731
128.917511
128.784760
132.162079
128.627747
128.340576
130.540710
Control Period
128.537445
130.128250
130.121735
128.632477
128.836090
132.927124
129.070206
128.536636
Control Period
131.076355
129.658279
129.032166
129.285568
128.896790
131.273697
129.998077
129.303391
Control Period
128.800125
129.187622
129.015991
131.732895
130.986938
128.939514
128.965271
Control Period
128.731201
129.964767
129.149780
128.863358
129.132263
130.706177
127.763367
128.958588
129.244904
Control Period
128.879883
128.697922
129.118073
128.464447
129.423904
129.013214
129.264572
130.985977
Control Period
129.057495
128.837708
129.283112
129.022430
128.894745
128.899368
129.048584
Control Period
134.240692
134.288254
134.338852
134.304810
134.356796
134.368057
134.350372
134.262695
134.157730
134.264343
134.312378
134.307190
134.385590
134.374374
134.291107
134.311096
134.355194
134.353302
134.430786
134.353638
134.306946
134.223358
134.307968
135.102570
