80
77.0427
75.1729
73.6704
72.478
71.5443
70.8222
70.2698
69.8496
69.5361
69.3055
69.1388
69.0275
68.9518
68.9049
68.8829
68.8747
68.8799
68.8977
68.9172
68.9423
68.9734
69.008
69.0428
69.0762
69.1085
69.1447
69.1834
69.2216
69.2567
69.2929
69.3264
69.3576
69.3882
69.4151
69.4434
69.4722
69.4992
69.5296
69.5591
69.5828
69.6059
69.6298
69.6526
69.6786
69.7073
69.733
69.756
69.7765
69.7958
69.8155
69.8372
69.8586
69.8778
69.8956
69.9112
69.9245
69.9419
69.9585
69.9694
69.9794
69.9928
70.0061
70.0215
70.0351
70.0488
70.0594
70.0648
70.0712
70.0838
70.0945
70.1039
70.1092
70.1192
70.1287
70.1445
70.1542
70.1594
70.1643
70.172
70.1801
70.1894
70.1964
70.2061
70.2179
70.224
70.227
70.2327
70.2389
70.2436
70.2491
70.2546
70.2606
70.2673
70.2743
70.2822
70.2893
70.2919
70.2945
70.2963
70.3001
70.3021
70.3062
70.3116
70.3177
70.3198
70.3256
70.3296
70.3302
70.3317
70.3365
70.3409
70.3475
70.3489
70.3531
0
