3887.5
5893
5932.5
5893
5972
5892.5
5952.5
5972
5932.5
5972
5932.5
5932
5912.5
5932
5932
5932.5
6031.5
5972
5893
5972
6066
6377
5972
5853.5
5754.5
5972
5932.5
5912.5
5932
5794
5932.5
5952
6051
6105
5971.5
5972
5972
5972
5952
5952
5912.5
5932
5972
5972
5873
5932.5
5912.5
5952
5873
5972
5932.5
6011.5
5853
5912.5
5952.5
5932.5
5798.5
5932.5
5932
5952
5932.5
5932.5
5699.5
5952
5932.5
5873
5873
5952
5972
5971.5
6051
5952
6031
5952
5952.5
5932.5
5932.5
5972
5952
5952.5
5972
5932.5
6011.5
6011.5
5838
5932.5
5952.5
5932.5
5794
5932.5
6263.5
5971.5
6065.5
6070.5
5952.5
5952.5
5952
5952
5912.5
5972
5952
6065.5
5952.5
5991.5
5972
6011.5
5932.5
5912.5
5932
5952
