5654.09
5910.12
5869.91
5950.19
5917.47
5897.91
5955.12
5980.81
5960.38
5910.34
5921.12
5918.75
5922.41
5932.34
5976.56
5924.81
5798.12
5911.31
5990.75
6013.81
6011.16
5924.91
5899.22
5895.75
5959.56
5923.69
5931
5923.39
5869.12
5856.53
5926.16
5944.38
6033.91
5957.12
5922.47
5931.03
5919.97
5967.81
5932.41
5927.5
5912.59
6007.75
5927.38
5926.16
5944.28
5949.25
5925
5926.25
5879.47
5921.25
5923.72
5965.34
5888.12
5969.34
5911.59
5924.91
5929.84
5818.03
5884.19
5936.06
5926.19
5927.38
5847.22
5832.97
5880.41
5880.94
5862.97
5912.56
5890.48
5895.44
5925.12
5923.39
5983.91
5932.34
6055.68
5896.75
5915.29
5939.81
5924.88
5956.41
5928.42
5940.94
5929.84
5929.88
5918.66
5959.47
5927.47
5895.59
5924.94
5929.84
5929.78
5936.91
5902.91
5975.28
5929.81
5906.53
5944.66
5788.47
5929.88
5919.97
5944.69
5933.56
5940.59
5943.47
5921.47
5951.41
5940.97
5944.75
5934.81
5917.78
5837.59
5899.16
5959.22
5914.06
5997.13
5833.5
