1345.91
1089.88
1130.09
1049.81
1082.53
1102.09
1044.88
1019.19
1039.62
1089.66
1078.88
1081.25
1077.59
1067.66
1023.44
1075.19
1201.88
1088.69
1009.25
986.188
988.844
1075.09
1100.78
1104.25
1040.44
1076.31
1069
1076.61
1130.88
1143.47
1073.84
1055.62
966.094
1042.88
1077.53
1068.97
1080.03
1032.19
1067.59
1072.5
1087.41
992.25
1072.62
1073.84
1055.72
1050.75
1075
1073.75
1120.53
1078.75
1076.28
1034.66
1111.88
1030.66
1088.41
1075.09
1070.16
1181.97
1115.81
1063.94
1073.81
1072.62
1152.78
1167.03
1119.59
1119.06
1137.03
1087.44
1109.52
1104.56
1074.88
1076.61
1016.09
1067.66
944.323
1103.25
1084.71
1060.19
1075.12
1043.59
1071.58
1059.06
1070.16
1070.12
1081.34
1040.53
1072.53
1104.41
1075.06
1070.16
1070.22
1063.09
1097.09
1024.72
1070.19
1093.47
1055.34
1211.53
1070.12
1080.03
1055.31
1066.44
1059.41
1056.53
1078.53
1048.59
1059.03
1055.25
1065.19
1082.22
1162.41
1100.84
1040.78
1085.94
1002.87
1166.5
