0.72384
0.777505
0.796794
0.813013
0.826403
0.837191
0.845827
0.852199
0.857313
0.861182
0.863827
0.866314
0.867556
0.868509
0.869192
0.869273
0.869353
0.869504
0.869009
0.868727
0.868551
0.868208
0.867729
0.867216
0.866609
0.866378
0.866049
0.865625
0.865143
0.864696
0.864145
0.863667
0.863254
0.862659
0.862452
0.862116
0.861711
0.861622
0.861355
0.860751
0.860389
0.86023
0.859776
0.859671
0.859674
0.859142
0.858822
0.858575
0.858146
0.857969
0.857823
0.857638
0.857386
0.857176
0.856736
0.856474
0.856566
0.856313
0.855989
0.855658
0.855759
0.855551
0.855472
0.85535
0.855117
0.854831
0.854498
0.854414
0.854592
0.854464
0.85411
0.853816
0.854102
0.853962
0.854124
0.853769
0.853302
0.853225
0.853228
0.853293
0.853216
0.852916
0.85308
0.853111
0.852741
0.852433
0.852593
0.852596
0.852423
0.852359
0.852311
0.852231
0.852251
0.852243
0.852111
0.852187
0.851792
0.851772
0.851708
0.851712
0.851562
0.851748
0.851702
0.851673
0.851467
0.851617
0.851369
0.851272
0.851246
0.851427
0.851346
0.851394
0.851173
0.851224
0.851283
0
