0.708787
0.731808
0.72843
0.725572
0.723069
0.720959
0.71923
0.717813
0.716459
0.71532
0.714273
0.713514
0.712742
0.712096
0.711492
0.711086
0.710633
0.710088
0.709826
0.709561
0.709286
0.709024
0.708755
0.708501
0.708098
0.708011
0.707906
0.707584
0.707364
0.707124
0.70708
0.706833
0.7067
0.706682
0.70647
0.706265
0.706096
0.705939
0.705839
0.705633
0.705567
0.705518
0.70545
0.705382
0.705126
0.705131
0.70488
0.704762
0.704612
0.704597
0.704593
0.704584
0.704362
0.704437
0.704272
0.704219
0.704006
0.704015
0.70402
0.703911
0.703695
0.703653
0.703594
0.703655
0.703426
0.703279
0.703265
0.703259
0.703158
0.703152
0.70307
0.703024
0.702801
0.702815
0.702854
0.702775
0.702674
0.70274
0.702703
0.702536
0.702487
0.702423
0.702451
0.702381
0.702453
0.702396
0.702217
0.7021
0.702235
0.702189
0.701987
0.702157
0.702086
0.701905
0.701822
0.701831
0.701759
0.701627
0.701643
0.701626
0.701643
0.701595
0.701608
0.701549
0.701615
0.701543
0.701427
0.701456
0.701384
0.70144
0.701424
0.701344
0.701348
0.701198
0.7012
