0.7235
0.894019
0.895495
0.898713
0.905085
0.907774
0.901691
0.890507
0.894524
0.905373
0.892319
0.909831
0.885658
0.917353
0.87616
0.919419
0.897813
0.925749
0.872469
0.907476
0.889756
0.901316
0.890229
0.89619
0.903994
0.90442
0.910738
0.896417
0.898046
0.905463
0.903283
0.925446
0.889666
0.880636
0.868143
0.919433
0.907249
0.900408
0.893427
0.90457
0.915217
0.899297
0.920557
0.869488
0.90082
0.898821
0.91443
0.875969
0.915342
0.89923
0.886759
0.928702
0.869887
0.919862
0.890493
0.902261
0.891072
0.909694
0.878836
0.923741
0.911388
0.883902
0.880772
0.927953
0.883388
0.923414
0.899303
0.885025
0.885267
0.908787
0.922769
0.890054
0.89768
0.884177
0.935541
0.891221
0.896842
0.895635
0.884084
0.920376
0.904171
0.898834
0.882717
0.906911
0.911822
0.897401
0.923283
0.852758
0.911583
0.912736
0.892728
0.903553
0.902091
0.914062
0.890333
0.871047
0.909939
0.897848
0.924847
0.906045
0.883545
0.896518
0.902195
0.896386
0.938171
0.851055
0.918021
0.889161
0.905358
0.899888
0.888664
0.912839
0.866494
0.954864
