0.708592
0.895487
0.903645
0.917781
0.901839
0.8956
0.908436
0.901216
0.899444
0.899467
0.903042
0.895472
0.898428
0.904081
0.897814
0.896859
0.901034
0.896062
0.902219
0.901702
0.902038
0.904601
0.892928
0.904361
0.901327
0.897829
0.896689
0.900333
0.903054
0.898388
0.899879
0.899065
0.900913
0.904718
0.895658
0.909145
0.893471
0.900261
0.902372
0.902369
0.899678
0.890539
0.897845
0.90093
0.900875
0.899295
0.902423
0.907811
0.902514
0.895489
0.900733
0.900173
0.89798
0.900087
0.895535
0.900069
0.901302
0.897917
0.906576
0.898847
0.89432
0.902919
0.901268
0.903344
0.895611
0.901736
0.900154
0.896956
0.907895
0.901143
0.896089
0.898045
0.899963
0.900229
0.897955
0.901019
0.898347
0.897901
0.902479
0.901
0.899247
0.896602
0.902
0.899087
0.907975
0.894046
0.900565
0.903788
0.899052
0.89725
0.891967
0.907403
0.896684
0.906109
0.898307
0.895204
0.902517
0.902484
0.90336
0.897147
0.89882
0.898802
0.898871
0.907399
0.891818
0.901034
0.909132
0.900938
0.893009
0.901084
0.902034
0.901194
0.89747
0.898599
