5664.92
6141.63
5792.72
5699.33
5562
5477.31
5598.57
5504
5482.7
5531.48
5401.67
5431.6
5502.76
5429.6
5468.37
5574.8
5579.9
5479.83
5417.14
5622.07
5528.59
5523
5433.17
5422.1
5522.79
5522.83
5517.14
5456.23
5515.93
5543.23
5508.48
5447.97
5547.9
5516.9
5582.8
5555.63
5446.34
5451.9
5514.93
5469.24
5452.5
5508.1
5416.13
5549.77
5499.2
5546.14
5507.76
5588.5
5448.27
5405.14
5596.33
5503.28
5450.23
5486.23
5505.38
5420.13
5564.59
5502.43
5562.72
5496.53
5464.07
5550.07
5562.27
5452.03
5465
5496.8
5492.03
5564.63
5516.27
5399.79
5508.5
5553.38
5476.07
5467.73
5582.03
5364.52
5494.29
5542.62
5546.48
5482.97
5381.9
5532.14
5539.13
5526.63
5444.93
5564.4
5486.97
5492.6
5517.76
5500.53
5436.28
5509.07
5546.83
5543.34
5447.27
5464.03
5538.87
5512.59
5522.93
5395.37
5519.2
5505.31
5521.07
5548.1
5494.17
5496.24
5360.3
5503.31
5671.73
5415.45
5516.1
5533.23
5500
5353.79
