0.707934
0.760845
0.780485
0.79723
0.81118
0.82216
0.831538
0.838676
0.84451
0.849068
0.852487
0.85493
0.857023
0.858316
0.859658
0.86009
0.860928
0.861272
0.861642
0.861553
0.861499
0.861333
0.861183
0.861206
0.860984
0.861073
0.860867
0.860533
0.860549
0.860438
0.860051
0.859911
0.859781
0.859443
0.859188
0.859042
0.858781
0.858429
0.858511
0.857896
0.857864
0.857776
0.857406
0.857164
0.85707
0.856981
0.857003
0.856698
0.856766
0.856156
0.855927
0.856035
0.855853
0.855827
0.855804
0.85541
0.855137
0.855097
0.854867
0.854768
0.854481
0.854713
0.854458
0.854215
0.85411
0.854128
0.854045
0.853896
0.853851
0.853716
0.853501
0.853319
0.853328
0.853469
0.853068
0.853164
0.853276
0.853126
0.852974
0.852864
0.852739
0.85256
0.852535
0.852564
0.852546
0.852356
0.852313
0.852291
0.852051
0.852276
0.852319
0.852048
0.852084
0.851803
0.851891
0.852026
0.851786
0.851529
0.851394
0.851283
0.851431
0.851418
0.851339
0.851574
0.851484
0.85111
0.851397
0.851259
0.851293
0.851333
0.851133
0.851103
0.850999
0.851032
0.850818
0
