80
76.9755
75.034
73.464
72.2086
71.2144
70.4281
69.817
69.3408
68.9772
68.7005
68.4914
68.333
68.216
68.1284
68.0686
68.0214
67.9953
67.9789
67.9747
67.9735
67.9747
67.9784
67.9821
67.9911
67.9993
68.0143
68.0275
68.041
68.0594
68.0788
68.0958
68.1131
68.1342
68.154
68.1728
68.1917
68.2097
68.2249
68.2467
68.2598
68.2765
68.2938
68.3071
68.3172
68.3289
68.3438
68.3611
68.3769
68.3944
68.405
68.4133
68.4262
68.4381
68.4514
68.4673
68.4791
68.4882
68.4987
68.5093
68.518
68.5259
68.5376
68.5475
68.5566
68.5633
68.5731
68.5837
68.592
68.6013
68.6103
68.6188
68.6243
68.6295
68.6357
68.6387
68.6432
68.6534
68.6612
68.6693
68.6757
68.6817
68.6858
68.6896
68.6966
68.7049
68.7101
68.7152
68.7225
68.7248
68.7304
68.7395
68.7437
68.7484
68.7511
68.7565
68.7643
68.7682
68.7698
68.7691
68.7663
68.7688
68.7704
68.772
68.7781
68.7837
68.7819
68.7865
68.7914
68.7941
68.7981
68.7995
68.8012
68.8022
68.8014
0
