113.425
117.337
117.346
117.357
117.354
117.32
117.338
117.312
117.32
117.325
117.318
117.319
117.325
117.32
117.322
117.307
117.326
117.323
117.338
117.325
117.314
117.32
117.285
117.288
117.28
117.289
117.277
117.279
117.314
117.304
117.302
117.305
117.327
117.338
117.329
117.33
117.327
117.321
117.362
117.327
117.346
117.341
117.327
117.315
117.313
117.332
117.328
117.344
117.344
117.329
117.314
117.329
117.323
117.327
117.362
117.347
117.323
117.333
117.349
117.32
117.327
117.337
117.339
117.337
117.323
117.335
117.359
117.346
117.339
117.354
117.362
117.344
117.331
117.31
117.31
117.312
117.34
117.335
117.347
117.335
117.339
117.325
117.316
117.353
117.345
117.334
117.336
117.357
117.327
117.326
117.359
117.329
117.323
117.334
117.352
117.361
117.344
117.339
117.323
117.302
117.324
117.325
117.314
117.332
117.342
117.305
117.333
117.365
117.323
117.341
117.323
117.321
117.331
117.285
117.29
0
