0.723781
0.777539
0.797047
0.813292
0.826619
0.837301
0.84577
0.85229
0.857658
0.861422
0.864348
0.866396
0.867656
0.868594
0.869249
0.869205
0.869728
0.86946
0.869509
0.869081
0.868501
0.868078
0.867503
0.867288
0.866598
0.866545
0.865775
0.865468
0.865134
0.864747
0.864205
0.863701
0.863622
0.863172
0.862811
0.862376
0.862011
0.861517
0.861563
0.860784
0.86068
0.860387
0.85988
0.859273
0.859131
0.859149
0.85902
0.858692
0.858372
0.8579
0.857535
0.857537
0.857293
0.857107
0.856928
0.856633
0.856418
0.856269
0.856179
0.855861
0.855818
0.855642
0.855444
0.855404
0.85497
0.855059
0.854865
0.854559
0.854568
0.854376
0.854331
0.854024
0.853802
0.853614
0.853517
0.853335
0.853662
0.853342
0.853368
0.853144
0.853071
0.852972
0.852817
0.852853
0.85298
0.85272
0.852589
0.852676
0.852328
0.852335
0.852469
0.852191
0.852116
0.852032
0.852069
0.852068
0.851835
0.851776
0.851617
0.851484
0.851789
0.851561
0.851648
0.851767
0.85168
0.85126
0.85151
0.851486
0.851308
0.851226
0.851188
0.851205
0.851104
0.851004
0.850898
0
