117.633926
117.338882
117.355743
117.352608
117.321732
117.337509
117.351616
117.348953
117.370529
117.350945
117.405701
117.412262
117.396317
117.428864
117.385857
117.386307
117.401093
117.373123
117.371780
117.384605
117.377762
117.397118
117.393600
117.378235
117.367706
117.329025
117.378273
117.336098
117.367325
Control Period
117.361855
117.344254
117.337631
117.372131
117.377701
117.382751
117.342941
117.326401
Control Period
117.331360
117.379646
117.318939
117.347458
117.347870
117.378113
117.399811
117.371780
117.337219
Control Period
117.334335
117.359940
117.357437
117.342209
117.318977
117.327301
117.377853
117.363708
117.379044
Control Period
117.388580
117.401093
117.371750
117.368256
117.386177
117.417023
117.406174
117.360863
Control Period
117.390846
117.422394
117.398788
117.378624
117.355484
117.332062
117.348320
117.326271
117.363739
Control Period
117.353180
117.342010
117.384125
117.360443
117.362625
117.401985
117.376190
117.361183
Control Period
117.344574
117.360832
117.363205
117.384003
117.329788
117.374847
117.355362
117.374046
117.351013
Control Period
117.353058
117.326462
117.371971
117.368637
117.388992
117.378082
117.397186
117.370750
117.381348
Control Period
117.376099
117.371902
117.393890
117.430618
117.392227
117.440865
117.390465
117.388130
Control Period
117.374374
117.370850
117.348602
117.356735
117.357956
117.347809
117.376610
117.347580
117.338013
Control Period
117.343391
117.334656
117.347939
117.353821
117.338364
117.329315
117.320358
117.316956
117.369408
Control Period
117.312126
117.339813
117.350311
117.336288
117.339264
117.335526
117.324226
117.316895
Control Period
117.345657
117.348602
117.350304
117.356865
117.370682
117.351074
117.371902
117.335808
117.358177
Control Period
117.333633
117.344070
117.302048
117.328506
117.322304
117.336060
117.359459
117.342331
Control Period
117.343903
117.319138
117.329117
117.394119
117.379044
117.370758
117.346588
117.357925
117.358337
Control Period
117.345406
117.382080
117.360413
117.369125
117.373123
117.389503
117.367935
117.381538
Control Period
117.342621
117.328163
117.318497
117.349442
117.325890
117.320892
117.320511
117.332191
Control Period
117.329887
117.337502
117.328613
117.381149
117.368126
117.348030
117.373665
117.347427
117.346268
Control Period
117.355171
117.354019
117.358879
117.369598
117.366470
117.332382
117.353210
117.325821
Control Period
117.354591
117.340096
117.365982
117.344315
117.362564
117.377533
117.333694
117.360191
117.351517
Control Period
117.358459
117.336098
117.359009
117.358177
117.380859
117.349983
117.348671
117.329185
Control Period
117.345024
117.362144
117.370758
117.356064
117.368927
117.349884
117.330208
117.362434
Control Period
117.348320
117.361343
117.345657
117.350624
117.324097
117.313568
117.287872
117.344925
Control Period
117.327164
117.363739
117.337280
117.333115
117.340385
117.333572
117.321602
117.336960
117.293663
Control Period
117.275742
117.301247
117.321602
117.331070
117.323715
117.331841
117.304321
117.292130
117.302689
Control Period
117.313538
117.298141
117.330750
117.307068
117.343964
117.326050
117.335037
117.360092
Control Period
117.363098
117.335457
117.335068
117.345184
117.363174
117.343651
117.350273
117.344345
Control Period
117.326019
117.325539
117.331741
117.325882
117.314499
117.361053
117.354660
117.363937
117.345024
Control Period
117.353249
117.374435
117.343262
117.354492
117.363419
117.322723
117.346649
Control Period
117.376419
117.357857
117.352257
117.359070
117.376740
117.364059
117.339523
117.353500
117.331039
Control Period
117.346237
117.331299
117.364227
117.381378
117.349983
117.344673
117.365860
117.343781
Control Period
117.334366
117.319580
117.350052
117.305603
117.329536
117.291168
117.327866
117.313568
117.352325
Control Period
117.357437
117.341278
117.336990
117.326050
117.357178
117.361923
117.326241
117.335426
Control Period
117.332161
117.363556
117.350052
117.331940
117.361855
117.359810
117.321762
117.312096
117.328865
Control Period
117.357376
117.347168
117.350433
117.333252
117.350876
117.343170
117.307770
117.352127
Control Period
117.334686
117.337059
117.353317
117.355972
117.350845
117.346268
117.368637
117.318558
Control Period
117.329086
117.344482
117.362534
117.337479
117.334564
117.378693
117.321762
117.334335
Control Period
117.327271
117.336029
117.314590
117.318115
117.311646
117.311005
117.365723
117.352798
Control Period
117.339294
117.358307
117.329254
117.346619
117.313660
117.301285
117.361343
117.373123
117.371170
Control Period
117.382431
117.345215
117.351517
117.383331
117.313477
117.337090
117.359581
117.358658
117.348671
Control Period
117.378685
117.357216
117.334305
117.345917
117.341568
117.367966
117.359940
117.355011
Control Period
117.366852
117.355553
117.355042
117.361763
117.364670
117.338242
117.369507
117.358368
117.382523
Control Period
117.348953
117.352097
117.335419
117.341759
117.331970
117.322021
117.326019
117.352768
117.335358
Control Period
117.338852
117.355362
117.318436
117.340767
117.317413
117.295395
117.307419
117.310654
Control Period
117.319107
117.334274
117.308350
117.348289
117.335907
117.332581
117.339523
117.339935
Control Period
117.333153
117.334656
117.327362
117.323326
117.308319
117.316544
117.349533
117.323227
117.325409
Control Period
117.296707
117.345947
117.337021
117.342690
117.337891
117.313347
117.306274
117.324707
Control Period
117.334244
117.332794
117.339935
117.333603
117.298523
117.319077
117.345345
117.338402
117.342690
Control Period
117.335709
117.320541
117.330338
117.334175
117.333145
117.309250
117.345406
117.354240
117.341507
Control Period
117.334595
117.347328
117.357407
117.336899
117.300446
117.334656
117.360794
117.361534
Control Period
117.353989
117.378403
117.365860
117.329887
117.321312
117.360733
117.332581
117.302338
Control Period
117.323746
117.345276
117.289055
117.317154
117.289696
117.322525
117.329887
117.321030
Control Period
117.319199
117.304962
117.312836
117.339203
117.300446
117.335518
117.264740
117.301346
117.328896
Control Period
117.308609
117.294624
117.333252
117.342209
117.316605
117.336060
117.312057
117.308548
Control Period
117.318047
117.332291
117.330368
117.311996
117.263649
117.297531
117.298019
117.289246
117.291267
Control Period
117.293312
117.289154
117.306076
117.297058
117.284515
117.272034
117.311264
117.318016
Control Period
117.291618
117.311707
117.295235
117.307419
117.290848
117.313980
117.294754
117.290878
117.304413
Control Period
117.337631
117.302750
117.265472
117.279587
117.311707
117.296387
117.309952
117.317245
Control Period
117.335068
117.296318
117.307587
117.313126
117.310211
117.298111
117.327934
117.301666
Control Period
117.291138
117.296707
117.317276
117.299591
117.273956
117.305405
117.317123
117.333023
117.298050
Control Period
117.308960
117.319168
117.337372
117.348419
117.313828
117.325310
117.343422
117.340286
117.316635
Control Period
117.299202
117.310722
117.293594
117.330307
117.314331
117.293671
117.314339
117.314713
Control Period
117.344513
117.314529
117.298592
117.318756
117.316605
117.323807
117.326340
117.323456
Control Period
117.318588
117.301117
117.339424
117.334686
117.350525
117.365158
117.349442
117.326492
117.317444
Control Period
117.309372
117.364578
117.345474
117.337219
117.336639
117.299164
117.315811
117.359329
Control Period
117.332222
117.313599
117.356644
117.348320
117.362915
117.326401
117.336449
117.326813
Control Period
117.324219
117.296768
117.363266
117.334045
117.337280
117.346336
117.315170
117.329086
Control Period
117.360291
117.350723
117.343079
117.336769
117.332382
117.341980
117.333855
117.332764
117.345535
Control Period
117.359550
117.346977
117.353729
117.337509
117.348068
117.309120
117.304451
117.301178
Control Period
117.308159
117.322273
117.315582
117.328003
117.330658
117.292603
117.327621
117.318787
Control Period
117.300194
117.283485
117.317215
117.319038
117.318016
117.308029
117.322052
117.321632
117.310852
Control Period
117.318878
117.337662
117.329376
117.340126
117.304733
117.301346
117.334145
117.345093
Control Period
117.311424
117.334076
117.341919
117.326660
117.319199
117.332443
117.307266
117.330177
117.325348
Control Period
117.310822
117.321564
117.349060
117.331131
117.309120
117.290146
117.297951
117.320251
Control Period
117.297729
117.335587
117.335709
117.326591
117.297569
117.309219
117.317062
117.303802
Control Period
117.339676
117.312637
117.298019
117.325348
117.313248
117.350403
117.342468
117.310333
117.322845
Control Period
117.300606
117.341156
117.368484
117.317444
117.307617
117.303101
117.314789
117.291580
117.291679
Control Period
117.305954
117.333214
117.350143
117.344833
117.327133
117.342049
117.324768
117.322845
117.345215
Control Period
117.323685
117.360222
117.332932
117.319038
117.314369
117.314819
117.347588
117.364380
Control Period
117.351135
117.349182
117.333954
117.322975
117.322304
117.323425
117.320099
117.329155
117.287231
Control Period
117.296188
117.318047
117.307068
117.325119
117.332092
117.348251
117.340576
117.328255
Control Period
117.365822
117.305023
117.285858
117.310432
117.338943
117.348961
117.305183
117.339294
Control Period
117.301956
117.316803
117.296219
117.315231
117.296036
117.339394
117.321152
117.336670
Control Period
117.334274
117.311554
117.320221
117.338501
117.349060
117.316864
117.353439
117.307999
117.302719
Control Period
117.325699
117.313156
117.345695
117.317413
117.316422
117.300156
117.325027
117.352386
117.340096
Control Period
117.339874
117.340347
117.371552
117.326241
117.317703
117.346588
117.334534
117.348480
Control Period
117.334244
117.314590
117.332062
117.308731
117.332703
117.336128
117.336197
117.333221
117.314789
Control Period
117.311676
117.311615
117.343292
117.309570
117.349121
117.317657
117.334503
117.309219
Control Period
117.302498
117.345184
117.285660
117.320160
117.330750
117.347290
117.304932
117.281860
Control Period
117.275711
117.309189
117.296738
117.323425
117.279457
117.318329
117.327103
117.302589
Control Period
117.314941
117.311523
117.319427
117.318787
117.292000
117.301437
117.301537
117.313789
117.332123
Control Period
117.302460
117.327332
117.327042
117.338821
117.311005
117.339294
117.319298
117.322372
117.315231
Control Period
117.339523
117.314240
117.323395
117.297058
117.292923
117.284767
117.289124
117.295395
Control Period
117.286942
117.292290
117.302780
117.309731
117.294495
117.330399
117.308960
117.303581
117.320831
Control Period
117.334595
117.300293
117.292480
117.340988
117.349823
117.361923
117.344101
117.323227
Control Period
117.327744
117.311996
117.300674
117.317566
117.272224
117.281021
117.302811
117.275009
Control Period
117.270813
117.300797
117.295998
117.290588
117.291550
117.301956
117.299072
117.322083
Control Period
117.343872
117.318077
117.300323
117.320351
117.328033
117.343430
117.324898
117.304832
117.330399
Control Period
117.327332
117.308670
117.304581
117.309250
117.329666
117.314270
117.311523
117.312416
Control Period
117.311172
117.304543
117.314789
117.319870
117.351967
117.349411
117.303833
117.292702
Control Period
117.322983
117.315392
117.358749
117.346397
117.357727
117.339073
117.333504
117.368355
Control Period
117.320770
117.382172
117.360352
117.348068
117.322495
117.338722
117.355232
117.357025
Control Period
117.320992
117.331802
117.341248
117.358810
117.348862
117.351196
117.318298
117.320129
117.295135
Control Period
117.352188
117.324738
117.298080
117.338654
117.307358
117.332443
117.322815
117.339615
Control Period
117.295807
117.320961
117.312256
117.300575
117.311523
117.315781
117.326660
117.345123
Control Period
117.312805
117.294464
117.259842
117.260353
117.276062
117.271011
117.263397
117.307358
117.293411
Control Period
117.275970
117.285309
117.292000
117.260414
117.309753
117.301117
117.317596
117.335938
Control Period
117.307777
117.335938
117.321594
117.325470
117.319748
117.301849
117.318398
117.306595
117.291519
Control Period
117.297379
117.295044
117.329437
117.326630
117.269028
117.312767
117.336609
117.307678
Control Period
117.352158
117.314781
117.322342
117.311646
117.300865
117.325218
117.298523
117.292961
117.339386
Control Period
117.319939
117.351685
117.343262
117.319580
117.332581
117.338013
117.329407
117.329819
Control Period
117.325180
117.338623
117.343330
117.311813
117.346146
117.347137
117.323586
117.316353
Control Period
117.321571
117.299164
117.267456
117.304832
117.307327
117.303520
117.279198
117.303741
117.279678
Control Period
117.278046
117.271835
117.270279
117.303268
117.298660
117.282814
117.268250
117.324997
Control Period
117.289215
118.265152
117.323044
