1317.9
110.567
-93.9653
-18.7002
-79.0347
8.4668
4.0332
28.4331
-87.1665
99.2998
-47
12.2334
21.0688
-98.7334
-97.1665
65.0347
82.6665
52.5
-2.48291
115.467
-13.1333
-68.0669
-107.207
-33.7334
107.6
-10.5332
86.7588
-25.5
-97.8667
-25.5
-24.7588
82.2002
-151.724
-12.6665
69.4331
-27.1665
73.5332
8.37939
21.3667
-83.5669
21.6333
-44.8335
97.8623
1.93311
-79.9668
123.933
37.7241
-67.1333
-81.3999
43.0669
26
17.9653
8
-25.8667
96.8667
46.7002
-193.104
-78.2666
61.1377
85.0669
141.9
-164.133
-7.43311
106.448
-48.9355
35.3335
-72.1724
11.7002
-3.2666
116.033
10.1035
14.1333
26.1035
21.7334
-82.0688
-12.1665
-86.3999
27.4331
7.2998
144.483
-117.267
26.2002
-40.4482
-51.8999
82.4331
63.8276
-207.567
18.1724
56.4668
56.9668
-115.033
18.6895
105.3
-2.3667
-39.9331
-0.233398
-4.44824
-64.6333
-56.6665
43.7002
74.0332
-45.4829
-5.2334
-128.586
46.6333
31.4668
38.4668
-9.89648
23.6665
48.5
-6.5332
16.5518
-56.8999
91.769
