58.0283
59.8715
59.8924
59.8836
59.8779
59.8964
59.8891
59.8984
59.9016
59.8901
59.8978
59.8983
59.8864
59.8947
59.8967
59.8741
59.8884
59.892
59.8932
59.8775
59.8776
59.8766
59.8908
59.8769
59.8748
59.8797
59.8808
59.88
59.8813
59.877
59.8974
59.8862
59.8724
59.8807
59.8813
59.8893
59.9014
59.9011
59.8951
59.8929
59.8772
59.8853
59.8917
59.8973
59.9026
59.8834
59.8933
59.8859
59.8831
59.8815
59.8877
59.8779
59.888
59.8843
59.8867
59.8893
59.8842
59.8865
59.8957
59.8863
59.8875
59.8737
59.8772
59.882
59.886
59.8754
59.89
59.8898
59.8916
59.8801
59.8919
59.8944
59.8885
59.901
59.8946
59.8863
59.8765
59.8894
59.8795
59.8799
59.8817
59.8916
59.8794
59.8864
59.8788
59.8758
59.8922
59.8851
59.8981
59.9159
59.9152
59.92
59.9205
59.9167
59.9026
59.9139
59.9194
59.9012
59.911
59.9135
59.9093
59.903
59.9042
59.9039
59.8949
59.8928
59.8885
59.8861
59.8945
59.8978
59.9051
59.9229
59.8887
59.8965
59.9228
0
