0.709607
0.742035
0.746424
0.75017
0.7533
0.756002
0.758356
0.760429
0.762105
0.764092
0.765511
0.766698
0.767747
0.768833
0.769752
0.770658
0.771586
0.772387
0.773142
0.773845
0.77464
0.77526
0.775893
0.776515
0.777252
0.777833
0.778333
0.778759
0.77942
0.779916
0.780432
0.781088
0.781422
0.781705
0.782184
0.78279
0.78318
0.783726
0.783929
0.784379
0.784923
0.785175
0.785555
0.785949
0.7861
0.786572
0.786806
0.787266
0.787636
0.787782
0.78813
0.788476
0.788478
0.788813
0.789268
0.78971
0.789762
0.79007
0.790318
0.790552
0.790886
0.791076
0.791412
0.791479
0.791751
0.791892
0.792054
0.792409
0.792447
0.792729
0.793049
0.793131
0.793311
0.7934
0.793719
0.793733
0.793965
0.794174
0.794305
0.794366
0.794548
0.794643
0.794861
0.795002
0.795011
0.795233
0.795474
0.795452
0.795626
0.795857
0.795871
0.795855
0.79595
0.796222
0.796078
0.796299
0.79626
0.796433
0.796405
0.796678
0.796877
0.796763
0.796828
0.797035
0.797185
0.797158
0.797161
0.797256
0.797417
0.797578
0.797413
0.797511
0.79752
0.797711
0.797822
