5662.81
5906.38
5918.72
5922.47
5917.5
5960.48
5859.66
5959.22
5926.25
5862.42
5907.53
5927.34
5909.38
5951.09
5939.78
5874.26
5908.78
5841
5988.5
5938.5
5952.36
5939.84
5926.22
5922.41
5927.38
5892.03
5957.09
5881.91
5928.66
5922.41
5914.88
5937.5
5932.31
5936.09
5762.79
5877
5888.41
5931.06
5944.38
5944.31
5929.97
5880.66
5987.62
5890.84
5915
5932.28
5974.41
5929.94
5934.81
5883.34
5938.5
5976.41
5936.03
5927.41
5932.41
5884.41
5934.78
5943.12
5954.25
5858.78
5849.61
5924.77
5921.52
5936.09
5880.61
5917.44
5931.09
5927.38
5924.91
5931.06
5922.47
5969.03
5939.78
5935.94
5906.87
5886.84
5939.72
5919.39
5859.06
5935.97
6005.5
5852
5920.06
5985.75
5991
6013
5965.09
5943.81
5911
5904.22
5932.28
5933.53
5964.19
5903.28
5956.5
5908.12
5961.62
5931.09
5892.12
5927.06
5922.66
5955.09
5908.75
5940.97
5916.56
5962.88
5955.84
5931.16
5934.97
5888.75
5929.97
5943.5
5907.91
6025.22
5980.25
