0.708412
0.777141
0.785426
0.791833
0.797104
0.801311
0.804637
0.807162
0.808966
0.811017
0.812074
0.812642
0.813215
0.813564
0.813625
0.813839
0.813723
0.813654
0.813654
0.813375
0.81294
0.812801
0.812413
0.812208
0.812052
0.811758
0.811454
0.810803
0.810607
0.810437
0.810303
0.809923
0.809556
0.809188
0.809182
0.808766
0.808611
0.808463
0.808114
0.80789
0.807974
0.807672
0.807129
0.807006
0.806914
0.806631
0.806332
0.806473
0.806203
0.806021
0.805744
0.805619
0.805339
0.805261
0.805284
0.805527
0.804798
0.804755
0.80484
0.804377
0.804341
0.804425
0.804394
0.803987
0.803979
0.803703
0.80346
0.803695
0.803368
0.803423
0.803508
0.803456
0.803137
0.803056
0.803041
0.802898
0.802912
0.802873
0.802777
0.802566
0.802446
0.802543
0.802516
0.802327
0.802394
0.802253
0.80253
0.80204
0.801901
0.802282
0.802052
0.801652
0.801597
0.801822
0.80168
0.802127
0.801527
0.801583
0.801633
0.801522
0.801584
0.801398
0.801469
0.801428
0.801442
0.801198
0.8012
0.801198
0.801269
0.801089
0.800996
0.800931
0.801017
0.801189
0.801045
