57.8372
59.875
59.8833
59.8842
59.876
59.887
59.8869
59.889
59.8705
59.8965
59.8993
59.8912
59.889
59.8895
59.8884
59.8874
59.8842
59.8983
59.8899
59.8944
59.8837
59.8869
59.8875
59.8828
59.9083
59.899
59.898
59.8921
59.892
59.8835
59.8882
59.8929
59.8925
59.8788
59.8864
59.8922
59.8895
59.9035
59.8868
59.9013
59.9085
59.8973
59.8951
59.9029
59.8922
59.896
59.8791
59.9093
59.8975
59.894
59.8959
59.8999
59.8795
59.872
59.8858
59.9007
59.8889
59.8866
59.8876
59.8788
59.9012
59.8848
59.8907
59.8878
59.8911
59.8782
59.8873
59.8838
59.8739
59.888
59.9005
59.8934
59.8974
59.893
59.8896
59.8869
59.8914
59.8917
59.8913
59.878
59.8825
59.8903
59.8909
59.8809
59.8961
59.8944
59.8947
59.8915
59.8943
59.9044
59.8941
59.8868
59.8808
59.8974
59.8798
59.8929
59.8793
59.8827
59.868
59.892
59.9078
59.8846
59.8788
59.8893
59.8957
59.8936
59.8985
59.8988
59.8976
59.8996
59.8866
59.874
59.8834
59.8927
59.8914
