160
158.084
157.165
156.389
155.729
155.165
154.68
154.261
153.895
153.569
153.288
153.037
152.807
152.595
152.4
152.218
152.049
151.889
151.74
151.598
151.462
151.33
151.204
151.082
150.964
150.855
150.748
150.643
150.538
150.437
150.339
150.245
150.156
150.066
149.975
149.889
149.807
149.727
149.651
149.573
149.499
149.431
149.362
149.292
149.225
149.158
149.093
149.028
148.969
148.911
148.852
148.795
148.741
148.682
148.625
148.574
148.53
148.48
148.432
148.386
148.339
148.297
148.255
148.216
148.175
148.136
148.095
148.055
148.02
147.981
147.947
147.917
147.886
147.855
147.824
147.795
147.765
147.737
147.71
147.684
147.656
147.629
147.604
147.581
147.556
147.534
147.512
147.494
147.472
147.45
147.434
147.416
147.394
147.372
147.355
147.335
147.32
147.3
147.282
147.262
147.247
147.236
147.219
147.203
147.19
147.178
147.165
147.151
147.139
147.128
147.117
147.103
147.089
147.076
147.066
