77.3333
75.4129
74.6342
74.0142
73.521
73.1316
72.8283
72.5941
72.415
72.2764
72.1836
72.1184
72.0718
72.0422
72.0266
72.02
72.0233
72.0323
72.0477
72.0676
72.0896
72.1112
72.1355
72.1596
72.1846
72.2143
72.243
72.2708
72.2935
72.3177
72.3419
72.3675
72.393
72.416
72.4352
72.4574
72.4788
72.5001
72.5236
72.5426
72.5626
72.5865
72.607
72.6234
72.641
72.6571
72.6729
72.6851
72.7036
72.7198
72.7341
72.7473
72.7612
72.77
72.7792
72.7922
72.811
72.821
72.8318
72.8445
72.8528
72.8642
72.8757
72.8888
72.8975
72.9076
72.9142
72.9199
72.9294
72.9347
72.9432
72.955
72.9656
72.9738
72.981
72.9893
72.9956
73.0035
73.0119
73.0196
73.0242
73.0288
73.0354
73.0427
73.0478
73.0546
73.0608
73.0709
73.0752
73.0791
73.0888
73.095
73.0961
73.0967
73.1025
73.1043
73.1129
73.1137
73.1164
73.1182
73.1224
73.1294
73.1315
73.1342
73.1385
73.1441
73.1465
73.1492
73.1523
73.1568
73.1603
73.1606
73.1598
73.1608
73.1653
