1305.05
988.121
1043.39
1078.81
1089.97
1047.31
1073.81
1141
1049.81
1072.53
1133.88
1053.25
1075.03
948.129
1080.03
1116.69
1106.29
1089.91
1073.84
1081.03
1034.69
1001.78
1063.94
1077.59
1087.5
1073.91
1082.53
1076.61
1090
1076.38
1077.87
1082.53
1166.59
1077.5
1087.34
1075.03
1139.77
1039.56
1058.94
1073.78
1070.16
1087.38
1078.69
1113.23
1054.12
1077.59
1121.5
1081.71
1078.84
1076.31
1027.22
1070.16
1114.38
1076.34
1078.81
1071.38
1081.31
1067.69
1044.78
1117.75
1053.16
965.406
1067.66
1028.41
1084.19
1125.48
1049.81
1110.72
1082.56
1198.81
1034.66
1064.03
1076.38
1081.25
1072.59
1110.69
1046.09
1076.31
1067.69
1078.75
1072.59
1096.97
1092.41
1076.55
1018.73
1075.09
1127.97
1062.75
1081.22
1068.94
1038.66
1083.75
1125.44
1073.88
1008.03
1025
1026.31
1077.74
1134.27
1065.19
1075.09
1076.31
981.161
1073.28
1185.28
1028.12
1071.39
995.394
1090.88
1065.13
1073.81
1086.22
1067.66
1082.53
1042.38
