0.708068
0.729706
0.722866
0.717418
0.712744
0.709184
0.706025
0.703893
0.701805
0.700094
0.698467
0.697626
0.696855
0.695906
0.695378
0.69499
0.694513
0.694419
0.694045
0.693875
0.693948
0.694076
0.694082
0.694028
0.693895
0.694097
0.694096
0.694236
0.694235
0.694274
0.694451
0.694471
0.694772
0.694775
0.695118
0.695035
0.695065
0.69506
0.695392
0.695484
0.695612
0.695663
0.696028
0.695862
0.695815
0.6961
0.696051
0.696301
0.696216
0.696408
0.696659
0.696464
0.696814
0.696924
0.697041
0.696971
0.697077
0.697083
0.697185
0.697129
0.697337
0.697368
0.697404
0.697474
0.697497
0.697506
0.697501
0.697691
0.697813
0.697917
0.697793
0.697977
0.697961
0.69794
0.698057
0.698223
0.698161
0.698276
0.698302
0.698147
0.698286
0.698183
0.698466
0.698411
0.698634
0.698568
0.698558
0.698542
0.698816
0.698887
0.698646
0.69882
0.698845
0.698703
0.698847
0.69889
0.698767
0.698829
0.698811
0.698899
0.699045
0.699007
0.699082
0.69913
0.699121
0.699345
0.699045
0.699321
0.699101
0.699296
0.699248
0.699367
0.699363
0.699257
0.699147
