57.9036
59.8751
59.8909
59.8868
59.8935
59.8874
59.8911
59.8945
59.8955
59.8962
59.8703
59.9005
59.8908
59.8877
59.8907
59.8957
59.8869
59.887
59.8817
59.8938
59.9183
59.9026
59.8967
59.8912
59.8903
59.8976
59.9157
59.8994
59.8967
59.8903
59.9004
59.8927
59.8825
59.8994
59.9035
59.8919
59.8909
59.8852
59.8931
59.8867
59.8802
59.895
59.8983
59.8933
59.9032
59.8944
59.8858
59.8788
59.8773
59.8721
59.906
59.895
59.894
59.8976
59.8914
59.8987
59.8892
59.8874
59.9144
59.9019
59.8968
59.8948
59.8928
59.9149
59.8916
59.8858
59.8934
59.8868
59.8838
59.89
59.8941
59.8894
59.8904
59.8844
59.8991
59.8956
59.8884
59.8909
59.8931
59.8889
59.8863
59.8815
59.8808
59.8898
59.8953
59.8957
59.8817
59.8775
59.8921
59.8898
59.8817
59.8995
59.889
59.8857
59.8816
59.884
59.8722
59.872
59.8782
59.8742
59.876
59.8726
59.8834
59.8736
59.8781
59.8827
59.8797
59.8863
59.8821
59.8856
59.8926
59.8811
59.8867
59.8739
59.8797
