5694.95
6011.88
5956.61
5921.19
5910.03
5952.69
5926.19
5859
5950.19
5927.47
5866.12
5946.75
5924.97
6051.87
5919.97
5883.31
5893.71
5910.09
5926.16
5918.97
5965.31
5998.22
5936.06
5922.41
5912.5
5926.09
5917.47
5923.39
5910
5923.62
5922.13
5917.47
5833.41
5922.5
5912.66
5924.97
5860.23
5960.44
5941.06
5926.22
5929.84
5912.62
5921.31
5886.77
5945.88
5922.41
5878.5
5918.29
5921.16
5923.69
5972.78
5929.84
5885.62
5923.66
5921.19
5928.62
5918.69
5932.31
5955.22
5882.25
5946.84
6034.59
5932.34
5971.59
5915.81
5874.52
5950.19
5889.28
5917.44
5801.19
5965.34
5935.97
5923.62
5918.75
5927.41
5889.31
5953.91
5923.69
5932.31
5921.25
5927.41
5903.03
5907.59
5923.45
5981.27
5924.91
5872.03
5937.25
5918.78
5931.06
5961.34
5916.25
5874.56
5926.12
5991.97
5975
5973.69
5922.26
5865.73
5934.81
5924.91
5923.69
6018.84
5926.72
5814.72
5971.88
5928.61
6004.61
5909.12
5934.87
5926.19
5913.78
5932.34
5917.47
5957.62
