3867
5873
5952
5912.5
6243.5
5952
5952
5932.5
5952
6011.5
5972
5932
5853.5
5972
5932
5873
5972
5932.5
5912.5
5932.5
5853
5833.5
6224
5932.5
5893
5912.5
5913
5913
5912.5
5912.5
5932.5
5932.5
5699.5
5972
5972
5972
6051
5893
5992
5972
5972
5972
5992
5932.5
6031.5
5952
5833.5
5991.5
5952
5952
5932.5
5873
5991.5
5971.5
5952
5972
5952
5971.5
5853.5
5971.5
6031
6051
5912.5
5932
5991.5
5952
5932.5
5991.5
5932.5
5932.5
5952
5912.5
5932
5892.5
6011.5
5932.5
5952
5952
5932.5
5873
5952
6011.5
5932
5873
5952
5972
5972
5932.5
5853
5952
5952
5932.5
6011.5
5952
5991.5
5952.5
5952
5952
5912.5
5992
5853.5
5991.5
5932
6145
5893
5972
5972
5972
5972
5972
5446
