60.218464
59.917854
59.901535
59.892704
59.902241
59.882561
59.873856
59.883362
59.883232
59.870110
59.855713
59.844482
59.872929
59.904930
59.906719
59.896030
59.907745
59.867264
59.876160
59.886627
59.913471
59.894173
59.890049
59.895008
59.910431
59.914047
59.880833
59.889793
59.876289
Control Period
59.875168
59.869598
59.879265
59.860863
59.871647
59.869473
59.868641
59.908897
59.859901
59.888000
Control Period
59.865761
59.912003
59.893150
59.859711
59.886528
59.901600
59.898048
59.910400
Control Period
59.910210
59.907616
59.909088
59.869858
59.904930
59.866848
59.871391
59.877056
59.864159
Control Period
59.884224
59.898781
59.902397
59.865631
59.882816
59.900864
59.918720
59.894207
Control Period
59.863197
59.868481
59.892639
59.878944
59.895489
59.904385
59.899136
59.897217
Control Period
59.895042
59.901344
59.892128
59.908352
59.895008
59.880672
59.870178
59.886368
Control Period
59.890434
59.896637
59.882141
59.912704
59.884705
59.885727
59.905090
59.898941
Control Period
59.886497
59.886749
59.906593
59.886528
59.884640
59.895935
59.904381
59.912640
Control Period
59.910500
59.908958
59.879166
59.871456
59.898270
59.905373
59.912735
59.883453
Control Period
59.868896
59.855743
59.895523
59.866112
59.886463
59.866783
59.858688
59.864159
Control Period
59.897633
59.892319
59.886272
59.896385
59.912254
59.898018
59.920959
59.896351
Control Period
59.895164
59.899586
59.911774
59.900192
59.879326
59.894081
59.879517
59.861473
Control Period
59.876289
59.889214
59.889442
59.862560
59.866463
59.879715
59.910080
59.911491
59.904064
Control Period
59.895840
59.893600
59.888767
59.868996
59.886559
59.864098
59.904289
59.886623
59.927105
Control Period
59.925667
59.879776
59.910461
59.891838
59.892319
59.876259
59.906364
59.888451
59.890495
Control Period
59.887615
59.847458
59.904129
59.898464
59.875359
59.919006
59.876450
Control Period
59.883873
59.897377
59.903358
59.857758
59.912735
59.856640
59.888607
59.895905
Control Period
59.886909
59.874496
59.883617
59.877022
59.904579
59.872162
59.870270
59.894241
59.871971
Control Period
59.905823
59.889313
59.904736
59.900352
59.889854
59.891071
59.885887
59.883713
Control Period
59.891869
59.896255
60.045631
59.931904
59.904255
59.890877
59.891743
59.913155
59.899231
Control Period
59.903809
59.899170
59.884575
59.931873
59.905312
59.895519
59.908066
59.891518
59.903648
Control Period
59.911327
59.886818
59.909184
59.898781
59.884705
59.918560
59.900959
59.863037
59.888607
Control Period
59.885857
59.885406
59.869438
59.926750
59.894463
59.888832
59.890560
59.891232
Control Period
59.906975
59.891838
59.884544
59.871712
59.925087
59.872734
59.875458
59.893822
Control Period
59.877281
59.875423
59.910271
59.901955
59.877377
59.893280
59.906368
59.908066
59.928673
Control Period
59.923199
59.905571
59.932861
59.921440
59.943295
59.914978
59.879166
59.905151
Control Period
59.887104
59.900032
59.917824
59.900608
59.886848
59.895294
59.890911
59.916992
59.913311
Control Period
59.922493
59.895042
59.892769
59.861279
59.899616
59.914433
59.878082
59.893471
Control Period
59.916641
59.921890
59.887199
59.865215
59.871010
59.888641
59.859329
59.895294
59.907681
Control Period
59.907005
59.904831
59.905853
59.919136
59.899651
59.898304
59.873566
59.894463
Control Period
59.893024
59.902847
59.896927
59.865379
59.918530
59.891106
59.884605
59.889282
Control Period
59.887489
59.899681
59.872128
59.866463
59.888096
59.893890
59.895805
59.856094
59.873505
Control Period
59.882175
59.901215
59.934017
59.917313
59.902206
59.890686
59.892513
59.901344
Control Period
59.909218
59.888542
59.907135
59.897503
59.916767
59.885887
59.920509
59.902046
Control Period
59.872223
59.891907
59.885056
59.875137
59.914658
59.893215
59.888416
59.913315
59.893150
Control Period
59.881760
59.868225
59.886978
59.918144
59.896317
59.919617
59.865250
59.879005
Control Period
59.885086
59.891106
59.882111
59.889153
59.884254
59.868000
59.893921
59.898590
59.880383
Control Period
59.883488
59.866882
59.895393
59.851265
59.888000
59.938145
59.908257
59.913727
Control Period
59.886108
59.913055
59.869312
59.903679
59.868832
59.902206
59.876705
59.873314
59.857761
Control Period
59.875713
59.880768
59.887779
59.885086
59.876450
59.871201
59.893665
59.893471
Control Period
59.891006
59.897408
59.877056
59.870430
59.896545
59.910816
59.900993
59.915939
59.904320
Control Period
59.913631
59.867104
59.917503
59.894207
59.898941
59.904449
59.909344
59.875393
Control Period
59.891327
59.913185
59.891747
59.881859
59.886082
59.903267
59.872353
59.917377
59.882080
Control Period
59.913921
59.888062
59.910912
59.889694
59.896225
59.900703
59.942528
59.880547
59.906528
Control Period
59.899136
59.908703
59.906174
59.879105
59.881504
59.900963
59.890144
59.879745
59.903839
Control Period
59.879776
59.901760
59.913216
59.902401
59.847549
59.882111
59.874115
Control Period
59.879936
59.864899
59.876030
59.874817
59.913727
59.871296
59.878975
59.868065
59.881058
Control Period
59.882812
59.885506
59.900993
59.881950
59.858784
59.867840
59.881439
59.858753
Control Period
59.861343
59.858879
59.870785
59.858463
59.890686
59.864189
59.891006
59.875618
59.878113
Control Period
59.891106
59.898304
59.881569
59.935360
59.929440
59.910271
59.900288
59.899231
59.908192
Control Period
59.908577
59.905602
59.876896
59.885857
59.903107
59.898109
59.891521
59.890079
Control Period
59.887810
59.910851
59.927231
59.902752
59.869122
59.907234
59.866142
59.909859
59.865089
Control Period
59.885475
59.887199
59.911362
59.906944
59.905602
59.872833
59.878494
59.916065
59.914146
Control Period
59.886688
59.886177
59.890369
59.898979
59.879745
59.895359
59.892189
59.902115
Control Period
59.922783
59.888802
59.905376
59.885406
59.915550
59.880737
59.900063
59.882561
59.906654
Control Period
59.878174
59.877953
59.886147
59.879360
59.913826
59.897026
59.887329
59.893761
Control Period
59.874016
59.861374
59.880638
59.889534
59.879906
59.876259
59.917442
59.901535
59.906113
Control Period
59.907806
59.936478
59.892353
59.919968
59.922592
59.929089
59.892288
Control Period
59.890625
59.892929
59.909309
59.891518
59.917603
59.948448
59.909058
59.874817
59.882847
59.891232
Control Period
59.876896
59.897598
59.877407
59.894974
59.895615
59.898369
59.902496
59.943935
59.889854
Control Period
59.926109
59.903069
59.884640
59.886658
59.886909
59.886848
59.894463
59.889793
Control Period
59.892929
59.883934
59.875458
59.879871
59.887775
59.891872
59.916992
59.908672
59.897598
Control Period
59.906464
59.910110
59.940323
59.915939
59.924641
59.923134
59.918304
59.884125
59.911201
Control Period
59.877052
59.885986
59.917343
59.925507
59.878689
59.893696
59.870560
59.884285
Control Period
59.899681
59.888222
59.881950
59.892990
59.879486
59.883808
59.890114
59.870430
Control Period
59.901760
59.866047
59.897152
59.896065
59.912193
59.887138
59.901760
59.885315
Control Period
59.888512
59.867554
59.891518
59.886589
59.875488
59.895805
59.899841
59.891296
59.884129
Control Period
59.882141
59.863586
59.885441
59.876736
59.895294
59.889248
59.895840
59.882240
Control Period
59.908066
59.881439
59.905853
59.885696
59.929825
59.860802
59.892830
59.866177
59.879745
Control Period
59.895966
59.897377
59.895714
59.852829
59.878845
59.892033
59.925793
59.893696
59.914303
59.927937
Control Period
59.895393
59.892349
59.875008
59.900063
59.879009
59.861603
59.902946
59.870304
Control Period
59.895294
59.891197
59.898430
59.889023
59.889599
59.871231
59.885635
59.903072
Control Period
59.898109
59.882496
59.879646
59.867165
59.881088
59.861603
59.894753
59.896385
59.897949
Control Period
59.897758
59.876190
59.929764
59.902306
59.902657
59.904736
59.895874
59.883774
Control Period
59.898430
59.909599
59.920288
59.877632
59.883488
59.897507
59.902782
59.908417
59.862366
Control Period
59.881153
59.886944
59.880608
59.873920
59.881569
59.904610
59.894016
59.904320
Control Period
59.893600
59.874596
59.903358
59.894142
59.894943
59.889854
59.897026
59.878208
59.892670
Control Period
59.886784
59.896736
59.885887
59.905022
59.898941
59.889729
59.896446
59.885441
Control Period
59.884064
59.911713
59.901760
59.917183
59.883011
59.877182
59.892639
59.843296
59.890591
Control Period
59.865345
59.891201
59.885506
59.891037
59.896416
59.903358
59.880737
59.872192
Control Period
59.851425
59.882401
59.872032
59.889248
59.869408
59.887299
59.880257
59.909855
59.891907
Control Period
59.894783
59.873985
59.868126
59.882912
59.879360
59.899231
59.870750
59.891838
59.866051
Control Period
59.876419
59.863586
59.890945
59.891357
59.915489
59.889854
59.879486
59.911362
Control Period
59.875328
59.869469
59.918751
59.917919
59.889984
59.905731
59.901184
59.901985
59.877792
Control Period
59.884800
59.899231
59.903168
59.912354
59.893761
59.907326
59.879105
59.900383
59.881119
Control Period
59.878914
59.877983
59.883297
59.895008
59.891518
59.889153
59.855743
Control Period
59.881538
59.872673
59.873409
59.881981
59.850273
59.882656
59.886978
59.883488
59.884415
Control Period
59.846657
59.910301
59.899776
59.911613
59.893570
59.860863
59.900894
59.913475
Control Period
59.883171
59.903198
59.889408
59.900608
59.886909
59.889984
59.886623
59.878559
59.907005
Control Period
59.868191
59.887009
59.869152
59.884354
59.885471
59.866562
59.885921
Control Period
59.910179
59.914753
59.896320
59.885696
59.895874
59.893150
59.902306
59.897408
Control Period
59.917503
59.884094
59.885536
59.887650
59.910431
59.868607
59.872704
59.885441
Control Period
59.884354
59.897121
59.869759
59.875809
59.891808
59.883648
59.869667
59.911968
59.887135
Control Period
59.873085
59.877762
59.895168
59.880512
59.895008
59.861954
59.898499
59.870911
Control Period
59.863937
59.892738
59.884735
59.887650
59.907169
59.897984
59.875618
59.862049
Control Period
59.873631
59.887230
59.878944
59.856575
59.872162
59.878242
59.866333
59.864609
Control Period
59.868576
59.890335
59.870750
59.863201
59.860386
59.846977
59.888992
59.886623
Control Period
59.892448
59.890079
59.877602
59.891457
59.863358
59.864544
59.865341
59.880703
Control Period
59.871841
59.908989
59.876705
59.863457
59.881184
59.877602
59.853920
59.859745
59.879520
Control Period
59.877922
59.876320
59.881184
59.856800
59.906784
59.862591
59.862720
59.880447
Control Period
59.858017
59.864227
59.867714
59.873055
59.853088
59.898689
59.876480
59.889885
Control Period
59.871361
59.868286
59.904739
59.887871
59.902786
59.887810
59.864258
59.879776
Control Period
59.852673
59.877407
59.895489
59.879265
59.855072
59.862206
59.892349
59.874241
59.880066
Control Period
59.865150
59.907360
59.867966
59.885120
59.879677
59.860733
59.878845
Control Period
59.883167
59.857632
59.901920
59.887871
59.864769
59.898079
59.866333
59.893539
59.890976
Control Period
59.920609
59.901085
59.881344
59.880898
59.866913
59.869152
59.864098
59.858398
59.874687
Control Period
59.872414
59.855808
59.893471
59.879486
59.922050
59.886398
59.893120
59.888031
59.876640
Control Period
59.878815
59.904770
59.889954
59.879517
59.890144
59.865120
59.883808
59.870590
Control Period
59.889984
59.899261
59.866814
59.868866
59.874752
59.895073
59.898495
59.891232
Control Period
59.893471
59.875263
59.899651
59.894016
59.903008
59.885315
59.885506
59.901665
59.895744
Control Period
59.860962
59.887390
59.872864
59.884640
59.909729
59.866814
59.891136
59.875298
Control Period
59.889122
59.894337
59.888222
59.889313
59.891075
59.893951
59.858658
59.888992
59.897697
Control Period
59.866142
59.860832
59.856354
59.874908
59.872513
59.876221
59.872963
59.887390
Control Period
59.899261
59.870209
59.893215
59.870174
59.867424
59.891392
59.866337
59.871651
Control Period
59.837570
59.873119
59.842209
59.846527
59.844734
59.852608
59.864609
59.845085
59.850910
59.832481
59.843903
59.832031
59.850975
59.829758
59.845055
59.832832
59.837215
59.825630
59.839806
59.832001
59.838623
59.831936
59.839104
59.810112
59.832321
59.844769
59.854782
59.864449
59.863327
59.849022
59.857887
59.828835
59.851360
59.859104
59.856640
59.845345
