3847.5
5873
5892.5
6144.5
6608
6150
6051
5754.5
5972
6031.5
5991.5
6011.5
5952
5952
6051
5991.5
5971.5
6164.5
5814
6204
6051
6130
6011.5
6209.5
5971.5
6051
6130.5
5798.5
6051
6011.5
6011.5
6125
5952.5
6051
5893
6011.5
5873
6090.5
6071
6031
5952
5912.5
6031
6031
6051
6303
5893
5853
6011.5
5991.5
5952
6011.5
6051
6070.5
6362.5
6090.5
6071
6105
5952.5
5952
6011.5
6011
6085.5
6070.5
5932.5
6046
6051
5992
6337.5
5952
5952
5932.5
6125
6051
6011
6204
5912.5
5893
5952
6130
5972
6110.5
5972
5972
6051
5893
5932.5
6224
5857.5
6165
6184.5
5991.5
6046
6144.5
5873
5932
6145
6011.5
6031
6051
5991.5
5952.5
6011.5
6071
5794
5972
6090.5
6006.5
6051
5952
