0.709218
0.715631
0.737207
0.75455
0.764083
0.767696
0.769943
0.763631
0.765423
0.766986
0.76633
0.761519
0.76149
0.764767
0.756421
0.755515
0.756301
0.758165
0.751742
0.760935
0.76306
0.753903
0.757956
0.760914
0.761395
0.76263
0.769109
0.759921
0.756785
0.762255
0.762047
0.770775
0.771266
0.76785
0.769735
0.759617
0.758625
0.76065
0.754241
0.760796
0.762738
0.757052
0.752537
0.759899
0.761583
0.760605
0.766483
0.763342
0.761517
0.757319
0.752664
0.757957
0.762784
0.759918
0.755928
0.760318
0.762457
0.766971
0.767624
0.766036
0.755589
0.75209
0.755355
0.759856
0.764039
0.769082
0.765318
0.764318
0.758532
0.760209
0.764892
0.766937
0.756433
0.753335
0.760526
0.759957
0.7613
0.759659
0.767283
0.767549
0.763458
0.755112
0.764238
0.756934
0.759177
0.758933
0.773183
0.767058
0.764298
0.765437
0.7645
0.758833
0.751735
0.756818
0.761072
0.761339
0.76449
0.766943
0.759636
0.755085
0.756409
0.756459
0.757164
0.756216
0.760273
0.753954
0.760846
0.761642
0.7565
0.761684
0.758384
0.765395
0.763666
0.770819
