0.708206
0.731085
0.739401
0.747414
0.760168
0.757079
0.757231
0.74726
0.746885
0.759541
0.754646
0.763177
0.758405
0.75735
0.75499
0.748765
0.753913
0.75058
0.752304
0.75348
0.750928
0.759036
0.754417
0.754796
0.753107
0.759725
0.756588
0.750875
0.748258
0.752655
0.75233
0.760254
0.757411
0.750836
0.765943
0.75756
0.758756
0.758227
0.755354
0.750246
0.757544
0.752985
0.755965
0.749139
0.757986
0.755439
0.757932
0.766631
0.758291
0.749874
0.751042
0.755114
0.75967
0.751103
0.746837
0.751753
0.771578
0.759438
0.754416
0.775558
0.751166
0.760664
0.754993
0.74601
0.757895
0.759697
0.76031
0.773249
0.753404
0.759233
0.759335
0.760584
0.756762
0.757613
0.751261
0.753872
0.746938
0.756357
0.759306
0.763759
0.753948
0.756255
0.74644
0.752516
0.760643
0.762132
0.758794
0.761378
0.752163
0.748954
0.739945
0.766382
0.757948
0.754504
0.760558
0.752547
0.759294
0.759051
0.757421
0.751347
0.753364
0.75215
0.747495
0.754166
0.751557
0.765198
0.756052
0.748711
0.754296
0.751799
0.759262
0.752008
0.756616
0.759381
