60.249279
59.924706
59.904255
59.964226
59.933727
59.908993
59.917568
59.923042
59.904099
59.901695
59.922207
59.915073
59.928062
59.913631
59.923584
59.895008
59.919998
59.912224
59.938881
59.919647
59.939297
59.912640
59.953728
59.941246
59.965538
59.937279
59.948387
59.899200
59.940865
Control Period
59.940033
56.821213
58.702621
59.938530
59.924831
59.936737
59.920704
59.914593
Control Period
60.452354
59.934242
59.919037
59.918175
59.898655
64.851936
59.963646
59.920929
Control Period
60.946976
59.914112
64.913437
59.942432
59.952927
64.440002
60.941566
60.430786
59.911934
Control Period
59.900703
61.912384
63.279423
64.616737
61.753151
59.946045
64.305603
61.062691
65.088196
Control Period
64.540573
62.488029
59.898178
63.460831
61.304482
64.544159
64.681534
61.705315
Control Period
62.907425
61.849342
60.342911
60.100349
59.912735
64.868416
60.520256
59.919998
60.616673
Control Period
62.557762
63.768478
64.316666
59.924927
60.110241
61.176254
64.847389
64.144318
Control Period
62.455521
60.252670
59.923168
60.843681
64.756317
64.484604
63.167679
64.670784
Control Period
67.168159
64.862274
63.422207
64.915619
59.943649
59.921089
60.252289
59.923840
59.944511
Control Period
64.559174
60.681633
60.248257
64.774559
64.464958
61.505314
64.717468
64.480705
Control Period
63.367393
60.780739
60.688320
59.954079
61.942719
63.986687
64.775551
59.954689
62.045662
Control Period
64.818047
63.538273
60.958717
59.935776
61.435875
62.757057
64.169502
64.786560
Control Period
60.252865
59.913151
62.131680
60.592064
59.932926
61.144638
64.496063
64.101570
Control Period
59.927967
63.740868
59.953438
64.517120
59.922047
62.799583
59.942978
Control Period
68.303741
59.914497
59.891872
64.101280
59.920097
64.668320
59.918465
63.896832
Control Period
59.903744
64.151520
62.003872
59.939423
65.169189
64.678047
59.911232
59.927490
64.845215
Control Period
64.681732
59.930401
59.932449
64.791649
59.930466
60.671135
59.930561
59.905025
Control Period
59.884674
64.689186
59.927040
64.448196
59.920387
64.759392
59.912865
64.556259
Control Period
59.923553
61.813408
62.651646
64.536385
59.935455
60.844803
64.625443
Control Period
59.895489
60.090977
65.625694
61.546593
59.935715
64.131714
61.929119
Control Period
60.938271
59.908287
63.350914
60.224159
61.053726
62.706753
59.907265
64.408798
59.890846
Control Period
66.117630
59.922493
64.448547
59.935776
64.806786
59.928513
60.242496
62.638077
59.897633
Control Period
63.745026
59.923935
61.990623
62.930878
64.223747
59.907360
61.512447
64.931168
Control Period
63.674850
59.943840
59.929825
64.841309
65.119965
60.003777
59.919777
61.527069
Control Period
63.007519
60.224579
59.920418
62.022335
63.058403
64.320740
62.243362
59.903778
59.909058
Control Period
60.461216
63.053120
64.508064
61.088547
63.191933
59.909473
61.383999
59.903229
Control Period
62.185410
62.620735
63.195137
59.910656
62.791069
63.611267
61.451073
64.679871
Control Period
63.951744
63.768990
62.995201
59.945213
61.510078
64.889343
59.919712
64.698563
Control Period
61.568863
59.908478
64.736671
64.832291
60.155197
60.631775
61.406944
65.123520
Control Period
64.926498
59.897888
61.827839
63.432674
64.130661
59.915939
60.399296
61.715137
Control Period
64.702591
65.176735
61.788609
62.877537
59.917023
60.643745
61.768192
60.079582
Control Period
60.054718
64.375870
63.616096
60.645630
59.931198
59.917282
59.920990
59.937119
Control Period
60.248512
62.466526
62.776478
59.926304
62.135742
65.298431
63.450401
64.842590
63.092098
Control Period
61.881729
60.195778
59.906113
59.937119
59.948383
59.946594
59.919392
61.379074
63.360931
Control Period
59.912224
62.139648
63.412865
64.591454
64.834976
63.775871
62.239906
Control Period
60.893059
59.931358
64.370270
63.231487
59.932671
59.900127
64.357185
Control Period
64.685120
59.914558
62.424126
63.596096
61.795425
59.910526
59.981983
64.831200
Control Period
59.937859
64.763748
59.934242
64.885887
60.398819
64.792831
63.758720
60.099041
64.865791
Control Period
60.978527
59.928898
63.527069
63.803169
59.923744
61.541885
64.560577
62.571777
Control Period
65.005920
59.992928
62.603554
63.336990
63.798752
62.407486
60.877216
59.901985
59.902111
Control Period
59.936768
64.146591
63.872444
59.938972
61.895519
64.419098
59.924416
Control Period
60.777409
64.897156
59.901695
59.914783
59.898655
64.803360
59.932159
60.305534
Control Period
59.924606
64.696800
59.917183
60.755074
64.794846
59.921345
64.833824
59.932098
64.190559
Control Period
59.951553
61.439713
64.850723
59.905182
65.072609
62.756096
59.902752
61.693439
60.118080
59.887390
Control Period
61.750114
63.206303
59.950943
59.915455
64.854172
62.925026
62.415649
Control Period
60.397121
64.123398
59.908478
61.857441
64.856476
64.178368
61.636482
Control Period
61.990051
59.888031
62.145470
65.404320
59.903458
60.278591
62.485214
Control Period
64.038078
59.914848
62.617729
64.590691
59.923454
62.104126
60.015137
59.903297
Control Period
62.256004
61.943489
60.764961
63.503361
59.939457
64.732002
59.918526
Control Period
62.463135
62.503296
59.920990
62.786819
61.419712
64.421829
60.404640
59.924290
59.902306
Control Period
64.617500
59.924671
63.756287
61.131393
62.303165
59.955872
59.914398
60.583458
Control Period
62.444160
59.898079
63.112930
64.959778
60.767841
59.911453
60.212639
61.033058
Control Period
63.041954
64.010208
59.918434
61.729343
64.714462
59.898911
60.473698
Control Period
64.192253
59.883072
64.498047
59.924767
64.424706
59.922497
64.309021
59.925697
64.832161
Control Period
59.934784
59.908546
62.153538
63.506401
64.921219
61.219170
59.885216
63.837662
64.016068
Control Period
61.995296
62.646976
59.900291
59.903679
60.245983
63.401825
62.748993
59.882812
62.980606
Control Period
63.027779
64.742523
63.964130
62.547234
64.489662
62.275230
64.419456
62.405502
Control Period
60.610817
59.933762
62.706402
60.240067
59.904575
64.742844
64.264069
64.349022
Control Period
63.818207
59.890114
59.915230
59.917854
60.168671
60.872032
59.937981
59.903870
Control Period
60.555298
59.896866
64.859650
60.625694
64.748764
61.405411
63.222591
63.444641
61.128799
Control Period
65.828896
59.885506
64.680862
59.902847
61.722687
59.880577
63.898144
59.883488
Control Period
64.778847
61.676414
59.880798
61.755009
59.913437
60.299679
63.598755
59.870785
59.883457
Control Period
60.336288
64.975266
59.887455
64.567581
64.608795
59.903427
64.011261
Control Period
62.693443
65.058464
62.529312
64.088837
64.690941
63.937027
59.929153
61.852898
60.802753
64.515778
Control Period
63.260929
59.936127
61.253471
64.059845
64.720901
62.983871
63.759171
Control Period
64.975677
64.785408
64.323166
63.629761
63.298752
63.185249
61.820255
64.677055
64.623291
Control Period
61.010338
59.884800
59.875648
60.531425
61.644192
63.478271
60.412800
61.796669
Control Period
68.080002
63.448383
60.754463
59.879166
65.030876
64.550980
59.911968
59.888672
Control Period
64.730652
59.895485
63.143425
63.408512
59.916451
59.904930
59.898270
64.134689
Control Period
59.873951
60.460960
64.239647
59.897282
59.892769
62.076641
62.357727
63.722496
Control Period
63.518272
62.270817
64.370430
65.271515
59.915424
60.387009
59.920639
63.452286
Control Period
67.192764
59.919743
64.701088
59.890400
59.890205
60.972351
64.871811
59.899296
63.375328
Control Period
65.084198
61.162975
64.335777
61.583618
59.908447
64.573669
59.905632
60.630943
Control Period
64.634430
59.919266
60.651104
64.942780
60.410591
59.934528
60.316643
64.631622
Control Period
62.063168
63.614174
64.470657
65.025536
60.220222
64.499100
62.555103
59.937569
Control Period
64.800766
63.132290
59.942337
62.319710
64.502754
59.910530
64.488380
Control Period
59.917282
65.232193
60.278175
65.140831
59.902275
61.649536
60.433060
59.935745
64.813187
Control Period
64.703430
63.292862
59.920513
62.378815
64.677567
62.287392
59.904541
64.771332
Control Period
62.694111
60.154526
62.392609
63.382496
59.923008
61.524960
63.657249
59.910110
Control Period
60.674110
61.958626
64.714531
59.954880
65.142746
60.953728
59.898270
Control Period
68.568039
63.238464
61.591202
64.771553
63.282784
59.922016
62.199104
59.907646
Control Period
65.404861
61.281311
59.900192
64.513565
61.466690
59.912479
64.584641
61.642208
Control Period
59.921600
64.979424
61.149536
59.940254
62.887585
59.927040
64.743301
63.715485
Control Period
64.622238
64.524994
61.220703
59.912514
61.737854
63.709953
59.895584
61.553345
59.942627
Control Period
64.913986
64.535805
59.901119
59.894432
59.922337
59.910271
64.055679
65.130814
Control Period
61.770782
59.901634
62.075455
64.637955
64.175873
60.543518
64.915840
61.833443
Control Period
64.302879
61.845184
64.585022
64.755455
61.103424
64.086716
59.939232
60.813057
Control Period
63.979935
63.527969
64.693893
61.632927
62.168129
63.402878
59.982975
63.454559
Control Period
64.669571
64.667747
63.313087
64.881569
61.101345
62.726814
61.684418
Control Period
64.439011
64.706978
64.681213
64.173889
62.814499
64.886528
63.804962
62.592064
Control Period
60.653248
61.874626
63.019615
64.316605
59.920097
64.086555
62.913055
Control Period
59.973885
59.894142
64.789665
59.902115
59.879551
63.556831
61.202656
59.900162
Control Period
64.278015
59.887970
61.899136
64.493919
60.073921
59.915649
62.620255
59.885056
Control Period
64.499138
61.064640
62.476578
64.480804
59.914337
59.917091
64.555710
Control Period
64.687302
64.522018
62.522846
59.937119
59.927330
60.137886
64.782944
59.915840
Control Period
59.968479
59.908958
59.923645
62.591011
64.609245
65.075165
59.945953
60.824192
Control Period
61.722656
59.928638
59.900639
63.043037
64.801468
63.889824
Control Period
59.930557
59.911583
61.655746
62.755203
64.760223
63.409439
59.920288
62.510460
64.656029
Control Period
64.914879
59.939072
65.184097
60.833633
63.985634
63.325981
59.911713
Control Period
61.912960
59.946846
59.963169
62.839199
59.924355
64.675003
59.944290
64.425346
Control Period
59.956963
62.291615
61.939133
59.931458
63.176064
61.605888
59.920578
63.519424
Control Period
65.804672
60.679840
63.142914
63.320545
60.632416
64.681152
59.941727
62.315903
59.907455
Control Period
64.241730
62.549919
59.895489
64.243263
63.911964
62.391907
59.913280
Control Period
59.959618
64.243515
63.416447
62.909218
59.922112
64.383453
59.928482
Control Period
63.006561
59.896446
61.558079
64.625763
59.910496
61.379135
65.193825
59.938271
61.451679
64.916100
Control Period
64.887108
64.780510
64.497314
59.902878
62.259426
61.478722
59.901886
60.986786
Control Period
64.416199
60.426048
59.968929
64.385315
61.716129
60.000450
62.766655
64.738434
Control Period
63.540253
59.933533
62.280899
64.027939
65.064995
63.621887
59.922173
60.704193
Control Period
61.875328
59.888962
59.913277
63.027554
62.939838
59.939487
64.993889
Control Period
59.949280
59.917664
59.911133
62.244987
64.282753
64.744705
64.653313
63.799843
59.942112
Control Period
62.249153
64.786781
62.532097
64.849091
64.957214
64.025055
62.692802
60.097664
Control Period
62.255745
59.924194
59.952675
61.880577
64.906944
64.644836
64.723358
59.947647
61.908512
63.248032
Control Period
63.376862
59.933090
62.188957
61.355103
64.358147
62.936958
59.926498
63.583042
Control Period
68.665123
68.687744
68.628036
68.650658
68.586655
68.602142
68.618011
68.688927
68.648224
68.631714
68.682266
68.643875
68.665665
68.641663
68.633568
68.597054
68.591904
68.571198
68.581375
68.548576
68.667618
68.583740
68.572037
68.533020
68.571426
68.556610
68.546692
