80
74.3304
69.8002
66.2268
63.5548
61.6939
60.5074
59.8412
59.5597
59.5351
59.6758
59.9203
60.2203
60.5417
60.88
61.2175
61.5506
61.8759
62.1974
62.5021
62.8006
63.0898
63.3678
63.6385
63.9029
64.1616
64.4106
64.6514
64.8873
65.1195
65.34
65.5598
65.7745
65.9834
66.1921
66.3895
66.5843
66.7753
66.9679
67.1486
67.3253
67.5019
67.6761
67.8415
68.0067
68.1661
68.3262
68.4802
68.6309
68.7785
68.9235
69.058
69.197
69.3268
69.4536
69.5799
69.7016
69.8175
69.9318
70.0468
70.1571
70.2606
70.3629
70.4641
70.5592
70.655
70.7457
70.8321
70.9158
70.9996
71.0799
71.1577
71.2341
71.3073
71.3797
71.4497
71.5157
71.5806
71.6431
71.7002
71.7579
71.8111
71.8676
71.9184
71.9661
72.0108
72.0532
72.0976
72.1438
72.1879
72.2281
72.2668
72.3005
72.338
72.3741
72.4065
72.4371
72.4669
72.4963
72.5205
72.5478
72.5739
72.6033
72.6263
72.6502
72.6752
72.6991
72.7186
72.7377
72.7565
72.7735
72.7891
72.8065
72.8221
72.835
