60
53.1429
47.3555
42.5525
38.7095
35.7631
33.5945
32.0548
30.9999
30.2905
29.8211
29.5167
29.3189
29.1848
29.1037
29.0531
29.0256
29.014
29.019
29.0264
29.0457
29.0713
29.0988
29.1335
29.1728
29.2169
29.261
29.3062
29.3552
29.4068
29.4538
29.5067
29.5603
29.6144
29.672
29.7242
29.7775
29.8322
29.891
29.9427
29.9938
30.0474
30.1014
30.1503
30.2011
30.2489
30.3008
30.3502
30.3969
30.4435
30.4898
30.5278
30.5742
30.6115
30.6486
30.6884
30.7235
30.7556
30.7877
30.8234
30.8553
30.8832
30.9121
30.9412
30.9658
30.9923
31.0157
31.0382
31.0589
31.0808
31.1015
31.1223
31.1407
31.1582
31.177
31.1953
31.2102
31.2261
31.2397
31.2494
31.262
31.2715
31.2856
31.2949
31.3026
31.3083
31.3131
31.321
31.3332
31.3432
31.3502
31.3569
31.3602
31.3684
31.3754
31.3801
31.3845
31.3887
31.3932
31.3943
31.3984
31.4023
31.4099
31.4117
31.4155
31.4202
31.4245
31.4249
31.4259
31.4287
31.4291
31.4292
31.432
31.4332
31.4322
