57.5557
58.5595
58.5579
58.5477
58.5679
58.5649
58.5404
58.5565
58.5489
58.5446
58.5604
58.5608
58.5449
58.5604
58.557
58.5563
58.5551
58.5792
58.5621
58.5661
58.5661
58.5662
58.5582
58.5653
58.5721
58.5654
58.5585
58.5566
58.5686
58.5482
58.559
58.562
58.5531
58.5724
58.5469
58.5523
58.5477
58.5733
58.5413
58.5406
58.5547
58.5612
58.5396
58.5536
58.5526
58.5589
58.5475
58.5586
58.5574
58.565
58.5427
58.5549
58.5556
58.5457
58.5488
58.5584
58.545
58.5535
58.5569
58.564
58.5429
58.5454
58.5557
58.5462
58.5614
58.5548
58.5373
58.5462
58.5544
58.5498
58.5419
58.5645
58.5587
58.5601
58.5593
58.5592
58.5601
58.5709
58.5588
58.5617
58.5508
58.5667
58.5634
58.5508
58.552
58.5511
58.5564
58.5571
58.5652
58.5652
58.5632
58.5499
58.5661
58.5674
58.5584
58.5539
58.5532
58.557
58.5404
58.5582
58.5533
58.5735
58.5556
58.5592
58.5729
58.576
58.5666
58.5637
58.5583
58.5598
58.5518
58.557
58.5606
58.5514
58.5406
