58.852928
25.218143
25.218624
25.226879
25.212481
25.221632
25.217024
25.223488
25.225697
25.211617
25.221409
25.231071
25.221855
25.210464
25.230911
25.229504
25.240128
25.226719
25.202240
25.232929
25.212193
25.203903
25.247648
25.231903
25.206848
25.208321
25.170944
25.154785
25.192833
25.173985
25.187551
25.152800
25.175007
25.169344
25.166048
25.156479
25.146240
25.195137
25.173824
25.167999
25.154272
25.144703
25.151073
25.173664
25.181377
25.168608
25.156929
25.165665
25.170176
25.176479
25.177408
25.153664
Control Period
25.145409
25.203840
25.170752
25.167553
25.173569
25.149088
25.151489
25.167553
25.150337
25.167679
25.169407
25.168545
25.164577
25.165855
25.160831
Control Period
25.165184
25.186592
25.161087
25.166847
25.186464
25.167969
25.173664
25.159231
25.170143
25.155840
25.176609
25.189888
25.163361
25.175201
Control Period
25.175167
25.169344
25.151936
25.161407
25.154272
25.154720
25.161087
25.151585
25.153217
25.168320
25.162529
25.178080
25.160706
25.159296
Control Period
25.155361
25.167328
25.165184
25.177120
25.184288
25.164064
25.173473
25.173088
25.169601
25.153919
25.156193
25.160801
25.173792
Control Period
25.168640
25.167423
25.156097
25.156353
25.167809
25.174145
25.162624
25.171585
25.166016
25.160608
25.199713
25.165825
Control Period
25.182369
25.164831
25.184479
25.160288
25.153984
25.149120
25.170591
25.180447
25.171360
25.155457
25.189568
25.166206
25.150976
25.156769
Control Period
25.154848
25.174496
25.177025
25.190496
25.180704
25.179136
25.179134
25.146847
25.154016
25.160831
25.175264
25.158207
25.169664
25.167616
Control Period
25.169888
25.178272
25.158112
25.151936
25.159424
25.177921
25.178177
25.168991
25.160385
25.160864
25.169632
25.167521
25.155104
Control Period
25.170080
25.193056
25.160706
25.150753
25.174944
25.187008
25.159168
25.148384
25.161247
25.173313
25.174944
25.155777
25.156769
25.165409
Control Period
25.177504
25.149185
25.153633
25.151968
25.166719
25.169407
25.180576
25.166656
25.225056
25.171009
25.170719
25.174080
25.160896
25.179840
25.164448
Control Period
25.172066
25.157120
25.170849
25.193249
25.166561
25.182655
25.189888
25.147808
25.178688
25.191744
25.178848
25.169121
25.169762
25.163200
Control Period
25.159233
25.175104
25.156704
25.151585
25.161503
25.165728
25.192959
25.172192
25.163328
25.174240
25.162176
25.149824
25.151455
25.158464
Control Period
25.179394
25.169472
25.192320
25.162560
25.176577
25.169186
25.170303
25.172482
25.171488
25.150753
25.172800
25.161440
25.170689
Control Period
25.179745
25.177185
25.161280
25.160896
25.171455
25.176607
25.181503
25.167456
25.164799
25.163136
25.167393
25.154016
25.174305
Control Period
25.183807
25.178112
25.189472
25.158848
25.168705
25.179104
25.174751
25.172960
25.177376
25.161472
25.163809
25.147840
25.164192
Control Period
25.162785
25.184704
25.170914
25.152897
25.148033
25.165056
25.187744
25.188065
25.176672
25.161888
25.165472
25.159615
25.165600
25.171167
Control Period
25.178558
25.165730
25.172224
25.188032
25.182335
25.163231
25.159935
25.192736
25.173697
25.160671
25.161217
25.171871
25.177216
25.165089
25.162720
Control Period
25.176544
25.157761
25.160959
25.174721
25.169281
25.181824
25.174112
25.165791
25.167328
25.173409
25.169439
25.151903
25.152288
25.157215
Control Period
25.167456
25.184864
25.182528
25.165440
25.172928
25.171265
25.178177
25.158913
25.163200
25.164320
25.184000
25.178080
25.166784
Control Period
25.176224
25.157345
25.166145
25.183231
25.172417
25.157984
25.158400
25.174847
25.162912
25.174335
25.188448
25.172417
25.198112
Control Period
25.183872
25.174271
25.161280
25.173759
25.159040
25.181217
25.172224
25.168224
25.180864
25.157665
25.148417
25.139904
25.165089
25.172993
25.171968
Control Period
25.173120
25.158337
25.161663
25.170815
25.174561
25.195808
25.181953
25.157089
25.177824
25.189121
25.162336
25.164192
25.177120
Control Period
25.168865
25.190048
25.179710
25.163008
25.160767
25.185791
25.160927
25.154560
25.157888
25.185728
25.190752
25.167458
25.172096
Control Period
25.172256
25.185600
25.151392
25.190239
25.157280
25.160641
25.164543
25.196705
25.187263
25.166431
25.163200
25.186146
25.180128
25.165825
25.175041
25.179520
Control Period
25.179039
25.179520
25.168800
25.186623
25.161888
25.160225
25.169983
25.167358
25.169601
25.196545
25.168192
25.166336
25.158016
25.179039
Control Period
25.154015
25.155201
25.167393
25.179359
25.178497
25.165728
25.158176
25.213440
25.183456
25.182112
25.172096
25.157921
25.152800
Control Period
25.172703
25.178848
25.159264
25.162975
25.194912
25.184158
25.168289
25.168449
25.167936
25.179840
25.172352
25.177408
25.204800
25.150911
25.172192
Control Period
25.159424
25.151392
25.181280
25.178816
25.188992
25.185921
25.174305
25.171135
25.181023
25.172672
25.167042
25.150112
25.167839
25.167616
Control Period
25.169567
25.171680
25.161663
25.167553
25.155424
25.157280
25.167904
25.158560
25.155807
25.156704
25.161217
25.172096
25.168865
25.173759
Control Period
25.177952
25.171135
25.172672
25.170496
25.147423
25.161184
25.178272
25.188351
25.170912
25.148289
25.168159
25.162689
25.172001
Control Period
25.151360
25.163809
25.193855
25.176128
25.158207
25.156319
25.179649
25.168095
25.163647
25.173985
25.185984
25.162689
25.178816
25.164576
25.155169
Control Period
25.148224
25.164703
25.174528
25.163937
25.176575
25.174431
25.190624
25.152256
25.186367
25.168865
25.172928
25.166943
25.176033
25.166306
Control Period
25.179008
25.145664
25.162336
25.176384
25.189280
25.161600
25.199039
25.173632
25.161793
25.157728
25.170528
25.185247
25.170433
25.153378
25.159679
Control Period
25.161057
25.184544
25.174335
25.152672
25.198753
25.148544
25.157471
25.161953
25.183647
25.177185
25.153440
25.161856
25.167423
Control Period
25.167328
25.160929
25.153023
25.146721
25.158913
25.173153
25.177151
25.158207
25.150528
25.165249
25.163168
25.172735
25.156734
25.191105
Control Period
25.149664
25.168865
25.154432
25.163776
25.182175
25.171616
25.178783
25.165375
25.157696
25.172672
25.172960
25.177856
25.175873
25.153152
Control Period
25.175776
25.164928
25.152767
25.160927
25.179487
25.162785
25.210911
25.151295
25.162560
25.199841
25.165535
25.179392
25.165665
Control Period
25.156864
25.184416
25.174976
25.182400
25.172417
25.164448
25.149216
25.169472
25.156832
25.166241
25.140928
25.148800
25.180544
25.175488
Control Period
25.164352
25.152641
25.164192
25.169760
25.157408
25.165504
25.165215
25.155008
25.172735
25.160095
25.193184
25.140255
25.154655
25.181503
25.162048
Control Period
25.158401
25.153183
25.191423
25.165089
25.157984
25.143616
25.147263
25.163136
25.173759
25.165791
25.153759
25.163807
25.201920
25.160641
Control Period
25.152897
25.175392
25.155840
25.148960
25.168865
25.164993
25.178432
25.148670
25.161119
25.180031
25.170208
25.166529
25.167263
25.162529
25.170017
Control Period
25.163296
25.166624
25.155712
25.161312
25.160288
25.149792
25.152927
25.143456
25.166496
25.173120
25.172544
25.156992
25.163424
Control Period
25.188608
25.175488
25.155487
25.145887
25.163872
25.170879
25.149246
25.182655
25.165279
25.160606
25.144800
25.150368
25.151680
25.152832
Control Period
25.163967
25.151648
25.162336
25.162912
25.145985
25.149408
25.154591
25.167072
25.178688
25.153696
25.175552
25.157921
25.161728
25.144447
Control Period
25.157505
25.167168
25.174431
25.169600
25.170528
25.153088
25.168705
25.169086
25.157665
25.203617
25.157600
25.152031
25.159073
25.191902
Control Period
25.179071
25.161087
25.160801
25.185472
25.156544
25.145855
25.177921
25.186625
25.172417
25.171808
25.177824
25.170719
25.176991
25.181248
25.155807
Control Period
25.150240
25.149792
25.166784
25.173504
25.160671
25.169247
25.158047
25.185247
25.162975
25.145824
25.181824
25.164127
25.168640
Control Period
25.152704
25.165825
25.164768
25.162048
25.172382
25.180321
25.140575
25.158016
25.195871
25.187489
25.156544
25.153759
25.157505
25.199966
Control Period
25.179775
25.150558
25.159008
25.196705
25.165184
25.176319
25.164448
25.171616
25.166176
25.190048
25.181538
25.154049
25.174208
Control Period
25.166271
25.168192
25.157536
25.153313
25.171232
25.157951
25.162399
25.158049
25.154144
25.166977
25.175936
25.157663
25.161535
25.152191
Control Period
25.169281
25.194847
25.153473
25.220222
25.187775
25.191265
25.159584
25.154688
25.190016
25.202591
25.175167
25.167072
25.163200
25.167168
25.162369
Control Period
25.174145
25.183617
25.159967
25.157600
25.162111
25.165119
25.162687
25.173313
25.199936
25.154112
25.144577
25.152096
25.164320
Control Period
25.144608
25.167233
25.143072
25.181183
25.161793
25.178112
25.149088
25.151009
25.189663
25.155937
25.171040
25.185726
25.164864
25.175007
25.154209
Control Period
25.155169
25.170654
25.166527
25.163712
25.240833
25.164608
25.179647
25.160641
25.190849
25.168865
25.157984
25.176960
25.158527
Control Period
25.168545
25.169439
25.152863
25.151360
25.155584
25.183424
25.159168
25.157665
25.164768
25.174305
25.171841
25.144897
25.154240
25.166977
Control Period
25.140768
25.161568
25.165056
25.155903
25.154272
25.171200
25.178944
25.196224
25.161793
25.159584
25.161663
25.150528
25.167839
25.153696
Control Period
25.183681
25.186848
25.149696
25.150623
25.168129
25.164543
25.169439
25.156513
25.169825
25.175232
25.138336
25.149824
25.151169
25.150848
Control Period
25.163231
25.175167
25.186081
25.170815
25.154593
25.160576
25.175873
25.165119
25.153313
25.174305
25.162975
25.188385
25.174816
25.170879
Control Period
25.157631
25.176609
25.184065
25.156416
25.155872
25.148960
25.157471
25.205376
25.177567
25.169697
25.161247
25.169601
25.160671
25.143135
25.166016
Control Period
25.160225
25.154432
25.176609
25.167616
25.145313
25.163328
25.179873
25.188736
25.164577
25.170528
25.164833
25.142399
25.164062
25.170240
Control Period
25.188545
25.165312
25.150017
25.157951
25.156193
25.153152
25.172287
25.172096
25.176064
25.159649
25.166496
25.167233
25.172287
Control Period
25.163712
25.151840
25.167360
25.157600
25.161697
25.164673
25.171711
25.207424
25.182432
25.176224
25.157408
25.173153
25.166847
25.163200
25.157984
Control Period
25.148415
25.156929
25.177824
25.177824
25.168865
25.146240
25.171265
25.179968
25.153439
25.162174
25.160351
25.173504
25.173439
25.146881
Control Period
25.163486
25.162271
25.174688
25.167168
25.158047
25.153343
25.170752
25.164959
25.171295
25.156033
25.160641
25.168192
25.159424
25.149471
Control Period
25.164288
25.179455
25.172543
25.148928
25.174686
25.155617
25.174591
25.149536
25.156288
25.171841
25.172544
25.143265
25.161793
Control Period
25.174784
25.201920
25.170752
25.170017
25.159328
25.162273
25.167519
25.186081
25.159361
25.146624
25.157345
25.191072
25.166817
25.144447
25.168961
Control Period
25.161152
25.171871
25.156448
25.147327
25.173985
25.171745
25.177248
25.161217
25.169121
25.166401
25.170368
25.167999
25.150593
25.166016
Control Period
25.160767
25.177408
25.178177
25.157728
25.165089
25.176865
25.142689
25.153536
25.153023
25.165375
25.163744
25.163616
25.185568
25.171360
Control Period
25.179359
25.155329
25.163136
25.165760
25.177216
25.166721
25.159519
25.160831
25.161633
25.170080
25.180801
25.165344
25.191391
Control Period
25.201120
25.168705
25.165154
25.164383
25.173023
25.171745
25.191135
25.164192
25.177311
25.162687
25.164192
25.164833
25.175873
Control Period
25.169121
25.153473
25.156895
25.159584
25.147936
25.178560
25.158144
25.163486
25.171169
25.153631
25.154848
25.172096
25.168480
25.161953
Control Period
25.170273
25.152031
25.155231
25.186207
25.171425
25.148544
25.157410
25.179710
25.167681
25.179071
25.149824
25.171072
25.166752
25.176256
Control Period
25.182144
25.165249
25.148800
25.199425
25.180161
25.149376
25.158752
25.173183
25.183680
25.171680
25.160769
25.166367
25.192320
25.171841
25.148417
Control Period
25.171488
25.166656
25.170176
25.190079
25.162464
25.177471
25.196960
25.173985
25.162529
25.167135
25.170496
25.185728
25.171776
25.163488
Control Period
25.162048
25.189602
25.163586
25.166977
25.155422
25.180031
25.160769
25.175072
25.198368
25.157505
25.157408
25.180576
25.169247
25.168640
Control Period
25.168320
25.158752
25.178272
25.232609
25.176064
25.177729
25.174465
25.178753
25.158783
25.168575
25.151360
25.159296
25.160543
25.179296
Control Period
25.170113
25.165216
25.170719
25.173344
25.185665
25.184929
25.181377
25.149857
25.148544
25.152351
25.169184
25.175423
25.171520
Control Period
25.162144
25.187424
25.152927
25.151424
25.150753
25.169920
25.164192
25.180607
25.162048
25.169920
25.173153
25.173088
25.149952
25.148449
Control Period
25.158239
25.169121
25.167488
25.174721
25.171072
25.160641
25.165632
25.184223
25.169024
25.198719
25.156321
25.147488
25.200993
25.170753
Control Period
25.170208
25.146912
25.149088
25.154049
25.185921
25.175808
25.165920
25.165056
25.168991
25.169920
25.164673
25.165665
25.179073
25.178368
Control Period
25.182369
25.179359
25.179073
25.172735
25.163937
25.158207
25.181759
25.177504
25.170303
25.174015
25.168575
25.179199
25.172832
25.153759
Control Period
25.147999
25.153152
25.160255
25.178368
25.166527
25.161280
25.193377
25.172928
25.146015
25.152031
25.167168
25.179775
25.216160
Control Period
25.194208
25.143167
25.145855
25.154175
25.184160
25.141888
25.153952
25.169502
25.184353
25.166145
25.162689
25.168192
25.156929
25.194656
25.166241
Control Period
25.147392
25.154305
25.178242
25.183968
25.185345
25.171776
25.159840
25.154272
25.148417
25.142433
25.155840
25.170593
25.158464
Control Period
25.154625
25.161440
25.179810
25.155840
25.150528
25.164448
25.159489
25.159714
25.163807
25.177919
25.169601
25.154911
25.160255
25.145727
Control Period
25.182272
25.157631
25.147362
25.148033
25.157728
25.158560
25.170975
25.170689
25.163486
25.170784
25.172512
25.155201
25.163040
Control Period
25.159008
25.199200
25.162464
25.179873
25.177567
25.167583
25.162912
25.171009
25.168575
25.180801
25.168575
25.166367
25.166880
25.180639
Control Period
25.175743
25.162720
25.198240
25.176769
25.170975
25.157408
25.137217
25.159168
25.165344
25.165089
25.177151
25.157728
25.164513
25.195679
25.168705
Control Period
25.148064
25.157696
25.187519
25.179136
25.179970
25.158337
25.163200
25.166176
25.166176
25.176992
25.154079
25.166431
25.200226
Control Period
25.154209
25.154848
25.154528
25.170176
25.164417
25.182911
25.177280
25.177631
25.171360
25.173759
25.187840
25.149504
25.150784
Control Period
25.151936
25.166880
25.150784
25.159935
25.165920
25.172737
25.185823
25.147873
25.144833
25.183617
25.186943
25.172417
25.154272
25.185728
25.164896
25.168097
Control Period
25.170975
25.150944
25.170273
25.207680
25.177729
25.155136
25.164640
25.164257
25.152704
25.177887
25.193600
25.187359
25.169664
25.183487
25.150558
Control Period
25.157600
25.166656
25.163040
25.160288
25.167263
25.201952
25.197697
25.177025
25.143585
25.162273
25.185856
25.154976
25.172737
Control Period
25.164257
25.187519
25.160351
25.145952
25.171200
25.186623
25.178848
25.161407
25.147041
25.180161
25.163010
25.168129
25.180992
25.166882
Control Period
25.164288
25.181248
25.168224
25.159649
25.149761
25.177727
25.185505
25.177761
25.176128
25.170176
25.167648
25.171936
25.172447
Control Period
25.162048
25.179232
25.178017
25.185312
25.165567
25.152960
25.161121
25.163744
25.173056
25.162304
25.172031
25.159264
25.170593
25.173952
Control Period
25.176064
25.153889
25.180897
25.175680
25.162018
25.186337
25.163040
25.177761
25.169344
25.174911
25.165888
25.157471
25.159554
25.154305
Control Period
25.170433
25.154625
25.158497
25.153280
25.177601
25.157761
25.143904
25.207710
25.199713
25.179775
25.149090
25.159489
25.160961
25.182592
Control Period
25.175167
25.158720
25.177088
25.182688
25.155968
25.156321
25.173920
25.173281
25.189888
25.160160
25.155361
25.171520
25.156258
Control Period
25.166111
25.175425
25.165535
25.170433
25.152161
25.198849
25.186016
25.148830
25.148895
25.158401
25.166111
25.163937
25.182335
25.157120
25.175200
Control Period
25.161953
25.159039
25.193377
25.184895
25.159456
25.171009
25.207489
25.160864
25.155361
25.174335
25.172768
25.175808
25.172577
25.161823
25.186687
Control Period
25.165825
25.140192
25.157440
25.189056
25.175680
25.155169
25.192513
25.173599
25.147873
25.157215
25.171135
25.172066
25.161087
25.167776
Control Period
25.176289
25.183968
25.170624
25.153696
25.156096
25.169888
25.168800
25.171745
25.151039
25.181120
25.173344
25.159615
25.176064
25.178337
Control Period
25.156960
25.161057
25.173824
25.180031
25.185888
25.181313
25.163425
25.171680
25.177216
25.177856
25.154591
25.160511
25.151552
25.177441
Control Period
25.166206
25.179264
25.156576
25.165472
25.168831
25.181793
25.175840
25.154625
25.154079
25.177311
25.179712
25.177185
25.170879
25.153952
Control Period
25.170656
25.165600
25.163424
25.155266
25.180384
25.170433
25.160065
25.151169
25.181376
25.172031
25.155424
25.166527
25.174911
Control Period
25.173409
25.162720
25.154751
25.153023
25.183552
25.158337
25.177568
25.152224
25.173952
25.152481
25.169823
25.179968
25.168800
Control Period
25.160000
25.181217
25.170784
25.163584
25.164738
25.195744
25.191616
25.180992
25.153664
25.152927
25.180256
25.178335
25.154016
25.160992
25.201248
Control Period
25.156704
25.164543
25.178593
25.162497
25.194401
25.150272
25.161728
25.159615
25.171200
25.163296
25.167583
25.158049
25.180641
25.159679
Control Period
25.154207
25.155552
25.169312
25.163839
25.169281
25.162464
25.172256
25.168289
25.175072
25.177824
25.151360
25.169151
25.160192
Control Period
25.174528
25.175200
25.157631
25.163744
25.159233
25.181759
25.177631
25.165951
25.162624
25.166912
25.159424
25.158207
25.198463
25.171167
Control Period
25.170048
25.152641
25.142464
25.170336
25.165152
25.166048
25.181824
25.182369
25.166304
25.180096
25.176159
25.160480
25.168768
25.170528
25.177919
Control Period
25.166721
25.152767
25.172895
25.165951
25.157984
25.154079
25.158047
25.174305
25.169024
25.153088
25.151520
25.169857
25.179680
25.167360
Control Period
25.163296
25.158560
25.157888
25.178879
25.180191
25.147041
25.168512
25.176128
25.165695
25.180065
25.177727
25.159489
25.176064
25.159489
Control Period
25.160961
25.160576
25.169472
25.149506
25.152447
25.178495
25.156319
25.170559
25.145248
25.169983
25.145376
25.162336
25.148449
25.164223
25.157471
25.166527
25.157024
25.170496
25.153152
25.165249
25.144417
25.169088
25.153984
25.172928
25.154816
25.166880
25.147648
25.167007
25.151136
25.161568
25.148575
25.168865
25.148895
25.154016
25.146656
25.160896
25.148384
25.164288
25.148672
25.162945
25.156193
25.184353
25.146656
25.163521
25.151745
25.162239
25.137665
25.157345
25.144577
25.171841
25.516449
25.342655
