56.7762
56.8499
56.0758
56.0675
56.6642
56.4158
56.8839
56.3454
56.8054
56.6278
56.6227
56.4413
56.7287
56.4334
57.0234
56.7622
56.4596
56.7688
56.909
56.011
56.4899
56.9991
56.788
56.7915
56.8461
56.7904
56.5449
56.7483
56.5814
56.9029
56.621
56.5871
56.9736
56.5747
56.8617
56.6639
56.6816
56.8398
57.1934
56.6622
56.7575
56.6773
56.5931
56.6248
56.6665
56.7142
56.9324
56.7245
56.8698
56.8453
56.8996
56.8352
56.6287
56.9719
56.5649
56.4735
56.8698
56.8327
56.8162
56.5578
56.7796
56.9232
56.6789
56.4599
56.8567
57.1124
56.6611
56.8038
56.8765
56.7188
57.0037
56.7522
56.7098
56.9241
56.3233
56.9607
56.4817
56.8986
56.0212
56.4697
56.3891
56.6629
57.1651
56.6167
56.9588
56.9319
57.135
56.6697
56.5459
56.9541
57.2716
56.9507
56.4442
56.782
56.5541
56.938
56.5864
56.6389
56.9049
56.9563
57.0049
57.0286
56.9376
56.6342
56.824
57.0165
57.0176
57.015
56.6675
57.0205
56.5702
56.7399
56.6966
57.0758
