1220.43
202.533
-71.9668
-28.5
-27.7666
-84.3667
66.5669
-41.5171
6.2002
41.2334
-42.4331
95.9653
-56.0967
-10.8276
-75.5
-8.43311
31.2998
59.8965
67.5
-25.0332
-220.931
73.5518
-9.22559
-63.8335
163.586
12.6333
-25.6553
-22.6665
62.2002
-24.9668
4
-58.5
-4.24121
4.1001
40.6895
86.8667
-177.367
-80.0669
62.2666
32.4829
50.2998
71.4331
-32.8276
14.2666
-118.7
0.799805
51
-37.3335
-1.55176
-67.3335
61.9668
1.55176
31.9033
50.9668
28.8667
-144.633
120.333
6.8335
27.5
-114.167
-37.3105
86.7002
-10.4668
18.6333
-140.448
40.9668
89.5669
3.3335
-64.4331
5.96533
-44.7998
48
-35.1333
64.6206
88.5669
-17.4331
15.1333
45.9668
-123.069
-29.9668
-77.0332
-42.207
87.2998
-32.7666
-10.0332
-87.793
2.2998
92.6665
37.6333
183.323
90.1001
-68.1333
-109.035
-63.2334
15.6001
41.8276
-6.93311
-8.8667
-117.833
-33.1724
80.2334
62.2666
44.0332
-54.7998
32.7241
104.367
-37.5171
-150.677
-64.5171
46.8667
-43.5
47.6001
46.1333
28.4614
