113.292
111.017
109.582
109.56
110.305
110.076
110.713
109.817
110.186
110.417
110.192
110.821
110.025
110.466
109.661
110.681
111.124
110.354
110.283
109.678
109.792
111.591
110.865
110.748
111.338
110.059
110.372
110.051
110.47
110.108
110.144
109.959
110.546
110.825
110.414
109.644
109.771
111.077
110.488
110.765
110.961
110.443
110.08
110.035
110.292
111.223
110.746
110.903
110.125
110.859
110.345
110.941
110.918
111.185
110.467
110.145
111.082
109.581
109.664
110.393
110.668
110.903
110.446
110.966
110.481
110.603
111.111
110.143
110.457
110.799
110.189
111.35
111.013
110.355
110.893
110.043
110.481
110.202
110.058
110.492
111.099
111.408
111.151
111.104
110.616
111.667
110.828
112.295
111.345
110.447
109.749
109.186
109.757
109.698
111.014
109.985
110.164
110.702
110.617
110.482
111.001
110.207
110.674
110.039
110.043
109.976
109.701
109.852
110.375
111.31
111.141
111.142
111.027
110.22
