0.709703
0.710624
0.700947
0.700843
0.708302
0.705197
0.711049
0.704318
0.710068
0.707847
0.707784
0.705516
0.709109
0.705417
0.712793
0.709528
0.705745
0.70961
0.711362
0.700138
0.706124
0.712489
0.70985
0.709894
0.710576
0.70988
0.706811
0.709354
0.707268
0.711286
0.707762
0.707338
0.71217
0.707184
0.710771
0.708298
0.708521
0.710498
0.714918
0.708278
0.709469
0.708467
0.707413
0.70781
0.708331
0.708928
0.711655
0.709056
0.710873
0.710567
0.711245
0.71044
0.707859
0.712148
0.707061
0.705918
0.710872
0.710408
0.710202
0.706972
0.709745
0.71154
0.708486
0.705749
0.710709
0.713905
0.708264
0.710048
0.710957
0.708985
0.712547
0.709403
0.708873
0.711551
0.704042
0.712009
0.706021
0.711232
0.700265
0.705871
0.704863
0.708286
0.714564
0.707709
0.711985
0.711649
0.714187
0.708372
0.706823
0.711926
0.715894
0.711884
0.705552
0.709775
0.706926
0.711725
0.70733
0.707987
0.711312
0.711954
0.712561
0.712858
0.71172
0.707927
0.7103
0.712706
0.71272
0.712688
0.708344
0.712757
0.707128
0.709249
0.708707
0.713448
