0.721985
0.887578
0.914986
0.886538
0.889272
0.909857
0.911866
0.898636
0.90302
0.892479
0.908023
0.897405
0.893151
0.90787
0.890739
0.906086
0.88969
0.907562
0.905497
0.892522
0.88727
0.922942
0.887799
0.902246
0.900476
0.900144
0.904072
0.885036
0.898712
0.887997
0.919026
0.916204
0.892803
0.907449
0.882596
0.898619
0.914599
0.901882
0.896725
0.902416
0.897109
0.900029
0.893541
0.899462
0.904936
0.878931
0.897312
0.922242
0.910191
0.878061
0.920824
0.88701
0.890581
0.912742
0.90291
0.917887
0.879219
0.886226
0.9226
0.893511
0.895952
0.913054
0.880395
0.915864
0.898264
0.901234
0.916739
0.896704
0.88663
0.876956
0.919005
0.894683
0.911851
0.896217
0.887296
0.918668
0.895175
0.899359
0.893466
0.920132
0.882964
0.89768
0.906367
0.886399
0.901109
0.90762
0.910135
0.908531
0.887591
0.895159
0.903245
0.889146
0.893931
0.908121
0.918227
0.900161
0.879829
0.902172
0.905281
0.89103
0.916792
0.889068
0.903673
0.898379
0.911584
0.897527
0.9063
0.887412
0.89292
0.906676
0.899757
0.897551
0.887517
0.91232
