160
136.245
142.059
146.728
149.934
153.19
153.48
153.707
155.473
154.93
154.848
153.929
154.379
153.649
154.16
154.752
154.543
153.499
154.193
154.065
153.941
153.407
153.033
154.3
154.553
154.248
153.375
153.786
153.616
153.791
154.224
153.941
153.704
153.724
154.192
154.01
153.775
154.016
154.211
154.025
153.282
152.731
153.189
153.497
153.563
153.71
153.828
153.777
153.336
153.269
154.071
153.588
153.478
152.929
153.797
154.341
153.751
154.242
155.032
154.179
153.894
154.361
154.133
155.046
155.307
154.501
154.216
153.761
153.492
153.539
153.584
153.351
153.239
153.707
153.299
153.818
153.829
153.597
154.2
155.133
153.874
154.995
155.317
154.902
154.822
154.897
154.816
154.168
154.578
154.164
154.195
153.822
153.858
153.878
154.288
154.458
154.124
154.319
154.154
153.361
153.52
153.526
154.989
155.415
155.87
155.185
153.701
154.462
154.841
155.286
154.69
155.174
154.299
154.712
