57.7588
62.4063
67.534
68.4606
68.4835
69.8733
71.3749
71.0675
71.986
71.218
71.7817
71.0777
70.6367
71.7626
70.807
71.5335
70.1058
70.7789
71.4348
70.3533
69.3878
71.2423
70.2573
70.9865
70.9325
70.7982
70.8575
69.6495
69.7305
68.8564
70.4606
71.4077
70.3797
71.3382
69.9154
70.0529
71.1314
70.8614
70.8544
70.877
70.3079
70.4956
69.9772
70.1504
70.6962
69.047
69.2611
70.911
71.0231
69.508
71.6486
70.2343
69.4681
70.2851
70.3718
72.2306
70.333
69.5236
71.6337
70.5885
70.2738
71.4928
69.7885
71.6446
71.3979
71.3435
72.2396
71.6861
70.4189
69.0386
70.6927
70.0735
71.1548
70.5686
69.6555
71.3213
70.3691
70.5368
70.5619
72.1992
70.6453
71.1541
71.4779
70.1679
70.3333
70.8302
71.5075
71.9774
71.2222
70.5925
70.7733
69.8437
69.5651
70.3539
71.6739
71.419
69.9735
70.6825
70.9034
69.7487
71.1443
70.2247
71.4858
71.1396
71.8535
71.2348
71.6301
71.0331
70.5335
71.0692
71.0217
70.7258
69.6598
71.096
