0.709619
0.905265
0.91372
0.917489
0.919223
0.895232
0.901903
0.906359
0.897314
0.901143
0.897089
0.902626
0.890925
0.904672
0.90318
0.903532
0.89318
0.901802
0.903036
0.899857
0.897134
0.894362
0.905516
0.902372
0.899148
0.896222
0.902687
0.899121
0.900894
0.903348
0.898432
0.90049
0.897569
0.90274
0.898784
0.899051
0.903735
0.898719
0.900724
0.89763
0.894649
0.903429
0.901037
0.899017
0.900313
0.899731
0.900573
0.900369
0.895979
0.903843
0.897376
0.901333
0.898931
0.905872
0.899173
0.895554
0.903859
0.904154
0.895924
0.898834
0.902024
0.898004
0.903387
0.900714
0.895967
0.90183
0.897194
0.90051
0.898039
0.901694
0.897685
0.898427
0.904505
0.896793
0.903417
0.903013
0.896916
0.89922
0.907033
0.890097
0.903798
0.904311
0.898393
0.900573
0.90131
0.899516
0.895948
0.899438
0.90116
0.901599
0.897618
0.899912
0.899443
0.902815
0.901266
0.896078
0.899067
0.900362
0.897932
0.901497
0.898272
0.902716
0.904596
0.905344
0.897556
0.890772
0.900639
0.903913
0.904034
0.89512
0.904465
0.894935
0.900128
0.899071
