80
70.3108
73.8087
77.2225
77.0107
76.796
78.2735
79.0837
79.7169
79.798
79.0527
79.2036
79.0871
79.0449
79.4924
78.9478
78.798
77.9879
78.8903
78.8253
78.2037
77.1904
79.1365
78.6776
78.7722
78.652
78.376
78.6968
77.5894
77.5412
76.6688
77.9387
78.8301
78.614
79.2156
77.9562
77.7733
78.5706
79.0146
78.5414
78.3717
78.326
78.3145
77.9916
78.1229
78.558
77.1872
76.8898
78.031
79.1609
77.8092
79.181
78.0031
77.0044
77.9389
78.6922
79.9948
78.4491
77.6433
79.0012
78.4347
78.3007
79.2694
78.2263
79.4843
79.162
78.8007
79.944
79.4231
78.7253
76.923
78.3222
78.0334
78.7405
78.5031
77.6355
78.6093
78.4301
78.9755
78.4661
80.0092
79.2645
78.862
79.1606
78.0519
78.0395
78.568
79.224
80.2422
78.8603
78.3545
78.5515
77.8193
77.472
78.0569
79.3402
79.5308
78.347
78.322
78.2788
77.6014
78.9869
79.1058
79.1866
78.8228
79.3679
79.0357
80.0452
78.9919
78.3843
78.9343
78.7986
78.4885
77.9287
