60.180641
59.869728
59.853500
59.885216
59.900192
59.899647
59.866562
59.873089
59.906464
59.919456
59.900703
59.899071
59.895935
59.883072
59.884125
59.871937
59.895164
59.874817
59.887970
59.881790
59.918144
59.883392
59.876190
59.877121
59.873760
59.877762
59.911552
59.881889
Control Period
64.932991
64.242371
61.715073
59.879456
64.963936
61.322495
60.496098
64.222687
Control Period
66.537567
67.231644
68.517181
66.899261
68.484222
Control Period
68.510590
68.447968
68.541634
68.440445
68.458206
68.371681
68.454079
Control Period
68.464386
68.472832
68.515930
68.473190
68.526138
68.481537
68.450333
Control Period
72.658875
68.478012
69.185631
68.503937
68.802780
71.610847
Control Period
68.487930
69.116669
70.779007
71.562401
72.581406
72.578278
72.951614
72.942146
Control Period
71.192574
69.374687
71.150528
72.098114
72.530045
68.462463
71.245087
72.486786
Control Period
74.463936
72.276291
70.814468
72.376511
69.998596
Control Period
75.259041
70.197250
71.049789
72.456665
68.405212
72.699905
68.458466
72.688194
Control Period
72.716446
70.444092
70.604797
72.454750
72.326721
Control Period
73.054398
72.518272
70.226593
68.473572
71.489700
69.454849
Control Period
72.658112
71.544067
69.784988
68.459396
72.656609
68.504097
69.386627
72.100029
Control Period
74.353699
72.267075
71.352646
72.196091
69.679359
72.958847
68.417862
72.874878
Control Period
71.774658
71.861633
68.412796
72.627518
69.076286
69.347038
72.549026
Control Period
71.457344
71.197250
71.636642
69.384384
72.851044
71.334274
72.873505
Control Period
70.121246
68.910271
71.495201
69.314270
71.331268
68.537476
71.030594
Control Period
72.179749
68.513313
68.532707
70.338463
71.880829
69.856827
72.177216
72.752029
Control Period
72.899872
70.458588
72.568863
70.446945
69.348129
71.686340
72.635132
Control Period
68.580444
68.560196
69.056190
70.312386
72.178947
72.690430
72.847328
68.600510
Control Period
68.529694
68.559174
70.007233
72.020477
69.681473
68.470947
68.445885
Control Period
75.557404
72.364059
68.479584
69.131935
72.698944
68.457626
72.863068
70.385727
71.787292
Control Period
68.522522
68.490082
68.494911
68.497986
69.192581
72.788956
72.758820
71.782814
Control Period
68.881439
72.980453
72.315140
68.604736
72.676704
72.493027
68.954239
Control Period
72.991615
70.069763
71.772224
71.206657
70.488739
68.635902
72.729538
69.565376
70.390244
Control Period
69.163551
72.474564
70.311424
68.556732
70.524231
72.612030
72.352478
71.367996
Control Period
68.501251
68.501183
69.742050
72.384254
73.021057
72.484924
Control Period
68.534302
68.554237
68.536774
70.168198
71.087555
69.269119
72.536194
68.509697
Control Period
72.829987
70.678719
68.888580
68.856827
68.529861
68.599106
69.106560
Control Period
68.508575
68.534752
68.600479
69.739296
68.651260
68.661888
69.048157
Control Period
72.468124
72.644485
70.928032
71.627136
68.482178
68.513885
68.560608
Control Period
70.173340
71.759682
72.951385
68.671387
71.324356
72.506622
72.467422
Control Period
72.614944
68.558105
70.114883
72.672318
68.454819
68.446304
72.551842
69.624741
Control Period
69.890015
72.111969
72.389664
72.394470
72.646942
70.502144
69.431969
Control Period
71.725861
69.901886
69.113373
71.755203
69.786591
68.596100
68.528549
Control Period
72.433441
70.713760
68.569763
68.580833
68.545151
72.957123
68.570465
Control Period
73.283104
72.446564
72.687225
72.332321
69.874786
68.701118
68.594437
Control Period
70.818970
71.393890
71.576065
69.721375
73.031677
69.062653
68.663101
72.623650
Control Period
69.929886
68.640129
69.749573
72.735611
72.505157
71.565948
72.673477
Control Period
69.965286
68.529121
69.595490
71.242493
72.640549
71.492577
68.550529
Control Period
72.425125
68.535965
72.447006
68.519424
72.744186
68.565155
70.675934
Control Period
68.544258
72.512321
69.864960
70.059105
72.917885
68.581055
72.905731
68.579620
Control Period
68.557983
72.915558
69.773407
68.607582
72.259712
68.551422
69.175079
Control Period
69.937889
68.515678
70.980255
72.206467
70.844543
68.564064
70.004135
72.673187
Control Period
72.577888
72.581787
72.118912
69.998207
68.625183
68.505730
68.488960
Control Period
70.146561
68.554398
68.562881
68.552933
69.938530
68.526917
69.560158
Control Period
68.546082
69.279137
68.542267
69.534943
68.590332
70.774597
Control Period
71.041344
72.389824
72.136932
69.525887
72.361572
70.356644
68.564835
Control Period
69.417313
72.703453
71.874626
72.140320
68.594017
72.698013
69.734055
Control Period
72.405533
70.039902
68.531006
68.683929
69.777534
68.591522
68.526947
Control Period
72.156448
68.894531
70.499802
72.590500
71.842972
73.027138
72.528732
Control Period
71.733826
72.035362
72.479424
68.563965
68.751450
68.498810
69.577316
Control Period
68.562820
68.606178
70.163902
68.684708
68.576355
68.573349
73.109024
Control Period
68.669983
73.004898
68.640991
70.885887
68.639778
69.639236
72.514877
Control Period
72.391846
68.599747
69.393021
68.573090
72.546204
70.011841
68.600418
72.858078
Control Period
72.518753
70.621475
72.524223
72.688385
72.553535
72.586563
72.121025
Control Period
72.626465
72.772415
70.927071
68.626495
68.751709
70.016350
68.610435
69.701408
Control Period
68.541412
71.409988
69.034973
70.778816
68.648705
68.550209
Control Period
70.748482
68.675583
70.279938
72.669022
72.951134
72.701729
72.095200
72.948257
Control Period
73.027809
70.741859
71.610947
69.333122
70.542236
68.900963
69.962303
Control Period
68.577759
72.823196
71.776802
70.552193
68.763138
68.559814
68.594398
72.542877
Control Period
72.436928
72.887451
72.353729
69.648773
71.367844
70.045441
70.543686
72.658310
Control Period
69.705185
69.247620
68.682556
69.180420
71.538971
69.212250
70.952133
Control Period
73.712860
71.562271
72.330307
71.198151
69.064804
72.842911
72.658112
69.787750
Control Period
69.133377
73.047455
69.722778
72.784988
70.592667
72.488800
70.868637
72.544159
Control Period
69.728027
69.995102
73.115234
72.999451
71.482819
70.740128
Control Period
72.959106
70.598305
72.591614
72.401886
71.465149
72.701981
72.959267
Control Period
74.078308
72.607910
71.142975
69.997055
68.546272
72.934593
72.495422
Control Period
71.574203
68.599327
72.814178
70.728989
68.589470
70.174332
68.574562
72.295975
Control Period
70.050812
68.600288
68.665565
70.130974
68.604675
68.614433
68.603455
Control Period
69.860992
72.069695
71.409958
69.986969
68.567993
70.382973
72.570053
Control Period
70.417603
68.529152
68.575363
68.556221
68.982941
72.875298
72.578079
70.388794
Control Period
68.480736
70.158203
72.516571
72.660156
72.861252
71.017891
Control Period
72.617050
68.596481
72.273407
68.579201
68.780159
70.434563
72.699234
Control Period
71.004700
68.568771
68.664383
69.755356
72.729858
69.302048
68.594620
68.624130
Control Period
72.923035
71.332443
69.222496
73.063553
72.817947
71.161247
68.728134
Control Period
72.992828
68.637726
72.806137
68.653732
70.256065
70.635651
68.601501
Control Period
69.040283
71.396927
68.510208
72.540283
72.639778
68.565826
72.469925
68.568771
71.099655
Control Period
68.958305
70.374146
72.531776
72.663040
71.730972
68.542976
69.132385
Control Period
72.414459
73.257568
73.092987
71.648804
69.529823
72.895035
72.555588
Control Period
72.709030
68.552513
72.678238
71.570976
68.892380
70.564674
70.913216
69.281281
Control Period
71.795746
72.815392
69.474213
69.444992
72.607971
69.517151
72.423294
Control Period
72.797630
68.680382
72.597664
69.587357
72.727936
71.313919
72.640228
70.041985
Control Period
72.595200
68.861053
69.007713
69.869278
72.399261
70.032639
68.535904
Control Period
69.706497
69.113152
70.870270
72.645660
72.839035
68.574081
68.584579
Control Period
72.883614
72.361252
72.299744
69.631973
68.527740
68.551010
71.556030
Control Period
71.055649
68.594849
70.925987
72.733276
72.594818
71.890915
72.757118
Control Period
72.349091
72.191483
68.663803
72.877533
72.438019
72.637253
71.947487
72.714691
Control Period
71.581116
71.414238
71.914246
72.428131
68.578339
70.332413
72.307266
Control Period
71.060158
68.564224
72.840927
71.132156
69.918503
71.414528
69.153732
71.687973
69.560478
71.178757
Control Period
68.564674
68.528000
69.663300
72.617699
72.718658
72.423424
70.491875
Control Period
72.916801
71.288925
69.861435
68.571228
68.575005
68.510078
69.182693
Control Period
69.604546
68.798271
68.501442
68.593155
68.548286
70.225601
72.684540
Control Period
75.289124
71.786530
68.913086
70.391006
70.302399
68.547333
68.595421
69.006500
Control Period
69.933853
71.506821
72.219910
69.475967
73.136612
72.671036
72.773407
Control Period
70.430687
68.568192
72.181732
72.736420
72.033539
72.563492
72.672379
Control Period
68.536636
72.337219
69.754913
68.609283
69.025986
68.801636
70.049698
Control Period
69.076675
72.240990
72.924416
68.788513
71.804153
70.347969
69.594910
Control Period
72.607552
70.127075
72.572739
72.361664
71.272224
68.561790
68.820602
Control Period
72.643585
70.776642
69.452255
68.617828
68.640610
68.543518
69.566528
72.736221
Control Period
70.908447
72.530815
72.888931
70.170303
68.608444
68.603485
72.708069
Control Period
72.806305
70.762527
72.467361
69.820351
68.580864
68.585182
68.550659
Control Period
68.656349
72.746979
72.358368
72.323578
72.824066
72.883713
68.607231
Control Period
72.719070
69.095810
72.969437
69.183228
72.519684
68.903046
72.586685
Control Period
72.602493
69.888351
72.875961
71.823105
72.249535
72.682343
69.922714
72.783844
Control Period
71.121185
69.369659
68.724167
70.667679
73.119293
72.870529
72.770844
Control Period
75.847008
69.557343
68.528580
69.934685
72.421150
72.555328
72.566437
Control Period
69.767197
72.725311
68.637405
72.503677
68.628036
72.593056
72.376892
Control Period
70.526108
71.815811
68.515549
72.927460
68.852386
69.228065
71.869019
72.607391
Control Period
70.629311
72.587646
69.187424
72.522171
68.603935
71.346367
Control Period
72.162689
70.832611
72.619873
68.755615
69.916260
72.659584
70.205307
Control Period
69.200417
72.813759
71.952484
69.637054
68.790207
70.282852
72.655136
70.474533
Control Period
68.614685
68.634560
70.417084
69.179840
69.136253
69.548767
72.087746
Control Period
70.944290
72.700348
69.834106
69.280640
72.720413
68.685730
Control Period
76.885277
76.935486
76.905022
76.911552
76.897087
76.910812
76.860641
