3887.5
5892.5
5893
5893
5893
5893
5893
5893
5893
5779
5754.5
6090.5
5952
5972
5972
5952.5
5972
5972
6105
5952.5
5952
5893
5991.5
6204.5
5972
5873
5735
5952
5640
5932.5
5952.5
6051
5912.5
5912.5
5991.5
6085.5
6125
5972
5952
5932.5
5952
5932.5
5912.5
5952.5
5932.5
5912.5
5893
6031
5680
5932.5
5873
5952
5952
6011.5
5932.5
5912.5
5912.5
5892.5
5952
6031
5952
5912.5
5932
5932
5853.5
5873
5952
5952
5932.5
5912.5
5932.5
5972
5952
5932
5912.5
5912.5
5952
5932.5
5952
5912.5
5813.5
5912.5
5932.5
5932.5
5952
5932
5932.5
5952.5
6051
5992
5814
5952.5
5853.5
5912.5
5912.5
5972
5952.5
5952
6130
5972
5932
5759
5952
5932.5
5932
5952
5932.5
5932
5932.5
5892.5
