60.231293
59.926079
59.896957
59.917763
59.896416
59.898529
59.885345
59.919807
59.901920
59.896866
59.899231
59.901855
59.889183
59.893024
59.912865
59.894402
59.864388
59.860863
59.915199
59.922207
59.922653
59.888577
59.913437
59.936352
59.951679
59.922943
59.933151
59.918114
59.947647
59.913727
Control Period
59.909599
59.903679
59.918175
59.902557
59.908287
59.903744
59.916512
59.921921
Control Period
59.922241
59.897568
59.896706
59.910305
59.906242
59.921825
59.882301
59.938560
59.918846
Control Period
59.915489
59.907490
59.934624
59.896736
59.917122
59.900063
59.889503
59.906113
Control Period
59.881824
59.931583
59.903423
59.886497
59.913536
59.925087
59.914879
59.924866
Control Period
59.922012
59.895008
59.920578
59.933182
59.899937
59.918495
59.885601
59.916801
59.883553
Control Period
59.949409
59.929214
59.906883
59.917763
59.945152
59.941345
59.900063
59.946625
Control Period
59.919712
59.916031
59.906654
59.896126
59.900864
59.900482
59.911743
59.918205
Control Period
59.918114
59.918079
59.906143
59.900578
59.900002
59.912735
59.896545
59.900322
Control Period
59.891426
59.904160
59.925537
59.930336
59.925468
59.901505
59.922493
59.903198
59.903328
Control Period
59.899490
59.903549
59.929504
59.911968
59.900223
59.897121
59.906784
59.906082
59.923969
Control Period
59.941185
59.902016
59.950272
59.909309
59.932640
59.907169
59.923775
59.923553
Control Period
59.912033
59.900352
59.895294
59.911583
59.893986
59.903168
59.888191
59.896225
59.886658
Control Period
59.885632
59.894142
59.880478
59.899170
59.916927
59.892223
59.929153
59.918079
Control Period
59.913090
59.912064
59.930817
59.905823
59.947231
59.917953
59.910591
59.931969
Control Period
59.909729
59.935234
59.911552
59.906334
59.904770
59.938942
59.934113
59.893696
59.920929
Control Period
59.900608
59.907455
59.909153
59.910721
59.932224
59.889534
59.924034
59.900963
Control Period
59.939201
59.892033
59.931488
59.898430
59.902977
59.892830
59.885185
59.893089
Control Period
59.887424
59.918785
59.932770
59.917088
59.908257
59.899296
59.907455
59.912479
59.892479
Control Period
59.890945
59.911423
59.900864
59.912193
59.926785
59.915199
59.897312
59.893410
59.927105
Control Period
59.908993
59.923103
59.902657
59.889023
59.932865
59.927616
59.911678
59.902561
Control Period
59.935295
59.894176
59.934784
59.934944
59.927231
59.917725
59.885696
59.916611
Control Period
59.907455
59.926430
59.903458
59.912193
59.925278
59.900127
59.901215
59.908226
Control Period
59.936386
59.917374
59.923775
59.902912
59.905441
59.927711
59.913887
59.933182
59.908447
Control Period
59.900925
59.916992
59.890976
59.920578
59.895008
59.897087
59.870911
59.881218
Control Period
59.911964
59.913120
59.919872
59.918915
59.900032
59.896317
59.911842
59.902596
59.893536
Control Period
59.885216
59.910080
59.904991
59.885635
59.879967
59.875938
59.888641
59.876961
Control Period
59.869568
59.878208
59.911648
59.887520
59.886658
59.883263
59.878143
59.936287
Control Period
59.913761
59.892384
59.920544
59.918594
59.905762
59.901886
59.908127
59.909473
Control Period
59.920959
59.913536
59.900543
59.879807
59.906208
59.911263
59.917377
59.905632
Control Period
59.919807
59.916031
59.911774
59.910751
59.892097
59.915359
59.898720
59.928448
Control Period
59.905090
59.912865
59.901440
59.908607
59.920097
59.917793
59.903809
59.900192
59.913216
Control Period
59.923012
59.915390
59.901535
59.922882
59.900642
59.886368
59.923485
59.887840
Control Period
59.882622
59.880577
59.897408
59.892960
59.912003
59.868866
59.875744
59.899681
Control Period
59.903038
59.892609
59.913086
59.921570
59.886208
59.907265
59.858208
59.866528
59.874847
59.887390
Control Period
59.891457
59.876831
59.912384
59.925472
59.916416
59.880669
59.915073
59.888382
Control Period
59.898880
59.882019
59.907967
59.875648
59.878273
59.895264
59.877762
59.894337
59.889408
Control Period
59.874817
59.892063
59.864960
59.908417
59.917343
59.886177
59.910721
59.891197
Control Period
59.912163
59.892735
59.887970
59.906368
59.895905
59.925346
59.873119
59.912735
59.898819
Control Period
59.912544
59.892418
59.903809
59.906273
59.907681
59.889503
59.885056
59.891552
Control Period
59.890945
59.883934
59.911362
59.896481
59.913757
59.895489
59.872608
59.911133
Control Period
59.908356
59.901665
59.905762
59.928928
59.919647
59.928864
59.927616
59.932671
59.941376
Control Period
59.950050
59.907169
59.936737
59.908287
59.900448
59.874817
59.882080
59.903969
Control Period
59.904099
59.887199
59.900894
59.892799
59.908287
59.898270
59.921600
59.906723
59.900608
Control Period
59.920288
59.895775
59.921856
59.908833
59.937698
59.904671
59.917213
59.897182
Control Period
59.929535
59.907074
59.897858
59.902206
59.895424
59.892353
59.898750
59.926849
59.922401
Control Period
59.929245
59.905857
59.913055
59.888927
59.930080
59.931519
59.926498
59.905663
Control Period
60.000702
59.903233
59.898464
59.886593
59.907936
59.904961
59.940128
59.892929
59.922974
Control Period
59.922142
59.902206
59.925472
59.916382
59.918015
59.887009
59.931423
59.939102
59.901249
Control Period
59.915710
59.910622
59.933567
59.887779
59.905251
59.916416
59.907394
59.895905
Control Period
59.907585
59.903233
59.905216
59.910530
59.883873
59.900162
59.904736
Control Period
59.908897
59.904350
59.920959
59.901279
59.872288
59.891392
59.892544
59.883293
59.889473
Control Period
59.895840
59.884354
59.893536
59.884254
59.907074
59.900578
59.907711
59.888962
59.923168
Control Period
59.910721
59.894012
59.906723
59.916061
59.881699
59.890720
59.885601
59.884926
Control Period
59.907425
59.924065
59.898178
59.880608
59.963169
59.899422
59.914528
59.889759
59.897697
Control Period
59.880547
59.901474
59.894974
59.910301
59.879391
59.897438
59.918751
59.904640
59.904545
Control Period
59.912926
59.917088
59.902912
59.871712
59.904701
59.871773
59.884514
59.908447
Control Period
59.901344
59.936993
59.906368
59.915359
59.899712
59.896801
59.902687
59.911137
Control Period
59.906113
59.943680
59.902527
59.898464
59.898750
59.881378
59.877373
59.881409
59.893890
Control Period
59.892704
59.913280
59.906113
59.891907
59.852608
59.904610
59.902626
59.896801
59.890400
Control Period
59.893024
59.909088
59.959713
59.889954
59.915710
59.895329
59.928608
59.906208
59.948448
Control Period
59.927040
59.931938
59.903938
59.905251
59.931778
59.900288
59.888096
59.893536
Control Period
59.877533
59.904545
59.897503
59.905121
59.894112
59.888672
59.899231
59.901665
59.902336
Control Period
59.896515
59.914337
59.901695
59.915424
59.895645
59.928192
59.922974
59.944351
Control Period
59.896511
59.929886
59.930145
59.914719
59.927902
59.921059
59.908001
59.910912
59.900608
Control Period
59.922592
59.948418
59.919968
59.894753
59.914368
59.906403
59.901474
59.908829
Control Period
59.911072
59.918430
59.913597
59.924126
59.914658
59.942112
59.912609
59.934494
59.903168
59.943039
Control Period
59.900162
59.933891
59.915295
59.933281
59.899456
59.873600
59.915199
59.894272
Control Period
59.892799
59.904480
59.911682
59.915840
59.900799
59.911041
59.921570
59.905567
Control Period
59.912384
59.906013
59.930527
59.907806
59.939362
59.904671
59.915810
59.906654
Control Period
59.904064
59.906528
59.909470
59.935234
59.906242
59.970432
59.932545
59.920418
59.927841
Control Period
59.925858
59.916351
59.920769
59.901955
59.913887
59.917313
59.951454
59.897984
59.922592
Control Period
59.920418
59.912384
59.918240
59.908482
59.911423
59.922241
59.916161
59.911808
Control Period
59.927135
59.929375
59.935455
59.911072
59.913437
59.893250
59.928032
59.923840
Control Period
59.910496
59.905407
59.922241
59.916897
59.931229
59.916576
59.926590
59.898689
Control Period
59.938271
59.911041
59.884895
59.880669
59.893280
59.899391
59.869057
59.889633
59.882370
Control Period
59.920704
59.911072
59.893761
59.917408
59.914398
59.912960
59.908768
59.909058
Control Period
59.950081
59.917213
59.891071
59.901726
59.909920
59.889248
59.923233
59.914719
Control Period
59.927330
59.908672
59.931007
59.924095
59.896225
59.904480
59.912064
59.917664
59.898911
Control Period
59.895454
59.902435
59.896767
59.919647
59.907585
59.898911
59.893600
59.887745
59.888096
Control Period
59.877922
59.893791
59.895615
59.875519
59.891552
59.888481
59.885345
59.907295
Control Period
59.895359
59.891617
59.903488
59.926880
59.939137
59.953247
59.919136
59.919136
Control Period
59.912735
59.908127
59.927261
59.934334
59.903358
59.921310
59.899010
59.899807
59.902367
Control Period
59.906334
59.908226
59.930466
59.894623
59.862720
59.903999
59.900002
59.899521
59.912193
Control Period
59.886593
59.904640
59.926750
59.896927
59.891808
59.900291
59.901054
59.865822
Control Period
59.879295
59.880672
59.885597
59.906624
59.873955
59.903587
59.896446
59.907616
59.859425
Control Period
59.901985
59.889793
59.889729
59.905151
59.900608
59.896095
59.896320
59.893120
59.909058
Control Period
59.890755
59.890495
59.880478
59.875393
59.882690
59.888290
59.895775
59.885567
Control Period
59.893856
59.901249
59.889889
59.912895
59.916512
59.895424
59.895840
59.889759
59.893120
Control Period
59.872353
59.894913
59.895554
59.891617
59.903393
59.913792
59.904255
59.874046
Control Period
59.889473
59.915550
59.903423
59.896866
59.894691
59.910015
59.931358
59.901440
59.869438
Control Period
59.890591
59.889534
59.904350
59.882301
59.895294
59.908096
59.887650
Control Period
59.882751
59.905472
59.912064
59.902016
59.905952
59.870880
59.887360
59.898689
59.934689
Control Period
59.909985
59.914879
59.911041
59.910080
59.913345
59.931904
59.901600
59.923199
Control Period
59.914978
59.899933
59.907616
59.895874
59.876099
59.889954
59.888191
59.921761
Control Period
59.884995
59.900452
59.905247
59.904991
59.913246
59.873600
59.904541
59.904961
59.880417
59.893120
Control Period
59.890976
59.870338
59.892639
59.868511
59.898720
59.895874
59.898529
59.899933
Control Period
59.893982
59.884575
59.889378
59.918175
59.917694
59.911903
59.882336
59.910496
Control Period
59.903870
59.892063
59.924194
59.934113
59.905216
59.893059
59.894016
59.900482
Control Period
59.902046
59.902786
59.884254
59.887711
59.898079
60.216255
59.883263
59.882015
Control Period
59.878689
59.880192
59.884384
59.916897
59.907200
59.893791
59.912926
59.906174
59.896126
Control Period
59.919136
59.877151
59.909950
59.916512
59.886177
59.899231
59.904129
Control Period
59.889282
59.887264
59.899616
59.915871
59.921120
59.925377
59.896767
59.914623
59.905151
Control Period
59.903618
59.913376
59.910370
59.887264
59.905056
59.913055
59.914307
59.892578
Control Period
59.898369
59.896225
59.902657
59.892513
59.878014
59.864098
59.880608
59.906754
Control Period
59.912128
59.895935
59.882111
59.905251
59.903229
59.903778
59.899326
59.881824
Control Period
59.899841
59.907135
59.887550
59.886688
59.932320
59.896160
59.917122
59.919266
Control Period
59.884033
59.913696
59.909985
59.893059
59.893570
59.887585
59.896225
59.873280
Control Period
59.884705
59.893311
59.900032
59.905537
59.891106
59.891678
59.926815
59.899426
Control Period
59.906464
59.913887
59.912735
59.912354
59.906013
59.878494
59.917217
59.920929
Control Period
59.893822
59.916451
59.911713
59.915138
59.892479
59.910400
59.890240
59.896767
59.891556
Control Period
59.892895
59.922688
59.904350
59.894402
59.909698
59.905151
59.891617
59.893570
Control Period
59.905922
59.934814
59.866463
59.894718
59.919746
59.909470
59.882015
59.885086
59.904415
Control Period
59.913887
59.915550
59.896992
59.900417
59.917343
59.922974
59.898975
59.908352
Control Period
59.910271
59.916897
59.921600
59.917213
59.897949
59.898880
59.908707
59.913727
59.907555
Control Period
59.895649
59.918274
59.889534
59.861633
59.916702
59.881470
59.891106
59.875648
59.868446
59.870430
59.903618
59.856995
59.876511
59.876289
59.899937
59.878048
Control Period
59.885536
59.885246
59.902977
59.874111
59.881344
59.887550
59.857376
59.900608
59.873566
59.893982
59.894653
59.879005
59.890015
59.914719
59.868958
59.891617
59.867073
59.860928
59.875233
59.887390
59.864029
59.894047
59.861855
59.887009
