0.725353
0.755428
0.756522
0.757001
0.757375
0.757927
0.758016
0.75826
0.758316
0.758148
0.758184
0.758093
0.75781
0.757788
0.757664
0.75721
0.757254
0.757118
0.756944
0.756556
0.756405
0.756234
0.756246
0.755879
0.755695
0.75561
0.755467
0.755303
0.755166
0.754965
0.755076
0.754761
0.754444
0.754426
0.754302
0.754272
0.754285
0.754111
0.753877
0.753746
0.753433
0.753458
0.753443
0.753394
0.753337
0.752992
0.753038
0.752848
0.752746
0.752656
0.75266
0.752464
0.752534
0.752419
0.752388
0.752352
0.752213
0.752184
0.75223
0.752025
0.751995
0.75177
0.751803
0.751824
0.751833
0.751651
0.751815
0.751756
0.751712
0.751507
0.751619
0.751584
0.751443
0.75156
0.751424
0.751282
0.75113
0.751276
0.751121
0.751099
0.751099
0.751197
0.750999
0.751074
0.750953
0.750887
0.751074
0.750931
0.751068
0.751243
0.751144
0.751131
0.751046
0.750932
0.750703
0.750814
0.750834
0.750562
0.750686
0.750696
0.750607
0.750511
0.750526
0.750519
0.750404
0.750383
0.750338
0.750322
0.750447
0.7505
0.75058
0.750777
0.750286
0.750394
0.750721
0
