-673.541
-1024.93
-485.567
-179.867
-3.1377
-38.1665
-87.0347
-15
-48.4331
-70.6553
-14.6001
-4.58643
-68.7998
74.0669
18.2759
32.5171
13.9331
-22.8999
-68.7241
3.89648
73.3335
79.5171
8.68945
-104.133
-8.89648
-34.8335
59.1333
27.2412
-0.566895
108.414
-14.4136
-34.7998
-33.6553
-17.2998
110.862
-79.6333
-26.793
-4.82764
-8.1377
27.7334
-32.0669
-140.586
144.267
28.7588
-19.5332
-114.276
-143.167
-1.48291
46.3999
101.552
49.207
74.0669
-4.82764
-42.9331
-4.93115
32.6553
12.2998
-6.7334
-22.6206
4.58643
0.586426
-75.9668
-17.3794
65.6665
-13.5669
3.82764
-5.2998
42.6206
55.8276
-21.8335
-9.7002
3.34473
3.43311
-134.035
26.6553
32.5669
140.138
-27.4482
1.7002
68.6665
-9.20703
-55.6206
-25.5332
-84.8623
124.2
7.31055
51.4668
-45.7588
-34.793
-21.3667
122.655
-12.8667
-74.4331
-28.0688
-80.6665
7.41357
5.2666
12.8623
-52
29.1333
-45.5864
66.3447
85.1665
-15.8623
-17.1724
-13.7002
66.0688
-24.1035
-41.2002
-0.448242
-75.1333
11.0347
3.8335
25.3076
