59.297699
58.559937
58.548546
58.541534
58.626881
58.523102
58.546272
58.539139
58.562851
58.553280
58.509697
58.517151
58.551453
58.585697
58.577278
58.536480
58.569954
58.549789
58.543137
58.551392
58.553474
58.565918
58.559166
58.566624
58.538750
58.571583
58.554626
58.557343
58.543518
58.580482
Control Period
62.406879
61.818848
59.520226
59.579361
62.055809
61.941437
60.236671
62.163776
61.838974
Control Period
63.995583
60.452927
62.475456
64.748123
64.684959
64.830750
62.084030
Control Period
64.761276
64.826180
64.857506
65.825851
64.857819
68.509506
64.915878
Control Period
68.667740
64.774918
64.773087
64.877281
66.477821
68.533371
66.030396
Control Period
64.805313
64.872482
68.720001
68.162491
64.787079
64.762077
67.443840
Control Period
64.808197
64.808548
64.749695
68.661285
64.804443
64.792160
68.458305
Control Period
64.808868
68.239075
64.815994
64.801636
68.474335
64.808800
66.313950
Control Period
68.055099
65.899170
67.398499
66.468193
64.781891
64.768326
64.750565
68.573792
Control Period
65.394913
66.300255
64.837250
64.786591
65.830399
66.617599
68.792511
68.205696
Control Period
67.272354
64.897118
64.864670
66.551804
67.855194
68.623360
64.812706
64.774628
Control Period
68.419006
66.782944
64.835007
64.784668
68.506302
67.386749
65.988922
68.724129
Control Period
68.322403
65.711685
67.776093
68.744926
64.715103
64.783325
66.561310
67.879684
Control Period
68.476639
64.782211
68.248161
65.003586
68.489822
65.297531
Control Period
66.915390
66.782654
65.333755
65.163651
67.079742
68.075546
68.644028
68.495972
Control Period
68.558075
64.796638
65.068733
66.248642
67.952988
68.415268
67.445602
Control Period
68.710434
66.782112
67.564705
68.492645
67.148445
68.244354
67.243553
Control Period
67.054626
65.238663
67.925247
65.756416
67.486305
68.419266
65.209854
64.758621
Control Period
66.720131
65.071938
64.754745
64.761887
68.233948
68.338852
66.330978
68.373734
Control Period
68.354019
66.197823
67.162560
66.012573
64.798721
68.457504
68.424667
Control Period
68.404541
68.522202
67.570335
66.586716
68.180099
68.311417
64.806946
Control Period
67.480415
65.904289
67.536674
68.139999
65.622047
67.557632
64.999268
Control Period
64.763367
65.326431
68.523743
64.755295
64.840057
68.381378
64.795258
Control Period
68.131836
68.489532
68.483643
64.820992
64.880188
68.513947
64.791969
67.612129
66.707870
Control Period
64.796097
64.723938
64.750458
66.109314
64.657440
65.209152
67.278595
Control Period
68.575714
68.423843
67.527557
66.200737
65.236801
67.529442
68.542526
68.369919
Control Period
66.513382
67.767616
68.281830
68.170975
64.776062
68.228958
68.643204
Control Period
64.771233
65.546432
64.756386
65.094368
64.826050
65.429626
Control Period
65.009415
64.704132
64.805283
65.882309
67.926300
66.816353
64.778625
64.768539
Control Period
64.689407
68.380417
64.711456
66.065445
64.736923
66.506119
Control Period
71.145660
64.706497
67.051590
64.734726
67.868668
64.772583
67.371872
64.834045
Control Period
68.483932
64.775909
64.747841
67.332672
64.708000
68.126785
64.651489
Control Period
64.784767
64.768608
68.413086
64.771164
64.731552
68.380478
66.958405
Control Period
68.188194
65.128448
64.709053
64.692482
65.690628
68.456833
66.747200
64.756668
Control Period
68.319710
67.002945
68.326340
67.631134
65.154373
Control Period
65.816414
64.846397
65.737823
68.383804
64.813980
67.841919
64.822525
68.027969
Control Period
64.845245
64.749283
66.850273
67.175423
65.286240
64.768768
67.972549
Control Period
68.376030
68.537308
68.643066
67.227005
65.746918
64.724060
64.783997
Control Period
65.121826
64.739746
68.497696
64.779488
66.257217
68.347076
68.376190
67.557022
Control Period
66.900955
68.593414
68.790718
67.253021
64.835197
66.712097
Control Period
71.414719
66.080223
64.763168
64.750206
64.780479
67.606689
64.706268
65.103745
Control Period
67.733917
66.548737
64.760162
68.375687
64.740646
65.335587
64.778076
64.743744
65.533119
Control Period
67.281601
67.031967
67.364990
66.729950
66.283615
67.247360
Control Period
66.646751
65.090652
64.778847
64.741058
66.341537
65.422073
67.221825
Control Period
68.308739
64.725311
65.272224
67.979645
68.541214
68.235359
68.339523
67.620415
Control Period
64.777603
64.816711
67.104187
67.293732
68.243233
69.142853
68.241852
67.169724
Control Period
68.299843
65.437889
68.310532
68.052063
64.717026
68.249725
65.119583
68.351807
67.724442
Control Period
65.589439
67.639587
67.639267
65.000191
68.539398
68.371002
68.697472
66.606880
Control Period
68.156929
68.433151
67.785599
66.010269
66.105247
68.129700
68.446434
65.301819
Control Period
64.989853
67.758011
66.556831
64.798813
68.857956
67.309509
Control Period
70.002686
64.819229
66.129181
68.381088
66.129379
64.748161
67.908188
Control Period
68.372345
64.718689
64.806396
65.114365
66.327011
64.836868
66.152962
Control Period
64.698013
64.684387
64.778717
67.365761
68.345245
65.506111
64.764603
64.707397
Control Period
68.493599
67.812347
65.579773
64.777214
64.767654
68.454208
67.686813
65.849472
Control Period
68.216545
68.471588
67.334885
64.895714
66.057373
64.789444
64.954590
Control Period
64.822304
64.783142
64.801285
65.757729
64.829315
67.673798
Control Period
65.581955
64.782364
64.806778
64.919426
67.013023
68.215195
66.755745
68.233658
Control Period
68.464897
67.928223
66.030884
64.859390
64.835098
65.264290
66.730911
65.320511
Control Period
67.436188
65.867905
64.787071
64.797150
64.833664
66.716255
68.880157
Control Period
68.649017
68.734497
68.803070
68.464447
68.345596
68.398819
68.633148
Control Period
68.691742
64.729378
64.714912
64.778366
64.754044
64.832642
64.713348
64.890144
Control Period
67.160797
65.535233
68.490082
65.487747
64.814651
64.750435
64.775650
64.751198
Control Period
68.077637
65.093094
64.796219
68.451355
64.796539
68.082016
68.458275
68.596703
Control Period
65.913025
64.720261
68.565125
68.359039
64.694206
68.578629
68.557220
Control Period
68.234688
66.320068
68.408386
67.271263
67.417313
67.927963
65.661247
Control Period
67.400772
68.181732
68.204926
69.209152
65.042686
66.532097
64.781822
68.159866
Control Period
64.830177
64.823006
68.363068
67.484673
65.987648
68.418015
66.339104
Control Period
68.016159
68.510620
68.701088
67.362946
66.565018
65.392609
64.812866
Control Period
68.316574
68.514656
68.521629
68.634529
68.333473
66.048286
64.797028
Control Period
70.215904
67.689438
64.785248
68.312035
68.485214
64.796509
64.748032
64.858109
Control Period
69.850754
65.836578
64.669113
64.815292
64.833115
66.580093
68.409950
68.646332
Control Period
66.218369
68.220993
68.418365
67.436707
66.111359
64.825859
64.854431
Control Period
64.841949
66.486977
68.352478
68.472000
68.152573
66.393951
64.903076
Control Period
66.047905
67.061539
67.640030
68.677414
64.794556
66.987488
68.235901
68.339745
68.379585
Control Period
65.525635
68.112732
68.307648
64.769119
65.862717
68.511108
64.808350
Control Period
68.458466
68.548477
64.724991
66.249115
68.235550
68.497986
65.616318
Control Period
67.387199
64.827164
66.339325
67.719711
68.412262
Control Period
66.265564
68.337120
67.598465
64.843071
64.811615
66.256157
64.816032
68.564133
Control Period
68.413857
65.829346
64.787712
66.705246
67.424698
67.972229
Control Period
68.720932
66.955643
67.425507
64.776672
68.675354
68.393372
64.751427
Control Period
64.756897
67.077408
64.791809
68.528549
64.823395
67.452736
Control Period
67.547165
64.756989
68.286789
64.839172
64.823936
67.570976
64.776863
67.670753
Control Period
65.199814
64.732834
66.781693
67.530243
64.779617
66.404961
68.066971
Control Period
66.860481
68.318436
68.345154
64.783524
68.499069
68.226974
66.737953
64.759201
Control Period
69.661285
66.236771
67.376389
64.914627
68.397598
65.906242
Control Period
67.835388
64.786652
68.313988
66.745499
64.815903
68.766403
64.842720
65.966278
Control Period
68.325089
64.839005
66.048737
68.313599
64.797958
68.212830
Control Period
66.239807
64.799713
66.904861
68.265442
64.778046
68.432640
64.827805
67.697510
Control Period
68.517151
64.841476
66.416832
64.798370
64.738113
68.318375
64.838402
Control Period
65.246750
67.568893
67.014694
66.285339
68.178429
66.653442
68.581085
Control Period
64.823654
68.487267
64.959167
64.820709
64.822052
67.347107
Control Period
66.907043
64.766335
68.531494
64.815964
68.403809
64.785126
65.933441
Control Period
71.468094
64.799362
65.993698
67.754623
64.798592
68.532127
64.801926
64.770172
Control Period
67.467102
64.882339
67.453056
67.636093
64.813019
64.818687
68.519485
64.846786
Control Period
68.425156
67.520187
64.769821
64.804581
67.588867
64.763611
65.427071
67.554977
Control Period
68.235519
66.612419
68.338593
66.234436
65.454178
64.754814
64.826431
Control Period
64.862946
64.746979
65.255035
66.439392
64.752411
66.364288
67.520897
Control Period
68.385025
68.420517
67.904320
68.381821
67.565567
68.460358
67.350845
65.493210
Control Period
64.837761
67.674530
68.617310
66.239136
64.755966
66.014786
64.737793
Control Period
66.735489
68.660187
67.320961
68.171204
68.468124
68.143387
65.748573
64.801285
Control Period
66.106659
67.314301
65.828735
68.087036
68.713150
64.812767
65.407043
64.773598
Control Period
66.559967
68.585533
65.470078
64.889664
65.613052
64.764030
Control Period
68.340607
66.815353
64.741440
66.333755
68.624352
67.351265
68.380859
Control Period
67.647202
64.734787
65.809860
68.348320
64.782242
64.757629
68.678238
64.740097
Control Period
68.420349
64.874527
64.778526
67.437378
68.492676
65.372353
64.782333
Control Period
64.808319
65.464859
66.890495
65.800865
64.999268
64.750046
64.736420
Control Period
66.735580
67.158051
68.434113
68.118500
65.463554
64.732834
64.791229
Control Period
64.721214
65.226784
68.462402
64.748474
67.184097
64.738205
64.762909
Control Period
64.805984
64.772575
66.990341
68.276733
64.800446
64.767166
64.783264
68.651428
Control Period
68.493500
68.403870
67.154846
66.979713
68.666336
68.525887
67.370270
Control Period
68.506561
64.799973
66.599266
68.587135
68.531616
66.333473
64.721695
64.764130
Control Period
67.074272
65.442368
64.789536
64.772865
64.782684
65.742523
67.356613
Control Period
64.924805
68.347328
67.471970
68.515839
68.069565
68.480988
68.110275
Control Period
68.186142
67.269470
68.212479
67.124420
65.032127
64.698395
71.548576
71.540222
Control Period
72.040573
71.533157
