317.405
93.4062
76.75
70.125
55.5938
1.90625
68.9355
83.8125
83.8125
85.0625
81.3438
83.7188
202.344
104.781
28.4839
75.0938
112.844
89.875
49.4688
44.1875
117.161
86.2188
39.25
106.781
41.1562
122.438
76.375
80.0625
145.375
54.6875
72.375
13.2812
76.5806
-34.9062
120.818
123.193
81.7881
12.0312
131.031
68.875
73.875
68.875
61.645
45.5
180.606
113.226
173.03
70.9678
71.3125
70.125
53.4688
21.0625
70.1875
22.25
70.0938
116.531
77.9033
86.2812
48.5
79.1934
77.5625
72.5938
42.125
66.4062
82.4375
71.3125
-59.6562
66.375
107.969
26.875
77.7744
68.875
76.0605
87.125
78.5
111.781
82.5
65.1875
75.0938
76.3438
45.75
66.4062
-8.09375
68.9375
76.3438
121.323
105.719
68.8184
67.625
69
76.0908
-15.7812
62.75
71.3438
64
75.3228
70.125
70.0938
75.0938
66.4688
-59.6665
54
70.125
146.562
99.25
82.5938
142.188
80
125.419
71.4375
54.75
77.8711
-3.0625
54.0625
73.8438
