56.6644
62.6399
66.4495
68.1227
70.8321
70.8066
71.6394
72.3449
74.5044
72.3408
74.3548
71.6449
72.9331
73.2896
74.5091
73.117
74.4846
73.2973
74.1738
74.2871
73.9103
73.0564
73.7369
73.0045
73.1621
73.4547
74.1818
74.2513
73.7817
73.3447
74.207
73.1569
71.6629
76.3136
73.4983
71.6869
73.0681
73.5572
72.8133
72.4333
72.3679
73.1369
73.1699
73.7523
72.7013
72.5737
74.0421
71.6495
72.5817
72.8444
73.1464
71.6444
73.1115
71.7715
71.6681
73.9045
71.6584
74.1149
72.9658
72.7809
73.5561
73.3272
73.3827
73.5906
72.925
71.9243
73.7268
72.4214
73.1129
72.2094
74.4872
75.1602
73.8096
72.7444
71.7735
71.6556
76.3861
72.9722
73.148
72.3689
72.9323
73.0291
73.6595
73.5861
73.8212
72.7163
71.805
72.8531
72.7612
72.956
72.2379
71.6658
71.9292
71.6567
72.5512
73.5866
73.549
75.1464
74.0343
72.9812
73.4986
72.9963
73.0663
73.136
73.8449
74.2682
75.138
73.8174
73.884
72.7776
71.9257
72.5649
71.665
73.2115
