-1232.45
-1205.24
-691.6
-483.4
-251.448
-235.517
-177.333
-30.6895
-23
-10.8999
-3.1333
-3.89648
-73.9653
19.4829
24.5669
-22
6.3335
-39.5864
8.48291
12.7334
22.1724
4.58643
44.3447
-26.3667
13.9312
-57.2759
-27.0332
26.5518
33.3794
-60.0669
19.2759
87.7002
23.5864
49.4482
65.4482
-27.4668
-25.5
-23.0347
15.2334
-30.2412
-98.0669
-15.8623
33.5518
-96.1001
51.3667
113.138
38.5518
6.51709
-21.6333
-21.0688
-17.0347
-4.3335
-0.896484
14
3.03467
-5.8999
-87.8965
35.4668
-6.06885
-56.1724
-6.3335
35.8623
24.8623
35.8623
0.399902
-45.8335
-49.8276
148.621
6.1001
-73.6895
9.75879
-21.1333
2.37939
14.1001
11.5171
7.68945
7.10352
46.8276
-1.8335
-40.0688
-119.483
33.1377
27.2998
59.5518
14
-3.8623
0.200195
18.207
71.1724
21.9668
-20.1724
-46.7588
64.2759
2.1001
-103.517
-46.3667
10.0347
15.207
16.6665
-86.1665
-41.8276
10.0669
38.5171
-72.2412
1.3999
-22.793
42
33.0688
104.862
60.4331
61.6206
35.793
-55.5
-132
