113.278
125.665
136.006
142.205
146.365
148.429
151.575
153.676
150.713
155.063
151.495
156.073
155.751
154.892
153.897
153.727
154.425
155.023
154.709
154.679
154.945
154.068
154.044
155.489
155.408
151.198
154.529
153.598
154.925
153.626
155.57
154.421
157.11
151.128
152.921
153.48
153.196
152.824
152.376
153.712
155.014
154.093
154.235
153.507
155.479
156.783
152.287
153.514
152.716
153.456
153.931
154.312
154.407
152.103
155.566
152.251
152.667
153.057
153.92
154.271
154.895
155.9
154.848
154.556
153.523
155.357
153.516
155.218
154.301
153.425
153.508
152.62
153.629
153.028
155.028
156.372
150.688
154.576
152.631
152.289
156.05
155.159
154.97
153.555
153.452
153.573
155.352
154.702
152.217
152.006
151.917
153.997
153.75
152.313
151.372
153.034
152.495
150.739
152.965
154.244
154.401
154.67
155.658
152.936
154.288
153.799
154.031
154.586
154.396
152.923
152.996
152.363
152.515
150.705
