0.708305
0.782998
0.830619
0.851533
0.885401
0.885083
0.895493
0.904311
0.931305
0.90426
0.929435
0.895561
0.911664
0.91612
0.931364
0.913962
0.931057
0.916216
0.927173
0.928589
0.923878
0.913205
0.921712
0.912556
0.914526
0.918183
0.927273
0.928141
0.922271
0.916808
0.927588
0.914461
0.895787
0.95392
0.918729
0.896087
0.913351
0.919465
0.910166
0.905417
0.904598
0.914211
0.914624
0.921903
0.908767
0.907171
0.925527
0.895619
0.907271
0.910555
0.91433
0.895555
0.913894
0.897144
0.895851
0.923807
0.895729
0.926436
0.912072
0.909761
0.919451
0.91659
0.917284
0.919882
0.911562
0.899054
0.921585
0.905268
0.913912
0.902618
0.93109
0.939502
0.92262
0.909305
0.897168
0.895695
0.954826
0.912153
0.91435
0.904611
0.911654
0.912864
0.920743
0.919826
0.922765
0.908954
0.897563
0.910664
0.909515
0.91195
0.902974
0.895823
0.899116
0.895709
0.90689
0.919833
0.919362
0.93933
0.925429
0.912265
0.918732
0.912454
0.913328
0.9142
0.923062
0.928352
0.939225
0.922717
0.923551
0.90972
0.899071
0.907061
0.895813
0.915144
