0.707985
0.785406
0.850037
0.888781
0.91478
0.927684
0.947344
0.960475
0.941953
0.969142
0.946846
0.975455
0.973445
0.968077
0.961855
0.960795
0.965156
0.968894
0.966932
0.966745
0.968408
0.962926
0.962778
0.971804
0.971301
0.944986
0.965807
0.959985
0.968279
0.960161
0.972315
0.965129
0.98194
0.944547
0.955755
0.959247
0.957478
0.95515
0.952353
0.960701
0.968836
0.963079
0.963971
0.959417
0.971745
0.979891
0.951793
0.95946
0.954472
0.959103
0.962069
0.964449
0.965043
0.950647
0.972291
0.951569
0.954166
0.956604
0.961997
0.964193
0.968093
0.974372
0.967802
0.965974
0.959517
0.970983
0.959475
0.970114
0.964378
0.958904
0.959424
0.953873
0.960178
0.956428
0.968925
0.977326
0.941798
0.966099
0.953946
0.951806
0.975312
0.969743
0.968562
0.959721
0.959072
0.95983
0.97095
0.96689
0.951359
0.950039
0.949483
0.962482
0.960936
0.951954
0.946074
0.956463
0.953094
0.942116
0.956028
0.968394
0.961742
0.966685
0.972863
0.955849
0.964298
0.961247
0.962692
0.966162
0.964972
0.955771
0.956227
0.952267
0.953221
0.941906
