60.206112
59.917854
59.872704
59.893250
59.883263
59.913887
59.893505
59.884995
59.885246
59.903488
59.879200
59.888641
59.892738
59.895294
59.879326
59.835423
59.856003
59.890495
59.878624
59.859650
59.896416
59.879326
59.889954
59.871521
59.879295
59.894562
59.928993
59.877632
59.883934
59.888130
Control Period
59.881058
62.761635
63.783936
67.746567
62.683552
62.826752
66.726654
Control Period
68.450714
72.515007
68.457825
71.234619
68.456734
68.421440
72.837631
Control Period
71.810684
72.452637
73.259262
72.431328
75.140991
72.483231
72.263008
72.380295
Control Period
72.457947
74.305344
75.229568
72.056221
76.914528
72.515808
72.763397
Control Period
76.878662
76.858948
76.867905
76.915329
76.875580
74.200096
75.987427
Control Period
76.905792
76.887131
76.926971
76.903549
76.891136
76.881279
76.876892
76.859589
Control Period
76.884995
76.835136
82.002014
78.880669
76.857246
76.875900
Control Period
80.626907
83.019897
82.815262
79.657562
76.861664
76.884323
76.921982
Control Period
76.880867
76.877991
76.882523
81.186523
80.395294
77.296127
76.897758
Control Period
76.903809
76.909439
78.099518
80.560547
83.064545
83.404358
Control Period
86.400772
83.261993
80.141998
77.029358
76.872574
76.878372
76.890976
Control Period
76.878586
76.876068
76.859550
76.873344
76.855934
79.243195
80.036224
Control Period
82.855484
79.728088
82.089508
78.978729
76.896606
82.295456
Control Period
79.842430
76.884094
82.466560
80.155167
77.055038
81.122337
78.017479
Control Period
79.288132
82.364990
83.342911
80.205917
77.086777
78.175873
Control Period
82.004318
78.903778
76.896286
82.391876
79.320969
76.880798
Control Period
79.139267
76.854721
80.467651
77.331390
76.864487
76.872925
76.926079
Control Period
76.899292
82.242912
79.139008
82.519264
79.413986
76.912506
Control Period
78.172897
76.864517
78.595009
78.442276
76.902145
82.238113
79.100159
Control Period
76.835037
80.457535
77.862144
76.850204
82.134781
79.005280
76.855484
Control Period
82.457245
82.713470
79.587738
77.158585
82.271713
Control Period
84.637856
81.697632
78.578247
77.324158
82.250885
79.102531
Control Period
76.869408
76.897057
76.880928
76.879227
76.863739
76.834076
Control Period
76.870148
76.886749
79.039429
82.215614
80.342842
77.238747
Control Period
76.936539
81.695267
83.613861
82.700104
84.442596
85.926346
82.783112
Control Period
85.136353
82.028099
78.912674
81.298050
78.148041
77.115875
Control Period
80.503555
77.382629
82.147331
79.041664
80.997498
77.844284
81.820160
Control Period
80.848572
79.086655
76.899292
81.937950
78.800987
76.892761
Control Period
82.567108
79.464455
76.922470
77.562592
76.895454
80.518173
78.199516
Control Period
76.918915
80.433273
79.693146
77.625412
80.168732
77.056252
80.729858
Control Period
82.530823
79.429863
82.264450
79.152222
78.647522
78.587967
Control Period
76.916031
76.930588
76.909569
76.879974
76.948448
76.930336
76.902084
Control Period
76.896988
76.898117
76.893829
76.889023
76.921051
Control Period
80.112701
77.007294
76.903458
76.913788
81.108673
78.014336
76.888412
Control Period
76.898209
76.924736
76.920578
76.925507
76.909027
76.946426
76.925568
76.917213
Control Period
76.940224
76.903931
76.910400
77.949081
76.889252
77.466431
76.867813
Control Period
76.883232
76.888290
76.906494
76.926437
76.859772
76.870560
Control Period
82.256096
79.150429
76.883102
76.916832
76.922371
76.881088
80.036354
76.973251
Control Period
82.118362
79.034203
76.920929
80.515366
77.443077
76.927231
Control Period
76.912224
76.915840
76.889664
78.922592
76.924095
76.925789
Control Period
76.933853
82.152893
80.686462
77.610237
76.894882
82.398178
Control Period
86.320038
83.222946
82.600098
85.233704
82.150284
79.119148
82.678017
Control Period
79.573982
76.915970
76.884384
77.291107
78.116898
82.396027
Control Period
79.271286
77.495483
79.181534
80.086433
82.240990
79.150368
80.673218
Control Period
77.591202
80.375679
77.287941
76.910751
80.802017
78.364067
Control Period
78.280479
76.886047
76.908508
76.869949
76.886307
82.189278
Control Period
84.143166
81.041954
77.920296
76.891167
82.674042
79.549400
76.894112
Control Period
76.868134
80.904419
77.797760
76.894211
76.883011
77.969856
Control Period
76.887840
76.940094
76.892487
76.909729
78.355934
77.777313
Control Period
80.739616
78.176796
76.902466
76.901726
76.907745
76.894501
76.917984
Control Period
76.889694
76.885696
76.870720
76.873505
79.267517
81.845825
84.033691
Control Period
80.944061
77.831421
76.922974
76.907486
76.913315
76.916862
Control Period
81.325279
81.621086
84.245659
86.801117
89.214081
90.983070
92.981407
Control Period
89.902657
86.835869
83.750748
80.674881
78.403458
82.268707
Control Period
83.172195
80.860130
77.777473
76.923615
76.922531
76.883171
76.903648
Control Period
76.895966
81.914207
84.015167
81.890747
83.111931
85.606850
87.859299
84.830307
Control Period
91.139137
88.058342
84.975273
86.858086
86.913445
Control Period
83.832069
86.147110
88.409767
85.334503
82.241829
79.161705
Control Period
82.143204
83.964485
83.464455
80.379013
77.279236
76.921570
79.582245
Control Period
76.938721
79.218018
79.332062
76.928925
82.494629
79.473030
Control Period
79.714912
79.269310
76.896225
82.385887
79.324059
78.696159
Control Period
82.995522
79.927299
76.954651
76.954498
80.780159
77.729439
76.940353
Control Period
76.932602
76.959579
80.809761
82.799141
79.732933
76.922943
76.936188
Control Period
76.909248
76.923294
76.919586
82.300705
81.615845
84.120483
Control Period
81.036163
77.943459
76.913887
76.914810
76.921791
82.313728
83.191330
Control Period
80.098206
78.301117
82.382843
81.276672
78.201729
76.910141
80.297821
Control Period
82.557465
79.449051
76.884766
80.219421
77.665985
76.871422
Control Period
76.894363
76.888382
78.526947
78.158554
76.906586
76.883842
Control Period
81.801888
78.689377
76.913635
78.969826
76.897415
76.917984
76.874115
Control Period
82.434875
79.987259
76.918175
76.887482
76.911201
76.896637
76.909569
Control Period
76.870880
76.925026
76.870750
76.926369
77.948868
80.852257
82.841667
79.723427
Control Period
76.879196
76.870972
76.897919
76.915199
77.953789
81.877182
Control Period
78.732483
78.625214
81.936867
84.321442
84.831039
81.744644
Control Period
82.818695
85.149223
84.826988
81.724648
78.694435
76.918243
76.900414
Control Period
76.894943
76.904388
76.901215
76.914146
76.900391
76.913925
Control Period
76.893372
76.896065
76.883392
79.975616
76.861786
76.905182
76.893341
Control Period
76.888321
76.905991
76.894142
76.944092
76.908859
76.904190
76.889343
Control Period
82.103012
78.999008
76.934402
76.881378
82.539780
79.452225
76.915237
Control Period
82.032730
78.935257
76.910110
76.920929
82.434875
79.356384
Control Period
76.893280
76.899071
76.941536
76.911301
76.951614
76.932861
76.955872
Control Period
82.119003
79.055161
82.179260
79.276993
76.927139
82.659264
79.556320
Control Period
76.892090
82.335999
79.275650
76.928421
78.853989
78.902237
Control Period
78.335876
81.007782
77.945633
76.925827
76.901596
82.598846
84.264381
81.198235
Control Period
78.128349
76.941986
76.910141
76.931900
76.912384
77.071579
Control Period
83.841118
85.811516
82.721214
79.655006
76.903709
76.919106
76.939842
Control Period
76.906975
76.903778
76.895172
76.876289
76.891937
76.912544
Control Period
76.882843
76.890495
76.911484
76.887840
76.901093
76.921890
78.536415
Control Period
76.909218
81.878494
82.765823
83.874405
80.812424
77.720840
Control Period
77.855904
76.899010
82.372543
79.312225
76.887741
76.919388
76.934692
76.881218
Control Period
76.892609
76.881187
78.882050
76.945793
79.742783
76.934235
Control Period
76.923996
76.946465
76.932610
79.810364
76.912323
76.922852
76.919487
76.953728
76.921921
Control Period
76.913757
76.911194
82.026596
78.947998
76.881088
76.896255
Control Period
76.909569
76.895935
76.888161
76.883453
82.022751
78.921921
76.894722
Control Period
76.914017
76.918335
80.490265
77.413940
79.149536
76.909599
76.919907
Control Period
76.905243
76.932159
76.905121
78.373344
76.914528
Control Period
77.262558
82.087524
84.498688
85.762909
82.669273
79.564827
76.910591
76.925056
Control Period
76.921021
78.213921
80.607391
82.247330
81.019684
80.895714
78.156990
76.916641
Control Period
76.907547
76.918854
76.927933
76.888260
76.898849
76.919205
Control Period
82.802589
79.714622
76.908638
76.945374
76.903549
76.938522
76.932190
77.858749
Control Period
76.941467
76.922745
77.746559
82.315361
79.225060
76.896515
79.922012
Control Period
87.022690
83.925278
86.067551
82.957726
79.866722
82.625916
79.550491
Control Period
76.889313
80.864197
78.513611
76.866432
82.010849
78.945442
Control Period
76.940353
82.427391
84.660774
85.790855
82.711082
79.661766
76.921021
82.338081
Control Period
79.236450
82.404739
79.284996
82.533089
79.425468
Control Period
79.971230
76.914398
82.581253
79.486694
82.724350
79.612732
82.029984
Control Period
78.927200
79.762207
76.913795
76.906815
82.021851
78.936798
Control Period
79.788704
76.851555
76.904572
82.287331
79.171394
79.853149
79.148705
Control Period
76.895676
82.123260
79.016632
76.909058
78.757629
78.796768
Control Period
82.397728
79.294395
76.910881
76.901794
79.290115
81.975677
Control Period
82.142014
79.025085
76.891586
76.927811
76.863586
76.947166
Control Period
80.287743
77.166588
76.905380
76.905022
76.889221
76.912354
Control Period
76.906624
76.915268
76.901627
76.877953
76.891937
76.911102
Control Period
77.587326
76.887589
76.902557
76.900284
76.924416
80.995682
77.859459
Control Period
76.870819
76.853249
76.904068
76.849152
