60.206112
59.917854
59.872704
59.893250
59.883263
59.913887
59.893505
59.884995
59.885246
59.903488
59.879200
59.888641
59.892738
59.895294
59.879326
59.835423
59.856003
59.890495
59.878624
59.859650
59.896416
59.879326
59.889954
59.871521
59.879295
59.894562
59.928993
59.877632
59.883934
59.888130
Control Period
59.881058
62.761635
63.783936
67.746567
62.683552
62.826752
66.726654
Control Period
68.450714
72.515007
68.457825
71.234619
68.456734
68.421440
72.837631
Control Period
71.810684
72.452637
73.259262
72.431328
75.140991
72.483231
72.263008
72.380295
Control Period
72.457947
74.305344
75.229568
72.056221
76.914528
72.515808
72.763397
Control Period
76.878662
76.858948
76.867905
76.915329
76.875580
74.200096
75.987427
Control Period
76.905792
76.887131
76.926971
76.903549
76.891136
76.881279
76.876892
76.859589
Control Period
76.884995
76.835136
82.002014
76.878654
76.857246
76.875900
Control Period
80.626907
82.392990
79.795364
76.842300
76.861664
76.884323
76.921982
Control Period
76.880867
76.877991
76.882523
81.186523
79.208771
76.900833
76.897758
Control Period
76.903809
76.909439
78.099518
80.560547
82.503998
80.339813
Control Period
82.996414
76.861221
76.880005
76.887360
76.872574
76.878372
76.890976
Control Period
76.878586
76.876068
76.859550
76.873344
76.855934
79.243195
80.036224
Control Period
82.819260
76.872604
82.089508
76.889221
76.896606
82.295456
Control Period
77.546974
76.884094
82.466560
77.688606
76.899872
81.122337
76.895142
Control Period
79.288132
82.364990
80.977921
76.863007
76.880859
78.175873
Control Period
82.004318
76.899460
76.896286
82.391876
76.929092
76.880798
Control Period
79.139267
76.854721
80.467651
76.863739
76.864487
76.872925
76.926079
Control Period
76.899292
82.242912
76.896095
82.519264
76.894722
76.912506
Control Period
78.172897
76.864517
78.595009
78.442276
76.902145
82.238113
76.862045
Control Period
76.835037
80.457535
77.404610
76.850204
82.134781
76.870499
76.855484
Control Period
82.457245
80.256226
76.874268
77.158585
82.271713
Control Period
82.366142
77.059776
76.880615
77.324158
82.250885
76.851646
Control Period
76.869408
76.897057
76.880928
76.879227
76.863739
76.834076
Control Period
76.870148
76.886749
79.039429
82.215614
78.127228
76.895905
Control Period
76.936539
81.695267
81.918594
79.086243
81.742493
81.483749
76.856766
Control Period
82.353241
76.891747
76.884575
81.298050
76.849991
77.115875
Control Period
80.503555
76.879074
82.147331
76.894333
80.997498
76.846786
81.820160
Control Period
79.028412
78.238083
76.899292
81.937950
76.863037
76.892761
Control Period
82.567108
76.897346
76.922470
77.562592
76.895454
80.518173
77.681343
Control Period
76.918915
80.433273
79.259872
77.625412
80.168732
76.887520
80.729858
Control Period
81.800964
76.899040
82.264450
76.887772
78.647522
78.587967
Control Period
76.916031
76.930588
76.909569
76.879974
76.948448
76.930336
76.902084
Control Period
76.896988
76.898117
76.893829
76.889023
76.921051
Control Period
80.112701
76.894592
76.903458
76.913788
81.108673
76.905663
76.888412
Control Period
76.898209
76.924736
76.920578
76.925507
76.909027
76.946426
76.925568
76.917213
Control Period
76.940224
76.903931
76.910400
77.949081
76.889252
77.466431
76.867813
Control Period
76.883232
76.888290
76.906494
76.926437
76.859772
76.870560
Control Period
82.256096
76.894333
76.883102
76.916832
76.922371
76.881088
80.036354
76.936897
Control Period
82.118362
76.915840
76.920929
80.515366
76.927711
76.927231
Control Period
76.912224
76.915840
76.889664
78.922592
76.924095
76.925789
Control Period
76.933853
82.152893
78.533569
76.923775
76.894882
82.398178
Control Period
83.921860
76.902908
79.377151
82.633606
76.916580
76.968864
82.678017
Control Period
76.895966
76.915970
76.884384
77.291107
78.116898
82.396027
Control Period
76.875259
77.495483
79.181534
80.086433
82.154556
76.909378
80.673218
Control Period
76.917984
80.375679
76.912262
76.910751
80.802017
77.562050
Control Period
78.280479
76.886047
76.908508
76.869949
76.886307
82.189278
Control Period
81.953888
76.898788
76.878342
76.891167
82.674042
76.875359
76.894112
Control Period
76.868134
80.904419
76.893341
76.894211
76.883011
77.969856
Control Period
76.887840
76.940094
76.892487
76.909729
78.355934
77.777313
Control Period
80.739616
77.437180
76.902466
76.901726
76.907745
76.894501
76.917984
Control Period
76.889694
76.885696
76.870720
76.873505
79.267517
81.845825
82.187866
Control Period
76.910370
76.887360
76.922974
76.907486
76.913315
76.916862
Control Period
81.325279
80.295807
82.624573
82.555458
82.412964
81.768990
81.998337
Control Period
76.921249
76.933212
76.914879
76.924133
77.728577
82.268707
Control Period
80.903488
77.687935
76.917343
76.923615
76.922531
76.883171
76.903648
Control Period
76.895966
81.914207
82.100960
77.875580
81.221184
82.494919
82.252449
76.971008
Control Period
86.308830
76.919205
76.916931
81.882812
80.055359
Control Period
76.918625
82.315041
82.262657
76.924736
76.907326
76.919876
Control Period
82.143204
81.821281
79.499969
76.914558
76.900223
76.921570
79.582245
Control Period
76.938721
79.218018
79.332062
76.928925
82.494629
76.978401
Control Period
79.714912
79.269310
76.896225
82.385887
76.938171
78.696159
Control Period
82.995522
76.931778
76.954651
76.954498
80.780159
76.949280
76.940353
Control Period
76.932602
76.959579
80.809761
81.989380
76.933792
76.922943
76.936188
Control Period
76.909248
76.923294
76.919586
82.300705
79.315140
82.504639
Control Period
76.915680
76.907295
76.913887
76.914810
76.921791
82.313728
80.877602
Control Period
76.906876
78.202911
82.382843
78.893829
76.925056
76.910141
80.297821
Control Period
82.259644
76.891586
76.884766
80.219421
77.446564
76.871422
Control Period
76.894363
76.888382
78.526947
78.158554
76.906586
76.883842
Control Period
81.801888
76.887489
76.913635
78.969826
76.897415
76.917984
76.874115
Control Period
82.434875
77.552383
76.918175
76.887482
76.911201
76.896637
76.909569
Control Period
76.870880
76.925026
76.870750
76.926369
77.948868
80.852257
81.989410
76.881760
Control Period
76.879196
76.870972
76.897919
76.915199
77.953789
81.877182
Control Period
76.855301
78.625214
81.936867
82.384575
80.509598
76.913605
Control Period
81.074051
82.330528
79.677765
76.897659
76.969788
76.918243
76.900414
Control Period
76.894943
76.904388
76.901215
76.914146
76.900391
76.913925
Control Period
76.893372
76.896065
76.883392
79.975616
76.861786
76.905182
76.893341
Control Period
76.888321
76.905991
76.894142
76.944092
76.908859
76.904190
76.889343
Control Period
82.103012
76.895996
76.934402
76.881378
82.539780
76.912445
76.915237
Control Period
82.032730
76.902527
76.910110
76.920929
82.434875
76.921509
Control Period
76.893280
76.899071
76.941536
76.911301
76.951614
76.932861
76.955872
Control Period
82.119003
76.936157
82.179260
77.097733
76.927139
82.659264
76.897057
Control Period
76.892090
82.335999
76.939651
76.928421
78.853989
78.902237
Control Period
78.335876
81.007782
76.937851
76.925827
76.901596
82.598846
81.665535
76.933853
Control Period
76.930115
76.941986
76.910141
76.931900
76.912384
77.071579
Control Period
83.841118
81.970398
76.909698
76.933792
76.903709
76.919106
76.939842
Control Period
76.906975
76.903778
76.895172
76.876289
76.891937
76.912544
Control Period
76.882843
76.890495
76.911484
76.887840
76.901093
76.921890
78.536415
Control Period
76.909218
81.878494
80.887329
81.108582
76.938019
76.908417
Control Period
77.855904
76.899010
82.372543
76.939682
76.887741
76.919388
76.934692
76.881218
Control Period
76.892609
76.881187
78.882050
76.945793
79.742783
76.934235
Control Period
76.923996
76.946465
76.932610
79.810364
76.912323
76.922852
76.919487
76.953728
76.921921
Control Period
76.913757
76.911194
82.026596
76.921402
76.881088
76.896255
Control Period
76.909569
76.895935
76.888161
76.883453
82.022751
76.899170
76.894722
Control Period
76.914017
76.918335
80.490265
76.923676
79.149536
76.909599
76.919907
Control Period
76.905243
76.932159
76.905121
78.373344
76.914528
Control Period
77.262558
82.087524
82.411163
81.264221
76.906364
76.895554
76.910591
76.925056
Control Period
76.921021
78.213921
80.607391
81.639938
78.772354
79.876030
77.261276
76.916641
Control Period
76.907547
76.918854
76.927933
76.888260
76.898849
76.919205
Control Period
82.802589
76.912033
76.908638
76.945374
76.903549
76.938522
76.932190
77.858749
Control Period
76.941467
76.922745
77.746559
82.315361
76.909698
76.896515
79.922012
Control Period
87.022690
76.902588
82.142273
76.890175
76.908997
82.625916
76.924576
Control Period
76.889313
80.864197
77.649414
76.866432
82.010849
76.934593
Control Period
76.940353
82.427391
82.233383
81.130081
76.920227
76.950684
76.921021
82.338081
Control Period
76.898369
82.404739
76.880257
82.533089
76.892380
Control Period
79.971230
76.914398
82.581253
76.905441
82.724350
76.888382
82.029984
Control Period
76.897217
79.762207
76.913795
76.906815
82.021851
76.914948
Control Period
79.788704
76.851555
76.904572
82.287331
76.884064
79.853149
79.148705
Control Period
76.895676
82.123260
76.893372
76.909058
78.757629
78.796768
Control Period
82.397728
76.896667
76.910881
76.901794
79.290115
81.975677
Control Period
80.166336
76.883072
76.891586
76.927811
76.863586
76.947166
Control Period
80.287743
76.878845
76.905380
76.905022
76.889221
76.912354
Control Period
76.906624
76.915268
76.901627
76.877953
76.891937
76.911102
Control Period
77.587326
76.887589
76.902557
76.900284
76.924416
80.995682
76.863777
Control Period
76.870819
76.853249
76.904068
76.849152
