0.708774
0.688486
0.679704
0.686988
0.684894
0.683586
0.691952
0.69575
0.687371
0.691693
0.690126
0.69622
0.698457
0.690892
0.685618
0.683258
0.683966
0.691985
0.68283
0.684529
0.691512
0.685822
0.690205
0.68632
0.691043
0.690761
0.690255
0.685484
0.68504
0.683514
0.686998
0.687642
0.687706
0.689495
0.690508
0.690655
0.690032
0.692398
0.697245
0.694134
0.690832
0.693701
0.689465
0.683493
0.686433
0.685085
0.685442
0.690038
0.691225
0.689018
0.686888
0.690174
0.692796
0.695272
0.688089
0.687795
0.684402
0.685235
0.690767
0.69429
0.689578
0.693652
0.691087
0.688894
0.687906
0.693283
0.694556
0.692116
0.693729
0.694603
0.693144
0.695663
0.692209
0.690071
0.686207
0.692625
0.688166
0.690088
0.688237
0.689301
0.691324
0.6881
0.68347
0.690388
0.688696
0.691321
0.690272
0.691095
0.688164
0.68582
0.693967
0.696988
0.688438
0.694841
0.694095
0.689207
0.693077
0.695326
0.693509
0.685287
0.689801
0.68867
0.694598
0.678982
0.685737
0.684887
0.685401
0.689516
0.688878
0.689762
0.694671
0.689679
0.695143
0.698247
