113.582
109.744
108.434
109.287
110.09
110.466
110.293
111.178
111.086
110.024
109.96
109.912
110.294
109.921
109.873
111.359
111.298
110.858
110.288
110.76
111.354
111.4
111.959
111.503
111.417
110.027
110.746
110.489
112.003
111.207
111.204
110.81
110.499
110.586
110.503
110.972
111.71
110.959
111.317
110.712
111.36
111.763
112.195
112.022
110.961
111.215
111.151
110.836
111.12
111.101
109.888
111.06
111.251
110.271
110.494
110.871
110.762
110.748
110.905
110.953
110.081
111.616
110.943
110.787
110.997
109.783
110.079
110.023
110.072
110.084
110.528
110.477
110.89
110.563
111.401
110.619
111.472
110.93
110.408
111.287
111.29
110.971
110.71
109.717
109.817
109.893
110.543
109.795
110.775
111.427
110.646
110.761
110.92
110.047
110.543
110.425
110.138
110.487
110.822
111.163
110.721
110.892
109.699
111.391
110.117
109.669
111.971
110.929
111.318
110.046
110.247
109.956
110.56
111.23
