57.8529
56.495
56.0354
55.712
55.7807
56.6193
56.318
56.6663
56.8341
56.7901
56.1277
56.3759
55.9953
56.4908
56.0496
57.0292
55.8818
55.9923
56.8078
57.7421
57.3432
56.5173
57.1924
56.6335
56.1906
56.9142
56.5928
56.8827
56.6764
56.3622
56.8217
56.4502
56.5125
56.2439
55.9817
56.1021
56.3376
57.108
56.4643
57.1801
56.6085
56.4626
57.1419
56.6226
57.0042
56.314
56.6777
56.6564
56.2729
56.0332
56.8916
56.6372
56.5643
55.9595
55.9483
56.1898
55.9791
56.6302
56.4398
56.4122
56.794
56.0136
56.4368
56.1853
56.5253
56.7876
56.134
56.5211
55.5845
57.0949
56.3287
56.0204
55.9685
56.3557
56.3961
56.7102
56.2224
56.792
56.5411
57.2057
56.1785
56.5469
55.9288
56.662
56.473
55.494
56.267
57.035
56.3198
56.3239
56.673
56.6247
56.2851
56.8174
56.3113
56.6372
56.7204
56.814
56.7528
57.3034
57.0007
56.0779
56.6701
54.9427
55.3806
56.1864
56.4851
57.3513
56.355
56.3756
55.7801
55.9374
56.6848
57.0525
