1302.67
200.167
-36.2759
-166.967
-87.8999
8.4668
-123.483
10.1665
96.1665
51.5669
-49.6001
-9.96533
8.5332
40.7241
-51.0322
13.4829
-21.3999
-48.9668
-114.833
-57.6001
134.138
-70.3999
30.5332
90.8965
51.5332
22.8999
-58.3999
-114.733
54.6895
25.4331
41.4331
-1.2666
45.3447
17.1333
-134.967
-27.1724
10.4668
83.8276
-102.1
4.93311
-69.5171
-75.6001
95.7002
30.8999
62.4668
-57.9668
58.0688
59.7998
29.793
2.1665
-128.467
50.9653
174.833
-33.9668
-34.8965
-6.1665
-13.0669
-51.0669
-11.2759
53.0332
-8.7998
18.6333
-7.43311
20.1333
73.5669
-6.2002
-58.4829
32.4829
-17.0669
-18.0332
64.8276
-48.2666
-36.8667
-90.5332
-16.6553
44.9331
16.1333
72.7998
-152.133
16.2998
58.2998
113.2
81.3999
12
-75.9331
-53
-25.7334
-90.0669
2.3335
72.1611
-101.6
57.8276
41.7998
10.9668
14.7334
-18.4482
-86.6001
28.2334
-8.1377
19.3999
20.3999
4.31055
12.5669
140.567
-18.3667
-273.621
-21.9331
91.3667
157.311
28.2666
-1.56689
-90.5
-130.067
76.6895
