918
918
918
982.33
998.144
988.294
988.445
984.977
977.188
976.425
981.588
980.899
980.701
979.627
979.736
980.982
982.273
983.369
982.264
980.51
983.316
981.144
977.92
980.285
980.454
980.586
981.84
981.53
982.142
984.722
986.628
986.357
984.27
980.054
982.43
981.202
980.94
981.703
979.035
974.52
967.458
972.712
979.447
976.184
983.125
984.809
984.809
985.711
987.386
982.732
983.491
981.782
980.564
982.76
980.936
977.086
979.56
983.634
983.868
985.479
982.953
981.382
977.076
976.906
974.721
978.921
982.564
984.125
976.268
976.551
975.447
977.144
974.673
973.057
973.281
978.027
980.29
984.117
978.143
975.178
980.698
979.48
979.815
979.765
984.847
983.217
981.628
982.665
978.662
977.167
977.414
979.504
981.206
980.36
971.638
975.282
976.773
977.696
979.703
976.37
970.898
974.369
978.791
981.254
981.35
977.686
979.341
981.489
978.824
979.098
977.938
980.135
975.153
976.273
976.053
978.081
979.546
973.028
