117.596672
117.318497
117.317657
117.295166
117.411201
117.345726
117.337471
117.353638
117.380768
117.338333
117.359901
117.367355
117.423645
117.336990
117.342621
117.387070
117.367744
117.370300
117.371780
117.392700
117.383743
117.380707
117.380066
117.335808
117.368767
117.367844
117.391327
117.347260
117.331741
117.349701
Control Period
109.844032
109.745438
109.826302
109.760452
109.859879
109.777374
109.808029
109.748543
109.321823
Control Period
109.864868
107.977219
109.702271
107.063393
109.587646
107.108551
108.239838
109.415070
106.948448
Control Period
110.878754
108.775421
109.793884
109.457596
109.420929
109.684189
108.479744
107.209663
109.879135
Control Period
112.699326
109.967361
109.997787
109.721695
109.788803
109.718079
109.390625
109.722237
109.799934
Control Period
112.099838
109.878723
112.190628
110.010178
109.757858
109.724991
110.039200
109.655899
110.837280
Control Period
112.764801
109.411232
109.416382
109.553314
110.179901
109.738342
111.700027
109.577377
Control Period
111.395645
111.533310
109.774521
111.201538
109.759010
113.033829
113.229118
109.493317
109.538589
Control Period
109.793732
109.811646
113.271393
113.142242
109.629913
109.702972
113.060699
112.969223
109.939743
Control Period
112.911552
109.622589
109.715225
109.682495
109.571228
109.694496
109.516129
109.479424
109.745056
Control Period
109.242401
109.609467
109.609787
109.903717
109.679840
109.664223
109.748543
112.434113
109.437698
Control Period
112.820290
109.833023
109.379265
109.943619
109.597916
109.517029
109.565857
109.110657
Control Period
109.532867
110.773216
109.759933
111.175644
109.539711
113.186272
109.291008
109.529724
109.857666
Control Period
109.870468
110.231712
109.328545
109.149246
109.701630
109.802818
109.541443
111.806427
109.861183
Control Period
110.943970
109.876770
110.313599
109.755676
109.560059
109.771332
109.662781
109.500832
109.473114
Control Period
112.757538
110.170074
112.515488
109.959457
113.499649
109.673157
112.833214
109.465820
113.215263
Control Period
109.688354
113.160095
109.801216
110.134048
109.584351
112.690559
109.993988
113.410660
Control Period
112.970337
109.862114
109.982529
112.893372
109.603584
112.997467
109.363838
109.882523
110.167709
Control Period
109.779846
109.740189
112.835266
109.635651
109.649628
109.957306
110.416580
Control Period
109.345505
111.328255
111.002975
110.818687
110.639389
111.459648
111.001633
110.875298
110.368805
Control Period
110.647232
110.031006
110.015778
112.706726
112.661987
112.652740
110.842819
111.270844
Control Period
112.050781
112.458176
109.727394
112.606529
110.297310
110.754974
109.888763
113.418915
Control Period
112.769562
112.178688
112.828293
112.896736
112.762436
110.778366
110.938202
111.027481
111.453735
Control Period
111.189926
110.608192
110.766975
110.391525
109.551422
113.209953
113.039001
113.270950
113.439133
Control Period
113.367035
109.745178
109.683327
112.018753
111.377533
112.032318
109.702110
111.385185
Control Period
112.310654
110.356155
109.803482
110.043076
109.702011
109.960678
109.398430
109.037628
109.627747
Control Period
112.550308
110.851616
109.576355
109.958755
109.575043
113.189926
109.615936
111.600510
109.795456
Control Period
110.700737
112.714432
109.814468
109.845985
109.846146
112.231262
109.117661
109.641853
Control Period
113.361633
113.102081
112.771866
112.110367
111.488770
111.253571
110.725601
111.070816
112.144165
Control Period
112.592514
109.600540
112.946106
110.237343
110.482910
111.394112
112.733246
109.671906
Control Period
113.092896
112.708420
109.616348
110.430588
112.170624
109.716545
111.036385
112.720192
109.341599
Control Period
113.265091
109.873985
110.025024
112.554176
110.372742
112.557053
109.721985
109.494911
109.421188
Control Period
111.096031
109.675613
109.501923
110.822624
112.129028
110.116226
111.827301
109.597214
109.720932
Control Period
110.327194
109.837509
109.575233
113.358368
109.497536
109.997375
109.899292
109.619934
113.158752
Control Period
109.948158
112.492737
110.332062
112.172798
109.794846
109.925056
109.766945
109.588806
Control Period
109.711578
111.099167
111.217468
111.075836
111.629028
109.813858
112.066620
109.889534
112.244545
Control Period
112.702972
112.634949
113.279526
109.902367
110.587677
110.321243
110.268707
112.763329
112.929794
Control Period
110.151009
109.730118
109.893089
112.845886
112.084793
110.201538
111.308929
111.460480
109.853409
Control Period
111.423904
111.312065
111.491295
111.844742
111.996384
110.719231
111.897308
109.679070
Control Period
111.326202
112.345985
111.455750
109.607590
110.811523
110.710526
110.870682
109.602692
Control Period
111.269279
110.861404
110.470306
111.674210
111.926758
112.994492
110.069344
111.616096
Control Period
113.376068
111.301697
110.509727
110.448418
110.968094
112.385788
113.353180
Control Period
115.201729
112.340927
109.882622
110.334435
112.612900
112.611557
110.474365
113.628288
112.670654
Control Period
113.614044
113.180099
112.567902
110.902336
110.565598
111.077667
111.237312
113.032700
Control Period
113.508286
110.108704
110.520828
110.847519
111.153885
111.769058
109.822876
111.447998
109.466431
Control Period
112.967361
112.948189
109.436317
110.069092
109.592354
111.529572
111.612732
111.568253
Control Period
110.850433
112.104767
112.488541
112.230652
113.084991
109.564804
109.773537
110.272827
109.991936
Control Period
109.435135
109.720581
109.555389
113.063934
109.737732
111.058716
111.961212
111.868225
111.122879
Control Period
113.048546
109.503777
109.671967
109.845276
111.783264
110.826721
112.279709
110.603333
112.514786
Control Period
112.352707
109.924866
113.039780
109.849503
112.950493
109.764511
112.588547
109.701920
109.738403
Control Period
109.743271
109.568192
109.791779
111.512863
110.027870
109.166428
109.745758
109.550049
Control Period
109.855270
110.074692
109.948128
112.591263
112.474243
112.571999
109.695587
111.271011
111.709091
Control Period
113.260384
111.936989
109.479042
111.983170
111.001862
111.130653
111.046402
111.427872
109.533188
Control Period
112.588028
109.787140
113.113922
109.683105
109.558624
109.745247
109.305374
109.722015
108.939270
Control Period
110.512321
112.197021
109.699425
109.590782
109.861252
110.629501
112.512703
109.734467
109.709442
Control Period
113.557724
112.970718
109.637314
109.531136
109.700287
109.779999
113.361343
109.614815
109.690018
Control Period
113.213852
112.700195
109.727295
109.508865
109.477722
109.755745
113.090790
109.650017
109.737061
Control Period
110.504448
109.671074
109.745277
111.591492
110.905663
109.614944
111.852036
110.296097
112.555038
Control Period
112.996582
109.455490
109.231613
109.970978
110.894821
111.633507
111.474815
111.578491
Control Period
109.976196
111.785309
112.165604
109.710266
111.414978
111.780579
111.733093
110.445633
109.567039
Control Period
113.639359
109.653633
109.421021
109.576355
109.803101
109.473022
109.678238
109.911552
109.570236
Control Period
113.263039
110.064285
112.355362
110.849182
112.502945
109.672867
113.434433
109.568733
112.834396
Control Period
113.369507
109.557053
113.098053
110.755386
113.007072
110.404671
109.388832
109.223297
109.687042
Control Period
111.799683
110.039169
113.236252
109.538116
113.287140
109.659424
109.626083
110.137054
109.758911
Control Period
112.500229
109.672768
112.308449
110.584671
109.809502
112.883362
109.593025
109.912476
112.996353
109.707710
Control Period
109.978081
109.860703
109.911522
109.606720
109.860901
109.174881
109.653854
109.924805
110.075165
Control Period
109.590782
110.988068
109.753021
111.617981
109.805634
109.610336
109.527390
109.742203
111.569092
Control Period
109.776093
109.553253
109.374725
111.306076
109.500160
109.980896
109.759613
109.831970
109.578949
Control Period
109.735970
112.956604
110.085854
109.752029
109.535324
109.684669
109.662079
109.522842
109.713089
112.826561
Control Period
109.721313
109.924805
110.111771
109.273506
109.615036
109.586334
109.720512
109.384415
110.671066
Control Period
109.456642
112.735901
110.578339
109.893982
109.978470
109.575302
113.131584
109.619232
109.783676
Control Period
113.348450
109.934624
109.718277
109.670654
109.475487
110.575363
109.666176
112.212357
109.695419
Control Period
110.110687
112.973022
109.741882
109.930145
113.042908
109.931107
109.864838
112.501724
109.911552
Control Period
110.249054
109.752197
109.603485
113.351997
109.869698
109.611938
109.604927
113.356293
109.667679
Control Period
112.974205
109.740997
111.167809
109.742271
112.601791
111.251068
111.592224
112.140320
Control Period
110.674179
110.131516
109.370110
112.778885
110.685471
111.156067
110.133926
110.801636
109.834915
113.032639
Control Period
113.249344
109.835457
109.892548
112.778885
110.028259
112.907196
110.351746
111.170105
111.307678
Control Period
111.906975
110.112160
113.093536
109.867584
109.673279
109.809052
111.105568
111.494812
111.896667
Control Period
109.744797
109.531494
112.203873
110.933563
109.887268
109.179329
109.887360
Control Period
109.661919
111.523682
111.636642
111.462624
111.762436
111.173157
112.385567
112.492737
109.480286
Control Period
109.703072
110.413055
110.545280
112.162338
112.350983
110.702942
111.178017
112.224289
112.326431
Control Period
113.444061
111.552261
111.481628
111.222595
109.416763
108.876068
110.059555
112.773254
111.165756
109.716507
Control Period
112.883163
109.677376
109.965057
109.568703
112.887131
109.717026
109.696800
109.127937
112.867203
Control Period
109.735619
109.594116
109.703712
109.292419
109.837891
109.817276
109.727455
110.119614
109.419136
109.918427
Control Period
109.965820
109.729889
109.384064
110.084129
109.916962
109.792030
109.854950
109.811745
Control Period
109.731102
109.140961
110.839233
109.577377
109.816803
109.590912
109.506653
111.082306
109.750076
109.596352
Control Period
109.512451
109.572830
112.085602
111.120834
109.698746
112.319939
111.279617
109.696869
Control Period
109.779007
110.548477
109.811134
109.535645
109.907394
109.719101
109.623871
109.544991
109.682587
Control Period
112.105026
112.155647
110.665184
109.035072
110.504929
109.488892
112.594788
110.631012
109.790558
Control Period
113.399811
113.256897
110.416641
109.552124
110.830177
112.846657
113.034401
109.725761
109.780128
Control Period
113.311035
109.759041
113.426147
109.754883
109.762657
109.731453
109.723236
109.699814
Control Period
109.819290
110.627365
111.446083
111.990341
112.136414
109.910019
111.935074
108.957794
110.030144
Control Period
110.491013
110.005310
112.890015
110.189247
109.259903
113.383652
109.843231
112.490494
109.729218
Control Period
113.344704
109.738815
109.399582
109.681984
109.969604
110.042725
108.738144
109.739716
109.769859
Control Period
109.465881
109.436325
109.368607
109.724510
111.849411
109.712128
112.033661
111.596130
111.696480
Control Period
113.020157
109.371231
109.531616
109.937927
112.321342
110.833855
109.615005
109.773346
109.419456
Control Period
113.053436
109.596130
109.836128
109.904610
109.867462
109.524475
109.650879
109.670532
109.091873
Control Period
112.353119
109.585503
110.755203
109.574905
111.794724
109.621735
112.236282
110.215012
109.642395
Control Period
112.916702
109.729446
110.328003
112.189507
110.946846
109.895355
109.472321
111.098755
Control Period
111.433441
111.369247
112.204514
109.694016
111.149055
112.435226
109.538910
110.777344
111.863907
Control Period
110.982269
110.219162
112.166656
111.487488
109.980255
109.535904
109.666466
113.133568
109.318909
Control Period
109.466942
109.710785
110.235359
113.001083
109.630783
113.477402
109.748543
113.130371
109.622498
Control Period
109.779388
109.774658
109.702301
109.824959
109.610558
109.693954
109.748611
109.651169
109.506721
Control Period
113.041565
113.352478
109.472771
112.800644
109.657028
112.597885
110.900223
112.212929
110.606598
109.265282
Control Period
113.283394
109.633926
109.698944
109.776932
109.516609
109.996735
109.516830
109.764282
109.866882
Control Period
109.962814
109.540321
109.454109
109.828384
109.479103
109.692123
109.723297
109.279556
Control Period
112.719009
113.349663
112.808350
112.643204
112.407516
112.345764
112.608124
109.575653
Control Period
110.699394
112.044388
112.156288
111.979103
110.939621
110.134590
109.692642
110.149696
110.562393
Control Period
113.467804
112.794815
109.485275
111.183838
109.878624
112.223877
111.424835
111.912544
109.486977
111.103294
Control Period
109.646240
109.761375
111.208832
109.399323
109.392960
109.330780
110.622719
109.678467
110.312126
Control Period
111.860703
109.759071
109.598846
110.030754
109.601440
109.437469
109.799072
112.115677
110.019043
Control Period
109.507523
109.488991
109.029282
109.680420
109.453789
109.906143
109.661148
113.465088
109.408798
Control Period
110.156891
109.444862
109.430656
110.825668
112.471207
109.377151
113.282303
109.488770
Control Period
113.011841
110.886246
111.348480
109.669724
111.337891
112.360062
109.552155
109.747231
113.155106
Control Period
113.245667
117.347618
117.333084
117.348068
117.339294
117.351807
117.342880
117.378723
117.321411
117.374847
117.379654
117.345276
117.359489
117.342300
117.345245
117.331940
117.349762
117.355103
117.370850
117.353279
117.337730
117.305542
117.301315
117.338943
117.351364
117.373184
117.381287
