0.708175
0.717819
0.717082
0.726223
0.716492
0.725995
0.729274
0.728069
0.732006
0.730028
0.731763
0.728993
0.731932
0.726756
0.722954
0.727774
0.734605
0.730583
0.729121
0.723803
0.731723
0.724556
0.726936
0.724415
0.722021
0.728571
0.725381
0.726369
0.726159
0.72558
0.717054
0.729625
0.729302
0.730669
0.730371
0.726375
0.723489
0.728449
0.721568
0.728309
0.723097
0.734473
0.730011
0.733629
0.726147
0.725975
0.734359
0.727438
0.731806
0.730944
0.729379
0.727747
0.733484
0.73297
0.733024
0.727299
0.729484
0.731369
0.728739
0.727787
0.730245
0.733744
0.730549
0.723603
0.73467
0.731819
0.727663
0.72633
0.725275
0.722109
0.726515
0.730664
0.726822
0.734917
0.734778
0.729788
0.734683
0.734507
0.733263
0.731446
0.733428
0.730009
0.727253
0.724707
0.727802
0.722237
0.724266
0.731478
0.72971
0.734602
0.731362
0.733381
0.72959
0.725081
0.732964
0.73062
0.734822
0.727083
0.729767
0.729309
0.715197
0.732384
0.734521
0.729606
0.724651
0.726045
0.723159
0.731076
0.729502
0.730414
0.73226
0.729491
0.724993
0.728013
