918
918
918
958.69
954.255
943.297
932.582
929.15
929.855
929.748
927.3
930.028
924.985
928.7
932.3
933.009
936.895
932.311
922.298
925.061
931.108
932.24
932.305
937.796
939.234
936.823
932.308
935.531
936.321
933.031
938.111
937.943
934.362
930.137
931.627
932.198
933.89
937.03
935.713
933.953
939.41
936.647
936.109
932.934
929.275
934.18
937.615
936.217
932.622
931.676
929.722
926.471
926.556
929.562
929.856
931.719
930.356
926.544
926.531
929.179
930.656
930.631
930.631
930.153
933.236
932.628
938.644
933.944
928.819
937.117
935.014
936.573
937.249
930.958
924.446
925.208
924.063
922.953
923.319
921.049
922.79
926.697
933.783
933.618
929.886
938.047
933.674
930.531
934.164
934.724
935.293
936.333
919.455
922.314
926.845
929.096
930.515
927.095
930.992
924.78
924.78
929.718
934.995
934.041
924.364
925.759
929.781
934.134
938.209
935.09
931.852
930.655
930.247
929.933
936.304
934.891
932.191
928.327
