0.708896
0.706706
0.705329
0.711998
0.730524
0.724419
0.723956
0.720716
0.72682
0.719676
0.729505
0.723076
0.725666
0.71797
0.717093
0.72557
0.730219
0.732206
0.724102
0.722808
0.71587
0.719401
0.716589
0.722971
0.726148
0.724238
0.721515
0.719355
0.715336
0.718759
0.727073
0.722387
0.721667
0.718042
0.717094
0.71783
0.724499
0.718435
0.721581
0.719928
0.722219
0.717244
0.723792
0.715546
0.718284
0.724042
0.727034
0.722592
0.723379
0.722708
0.730728
0.72567
0.722473
0.714695
0.719813
0.732477
0.729886
0.725622
0.724962
0.722025
0.726441
0.715211
0.723285
0.71985
0.718126
0.724624
0.715872
0.722041
0.716485
0.72354
0.725843
0.72596
0.733036
0.729339
0.733473
0.732551
0.73134
0.73026
0.726028
0.715298
0.720932
0.723666
0.71864
0.731598
0.727064
0.733371
0.729915
0.718141
0.720733
0.730626
0.732578
0.727344
0.726015
0.727717
0.726713
0.722826
0.726994
0.733477
0.724508
0.716151
0.724348
0.728484
0.722848
0.725819
0.723505
0.716693
0.725344
0.719247
0.725064
0.722239
0.7264
0.718932
0.726539
0.730207
