56.654
57.4255
57.3666
58.0979
57.3194
58.0796
58.3419
58.2455
58.5605
58.4022
58.541
58.3194
58.5546
58.1404
57.8363
58.2219
58.7684
58.4467
58.3297
57.9043
58.5378
57.9645
58.1549
57.9532
57.7617
58.2857
58.0305
58.1095
58.0928
58.0464
57.3643
58.37
58.3442
58.4535
58.4297
58.11
57.8791
58.2759
57.7254
58.2648
57.8478
58.7579
58.4009
58.6903
58.0917
58.078
58.7488
58.195
58.5445
58.4755
58.3503
58.2198
58.6787
58.6376
58.642
58.1839
58.3588
58.5095
58.2991
58.223
58.4196
58.6995
58.4439
57.8883
58.7736
58.5455
58.213
58.1064
58.022
57.7687
58.1212
58.4531
58.1458
58.7934
58.7822
58.383
58.7746
58.7605
58.661
58.5157
58.6742
58.4007
58.1802
57.9765
58.2242
57.779
57.9413
58.5182
58.3768
58.7681
58.5089
58.6705
58.3672
58.0065
58.6371
58.4496
58.7857
58.1666
58.3813
58.3447
57.2158
58.5907
58.7617
58.3685
57.972
58.0836
57.8527
58.486
58.3602
58.4331
58.5808
58.3593
57.9994
58.2411
