813.804
-88.7002
-219.172
-214.3
-68.6333
14.1001
-2.1377
-48.9668
54.5669
-100.867
74.3105
72
14.1665
77.7241
-91.6665
-200.267
55.2666
120.931
22.6333
1.2998
109.833
28.7588
-48.2334
-90.2998
64.4668
15.7998
-65.793
101.6
-3.3667
-71.6206
-84.5
29.793
11.4331
33.8276
62.7998
-26.3335
-35.2002
109.138
-55.2666
-10.7588
-63.5
-73.1665
98.1035
68.7002
-27.9668
-71.8999
-18.9312
-39.0669
-65.0347
1.7002
60.1333
5.8667
37.2759
-27.2666
-76.2412
-0.266602
52.9668
29.5332
-0.48291
-9.56689
61.6553
-12.1665
120.333
-94
-102.5
165.965
-42.0669
31.1724
13.5332
-125.833
-130.233
15.2412
-22.8999
-22.207
7.3335
-45.4136
34.8335
78.1377
141.724
-3.2998
-74.6553
163.233
-87.4668
-62.8667
72.6665
11.2002
11.3794
20.7998
-337.552
57.1665
90.6206
45.0332
28.3794
-68.3999
77.9331
-124.241
0
98.7588
105.533
-19.0669
-193.552
27.8999
80.4482
87.0669
81.5
-62.3794
-64.7744
-23.9312
-8.16113
-6.27588
127.414
-28.2666
-54
-77.2666
