59.281727
58.578049
58.558083
58.555969
58.638336
58.625759
58.613663
58.527969
58.556736
58.653313
58.587967
58.555550
58.583138
58.596607
58.580769
58.571072
58.599106
58.561859
58.587936
58.609856
58.585632
58.574913
58.598877
58.554398
58.576962
58.571457
58.560863
58.587074
58.585537
Control Period
57.355423
56.311424
58.584385
57.623550
56.562881
57.198048
56.995808
58.772766
57.103714
Control Period
56.941185
57.388481
57.643616
58.623680
58.135330
56.480385
56.901695
57.080959
58.724289
Control Period
56.313984
58.782047
57.042717
58.722015
58.277344
58.775330
57.732574
58.106750
58.501602
Control Period
56.364899
57.305248
57.657570
56.792191
56.487389
58.766273
58.333473
57.159645
56.175652
Control Period
56.957119
58.750015
58.734177
56.760448
58.754688
58.779869
58.725536
56.498497
58.756126
Control Period
58.825218
56.653694
58.733276
58.755840
58.751999
57.039711
58.759617
58.763580
58.794044
Control Period
58.752098
58.790848
58.757889
58.537186
58.588638
56.646080
58.509789
58.728512
58.745953
56.397858
Control Period
58.713760
57.464417
58.758369
58.784321
58.748512
58.808350
58.441376
58.764610
Control Period
57.447678
58.765633
58.793343
58.807358
58.765022
58.584801
58.763390
58.735775
58.745667
56.613693
Control Period
58.764767
58.765022
58.409149
58.732574
57.334881
58.775681
58.751198
58.794975
Control Period
58.770657
58.770882
58.742977
57.513760
58.745663
58.756832
56.477631
58.776962
Control Period
58.793533
57.538239
58.738369
58.764801
58.768829
58.757183
57.942467
58.745888
58.750847
58.745438
Control Period
58.745918
58.742657
58.738495
58.954399
56.568382
56.464447
58.768864
Control Period
58.127457
57.121471
58.736992
58.764992
56.458496
56.439903
58.732735
58.759171
58.762878
56.459167
Control Period
58.826782
58.752831
58.744286
58.779327
58.814018
57.998787
57.120674
56.223072
58.737602
Control Period
58.817635
58.792225
58.737373
58.769058
58.744225
58.781090
58.754333
58.775810
58.744125
Control Period
58.744225
58.828449
58.726944
58.715553
57.917213
58.730656
57.179619
58.730782
Control Period
58.752289
58.366016
58.747231
58.748772
58.738750
58.181633
57.358688
57.320290
58.753662
Control Period
58.785698
58.325409
57.460159
56.456322
56.930466
57.742813
58.718910
58.814430
58.746849
Control Period
58.736351
58.735809
58.757858
57.702141
58.145695
58.712704
58.765022
Control Period
58.575966
56.400414
58.749695
58.808258
58.716446
57.343647
57.156929
58.856064
Control Period
57.178848
58.782753
58.731453
56.436417
58.735489
57.175327
58.719009
58.778561
57.749695
Control Period
58.758591
56.270496
56.743042
58.755295
58.739937
58.620960
57.781376
57.358112
58.754433
Control Period
58.746624
56.621632
56.357792
58.700512
58.787582
58.224609
56.893089
Control Period
58.765923
58.745346
58.744446
58.758560
58.533951
56.460094
57.075840
58.771805
58.715263
Control Period
58.748291
57.896156
58.692608
58.717758
58.741951
58.729729
56.242016
56.774239
57.731522
Control Period
58.718590
58.792191
58.725632
58.741920
58.719070
56.237762
56.875969
58.065056
Control Period
58.523201
56.452065
58.757507
58.701920
57.681408
57.004032
58.852192
58.769730
Control Period
58.366943
56.278465
58.733696
58.782433
57.871773
56.848511
58.737534
58.751617
Control Period
58.761055
56.535294
57.558720
58.765282
56.271488
56.501793
56.247711
57.389954
58.247776
Control Period
58.758621
58.753120
59.196415
57.561344
57.659103
57.526241
58.726814
58.778240
58.750336
Control Period
58.795105
58.747871
58.767105
58.057056
56.749954
57.776352
58.715679
58.738113
Control Period
58.821247
58.733215
58.765087
58.746304
58.756927
58.808960
57.959457
57.036926
Control Period
58.734497
58.765697
58.761246
58.767296
58.754368
58.764832
58.020226
56.869473
Control Period
58.744255
58.863552
57.998272
57.081055
58.771744
58.770241
58.229248
57.433502
57.098335
Control Period
57.678368
57.052963
56.571587
56.737473
58.743874
58.763710
58.748577
58.736446
Control Period
58.749825
58.709633
58.794399
58.810143
58.751167
57.119392
58.355648
56.916992
Control Period
58.765568
56.821533
58.028511
58.260384
56.371521
58.776417
57.745346
57.034016
58.752705
Control Period
56.968224
58.419167
58.777920
58.765503
58.780991
58.072670
57.067871
58.777695
Control Period
58.788895
58.750786
57.746017
56.390114
56.471230
58.684353
58.771328
56.254753
58.772385
Control Period
58.753601
58.749249
58.744995
58.779968
58.763393
58.765694
58.736610
58.769344
Control Period
57.986526
58.760414
58.750175
57.172386
58.748192
58.766048
58.743423
58.279938
58.124222
Control Period
58.764450
58.745438
58.743328
58.779839
58.756737
58.833443
58.775105
58.776802
Control Period
57.495296
57.069824
58.803490
58.784767
58.760288
56.294880
58.748482
Control Period
58.787613
56.388031
57.231682
58.803040
58.764576
58.772835
58.121346
56.382561
58.758911
58.769089
Control Period
58.756386
58.783234
58.748001
58.852386
58.740353
58.497887
58.792576
58.819233
57.871521
Control Period
58.739456
58.827423
58.751457
58.789917
58.760094
56.895363
56.340286
58.779678
Control Period
58.794399
57.467552
58.737568
58.787136
58.748962
58.843391
58.185219
58.538338
58.797665
Control Period
58.737022
58.790558
56.278400
58.755520
58.777122
58.771263
58.853184
58.734688
58.271133
58.786591
Control Period
58.774780
58.673664
58.781822
56.537697
58.750816
57.699715
58.797630
58.786625
Control Period
58.722912
58.763138
58.774464
58.797855
56.519711
58.776001
58.760319
58.376289
56.487457
Control Period
58.757183
58.758560
58.796959
58.782051
58.889442
57.982048
58.784706
58.742592
Control Period
58.799553
58.756065
58.852478
58.687935
57.491074
58.783134
58.779839
58.845757
58.767166
Control Period
58.814941
58.753216
58.790016
58.742142
58.766880
57.518944
58.745789
58.752510
58.767967
Control Period
58.756767
58.783714
58.761345
57.738945
58.805855
56.796417
58.756416
56.467617
58.788414
Control Period
58.776161
57.248222
58.763809
56.943905
58.796257
58.778397
58.777855
58.785439
Control Period
58.839489
58.794399
58.732639
58.741344
57.755520
58.830238
58.776798
57.805634
58.309311
Control Period
58.804451
58.184097
56.447746
58.766563
58.738945
58.872543
58.760353
57.818047
Control Period
56.483521
58.756065
58.773792
58.780384
57.660767
57.287872
58.786781
58.743553
58.734238
Control Period
58.737568
58.783905
58.756546
58.496605
56.321022
58.737411
58.773567
58.750206
Control Period
58.766399
58.742882
58.870049
58.774178
58.768799
58.790047
58.773472
58.751743
58.058239
Control Period
58.782688
58.739807
58.834785
56.385792
58.802753
58.755455
58.805954
Control Period
58.738113
58.057571
57.210239
56.979393
58.763939
58.753952
57.290112
57.312798
Control Period
58.765663
58.767036
58.795456
58.777534
58.752029
58.820160
58.760033
58.779037
58.745117
Control Period
58.769791
58.755714
58.778847
58.497215
58.797379
58.791553
57.218658
58.755135
Control Period
58.837730
58.797569
58.097534
57.035103
58.778526
58.751358
58.053665
57.352829
Control Period
58.765633
58.772865
58.742210
58.813438
58.148254
57.165600
56.336674
56.668320
Control Period
57.937183
56.926689
57.814751
58.518753
58.773151
58.783966
58.753021
Control Period
58.757984
57.081726
56.428928
57.065346
57.632671
58.241470
58.769119
58.172318
Control Period
58.760609
58.744545
57.114754
57.821217
57.356770
58.773567
58.783554
58.787491
56.947998
57.658112
Control Period
58.780384
58.755936
58.762657
58.781631
56.924767
58.788609
58.797440
58.828766
Control Period
58.763519
58.764030
57.439743
58.806755
56.491585
58.749184
58.801376
56.718079
58.777855
Control Period
58.776222
58.921024
58.806847
58.797119
58.750721
58.770462
58.752769
58.801952
58.763199
Control Period
58.853699
58.737888
58.777824
58.780159
58.726753
58.774048
56.922531
58.773537
58.833920
Control Period
58.755104
58.766785
58.786400
57.211166
58.745567
58.747330
56.487457
58.732800
58.781151
58.816704
Control Period
58.738976
58.851807
58.768578
58.765568
58.756607
58.784447
58.775810
58.755169
Control Period
58.760544
58.730976
58.840126
58.691681
58.802944
58.740959
58.763458
58.753632
Control Period
58.730400
58.762077
58.751778
58.765247
58.758781
58.098816
58.750114
58.670879
Control Period
58.773087
58.752033
58.783295
58.780224
58.246078
58.737762
58.254398
58.756001
57.558174
Control Period
58.763359
58.723518
58.095039
58.756607
58.796352
58.720097
58.764832
58.774113
57.999901
Control Period
58.787071
58.736576
58.808609
58.764862
58.803520
56.536224
58.769024
Control Period
58.744671
58.247810
58.760960
57.644989
57.245792
58.835617
58.763199
57.019936
58.359104
Control Period
58.743904
58.755009
58.153088
58.715519
57.361088
58.489632
56.732033
57.899616
56.938942
Control Period
58.764416
58.761215
57.541695
57.944992
56.945953
58.850334
58.760639
Control Period
58.743584
56.743393
57.227390
57.951935
56.665085
57.816479
58.741600
57.457249
58.664223
Control Period
58.712898
58.747360
58.750816
58.723679
58.298336
57.454494
56.528831
56.313599
Control Period
57.243744
58.519104
58.747200
58.433662
58.896641
58.759487
58.761311
58.784832
Control Period
58.803520
58.808865
58.768257
57.774498
58.772224
56.859489
57.895424
58.426239
58.508064
58.717087
58.811234
Control Period
58.764320
58.775425
58.729824
58.829666
58.756321
58.771294
58.739166
58.770462
58.776672
Control Period
58.766560
58.718208
58.794144
56.624893
58.858078
58.765472
58.805279
58.738945
Control Period
58.764000
58.781151
58.685150
58.798622
58.726051
58.887650
58.764030
57.868515
58.759136
Control Period
58.771774
56.635616
58.761345
58.748096
58.337151
58.173279
58.735519
58.774750
Control Period
56.703712
58.770081
58.764576
58.753571
57.267200
58.007713
57.256386
57.755234
58.779743
Control Period
58.763939
58.792641
58.804893
57.654945
58.761215
58.698944
58.777054
58.723999
58.756638
Control Period
58.765793
58.673889
58.794083
58.760609
58.798271
56.733055
57.981152
58.758690
58.780960
Control Period
58.751137
58.806656
58.762913
58.855362
58.764351
58.778275
58.811874
58.753376
58.787777
Control Period
58.757217
58.773056
58.757790
58.822369
56.393661
58.777214
56.308640
58.743233
Control Period
58.779488
57.018112
58.757538
58.738815
58.873184
58.788605
58.761635
57.333374
Control Period
58.803421
58.764225
58.757950
58.789280
58.780479
58.729023
57.636513
56.496834
56.353790
Control Period
58.744255
56.541759
57.425121
56.573570
57.697697
58.434975
57.679649
56.314690
56.392258
Control Period
58.740448
58.826782
58.746269
58.743614
58.731903
58.757504
58.783199
57.395935
Control Period
58.756351
58.777088
58.754372
58.760605
58.745758
58.739967
58.823235
58.736099
58.787102
Control Period
58.717632
57.716515
58.727200
58.752193
58.796158
56.724129
58.727104
Control Period
58.741570
58.730110
58.735294
57.221439
58.131744
56.962082
56.474880
58.779232
58.428322
Control Period
57.773758
57.331421
58.775711
58.745728
56.385597
58.766846
58.761150
57.784065
Control Period
56.989792
57.611233
58.678143
57.056450
57.790783
58.732254
58.730621
58.457279
56.627838
Control Period
57.485245
58.731392
58.755585
58.776321
58.729218
58.783203
58.735039
57.637154
58.741219
Control Period
58.715839
57.786530
56.690048
58.752064
58.740768
58.806496
58.743328
58.775616
58.230782
Control Period
58.757088
58.546883
58.763744
58.742851
58.756672
56.533409
58.302719
58.742752
58.752098
Control Period
58.754848
58.754913
58.121086
58.744225
58.804161
58.744961
58.141632
Control Period
58.731167
58.754654
57.573792
56.723137
58.798336
58.703011
58.832577
58.757504
Control Period
58.747936
58.763809
58.786339
58.785889
58.510178
57.542881
56.427841
56.430656
Control Period
57.198914
58.766525
58.748672
58.820511
57.045662
57.724609
58.776291
58.847359
Control Period
58.513985
58.439297
58.445824
58.461411
58.444576
58.459358
58.446114
58.463585
58.443069
58.465023
58.465855
58.476479
58.452835
58.468323
58.455170
58.463745
58.440926
58.458496
58.434368
58.440224
58.447586
58.447617
58.474785
58.451359
58.457184
58.453758
58.475075
58.934494
58.454849
