60.234879
59.893410
59.862915
59.917122
59.883072
59.917088
59.863647
59.856926
59.885506
59.872833
59.892227
59.873760
59.887390
59.874657
59.879360
59.883904
59.896767
59.877251
59.895294
59.908417
59.924992
59.905281
59.904030
59.891872
59.921951
59.893730
59.890175
59.909119
59.929249
Control Period
59.907166
57.861153
56.146400
57.414848
59.711201
55.921570
57.577347
55.687103
58.094688
Control Period
58.728157
57.923553
57.309216
56.222626
56.620354
59.909058
59.175682
58.611198
55.370079
Control Period
59.918720
56.747070
59.140381
59.264416
56.803581
55.987106
59.890205
57.128288
59.325535
Control Period
59.907326
59.898239
59.909023
59.880478
56.616318
58.786110
59.916451
59.897057
Control Period
59.891552
59.185665
59.613152
59.901474
59.896832
57.012161
59.917343
59.903618
Control Period
59.926559
59.879616
59.894783
59.899582
56.604576
59.889053
59.896736
59.884033
59.480991
Control Period
59.888611
59.898529
59.877663
59.913025
59.908257
59.887615
58.671200
59.893440
Control Period
59.910210
59.905121
59.933922
55.805759
59.925537
59.884735
59.911293
59.903679
57.708290
Control Period
59.914787
59.921024
59.847584
59.916161
59.906334
59.940128
59.907234
55.844929
59.704098
Control Period
59.920769
59.890656
56.187935
59.888512
59.908001
59.894333
59.879395
59.911133
59.907616
Control Period
59.948864
58.981216
59.928288
59.904930
59.918175
59.891232
59.914238
59.910496
59.948063
Control Period
59.909950
58.019104
56.106464
55.560383
56.825504
59.892448
59.914978
59.880737
Control Period
59.894882
59.900543
59.878403
59.893600
59.910015
59.936066
59.901665
59.887329
59.913727
Control Period
59.880863
59.911488
59.875969
56.223747
59.815041
59.890591
59.914528
59.879326
Control Period
59.884705
57.843967
56.010464
59.902336
59.895519
56.770142
58.883778
59.683998
59.901184
59.917759
Control Period
59.907520
59.911102
59.922527
55.921890
59.926369
59.911072
59.911617
59.909470
Control Period
59.903999
59.910080
55.943520
59.864544
56.786369
59.848610
59.874817
59.892990
59.893982
Control Period
59.892578
59.883553
59.872673
58.315456
56.660320
58.110207
59.891937
59.864929
Control Period
59.889759
56.587616
58.026337
59.888000
59.857666
59.881058
59.890945
59.898144
59.884480
Control Period
59.889343
59.897697
59.914749
59.898560
59.884640
59.893215
59.878975
59.884895
59.875298
Control Period
59.876991
59.924446
56.068802
59.913567
59.882370
57.939552
56.382305
58.277313
59.902466
Control Period
59.892159
59.888321
59.206848
55.778625
59.874912
59.906403
56.029022
Control Period
59.909088
56.153473
59.887264
59.893150
59.915550
58.975616
55.589058
57.248573
Control Period
59.454559
59.505089
59.881119
59.885246
56.836510
58.249634
59.905182
56.383362
58.972450
Control Period
59.911488
56.037312
56.765057
55.755295
56.145660
59.896576
59.061119
59.884480
Control Period
57.140705
56.126560
58.244576
59.532993
59.908031
59.857986
59.189217
57.721985
Control Period
57.185440
59.890274
59.855873
59.877407
59.908508
59.879967
59.905022
59.914879
Control Period
59.888256
59.870174
55.823265
59.898209
59.906208
58.184097
57.698368
59.891235
59.922272
Control Period
55.774078
56.300224
59.877537
59.901085
57.247360
57.476479
59.894653
59.887264
58.409279
Control Period
59.896801
59.878845
59.889694
59.892288
59.756416
59.892033
59.908287
58.408066
56.653854
Control Period
59.898975
59.891037
56.309441
59.908287
59.895554
59.898975
59.912003
59.881348
60.000511
Control Period
59.882561
59.909950
57.734718
56.930275
59.567520
59.872833
59.915779
59.884033
59.916290
Control Period
59.928703
56.773632
58.730976
59.769569
59.891296
59.909790
59.879166
59.904289
59.901123
Control Period
59.878014
59.886078
59.923744
59.901375
59.904900
59.884735
56.921089
58.904449
Control Period
59.914177
59.905281
59.653442
58.251808
56.694656
57.820862
59.895329
59.896835
58.594143
Control Period
59.898880
59.912895
59.912449
59.433567
55.946434
57.041023
59.060799
59.898304
Control Period
59.897823
59.890877
59.892609
59.870430
59.894653
58.632065
56.614174
58.518143
Control Period
59.952957
59.900864
57.078369
58.857281
59.922848
55.770241
59.909218
58.783905
55.835838
Control Period
59.931618
57.521503
55.838432
59.881664
59.904541
59.909439
58.619774
57.303135
Control Period
59.041599
57.504704
57.663742
59.907551
59.934113
59.893536
59.919136
59.889374
55.638912
Control Period
59.930786
59.923103
59.700157
57.598686
58.740417
59.901024
58.717407
59.897537
57.141182
Control Period
59.900482
59.454849
58.373695
59.896000
58.222847
59.912193
59.927425
Control Period
56.879105
57.356926
55.796417
59.908958
59.854912
59.917953
59.906464
59.902466
59.934082
Control Period
59.929504
58.842621
56.421410
59.903809
59.918304
59.900963
55.786720
58.844093
59.920128
Control Period
59.897377
59.915649
59.895264
59.908607
57.734463
55.830307
56.653923
56.734913
Control Period
59.903553
59.543713
57.385857
56.484734
55.756256
56.742371
58.077728
57.424446
56.031296
Control Period
59.945919
59.916641
59.921856
58.972862
56.498913
59.085407
59.913345
59.940834
Control Period
59.913887
59.909027
59.911808
55.672157
59.903679
59.907875
59.900703
56.472351
59.921120
Control Period
59.941601
59.926018
59.927681
59.921379
59.927330
59.913025
59.940384
59.907360
Control Period
59.915199
59.914238
59.922783
59.898369
59.886017
58.013695
59.584160
55.866302
59.901409
Control Period
59.911648
59.908607
57.456448
59.922333
59.900864
59.894527
56.355934
59.906303
Control Period
59.933281
55.970367
59.953186
59.920670
59.924767
57.175583
59.922112
59.907394
59.934464
Control Period
59.905632
59.914078
59.925026
59.929985
59.907520
59.921570
59.916386
59.948990
59.924606
58.491425
Control Period
59.936478
59.546913
59.933121
59.909218
59.906723
58.141056
56.553635
59.902176
59.892899
Control Period
59.871296
56.481281
59.922688
57.673218
59.936607
59.946369
59.970016
59.909119
59.925793
Control Period
59.939011
59.936928
59.898048
58.973152
59.925728
55.745342
59.931007
59.929634
Control Period
59.909313
59.962017
59.910721
56.015518
59.939648
59.936256
59.931969
57.382271
59.933502
Control Period
59.933281
56.699520
59.909378
59.909660
59.927711
59.916481
56.474174
57.941055
59.911263
Control Period
59.912544
59.888290
57.660000
57.651360
59.910240
59.896286
59.923679
59.284256
Control Period
59.920990
58.887329
56.743393
58.654625
59.926430
59.892097
59.908287
56.003681
59.910656
Control Period
59.924896
58.345245
59.913826
59.912834
59.625504
59.911171
59.916416
57.083488
Control Period
59.951199
59.921860
59.933922
59.942627
59.940445
56.090271
57.320415
57.849693
59.911392
Control Period
57.762878
57.346878
59.904739
58.981728
55.181408
59.915649
59.924000
58.237152
57.608833
59.915710
Control Period
56.777664
59.386784
58.362274
59.907806
59.924446
56.017567
55.581120
58.888000
59.967297
Control Period
59.926338
59.926559
56.134529
59.955841
59.917213
59.928062
59.961090
59.908257
Control Period
59.905312
59.911362
59.933090
58.951584
55.798016
57.726082
59.892288
59.910370
57.136513
58.145760
Control Period
56.476032
55.980991
59.914528
59.927776
59.938141
59.927681
59.932770
59.438721
Control Period
59.945312
59.099518
56.998306
59.077026
59.918495
59.922943
59.909790
59.896706
59.916576
Control Period
59.906563
59.903870
58.215839
57.507072
59.410942
59.900002
57.767807
56.582977
57.388927
56.818977
Control Period
59.909504
55.907455
58.773697
59.931232
59.936512
59.948063
59.930046
57.293091
58.480835
59.932320
Control Period
59.927776
59.917503
59.384926
59.927330
59.248962
59.918625
59.926334
59.893921
Control Period
59.915550
59.882782
58.294174
59.943390
59.930752
59.942047
59.931999
59.936867
59.916061
Control Period
59.950111
59.911743
59.927010
56.897984
59.880417
59.921700
59.924320
59.922142
55.774399
Control Period
59.918083
59.922371
59.935135
55.959038
59.897537
59.933056
59.043297
59.910721
59.978432
Control Period
59.919617
59.907009
59.905888
59.898178
59.923805
59.921921
59.916351
59.916542
59.909920
59.912640
Control Period
59.918369
59.892418
59.923264
59.903870
58.776062
59.929024
59.925087
59.910625
Control Period
59.899422
59.919392
59.912960
56.036064
59.909824
59.937599
59.917282
59.932259
Control Period
59.914242
59.921024
59.931297
59.899937
59.897758
59.917694
59.919456
55.938530
59.927616
Control Period
59.933823
59.937248
58.108002
59.919872
59.917183
59.914944
59.945763
59.931904
Control Period
59.925827
56.046017
57.292255
55.828003
59.930687
59.914818
59.931038
59.928413
57.381344
Control Period
59.522175
59.948479
59.934402
59.941216
56.127838
59.714783
59.915264
59.913536
Control Period
56.819359
58.670849
59.940449
58.297279
56.492928
59.919777
59.917824
56.923328
Control Period
58.202141
55.968864
56.575264
55.690239
57.958015
56.249924
59.364033
57.341953
59.016319
Control Period
59.928768
58.091743
57.768127
59.917824
59.040962
56.622944
59.894047
59.908607
Control Period
59.005539
58.404160
56.968449
59.365181
57.455582
55.884254
58.040352
56.046082
Control Period
59.908192
56.368256
56.514046
55.847389
56.809921
57.603714
59.670143
59.908737
Control Period
59.926655
59.932640
59.911522
56.155678
55.985249
57.049599
58.385056
59.911457
Control Period
59.943775
59.362625
56.972321
57.565536
59.946400
59.028481
59.913280
59.907555
56.485725
55.802429
57.278721
Control Period
59.916481
59.917088
59.887169
59.942848
59.916862
59.935905
59.926849
Control Period
59.911613
59.895042
59.916096
59.918365
59.923294
59.905281
59.919357
57.053665
59.915840
Control Period
59.912926
55.970367
59.926880
57.481247
59.928383
59.915840
59.921471
59.930145
Control Period
59.916897
59.920959
59.916611
59.923264
56.322845
59.923584
59.907520
59.597504
59.906624
Control Period
59.899937
59.897343
57.517376
58.007584
59.904480
59.939552
57.788673
57.260162
Control Period
59.941986
59.940834
59.913536
59.927681
59.917728
55.936317
59.923874
59.907585
59.923454
Control Period
59.933250
56.160065
59.078430
59.922623
59.902237
59.911613
57.398178
57.553535
58.182976
Control Period
57.282082
59.927681
59.927521
59.925152
59.903904
59.921345
59.922112
56.110111
59.922592
Control Period
59.921505
59.916061
55.837822
59.921345
59.933762
59.899582
59.927711
59.904861
Control Period
59.898209
59.917213
55.773186
59.929089
59.898560
59.908897
59.828926
58.456223
Control Period
59.921150
59.141342
59.905121
59.915009
59.909760
59.912991
59.899456
59.908768
59.895905
Control Period
59.919296
59.910465
59.901825
59.913696
59.905090
59.909023
59.930786
59.896095
59.890656
Control Period
59.908958
59.892738
59.907906
59.894753
59.892609
56.714050
59.911133
59.882561
59.895103
59.918365
Control Period
59.903423
59.882271
59.912800
59.884735
59.893791
59.899582
59.915199
59.506271
Control Period
59.909088
55.507874
59.901184
59.896927
59.910210
55.772415
59.917248
59.894592
Control Period
59.735329
58.508991
56.983841
58.744766
59.900608
59.897087
59.900833
Control Period
59.912544
58.312897
56.720257
59.892193
59.901344
55.850559
59.649086
59.898785
58.851746
Control Period
57.322975
56.099426
55.825825
59.960640
59.897888
59.433121
57.836029
Control Period
59.875778
59.880577
59.906593
59.895294
58.996033
57.109344
57.891838
59.885536
Control Period
59.881310
59.870178
59.519424
55.789124
59.891266
59.842270
56.509346
Control Period
59.913025
59.890881
59.885086
59.908672
57.754143
59.941315
59.898655
59.913216
59.925438
Control Period
59.898750
55.555679
59.916191
58.048607
56.952034
59.896255
59.920830
59.881184
57.037827
Control Period
59.909088
59.920834
59.899136
59.895424
56.166782
56.373280
57.839905
59.922623
59.923679
Control Period
57.975807
59.493504
58.111744
56.949535
55.682526
56.227520
57.884129
59.930527
59.908669
Control Period
59.910175
55.810337
58.491585
57.292416
55.900063
59.937920
58.826782
57.201668
58.205601
59.904129
Control Period
59.918175
59.881184
59.868000
59.969952
59.999489
