0.707498
0.783125
0.720421
0.709727
0.688118
0.69714
0.694864
0.697986
0.701346
0.687204
0.700284
0.700294
0.691627
0.708312
0.710121
0.70126
0.6898
0.70913
0.70493
0.696774
0.702701
0.68794
0.702211
0.708038
0.6951
0.699278
0.700022
0.695874
0.70935
0.697355
0.697508
0.694795
0.698286
0.701114
0.701595
0.705468
0.704175
0.699333
0.704303
0.703577
0.683604
0.700172
0.706649
0.69955
0.704943
0.699701
0.697112
0.698352
0.697411
0.699166
0.69945
0.701011
0.701698
0.684114
0.715784
0.701497
0.696518
0.696611
0.70352
0.700559
0.703797
0.698682
0.694968
0.694401
0.702018
0.702654
0.708459
0.695194
0.704957
0.703423
0.681648
0.706374
0.700523
0.697335
0.697869
0.69999
0.704637
0.696617
0.699212
0.702756
0.700929
0.705041
0.69338
0.69608
0.69984
0.697496
0.703665
0.708256
0.693062
0.699302
0.697081
0.707128
0.695379
0.702477
0.696517
0.710079
0.68242
0.706068
0.698799
0.712024
0.697785
0.701072
0.699579
0.699146
0.700835
0.698044
0.69974
0.701347
0.696964
0.69638
0.701721
0.700382
0.703985
0.698796
