0.709711
0.719658
0.70587
0.70284
0.703055
0.699714
0.704966
0.698456
0.697513
0.71426
0.694155
0.698276
0.704762
0.69638
0.685761
0.702657
0.707861
0.691988
0.699556
0.705815
0.70056
0.705137
0.695084
0.704023
0.704872
0.699072
0.692551
0.70232
0.70094
0.693886
0.705607
0.702736
0.700054
0.697117
0.700332
0.693412
0.702925
0.699362
0.700902
0.699652
0.704941
0.698305
0.693908
0.698955
0.696004
0.70515
0.702821
0.705958
0.699873
0.699135
0.697918
0.701262
0.702821
0.708421
0.682805
0.698573
0.701497
0.705669
0.694831
0.699173
0.704558
0.695737
0.706597
0.702101
0.697784
0.698554
0.693456
0.699329
0.697292
0.699408
0.715806
0.695651
0.695289
0.709017
0.700592
0.704615
0.693215
0.707133
0.694872
0.697997
0.69731
0.704312
0.69944
0.70112
0.699251
0.700136
0.698112
0.708019
0.695171
0.70167
0.698359
0.695065
0.701513
0.698383
0.704082
0.703005
0.70503
0.694796
0.695163
0.694573
0.696591
0.703697
0.701142
0.705795
0.694289
0.706207
0.69893
0.695756
0.701922
0.698872
0.70228
0.697214
0.700589
0.702031
