918
918
918
962.895
958.454
950.81
943.562
939.729
936.377
938.796
938.273
933.858
930.949
926.397
922.732
930.562
934.156
932.496
932.438
932.954
934.442
937.712
935.279
934.471
932.042
933.703
935.115
939.343
935.389
928.902
934.572
932.07
929.173
929.967
930.802
931.745
929.182
934.331
941.042
938.327
944.338
946.647
932.845
931.783
931.806
933.95
933.706
938.577
939.164
935.993
928.847
934.657
930.953
935.681
936.497
936.497
933.317
933.396
932.149
932.031
929.003
931.001
932.501
938.466
933.038
930.425
928.5
932.312
931.31
933.272
935.321
932.282
933.658
934.05
932.842
932.168
925.432
930.581
932.512
928.637
932.651
931.715
926.615
929.258
934.039
928.363
924.268
928.654
928.036
928.818
934.841
929.298
926.869
923.723
928.194
928.032
929.982
932.489
932.945
933.816
926.874
929.857
936.596
934.971
928.511
929.367
929.241
931.529
931.977
930.7
931.589
926.928
928.486
927.172
929.744
930.334
927.043
928.734
