3847.5
5892.5
5873
6282.5
6633
6594
6732
6614
6362
6500
6633.5
6554.5
6554.5
6534.5
6421.5
6480.5
6633.5
6481
6535
6401.5
6554.5
6574
6579
6476
6480.5
6347.5
6534.5
6766
6480.5
6653
6614
6559.5
6535
6520
6397
6456
6302.5
6633.5
6441.5
6594
6614
6535
6382
6495.5
6441.5
6554.5
6594
6791
6303
6726.5
6520
6495.5
6594
6441.5
6535
6633.5
6500
6554.5
6401.5
6845
6421.5
6614
6495
6574.5
6367
6476
6515
6554.5
6495.5
6421.5
6727
6357.5
6535
6515.5
6327.5
6480.5
6515
6495.5
6652.5
6633.5
6495
6402
6416.5
6441.5
6500.5
6673
6534.5
6461
6460.5
6480.5
6461
6480.5
6633.5
6574
6401.5
6322.5
6594
6633.5
6441
6751.5
6476
6554.5
6574
6594
6554.5
6594
6495.5
6535
6416.5
6495.5
