77.2414
73.4961
79.6526
82.1625
83.8644
83.4782
83.713
82.9978
82.9163
83.6126
83.0349
83.6701
84.1847
82.4912
82.6289
83.6101
83.7125
82.8702
83.3556
83.287
83.3711
83.6844
83.098
83.0395
83.4543
82.5137
82.9932
83.8692
82.7908
83.8293
84.0182
83.7213
83.2149
82.9589
83.3871
82.8146
82.3204
82.9982
82.1386
82.1476
84.2738
83.1648
83.1734
83.386
83.3857
83.1025
83.0015
83.2108
84.0498
83.0694
83.5056
82.8261
82.7919
83.3487
82.1384
83.4815
83.6096
83.754
83.2281
83.2907
82.5296
83.5457
83.7972
83.6741
82.736
83.0234
82.9582
83.3181
83.3647
83.554
83.7604
82.5306
83.0975
84.0444
83.1468
82.7267
83.2482
83.057
82.9292
83.5562
83.4086
82.8345
83.9777
84.0261
83.1363
83.2082
82.9139
82.3778
83.7403
83.5411
83.912
83.0876
83.6457
83.0331
82.8823
82.5598
83.1957
82.8067
82.8598
81.8608
82.9721
83.6759
83.6411
83.6265
83.2542
83.2562
83.2813
83.1423
83.8706
83.4304
83.3335
83.1173
83.0662
83.8099
