0.722986
0.736768
0.70983
0.690596
0.712116
0.701112
0.700712
0.701557
0.705704
0.688709
0.714629
0.691573
0.704559
0.700011
0.710277
0.687966
0.706658
0.704158
0.691706
0.691763
0.698978
0.71248
0.697449
0.684181
0.694038
0.708561
0.71555
0.695545
0.685336
0.7106
0.692214
0.708942
0.704255
0.696933
0.703155
0.703068
0.693335
0.705659
0.691948
0.697364
0.71323
0.693674
0.704489
0.708562
0.698018
0.695552
0.693584
0.694948
0.700614
0.702078
0.697438
0.69638
0.699915
0.706381
0.712322
0.693398
0.70324
0.697965
0.699544
0.703924
0.692869
0.703926
0.690963
0.704672
0.708914
0.695772
0.700795
0.707704
0.699459
0.697355
0.6988
0.69543
0.706986
0.681167
0.706162
0.692557
0.70455
0.697119
0.703833
0.698829
0.702628
0.686222
0.712334
0.700758
0.705984
0.702383
0.699291
0.670502
0.717436
0.696092
0.707705
0.6967
0.705891
0.704265
0.700808
0.675629
0.721612
0.699256
0.704759
0.698139
0.707391
0.687171
0.700591
0.695027
0.705756
0.695771
0.70515
0.696921
0.704716
0.704236
0.697202
0.700798
0.695928
0.697816
