113.554
112.587
112.756
113.467
114.358
114.428
115.518
114.78
114.504
117.339
115.734
116.156
117.337
115.839
113.425
114.848
115.982
114.15
114.445
115.167
115.1
115.974
115.041
115.871
116.324
115.549
114.678
116.015
115.59
114.717
116.234
116.287
116.067
115.513
115.941
114.435
114.789
114.721
114.441
114.151
116.055
115.56
114.653
114.683
114.11
114.81
114.92
115.976
116.151
115.565
115.56
115.527
115.853
117.324
113.94
114.85
115.19
116.269
114.918
114.978
115.312
114.757
116.302
116.402
115.613
115.586
114.441
114.567
114.398
114.357
116.944
115.374
114.911
117.208
116.362
116.942
115.829
117.114
115.9
116.273
115.744
116.248
116.335
116.873
116.34
116.457
116.074
117.048
116.185
116.947
116.814
115.746
116.31
115.799
116.378
116.595
117.18
116.541
115.822
114.698
114.591
115.905
115.804
116.704
115.229
116.565
116.112
115.404
116.341
115.917
116.465
115.665
115.886
116.442
