59.322784
58.585407
58.521217
58.582657
58.652672
58.577438
58.596542
58.556736
58.562176
58.582176
58.621376
58.566273
58.583618
58.632607
58.579170
58.585281
58.589890
58.715714
58.645378
58.590370
58.597374
58.649952
58.570175
58.585312
58.583744
58.602654
58.557442
58.599167
Control Period
57.193054
58.750015
57.325184
56.476097
58.673119
57.752064
56.457794
57.625183
57.757629
Control Period
56.471710
58.709091
57.500511
56.531555
58.251328
56.909149
57.310143
57.450176
Control Period
57.820381
58.444801
58.756226
58.548416
58.758816
58.748993
58.552929
57.735809
Control Period
57.449150
58.766880
56.412769
58.770622
57.573730
56.871136
58.338303
58.678558
56.516159
Control Period
58.782848
58.639168
56.693920
58.795647
57.611553
58.756355
58.772415
56.908226
58.803459
Control Period
58.791264
58.535423
56.561024
57.255074
58.333313
58.774879
58.787617
58.314270
Control Period
56.365120
58.779778
58.747581
57.019585
58.268578
58.747295
57.591202
Control Period
58.752800
56.547615
58.757088
58.746078
57.328926
57.705406
58.833633
58.758751
57.946274
Control Period
56.906082
56.454975
57.422050
56.903267
58.302849
57.352928
58.169250
57.140129
58.478943
Control Period
58.778656
58.785667
58.772194
58.800961
56.825344
57.444702
57.918335
56.511391
58.849121
58.793407
Control Period
58.764320
58.762047
58.765823
58.754017
57.072990
58.771328
58.781887
58.747616
58.754013
58.763039
Control Period
58.756992
58.768192
58.789856
56.550335
58.768032
58.793503
56.608097
58.760574
Control Period
58.759937
58.751999
58.744095
58.761761
58.003967
56.556320
58.770782
58.738049
58.779106
Control Period
58.753342
57.915615
58.757538
58.737053
58.764671
58.869888
58.756256
58.775711
58.758751
Control Period
57.524223
58.779232
58.776222
58.757183
58.753281
58.810722
58.742687
58.783524
58.764862
Control Period
58.789406
57.831169
56.260353
56.476868
57.293022
57.819969
58.741150
58.746880
58.739201
Control Period
58.795555
58.811806
58.752735
58.752739
58.769920
58.783394
58.713120
58.773376
Control Period
58.771042
58.782623
58.785408
58.766525
58.745312
58.750912
58.754494
58.722561
58.101089
Control Period
56.988190
57.564064
58.816383
58.746910
57.680832
56.933502
58.739326
58.719391
Control Period
58.780544
58.754143
58.774143
58.809631
58.795647
58.766655
58.783714
58.395424
57.404705
Control Period
58.760384
58.779457
58.741119
58.366463
57.047329
56.515678
56.594719
56.485283
56.837921
Control Period
57.668289
56.835007
58.373825
58.802658
58.795746
58.782845
58.771713
58.788799
58.772961
Control Period
58.794209
58.765762
58.785118
58.769089
58.876225
58.829407
58.752960
58.810432
Control Period
58.742943
56.196419
56.491745
57.723553
58.666878
58.727390
58.764896
58.758911
Control Period
58.765282
58.188286
56.489441
58.730850
57.381859
57.157951
57.339966
58.748001
56.498272
Control Period
58.730400
58.763870
56.841438
56.413246
57.155678
58.718819
58.713985
58.764961
58.771233
Control Period
58.764576
58.799614
57.337185
58.773567
58.746078
58.752350
56.970432
58.755234
Control Period
58.790047
58.224190
58.775936
58.776352
58.779102
58.765728
58.778465
58.785057
58.874176
58.376862
Control Period
58.792576
58.755394
58.747585
58.762177
58.754013
58.769630
57.910049
57.260384
Control Period
58.764160
58.616287
58.758530
58.787331
57.395039
58.754242
58.763519
58.785759
58.805534
58.847969
Control Period
58.776768
58.774849
57.514336
56.873344
58.777473
58.759010
58.782112
56.416481
Control Period
58.863232
56.258560
58.778275
58.786781
58.753536
58.783520
56.938271
57.700356
58.777122
Control Period
57.020226
58.817154
58.738014
58.772415
58.756256
58.765442
57.756321
56.683136
Control Period
58.769760
58.788895
58.786179
57.826527
58.769569
58.744125
58.779678
57.324867
58.745758
Control Period
58.765472
58.725571
58.785824
58.767998
58.771072
56.722240
Control Period
56.377953
58.621632
58.631683
58.018688
58.743713
57.399105
58.770561
56.379295
58.768707
Control Period
57.276833
58.793983
58.122208
56.485985
58.769630
58.811329
Control Period
57.000290
58.537949
57.940926
57.264416
58.752701
58.778397
56.678719
58.808640
Control Period
56.435936
58.786655
58.749954
56.571907
57.254528
58.797855
58.588673
57.479042
56.498146
Control Period
58.844193
56.444897
56.538528
56.400322
57.351997
58.762627
58.739456
56.633183
58.773987
Control Period
58.818752
58.775902
58.747105
56.486366
56.657150
58.784637
58.779518
58.787842
Control Period
58.754784
58.785889
58.755039
58.804253
58.754208
58.793854
58.783134
58.789955
58.748703
58.781185
Control Period
58.811165
58.865982
58.763107
58.223488
57.042240
58.429955
57.496605
58.580544
Control Period
58.761154
58.792931
58.807617
58.751999
58.792641
58.787292
58.774559
58.788734
Control Period
58.780704
56.238174
58.748127
58.786339
56.931618
58.132896
58.754848
58.802689
56.530495
Control Period
57.611298
58.764259
58.757984
56.542816
58.796257
57.869858
57.067650
58.811005
Control Period
58.782654
58.770882
58.814430
58.796188
57.591202
56.740704
56.385025
58.764351
58.753410
57.705406
Control Period
58.695808
58.745087
58.774269
58.739807
58.770817
57.827393
58.767517
Control Period
58.769058
58.822975
58.748833
58.836544
58.819744
57.886879
56.810848
56.423523
57.595329
Control Period
58.817154
58.776993
58.751328
57.025986
57.612289
58.777344
58.745857
58.757248
Control Period
58.772125
58.296417
58.788448
58.752510
58.748482
56.466942
56.727295
57.943390
58.747810
Control Period
58.767521
58.101280
56.405502
58.758305
58.752735
58.762783
57.629921
56.564194
58.459103
Control Period
56.427422
56.905853
56.489983
56.893761
57.867874
56.640099
57.107231
57.828033
Control Period
58.965759
58.805504
58.771393
58.797600
58.773823
58.740543
58.768833
58.751392
58.746178
Control Period
58.774654
57.175552
58.455711
58.729759
58.777088
58.779839
58.772766
58.795517
58.796867
Control Period
58.752960
58.752739
58.761471
58.771553
58.810112
58.608799
57.644096
57.314690
56.704094
Control Period
58.821503
58.778431
58.816353
58.761887
57.167358
58.760513
58.771294
56.430046
58.787807
Control Period
58.785183
58.758942
57.073090
58.722466
58.772991
58.774559
58.770912
58.762947
57.890240
Control Period
58.830879
58.767200
58.748833
58.764961
56.807552
58.763649
58.226849
Control Period
58.754208
58.747421
56.499710
58.760735
58.787487
57.225056
58.162720
58.760513
57.297440
57.845119
Control Period
58.761440
57.709023
56.652931
58.780350
58.725601
58.768257
58.771584
58.414944
58.763039
Control Period
58.781570
58.725151
56.321568
58.772896
58.812000
58.768929
56.373314
58.786720
58.785919
Control Period
56.612419
58.752129
58.773151
56.446079
58.773697
58.735870
58.630497
Control Period
58.710369
58.795486
56.616673
56.383488
57.103714
58.071873
58.763584
58.773666
58.779232
58.823746
Control Period
58.740864
58.810593
58.237823
57.334400
57.220963
58.803040
58.769058
58.776863
Control Period
58.743649
58.764095
58.788483
58.770336
58.856514
58.756737
58.738876
58.761536
Control Period
58.733276
56.837120
58.252384
58.822495
58.763969
58.746048
58.550179
57.338974
56.359745
56.818527
Control Period
58.789055
58.747360
58.780739
58.753857
58.749054
58.791233
58.767551
58.780769
58.757408
Control Period
58.725471
58.841919
58.789536
58.758720
58.763489
58.776894
58.744736
58.789665
Control Period
58.784832
57.228958
56.406624
57.450302
56.478687
56.599487
56.407166
56.676224
57.823326
Control Period
58.754784
58.789345
56.725311
57.014755
58.782719
58.781982
58.761696
58.769024
Control Period
58.794846
56.408707
58.769760
56.709023
58.157696
58.757118
58.753471
58.782402
58.772640
Control Period
58.766464
58.761120
57.353184
58.760479
58.788895
58.764641
58.736961
58.787582
58.745186
Control Period
58.779427
56.403393
58.112736
58.739998
58.831650
58.780479
57.952446
56.604385
58.747971
Control Period
58.766525
58.782211
58.444511
57.866402
57.359039
56.348610
57.012768
57.842690
Control Period
58.758335
58.673630
58.762527
58.791744
58.761665
57.978432
58.777824
58.773567
Control Period
58.773151
57.609184
56.527069
56.957279
57.420670
57.670849
58.302238
58.698883
58.770817
Control Period
58.765728
57.171806
56.362846
58.779297
58.753983
56.421089
58.776802
58.825569
58.777374
Control Period
58.771553
58.767357
58.554237
58.730625
58.794044
58.738945
58.795296
58.525726
58.798527
Control Period
58.771328
58.724895
58.860992
56.500542
58.765984
58.761024
58.774784
58.859840
Control Period
58.561409
57.768513
57.539230
58.358719
57.926178
58.760483
58.741856
58.754082
58.764641
58.842175
Control Period
58.822205
56.639709
58.776291
58.175743
58.804737
58.757599
58.789185
56.571362
58.746689
58.730370
Control Period
58.782143
58.761345
56.519043
58.767200
58.791710
58.759136
58.780354
58.750206
Control Period
58.759422
58.798462
58.777473
56.523361
58.769470
58.774750
57.475746
58.769535
56.425987
58.747040
Control Period
58.759968
56.631489
58.755394
58.771454
56.761280
58.835007
58.770561
57.014015
Control Period
58.750881
58.740990
56.734077
58.744194
58.811199
57.467262
58.755039
58.745407
Control Period
58.746658
58.247681
58.807167
58.751457
58.728832
58.735649
58.771873
57.515999
56.795872
56.474243
Control Period
58.747169
58.760162
56.389694
58.768288
58.732094
58.771843
56.858238
58.833313
Control Period
58.749794
58.798401
58.288322
58.779617
58.746559
58.765919
57.119808
58.782528
57.382210
58.791870
Control Period
58.744865
58.772224
56.555840
58.765022
58.762432
58.780033
58.770271
58.796707
Control Period
58.779709
58.781570
58.753983
58.779232
58.758720
58.841629
58.769505
58.511299
58.786369
58.773952
Control Period
58.754974
56.959263
58.773888
58.783646
57.273506
58.756096
58.768257
57.253857
Control Period
58.764381
57.956608
58.758881
58.744606
58.744545
56.873951
58.781151
58.006176
Control Period
58.766495
58.804863
58.160896
57.437630
56.552704
56.523136
57.549984
58.036034
58.759647
Control Period
58.781025
58.768639
58.746719
58.751072
57.689598
58.851044
58.499775
58.768578
Control Period
57.578339
56.855873
56.374241
56.849312
56.411263
56.379807
56.965218
56.472862
57.082626
Control Period
58.762337
58.745377
58.746338
56.416992
58.749634
58.778397
58.772224
58.765762
Control Period
56.399776
58.788960
57.151680
58.752350
58.772675
58.773823
57.701344
56.877792
Control Period
58.781792
58.770367
58.752224
58.661568
57.895679
56.645855
57.571808
58.774658
58.727936
Control Period
58.752098
58.760513
58.738335
57.765343
56.264771
56.492386
57.170845
58.366367
58.759651
Control Period
58.768639
58.811806
58.753090
58.459938
58.777855
58.859745
58.768738
58.012962
58.752800
Control Period
56.514591
58.807487
58.788383
58.753021
58.770142
58.698814
58.742271
58.774784
58.772766
Control Period
58.792736
58.900097
58.785759
58.781250
56.463165
58.786655
58.760319
Control Period
58.764992
58.737057
58.735970
58.760193
58.764832
58.767872
58.762497
56.631935
57.201218
Control Period
58.813152
57.314430
56.405312
56.429184
58.763935
58.812191
58.808479
58.852097
58.849602
Control Period
58.756672
58.781410
58.745598
58.792130
56.803425
57.969696
58.736225
58.791424
56.616447
58.759422
Control Period
58.751839
58.749023
58.777569
58.826462
58.877186
58.747971
57.905411
56.558334
57.610561
Control Period
58.764511
58.803490
58.759808
56.420864
58.809601
58.202625
58.762978
58.789566
58.779713
Control Period
56.432384
58.786301
58.802689
56.469471
58.756287
58.796673
57.303581
58.764961
58.781281
Control Period
58.735939
58.774338
58.768353
56.393410
58.761856
58.838848
58.739391
58.802658
56.929024
Control Period
58.787933
58.736382
56.665184
58.777248
58.768192
58.853470
58.134624
58.273151
Control Period
58.727520
58.746208
58.751869
58.765312
58.758018
58.772995
58.395523
56.346111
58.738720
58.771294
Control Period
58.767326
57.155037
58.766273
58.730335
58.745121
58.775135
58.818783
58.770176
Control Period
58.484131
58.448097
59.854301
58.810753
