3882.5
6051
5932
6184
6771.5
6515
6421.5
6594
6594
6594
6495.5
6535
6402
6884.5
6574.5
6475.5
6362
6554.5
6495.5
6673
6436.5
6535
6515
6382
6574.5
6461
6554.5
6480.5
6535
6495.5
6574
6554.5
6495.5
6441
6574.5
6594
6500
6633.5
6495.5
6456
6515
6574.5
6456
6673
6515
7003
6574
6362.5
6461
6653
6495.5
6480.5
6594
6455.5
6500
6633.5
6460.5
6633.5
6243.5
6476
6480.5
6534.5
6515.5
6476
6613.5
6554.5
6515
6480.5
6574.5
6594
6495.5
6441.5
6495.5
6475.5
6337.5
6416.5
6342.5
6495.5
6594
6534.5
6456
6515
6692.5
6401.5
6554.5
6613.5
6613.5
6515
6476
6397
6613.5
6476
6416.5
6515
6614
6401.5
6943.5
6751.5
6535
6401.5
6436.5
6751.5
6382
6535
6495.5
6559.5
6475.5
6416.5
6421.5
6613.5
