5713.6
6565.62
6691.27
6570
6516.73
6557.28
6529.3
6521.73
6473.79
6558.17
6387.55
6564.7
6566.7
6499.97
6418.37
6567.07
6497.48
6537.03
6531.2
6489.13
6457.6
6498.83
6456.23
6537.2
6468.83
6578.27
6468.17
6444.34
6516.4
6524.23
6574.55
6320.4
6428.3
6549
6543.67
6535.28
6522.63
6553.21
6594.93
6411.6
6482.52
6396.37
6471.07
6593.97
6487.9
6666.87
6524.63
6414.53
6397.1
6612.03
6531.93
6379.3
6525.66
6617.83
6357.23
6576.62
6613.93
6426.1
6521.67
6361.9
6567
6506.6
6465.14
6381.6
6524.37
6521.7
6485.17
6591.03
6421.73
6571.17
6457.66
6649.47
6538.43
6401.1
6487.9
6430.1
6356.6
6598.33
6511.4
6520.24
6519.1
6533.47
6464.83
6381.69
6627.8
6595.34
6427.67
6425.69
6520.03
6538.83
6489.24
6345.77
6473.4
6580.72
6588.77
6463.03
6383.2
6592.63
6426.03
6602.76
6542.55
6643.3
6449.21
6464.2
6461.76
6599.6
6445.87
6453.03
6476.72
6511.57
6536.07
6472.93
6442.72
6409.65
