57.8909
57.8029
57.5628
58.6286
58.5661
58.7022
58.7559
59.4403
59.5176
58.7295
59.0689
58.6227
58.7245
59.855
59.3568
58.1623
59.0702
59.6612
59.2668
58.7523
58.7715
59.4787
58.3243
59.1629
59.7561
56.5301
59.2768
59.842
58.0763
56.5552
58.4842
58.5669
59.2527
57.9963
57.9678
59.1487
58.9321
58.8267
59.7926
59.5657
59.1199
58.9397
58.7659
59.0495
59.7752
59.6608
59.2518
59.5175
59.0014
57.1314
59.247
59.3606
58.3952
58.6215
58.8359
59.2389
58.9392
59.9123
59.0499
59.155
57.5805
59.4776
59.4841
58.1967
58.9509
58.8826
59.3966
57.9714
59.2951
59.0492
58.6453
58.5928
59.4103
59.5286
59.4595
58.4575
58.4209
58.59
58.0744
59.7878
59.9161
59.5538
58.3997
59.7108
58.7097
58.4794
59.3381
59.1224
59.238
59.921
59.5392
58.7904
59.0758
57.7044
58.7416
57.7083
58.3318
58.858
59.215
57.9881
59.0177
59.7791
58.7542
58.884
59.104
59.2265
59.4118
59.3973
59.439
58.2092
58.5786
59.5967
58.0892
58.8168
