80
74.837
78.0373
78.9636
79.7357
78.2556
78.6939
78.4209
80.1447
79.3793
77.7147
78.122
77.1774
77.4902
78.081
78.3184
78.0297
78.6724
79.1341
78.9895
78.3243
78.8587
77.6098
78.3803
79.2692
78.1377
77.4672
79.3844
78.2356
78.8931
78.0918
79.0048
78.9094
78.7241
78.6566
79.7282
79.7817
78.5334
78.916
78.5463
78.4087
79.291
78.6562
79.3292
78.3611
77.0924
78.3235
79.7849
79.4452
79.6261
79.8754
79.7993
79.3517
79.3494
77.3504
78.5422
78.5945
78.8812
77.0868
77.5143
79.5952
79.3311
78.6244
78.2752
78.624
78.8894
78.7264
78.3426
77.5203
78.1521
79.0518
79.2982
79.0443
78.91
79.2753
78.9041
79.2147
78.4674
78.7966
79.2336
79.06
78.6174
79.6836
79.0045
77.7248
78.7678
78.8512
78.4349
78.3
79.277
78.3062
79.228
79.6462
79.3619
78.2568
79.1387
78.9761
78.5691
78.8937
79.8
77.6639
79.4621
79.1655
78.1797
79.0877
79.1407
78.2373
78.2188
79.155
79.4066
79.1506
78.8734
78.3399
79.5843
