0.709563
0.813798
0.811979
0.828934
0.827522
0.850201
0.843546
0.872243
0.847111
0.835245
0.84649
0.834078
0.863604
0.859737
0.845624
0.843124
0.857841
0.848093
0.84868
0.842147
0.860016
0.832015
0.856633
0.857711
0.844527
0.845419
0.872721
0.835065
0.857963
0.839494
0.851812
0.847428
0.851744
0.844453
0.854478
0.854108
0.841334
0.859588
0.846362
0.853501
0.863654
0.836769
0.854778
0.84362
0.836916
0.865551
0.866241
0.849505
0.848195
0.856
0.849132
0.850167
0.841356
0.828153
0.868759
0.851225
0.852752
0.82697
0.855347
0.864261
0.839682
0.846499
0.850969
0.846326
0.855373
0.845667
0.850668
0.847788
0.858467
0.862225
0.839691
0.848382
0.850743
0.85004
0.848431
0.854124
0.843768
0.854762
0.856296
0.845808
0.839765
0.857202
0.84408
0.840124
0.862143
0.853491
0.84635
0.851063
0.86122
0.836871
0.860683
0.846951
0.850138
0.840178
0.859197
0.847967
0.850632
0.855818
0.863416
0.818383
0.86997
0.847151
0.841798
0.862222
0.85023
0.836502
0.855534
0.857752
0.848653
0.84301
0.846316
0.844576
0.857985
0.853387
