0.708651
0.859152
0.87028
0.864952
0.863602
0.854369
0.849707
0.851782
0.850858
0.849807
0.850283
0.85169
0.84807
0.849141
0.849323
0.850113
0.851277
0.85168
0.852497
0.848227
0.850515
0.849045
0.852958
0.846273
0.853108
0.847425
0.848459
0.85347
0.846013
0.84996
0.851279
0.853541
0.849019
0.850888
0.848596
0.856802
0.852413
0.842176
0.848864
0.854093
0.84685
0.849018
0.844844
0.857013
0.848068
0.846365
0.851657
0.853637
0.845317
0.850588
0.853159
0.848747
0.848977
0.846205
0.855499
0.848188
0.85217
0.847276
0.851357
0.847573
0.851168
0.852057
0.851169
0.857648
0.841207
0.849467
0.854168
0.852079
0.845792
0.843967
0.851122
0.852177
0.848135
0.852177
0.852127
0.851988
0.849587
0.854248
0.840613
0.853632
0.854438
0.846142
0.849579
0.854241
0.844752
0.853552
0.849288
0.847675
0.850366
0.850538
0.846243
0.851596
0.850288
0.852922
0.843447
0.856875
0.846663
0.849009
0.850195
0.850395
0.849243
0.852985
0.845327
0.850145
0.851627
0.849049
0.847585
0.855124
0.846589
0.857322
0.848227
0.850353
0.850818
0.850033
