-709.264
-811.193
-518.828
-327.433
-20.7998
-61
-26.9331
-20.3335
79.5171
86.6001
-93.8276
-26.2666
91.5864
13.3999
-78.5332
-28.6553
-12.6333
-85.6895
7.03467
14.7241
25.3999
-5.34473
-43.4829
-48.9668
105.967
49.4136
-45.9331
10.7241
-13.2412
7
-112.733
-12.6895
44.5864
-47.1035
-107.9
34.8276
89.0669
43.1035
15.7588
55.6333
12.4668
-45.3105
-47.6333
72.8623
48.8623
-20.5669
-44.4136
43.5518
-44.4331
26.2412
1.7998
66.0347
-88.8335
61.4482
17.6001
5.06885
-13.0688
21.2666
-7.7666
-154.724
-69
65.2666
60.0347
-87.5332
16.8965
-20.9668
61.7666
95.3447
-5.2002
-4.56689
-141.552
19.7002
27.0669
-52.0688
36.9668
-2.24121
43.0332
1.24121
2.06689
-18.4136
-41.6895
-79.2998
35.9312
82.1724
-26.7998
23.7241
22.3335
30.2002
-26
3.89648
-23.3667
-91.4482
42.2002
57.2759
-32.8999
2.27588
65
12.8965
7.51709
-21.7334
-56.2002
13.0347
57.0688
-5.93115
-5.34473
-9.1377
58.9331
-55.5864
-49.8623
-35.6553
2
20.9312
-97.2998
25.7856
