56.765
60.9021
63.3647
65.4556
65.983
66.533
66.3819
68.4021
67.8914
66.3011
65.7847
65.1598
66.6506
66.6212
66.0272
66.0321
66.9371
66.7215
67.1596
66.5207
67.3601
65.6116
66.4831
67.2276
66.945
66.0591
67.6073
66.2911
67.1232
66.2303
66.5195
66.9509
67.2106
66.4788
67.2104
68.0966
67.123
67.5064
66.7915
67.0393
67.718
66.3482
67.2336
66.9237
65.5817
66.7274
67.847
67.7776
67.385
68.1599
67.8248
67.8428
66.7631
65.7134
67.1988
66.8571
67.0217
65.2324
65.936
66.9926
66.8347
67.1537
66.9069
66.2463
67.2529
66.7142
66.97
66.4179
66.5487
67.3847
66.379
67.2752
67.2464
67.0767
67.2596
67.3939
66.8388
67.071
67.4732
67.0163
66.3918
67.391
67.2593
66.3736
67.0098
67.2276
66.7357
66.7531
67.4335
66.3446
67.3968
67.1023
67.7102
66.6781
67.238
67.107
67.1796
67.2409
68.1181
65.3069
67.5653
67.3164
66.6414
67.4083
67.2428
66.2014
66.9346
67.0923
67.1752
66.9406
66.9864
66.6146
67.2145
67.9162
