160
143.628
149.468
155.188
159.165
161.247
162.234
162.345
162.724
162.394
161.87
162.45
162.849
162.039
161.836
162.187
162.367
162.628
163.366
163.695
163.347
163.278
163.167
163.855
163.581
163.435
162.77
162.807
163.258
162.744
162.697
163.531
164.129
163.728
164.13
164.539
165.353
165.204
163.786
163.527
163.816
163.276
163.39
162.9
163.517
162.952
162.533
163.031
163.319
162.881
162.817
163.272
162.709
163.067
162.155
162.861
162.565
162.959
162.436
162.68
163.209
163.776
163.708
163.537
165.172
163.759
163.801
164.065
163.827
163.233
162.368
163.342
163.552
163.121
163.741
163.844
164.152
163.845
164.468
163.058
163.699
164.597
164.476
164.206
164.367
163.739
164.13
163.897
163.378
163.581
163.638
163.215
163.975
163.776
163.882
163.097
164.1
163.232
163.011
162.996
163.179
163.389
163.756
162.736
162.792
163.062
162.975
162.281
163.352
163.133
164.419
164.144
164.077
164.755
