113.384
123.398
130.079
134.23
137.455
137.764
137.851
138.282
138.455
138.004
137.635
138.357
138.107
137.594
137.451
137.877
138.219
138.507
139.269
138.851
138.929
138.631
139.175
138.666
139.553
138.499
138.103
138.951
138.118
138.326
138.501
139.58
139.348
139.314
139.28
140.977
140.949
139.131
139.032
139.667
138.728
138.624
138.039
139.607
138.673
137.917
138.423
139.169
138.056
138.544
138.908
138.577
138.136
137.988
138.723
138.137
138.533
138.072
138.291
137.883
138.918
139.547
139.343
140.258
138.944
139.108
139.913
139.796
138.564
137.763
138.195
139.197
138.714
139.008
139.528
139.593
139.462
139.964
138.254
139.191
139.871
139.272
139.735
140.272
138.85
139.76
139.394
138.931
138.931
139.132
138.478
138.993
139.426
139.688
138.226
139.754
138.937
138.585
138.591
138.611
138.579
139.369
138.428
138.349
138.638
138.448
138.135
138.77
138.292
139.858
139.465
139.581
139.6
140.048
