0.708822
0.741839
0.780017
0.796067
0.809361
0.809798
0.806954
0.814709
0.810657
0.80536
0.814136
0.810208
0.810901
0.813249
0.800749
0.810596
0.817815
0.813021
0.806782
0.807013
0.806803
0.809681
0.807797
0.811185
0.806931
0.806285
0.802595
0.800939
0.796967
0.809683
0.808894
0.810558
0.8089
0.810922
0.810913
0.808877
0.805071
0.807687
0.811818
0.808703
0.806482
0.808156
0.807153
0.810391
0.810206
0.806569
0.806069
0.81089
0.809483
0.804031
0.810582
0.810602
0.812476
0.808456
0.809629
0.801391
0.80811
0.808613
0.807642
0.812946
0.811652
0.808812
0.810717
0.794085
0.807271
0.804313
0.816806
0.813618
0.811603
0.808887
0.808753
0.802918
0.812446
0.816563
0.809776
0.806676
0.815299
0.808397
0.812441
0.810225
0.808839
0.806353
0.813935
0.807358
0.807597
0.804881
0.807524
0.81125
0.808973
0.8107
0.814379
0.81173
0.809903
0.80673
0.810315
0.804148
0.802701
0.792704
0.809859
0.810834
0.814486
0.817082
0.810199
0.809066
0.811745
0.80507
0.809788
0.803754
0.808154
0.806299
0.809663
0.813007
0.808131
0.808069
