117.752861
117.284668
117.287392
117.264893
117.306564
117.347717
117.280029
117.286942
117.301926
117.287392
117.296707
117.296448
117.309402
117.315651
117.304764
117.297958
117.332481
117.347137
117.306046
117.289917
117.343903
117.319199
117.293732
117.326431
117.288223
117.327866
117.320251
117.319550
117.310463
117.327271
Control Period
117.350433
122.369476
117.331680
118.993858
117.335388
117.320190
122.897057
117.323265
Control Period
126.919647
127.324989
125.818298
122.541031
126.912323
122.036285
122.066719
Control Period
122.262939
128.597992
128.826279
126.345375
128.826843
128.556915
128.786011
126.763199
Control Period
131.881989
128.785950
130.374573
131.510529
126.753822
129.238678
128.833252
128.602753
Control Period
134.133575
129.193634
129.808960
128.991577
127.807007
129.034180
128.767807
128.804611
Control Period
128.804764
129.774567
129.933182
126.495392
130.831711
129.343109
128.605927
Control Period
134.040222
128.748001
128.721695
131.314270
128.792160
128.559448
131.454681
131.197693
Control Period
129.056732
129.091354
130.635193
131.609573
128.885696
128.724884
128.337082
131.300293
Control Period
128.999557
128.801880
129.178696
128.354950
129.131927
129.011200
128.525055
Control Period
134.202148
130.546631
129.099014
128.670212
130.304764
130.335739
128.961273
129.974045
Control Period
130.566849
128.441635
129.113831
130.182343
128.800507
128.577988
131.750427
Control Period
128.616348
128.979462
128.757339
130.777924
129.185028
128.908600
134.050461
128.678436
Control Period
134.158661
129.184326
128.845856
129.078217
128.796646
131.169098
130.897064
128.828384
Control Period
128.751617
127.800217
128.814972
128.553986
126.489914
126.679520
128.722977
129.144928
Control Period
129.063965
130.017639
130.785736
128.383972
129.857346
130.662491
129.095978
Control Period
128.995453
129.041534
134.378296
129.782745
129.044128
131.773895
132.936508
Control Period
129.175522
134.195190
129.047714
129.836899
128.653030
129.063553
131.934937
128.759995
Control Period
130.343491
130.386536
129.041504
128.988800
128.919800
128.627228
129.720581
126.653091
Control Period
128.291229
130.805252
129.463898
129.544571
129.046616
128.607330
128.095428
Control Period
130.963837
128.869919
128.709564
128.728256
128.354431
126.569473
131.424255
128.908539
Control Period
128.915741
130.855545
129.373108
128.766327
129.051102
130.166367
130.355423
Control Period
128.391205
130.270721
128.685181
129.013504
129.739807
130.666656
128.355042
128.857635
Control Period
134.234741
128.934814
129.006409
128.752441
130.493820
129.071045
128.637253
129.186340
Control Period
132.518463
126.949280
128.577728
128.853516
129.117691
128.795685
128.828003
129.231049
Control Period
129.422012
129.035416
129.014114
129.384094
129.092484
128.158112
130.974182
126.963837
Control Period
130.788635
126.532730
128.774170
128.730499
127.508797
127.273575
128.709534
129.004150
Control Period
128.870270
128.965485
128.294312
126.770889
128.357986
128.871460
128.635391
128.256226
126.329758
Control Period
127.658943
126.963295
128.593506
127.159866
127.283875
127.428452
Control Period
129.022888
128.809021
129.011932
130.428741
129.637405
129.116089
129.242584
131.273224
129.401062
Control Period
129.233398
128.314621
130.783707
130.403259
129.012772
129.118439
129.095230
Control Period
130.896454
128.922073
128.701279
128.903046
129.177383
129.652222
130.747360
130.513733
Control Period
129.290009
130.332382
128.753723
129.162750
130.325378
129.132217
128.971329
132.098724
Control Period
129.302979
129.231110
129.103745
129.644348
131.251328
128.405090
128.943085
Control Period
134.463043
129.136322
129.584839
128.596008
131.075775
131.289764
127.475266
126.347267
Control Period
129.568771
129.103745
128.613983
128.899231
130.619965
130.548355
129.127899
128.880890
Control Period
129.127319
130.845337
127.026627
128.405731
128.873566
128.860199
128.540665
130.897705
Control Period
128.642593
128.830597
127.612579
131.195709
128.926559
128.877319
128.856766
Control Period
131.311676
131.159576
129.015961
128.808929
129.167587
128.865662
130.276901
130.520798
Control Period
129.671295
128.611847
128.442245
130.273239
130.462143
126.598373
130.707001
130.374298
Control Period
129.396637
128.999069
129.216187
129.262589
129.164352
128.926590
128.294281
Control Period
128.784698
129.142654
131.428513
129.112518
129.051331
127.723099
128.878723
130.318466
Control Period
128.658279
128.863098
129.196579
129.028763
128.913467
128.694305
129.013672
130.787140
Control Period
129.810745
131.711746
128.919815
128.668640
131.172195
128.597656
128.757477
Control Period
132.956696
128.928802
128.323273
129.152710
129.241241
130.651459
128.946884
128.863068
Control Period
129.159592
128.660889
127.888321
131.190552
128.896774
128.597473
128.963898
Control Period
128.747330
130.713654
127.029861
128.789764
129.471649
129.214020
128.993149
128.808777
Control Period
134.147873
129.222015
128.682587
128.873184
130.640839
128.812042
128.839935
128.721313
Control Period
133.241348
128.898178
128.327866
128.558426
129.419556
131.170975
127.777153
128.744736
Control Period
128.843704
128.549118
129.086624
129.578171
126.487938
130.896866
126.809631
128.907806
Control Period
132.877258
131.054718
128.436035
129.013824
128.765884
128.709961
128.993668
Control Period
128.694092
131.644897
129.160706
128.802155
128.920837
132.176514
128.901672
129.269699
Control Period
134.006683
128.701187
128.949219
129.177643
130.573471
131.065247
128.894806
128.600449
Control Period
134.061188
128.428802
126.644699
129.993378
129.205566
128.598846
128.638245
129.253464
Control Period
134.152451
128.725464
128.664291
128.880219
128.850891
128.987000
129.177338
128.887878
Control Period
126.568832
126.210594
128.994370
129.001465
129.157730
128.883514
128.345993
128.618134
Control Period
128.797882
128.924255
130.809021
128.413116
129.112549
128.730469
130.295456
Control Period
129.357086
129.046143
128.401337
130.333801
130.598526
128.245148
128.801666
130.240295
Control Period
128.735046
129.250778
130.396957
129.225830
128.859390
129.297470
129.131912
128.884186
Control Period
131.989349
128.749054
129.260895
129.256195
129.167206
131.635956
131.592545
128.920258
Control Period
129.375549
131.309982
129.418274
128.954742
129.089386
131.578171
129.324478
128.595779
Control Period
128.729050
128.807465
130.956451
128.829788
128.672485
129.036041
131.652390
Control Period
129.005600
129.473724
129.108643
131.974030
129.012268
127.993950
129.683105
131.466827
Control Period
128.540924
127.705444
127.019745
126.687683
126.125275
127.091492
126.657059
126.601593
Control Period
128.813248
128.965881
129.098358
129.244293
127.661858
130.354370
130.058624
129.110016
128.940857
Control Period
128.268829
130.280228
127.749893
127.959808
130.693634
126.937057
Control Period
128.742310
132.269531
129.107681
134.222717
128.793274
134.172058
128.960541
129.243927
Control Period
134.223846
128.951874
130.564926
130.662781
128.847168
128.500397
131.081909
128.598434
Control Period
134.197662
128.289124
128.322815
128.689270
129.077927
130.135040
130.283173
Control Period
131.314331
129.287430
127.914917
129.729126
130.894913
128.600616
128.395325
129.179642
129.481689
Control Period
129.092606
128.776474
131.447006
128.633728
128.601822
129.164795
129.012421
130.475494
Control Period
129.979736
128.830261
128.795547
129.193314
128.888763
126.533051
127.048065
Control Period
134.320709
129.056824
128.841888
131.458069
130.361252
126.229309
131.229507
128.433502
Control Period
134.340668
128.252502
128.849365
133.687393
129.209442
128.578461
133.696259
128.586075
Control Period
128.455109
130.580505
130.579041
129.169281
128.882812
128.559006
131.521118
128.766846
Control Period
128.430054
128.965790
129.413849
129.098083
128.976288
129.408127
129.185059
Control Period
130.065308
131.884674
128.640198
129.002747
133.839478
129.061249
130.528870
130.560028
128.940445
Control Period
128.853455
128.737534
129.623718
128.951172
130.785278
129.690338
129.166595
Control Period
134.222229
131.006912
128.633377
129.244141
128.880646
130.942978
128.252258
128.741608
Control Period
134.059509
129.045410
127.773499
130.953629
128.762405
128.937668
128.692032
128.863235
Control Period
128.950424
128.713989
131.189606
128.440125
128.604645
129.378296
130.622131
130.705383
Control Period
128.778595
128.991852
128.798721
130.356476
127.241440
128.446381
128.812927
Control Period
134.210022
129.250488
130.790558
129.434601
128.698013
128.988647
129.058533
131.406281
Control Period
128.927338
129.069565
128.777542
129.394943
129.006378
129.525375
130.701309
128.016190
Control Period
128.392807
131.311432
130.498505
126.490463
130.181641
128.792770
128.840988
129.202393
Control Period
128.776642
129.095779
128.333847
128.747421
129.834946
130.245255
126.010880
Control Period
130.515350
131.509537
127.024223
129.059937
129.284164
128.593414
129.033920
128.609833
Control Period
129.468262
128.548828
130.841599
128.871902
128.693573
131.026459
131.720993
129.228134
Control Period
129.232101
130.208893
130.581055
128.784515
129.195175
128.842148
129.205994
Control Period
134.205963
128.692581
129.048386
128.340729
130.618652
129.102432
128.894882
128.792862
Control Period
134.235016
129.224518
131.099609
129.259232
129.183899
128.754364
131.733795
128.914841
Control Period
131.774567
129.379654
129.354980
129.053543
129.958374
129.352386
130.895233
129.246216
Control Period
128.741272
129.061508
131.014236
131.205475
129.236359
128.456573
129.375916
Control Period
129.545593
130.862274
128.472672
128.694305
128.979736
126.350624
130.919586
128.789566
Control Period
133.946976
128.423874
128.759872
131.223724
128.766022
128.822937
128.243774
129.016541
Control Period
130.133179
127.442307
126.860001
129.770905
128.649918
128.667709
128.880737
128.705124
128.862747
Control Period
128.984192
128.573792
126.987907
129.007202
129.147842
129.282410
127.041855
128.083679
Control Period
127.082657
126.860893
126.556641
126.460030
126.453949
127.172417
125.991394
Control Period
130.727173
128.710846
130.748169
129.139069
129.136124
128.619080
129.961380
128.928604
Control Period
129.027191
128.842682
134.104858
128.854462
128.587967
130.854187
128.667938
Control Period
128.981537
131.568863
129.165375
128.851776
133.661087
129.154495
130.283508
130.875000
Control Period
134.274368
128.748322
130.291931
129.240646
129.145309
134.274841
129.156509
128.972000
Control Period
128.706528
131.604218
128.787369
128.838593
129.491043
131.598297
129.056091
Control Period
129.319870
130.393768
129.148605
128.754745
128.782715
129.376831
130.377121
128.847961
Control Period
129.013611
130.639893
130.147263
128.859192
128.707199
133.521347
128.655243
130.521606
Control Period
128.831863
128.310532
128.920639
129.187836
128.811646
128.384186
128.936188
129.106506
Control Period
129.006622
128.924057
129.133499
128.509094
128.966187
129.027802
131.786469
131.175354
Control Period
128.955261
129.313751
128.689026
128.308731
126.590561
128.828552
128.949677
129.169159
Control Period
129.005478
128.619873
130.696960
130.225983
128.044769
130.041214
130.534210
127.268608
Control Period
129.617981
126.433662
126.694336
130.723618
130.451996
130.087738
129.045990
Control Period
128.691238
128.453674
131.622375
128.868729
129.102997
129.065704
130.700226
129.864166
Control Period
133.739899
129.151108
129.120697
128.740479
128.783752
132.849640
129.040100
129.222916
Control Period
128.991684
128.964127
128.844421
129.172607
129.584076
131.045593
128.791382
129.013412
Control Period
134.127426
128.722626
128.764999
128.613602
128.614914
128.736023
128.490051
128.258301
117.312386
Control Period
134.358276
134.290909
134.243515
134.307526
134.222809
134.211609
134.272949
134.140106
134.107132
134.156860
134.194519
134.217010
134.152710
134.236023
134.199005
134.136810
134.174011
134.258209
134.186005
134.199402
134.186493
134.196136
134.171906
135.034454
