60.169567
59.868031
59.882881
59.889122
59.879040
59.900833
59.860161
59.857376
59.903870
59.879074
59.880798
59.873665
59.857246
59.879551
59.884605
59.870300
59.887745
59.894302
59.885632
59.888161
59.898270
59.880928
59.901794
59.857216
59.899681
59.890015
59.894722
59.849472
59.891647
Control Period
59.900322
59.961922
59.912994
63.200768
59.896320
59.882336
59.895935
59.884254
Control Period
64.423813
59.912514
59.891041
64.218430
59.907455
64.428734
64.719833
64.644547
Control Period
64.047554
64.876701
67.817696
63.408066
63.226398
67.383842
68.400345
65.704704
Control Period
62.908989
66.441376
65.954788
66.074814
68.635773
68.393280
68.591553
68.508453
Control Period
68.565765
63.121216
63.429474
62.757858
66.557312
67.663902
68.097664
Control Period
68.157181
63.521152
62.555328
66.129982
65.971199
68.498497
62.850880
62.961857
63.328575
Control Period
64.589119
68.531456
68.509338
64.125183
66.209053
68.538719
68.591003
Control Period
63.400383
66.092445
63.183876
64.571487
65.523010
68.536865
65.893570
Control Period
62.836258
66.902496
66.491364
66.520256
68.573730
68.567291
63.802242
63.059807
Control Period
65.268066
68.567993
68.539742
63.327297
67.083008
68.520386
65.366402
66.734528
Control Period
66.399521
63.176640
64.872452
67.131294
63.035038
64.621696
68.519875
62.788898
Control Period
68.532639
63.164703
68.579971
66.009949
66.867905
68.579453
63.143776
68.538528
63.841984
Control Period
68.525505
65.032227
68.475555
68.449890
63.256958
63.773758
63.190659
Control Period
68.500450
67.856934
63.391266
65.670113
67.162560
66.749855
66.586212
66.688217
Control Period
68.565125
67.698654
62.864128
64.708412
63.649311
68.664833
67.450081
63.027420
Control Period
68.665054
68.655807
68.646851
63.225281
67.685989
68.625793
65.057312
64.575653
Control Period
68.652252
62.979935
68.616638
67.460251
64.392548
67.254753
65.098785
68.479004
Control Period
62.729568
66.827843
68.483009
68.496262
65.205795
65.587067
62.897793
Control Period
67.097763
68.511902
66.359772
63.285473
62.699554
65.773788
68.460991
68.497025
62.941437
Control Period
67.954559
68.505920
63.264671
62.975361
68.148804
68.560608
67.890495
63.447807
Control Period
64.284607
68.549728
65.702400
62.285183
66.035583
68.423103
67.092384
62.579006
Control Period
68.470810
63.275902
64.317665
68.502884
67.186630
63.185822
66.420517
68.552292
Control Period
65.514114
68.507843
63.082111
68.374306
68.560738
63.046303
64.552795
68.036835
Control Period
64.767746
65.857819
63.207268
63.086208
62.982338
62.871201
67.080261
Control Period
65.493179
68.333252
67.388260
63.063843
64.108513
64.975357
66.603714
Control Period
68.548538
68.518051
64.160866
63.518848
64.396515
68.484741
63.888191
63.035423
Control Period
67.858398
63.300671
63.782532
63.731552
63.323170
67.861603
Control Period
68.217567
64.030563
68.491135
64.231903
68.550629
68.627998
64.724350
62.258461
68.412033
Control Period
68.585953
62.877090
68.671585
65.124512
68.659393
62.973412
68.124001
Control Period
68.560768
65.252258
63.358368
67.178818
68.628510
65.233795
64.655045
62.720924
Control Period
66.739868
65.129311
62.993057
63.483650
65.119324
67.581604
67.134308
62.693695
Control Period
63.189156
68.583939
65.724129
66.632416
68.680031
67.110687
64.265312
68.672798
Control Period
65.024445
66.944931
62.971039
65.050751
68.680954
68.624924
62.583359
68.646439
Control Period
68.321701
68.670013
68.659973
68.603012
65.404770
64.639618
65.280960
66.297470
Control Period
63.043617
66.199844
68.635971
68.634140
66.703682
62.477505
63.289215
68.233887
Control Period
68.636543
65.128860
64.868446
63.023201
66.977661
66.712288
68.571869
Control Period
65.986755
66.670303
68.641151
68.572449
64.339905
63.986015
63.894306
68.548416
Control Period
63.710369
63.624321
62.776512
63.371872
66.881409
68.502686
66.990654
66.790085
Control Period
66.103546
68.623428
68.537186
63.193214
63.475906
65.948578
66.691711
66.556580
68.491196
Control Period
68.552963
62.887234
62.326942
63.020287
62.778625
63.435234
63.865700
68.571938
Control Period
68.497986
68.616226
64.149055
63.332161
64.669983
63.427422
66.527550
65.161858
Control Period
62.354179
66.749153
66.385216
68.551331
68.348000
68.273636
68.671356
65.454109
Control Period
68.583267
65.838432
68.532867
63.006207
66.711586
68.482109
65.255585
63.518658
68.464798
Control Period
64.165085
63.040733
68.589050
65.472900
62.603519
63.983521
64.134430
Control Period
68.534531
66.747391
68.574753
68.550461
63.746941
63.805569
64.264961
68.527840
Control Period
68.465469
64.580002
65.015648
62.836319
63.200031
65.525887
64.596924
68.591202
63.314621
Control Period
67.992004
68.609253
68.539581
62.959938
62.997025
64.040512
68.580292
Control Period
64.476379
65.834435
68.586113
68.584290
68.005692
63.456863
68.585693
68.541245
Control Period
67.249893
63.280094
63.092480
62.645729
66.392288
65.619171
64.381058
63.611488
Control Period
64.528992
63.824512
63.524864
62.762016
68.526527
66.503647
66.644867
68.514084
Control Period
64.386879
68.515999
68.229088
63.040321
64.055069
63.548702
68.507614
63.135647
Control Period
68.522812
66.383301
62.893890
68.456703
66.074112
63.048927
Control Period
63.304092
66.302048
66.884125
68.516190
68.591263
66.336899
65.720062
63.229568
Control Period
67.344002
68.344833
63.115646
63.654396
68.618179
68.221405
67.857819
Control Period
67.571518
68.479172
68.600998
63.743839
62.537567
63.118080
66.301346
65.779106
Control Period
68.644577
63.071903
65.222427
68.549919
67.677094
63.716225
64.398529
68.008224
Control Period
68.631393
65.626045
63.268227
66.968094
68.563812
66.115265
65.546112
68.529922
Control Period
62.662338
64.072189
67.850433
68.557861
65.249123
62.884995
63.140030
Control Period
65.353760
68.627487
67.225571
63.244286
63.035683
63.257858
64.698654
63.344738
Control Period
68.668671
66.010910
63.524254
67.146271
68.623680
64.645187
63.229504
Control Period
68.590050
67.943520
68.532196
63.063583
63.781281
67.949890
68.665375
64.481186
Control Period
63.148224
65.133598
68.659424
67.640701
62.994976
66.274628
68.586975
Control Period
65.710815
67.105438
67.365723
67.838242
67.294052
67.092003
66.420609
Control Period
67.016319
63.084927
66.084129
66.786118
67.369980
68.661057
68.670715
Control Period
68.647003
68.636002
63.183010
63.421150
68.722717
68.655777
68.689117
63.410080
68.618210
Control Period
65.325279
68.689278
63.374176
68.584641
62.691936
68.659454
62.841026
Control Period
68.628639
68.618912
64.648132
66.936188
68.529984
68.606628
64.574272
67.145828
Control Period
66.453949
66.389725
63.042240
63.360832
63.013569
63.248352
62.994175
63.635071
Control Period
68.599937
66.264832
63.102688
65.628448
68.572388
68.496513
64.029472
Control Period
68.614754
68.154083
68.542236
64.221916
63.071262
65.518654
66.331741
Control Period
67.213921
66.269409
66.641052
62.884735
62.793442
65.392990
65.168549
63.027840
Control Period
65.267776
63.205055
62.730560
63.418686
66.727425
66.331810
68.586655
68.596130
Control Period
68.290047
63.683678
63.571392
68.601990
64.714241
63.044289
68.541313
Control Period
68.560066
66.575325
63.236065
64.618561
68.519585
68.529083
62.751553
64.979614
Control Period
68.607872
68.597565
67.396637
68.068733
68.371582
68.228989
68.152130
Control Period
68.612190
63.984131
63.464867
68.664551
66.609665
62.944641
Control Period
68.589340
67.513596
68.498566
63.372513
68.613693
66.546814
65.972740
68.588226
Control Period
68.633057
65.418854
63.298141
68.594437
68.581215
63.075714
65.178719
68.492706
Control Period
63.264610
64.790688
68.518524
66.114082
63.256927
66.601028
66.587814
68.427841
Control Period
68.555939
68.528229
63.182690
64.262299
68.503746
67.806885
63.381149
Control Period
63.040993
65.180611
68.591072
68.576828
64.408867
64.432159
64.713089
68.584198
Control Period
68.534241
68.664192
65.449440
62.975998
66.312164
66.430527
68.645538
65.548927
Control Period
62.973347
67.065567
67.274910
68.584030
67.527710
67.834244
65.666336
68.619553
Control Period
68.573090
64.147484
64.220222
67.881058
67.301605
68.512253
68.584518
65.440292
Control Period
68.561729
65.732674
66.820831
62.381439
63.087967
62.872482
67.163231
66.893761
Control Period
62.751457
68.524704
65.452866
65.853188
63.036224
63.435871
65.782181
65.434944
Control Period
68.594849
67.707420
68.640511
64.751297
67.512672
68.592667
68.528801
Control Period
64.340134
63.095581
66.801758
65.197189
64.822624
63.859295
63.398849
68.531166
68.111938
Control Period
68.514175
68.650948
64.944260
62.840546
67.017059
68.663582
Control Period
68.584381
68.613632
65.483292
62.699680
67.065887
68.624832
65.734238
63.091969
Control Period
65.376030
63.123135
64.875137
68.671455
67.583969
68.642784
64.656578
Control Period
62.801216
67.512131
68.668098
65.662048
64.393341
63.695103
64.751709
68.621475
Control Period
67.174271
63.410786
65.537125
68.620865
68.567390
68.003136
63.160286
65.913055
Control Period
64.562141
67.041763
62.850143
64.551582
68.512924
68.523422
64.023743
68.636162
Control Period
67.333473
67.091553
66.376640
67.771683
62.983810
62.913597
66.184959
Control Period
66.456573
66.978043
66.245499
62.843872
66.521538
65.906944
66.392517
62.975327
Control Period
64.987839
64.328804
66.289597
66.369980
66.298203
65.076767
67.047226
Control Period
68.550690
68.505089
65.433502
63.430786
65.567749
68.518684
66.989883
68.490913
Control Period
68.516541
64.924995
63.437538
68.548218
65.699005
65.922752
68.609886
67.601601
Control Period
65.609726
68.611137
63.190659
64.097374
68.625595
67.467072
63.216099
Control Period
63.892960
68.628098
65.283234
66.086784
68.573639
63.134590
64.410942
Control Period
68.620514
68.680099
65.395996
63.275940
67.318268
68.659264
64.614746
63.441566
Control Period
65.853508
66.426437
68.660828
68.150879
62.915169
63.229568
66.559837
68.642975
Control Period
68.552704
64.529472
67.266556
67.447357
68.624802
63.051102
66.788284
Control Period
66.315552
68.587425
68.481308
68.534882
68.507675
68.493378
68.212418
67.904289
Control Period
68.550751
68.176483
64.895844
64.360222
68.549606
68.578110
68.702209
64.631836
64.695679
Control Period
67.660385
63.090622
63.358913
63.271809
66.653824
68.572281
65.556961
Control Period
62.906242
63.385376
63.200897
62.993534
67.586014
62.939842
66.035034
Control Period
68.634560
66.267776
66.541946
66.803238
67.149216
62.733986
67.061981
67.693344
Control Period
64.075134
64.055008
68.596390
67.967911
64.130913
63.479523
67.951141
Control Period
68.671844
68.669792
62.861473
68.589119
68.644958
63.043423
68.655998
63.280670
Control Period
68.548447
68.570015
65.488800
65.789856
66.737503
68.591675
Control Period
68.529121
67.225632
66.740189
63.438721
64.707329
67.359268
66.362045
Control Period
68.575554
68.658340
68.571037
68.652069
68.627167
