118.404678
117.908287
117.904678
117.911072
117.954498
117.938210
117.915741
117.927521
117.341187
117.336700
117.338943
117.305183
117.327362
117.331360
117.348007
117.346085
117.340378
117.341698
117.320572
117.311676
117.320740
117.294495
117.301506
117.302811
117.300125
117.315002
117.317276
117.312195
117.329315
117.296288
Control Period
122.321342
121.933090
122.615616
122.227135
121.903709
122.491615
122.552834
119.221344
Control Period
129.112473
129.430878
129.279999
129.280731
129.283707
129.049057
129.348740
Control Period
130.947357
134.180420
134.195129
134.216248
134.169434
134.179626
134.219360
134.302689
Control Period
139.672958
134.159302
138.210495
134.148193
134.151520
134.116867
134.128662
135.971527
Control Period
134.194305
134.155869
135.675720
136.720123
137.427139
138.245377
135.226044
Control Period
137.658432
134.132935
134.253784
134.218719
138.532166
138.397980
138.333771
134.323425
Control Period
136.158722
136.715454
138.486725
138.667450
136.133148
134.320068
134.324799
Control Period
139.015930
138.637253
137.346649
134.112289
134.171036
134.181976
134.129150
134.135529
Control Period
134.082489
134.154968
134.118561
134.118820
134.186310
134.189056
134.253220
Control Period
138.874268
135.911133
134.340118
134.301483
134.219238
134.585510
137.154297
Control Period
139.693695
138.203491
138.567963
138.574982
139.215118
138.382980
138.262726
138.562500
Control Period
134.306549
134.358429
134.260712
134.457565
134.223679
134.188995
135.589249
Control Period
138.543549
138.561310
138.919434
138.480347
138.823578
138.558716
138.849335
138.421570
Control Period
134.448608
134.384216
134.578949
134.278778
136.809540
136.378235
138.386200
Control Period
138.425339
136.399139
134.255371
135.025284
134.136093
134.194183
134.126083
Control Period
136.607910
138.475555
138.485016
136.741852
136.352646
138.624268
137.759323
135.530823
Control Period
134.276093
134.191422
135.612289
137.753632
138.706177
138.406113
134.283295
138.373856
Control Period
134.243896
139.204956
138.523041
134.369125
134.492859
138.736771
138.417282
134.151489
134.100677
Control Period
134.296204
134.352386
134.283386
134.333862
134.274597
134.302109
134.272217
Control Period
138.294464
134.269562
134.537415
134.342285
138.960907
134.391266
134.398880
Control Period
137.957123
139.277527
138.745880
134.203171
134.150177
135.802689
Control Period
138.653473
138.632187
136.476379
138.272644
134.361984
138.486908
135.718567
138.415802
Control Period
134.316650
138.775238
136.317062
134.468140
138.601074
138.895782
134.324982
Control Period
138.553406
138.546021
135.994263
138.866089
134.323059
138.742615
137.656860
Control Period
138.803802
138.318085
138.110413
137.928253
138.418564
138.531708
134.340866
Control Period
140.560791
138.908356
138.612061
134.310425
137.489853
138.778854
138.335907
134.523560
Control Period
134.345032
134.356155
134.343811
134.464447
136.039429
138.297913
138.313995
Control Period
138.522781
138.585373
134.377411
138.693512
137.665344
136.593155
139.129410
Control Period
138.993729
136.638611
134.349472
138.894653
137.528229
134.246078
138.142059
Control Period
134.181152
138.517975
137.095032
136.748199
138.282013
138.614563
134.290588
Control Period
138.405472
136.897858
139.353760
135.348801
138.787643
137.830566
Control Period
142.029984
137.464706
138.982788
138.868317
138.430176
138.433884
138.452133
Control Period
138.509064
138.602142
138.694366
135.030777
138.818939
138.843643
138.323578
Control Period
138.059418
138.502716
138.451141
138.815704
138.927124
138.913818
137.576355
Control Period
140.716064
138.454041
137.830368
138.860779
138.717133
138.666199
138.266052
138.596710
Control Period
138.716354
138.504227
138.317184
138.317795
135.727386
138.898911
138.626740
Control Period
137.589722
138.264389
136.558945
138.932190
137.465881
139.090790
138.804779
138.646027
Control Period
134.134644
137.501221
138.488358
138.440292
135.857895
134.287720
138.666260
Control Period
138.472229
134.300613
137.519104
138.301788
136.655609
137.615555
138.241241
Control Period
138.113708
138.324829
138.557373
134.223770
134.347519
138.250549
138.338379
Control Period
140.090088
137.410309
138.648712
137.234711
138.395523
136.053925
138.938568
135.692291
Control Period
138.070099
138.238312
134.622345
138.210907
135.447418
138.458923
138.608551
Control Period
138.433899
138.241638
136.422592
137.102020
138.671295
134.607269
138.589249
Control Period
141.139099
138.839783
134.330902
138.158875
138.850006
135.222168
134.318146
138.286758
Control Period
138.185272
138.652710
138.582184
134.456894
138.579529
138.368500
Control Period
134.590729
139.247910
137.924866
138.520660
138.494339
138.620117
138.665985
Control Period
142.230118
137.390625
138.682983
138.262360
138.783905
138.565338
134.369888
Control Period
138.812042
138.662354
134.773178
138.536926
134.849762
138.511230
134.520020
138.833527
Control Period
136.977203
138.304581
134.140259
138.667114
136.518494
138.495773
136.796509
138.497345
134.254333
Control Period
134.224197
138.739075
137.669434
134.318695
134.275787
138.226974
136.441467
137.056259
Control Period
134.362305
134.315063
136.744354
138.643372
138.461349
134.406464
134.268768
Control Period
138.904633
138.720459
137.336426
134.353500
134.271774
134.233704
136.494431
Control Period
138.755966
134.301971
134.347778
134.266846
134.272644
134.083939
134.234558
134.374466
Control Period
134.353241
134.196838
134.283813
138.681305
138.777252
138.568863
138.411102
138.150024
Control Period
134.177765
138.534271
138.757385
134.689697
134.270477
134.130585
137.711243
Control Period
138.552032
139.031708
137.974854
136.409470
135.223511
134.297729
134.323196
134.478424
Control Period
134.166779
136.453705
138.625977
138.414978
134.258911
134.180969
134.264572
Control Period
135.389160
134.578918
134.353699
134.352997
134.536194
134.388428
134.345978
134.251266
Control Period
134.353821
134.314148
134.333252
134.376617
134.287964
134.268188
135.672607
Control Period
142.347397
138.698685
137.022369
134.405823
136.297379
137.372986
138.739105
138.564484
Control Period
137.185440
134.380249
134.326935
134.149796
138.616516
138.715393
Control Period
138.355042
138.493591
134.962891
138.471649
138.912506
138.428131
135.086243
138.497375
Control Period
141.044128
138.594025
135.356583
134.439453
134.362244
138.216217
138.571594
134.440094
Control Period
138.970520
138.565567
138.845245
138.746490
138.619934
138.942398
138.740570
Control Period
138.591812
137.749954
137.113190
136.602753
134.445663
134.391235
137.285858
136.674042
Control Period
134.258301
134.386200
134.402786
134.431396
134.313446
134.410339
134.304199
Control Period
138.609253
138.548737
134.340317
134.515335
138.280487
138.901245
134.354187
Control Period
134.238861
138.517548
138.997498
136.193848
135.509460
138.633377
138.726364
134.273254
Control Period
134.232056
136.409027
138.806061
138.276184
134.132706
138.515015
134.076416
138.327576
Control Period
134.303421
134.187164
134.965881
137.358429
135.195129
136.568695
134.260773
134.217117
Control Period
134.158203
134.235596
138.193756
138.777527
134.341431
137.889252
138.423264
138.474457
Control Period
134.347137
135.599030
138.856934
134.278137
139.407257
134.427765
134.280396
Control Period
139.962555
134.357605
134.321091
134.322906
135.665054
136.841858
138.428192
139.133957
Control Period
134.409637
134.551270
135.899048
137.190125
138.286316
138.726013
138.684875
Control Period
142.769531
138.503448
134.282593
135.041016
137.559662
138.932220
138.446472
Control Period
138.645325
134.201477
138.643372
138.501465
134.399994
138.429886
138.417511
Control Period
134.897186
138.567688
135.749405
139.035904
138.487030
136.747803
138.420746
137.333221
Control Period
137.907959
138.291077
136.860992
137.852844
138.451492
137.155289
138.384216
Control Period
138.982819
137.830475
134.391647
134.427612
137.151260
138.813019
138.635101
Control Period
138.375336
138.820923
138.346375
138.634460
137.836151
134.299591
134.372345
135.277466
Control Period
134.136765
138.967911
138.405640
134.191650
138.820465
138.981888
134.177246
138.804260
Control Period
137.604919
138.137283
138.027039
134.169739
138.630341
138.568695
137.849579
Control Period
138.647156
134.274689
134.212448
134.278564
134.282471
137.783508
139.165222
Control Period
142.526581
138.673859
138.238922
135.729828
138.620636
138.093048
134.088043
Control Period
138.111420
134.179489
138.597443
138.958618
134.334198
139.262848
134.225342
138.284088
Control Period
138.411926
135.151367
135.516998
136.858719
135.978531
138.668549
138.609665
137.022018
Control Period
134.208862
136.222397
134.861633
134.272995
138.776428
134.036987
138.567932
Control Period
138.579987
138.613678
137.017502
136.176605
134.283112
134.051270
138.986847
138.430237
Control Period
138.417847
138.131042
138.579422
138.973343
136.517410
134.780121
138.656616
Control Period
136.162537
134.170441
134.179352
139.134796
138.342911
138.299286
137.087769
134.492828
Control Period
134.270493
138.703354
138.468903
134.355927
134.302216
138.639923
138.453094
Control Period
138.992065
138.926498
134.256226
134.147491
134.291550
136.298492
134.142212
137.729156
Control Period
138.394943
137.699402
134.177597
134.172028
134.268707
134.370331
135.930695
Control Period
139.948730
138.841095
138.258179
138.664825
134.294006
134.247192
138.125854
138.690720
Control Period
138.649094
134.272980
136.875031
138.582886
137.532928
134.779587
136.430328
Control Period
138.732483
135.227173
138.292511
136.249893
139.060349
136.928894
138.826019
Control Period
137.972473
138.915497
138.355774
138.858246
134.891785
138.316620
138.409348
Control Period
141.540405
135.390411
138.485794
134.195999
134.963715
138.105347
134.364380
Control Period
138.515106
138.280731
135.023865
138.199554
138.844482
138.668640
138.253891
Control Period
137.460693
136.622787
138.387787
135.832962
138.360672
136.471466
138.821060
Control Period
138.245377
137.357544
137.220428
138.549179
138.737503
134.658432
138.816711
138.916473
Control Period
139.061127
138.692734
136.607391
134.336258
138.231171
134.783615
134.943237
138.737915
Control Period
134.188034
134.418762
134.363342
134.319778
134.382462
134.317383
134.196259
Control Period
138.940613
138.448395
138.482330
136.478394
134.483261
135.270294
134.356781
Control Period
134.440994
134.413406
134.357758
135.007553
134.409271
134.260376
134.277893
134.172165
Control Period
137.488739
134.384003
134.337341
138.612549
134.351562
134.324036
Control Period
137.845444
136.380676
138.526154
138.678802
137.155167
138.968094
134.688705
138.718338
Control Period
138.544067
138.449463
136.090210
134.382294
134.311066
134.269699
138.718689
Control Period
138.360641
138.408234
134.337280
138.624191
138.591171
137.309387
134.474762
Control Period
137.456772
138.718689
138.789246
138.403229
138.636093
139.059540
137.092957
Control Period
138.407684
137.759460
138.536469
138.372742
136.573395
138.666260
137.478485
Control Period
141.179688
138.768250
135.253021
138.801025
138.814560
138.795105
138.726227
Control Period
142.181503
138.700546
137.465088
138.402374
136.123627
138.320450
134.855423
134.341034
Control Period
150.684570
150.727936
150.744415
150.749878
150.733505
150.730438
150.694183
150.704895
150.707077
150.734787
150.717468
150.732605
