59.429184
58.713570
58.733376
58.738174
58.873215
58.766685
58.816448
58.778114
58.548386
58.628929
58.537216
58.580734
58.587906
58.549473
58.556381
58.554367
58.520000
58.615520
58.488384
58.489376
58.482910
58.495010
58.532867
58.577568
58.528099
58.564224
58.565918
58.573311
Control Period
58.554878
58.731682
61.557823
61.989502
60.555840
60.498718
62.507393
61.576576
58.746559
Control Period
61.007072
63.464512
62.383171
64.720222
63.799263
63.382271
64.813187
64.887711
Control Period
62.592831
64.848289
64.867264
64.862015
64.919876
64.888992
64.907135
64.907196
61.057503
Control Period
64.808319
65.023941
64.816414
68.645088
64.823936
64.863968
64.827362
Control Period
64.768578
64.824417
64.869278
64.892609
64.893188
64.842819
64.842300
Control Period
68.169861
67.278336
64.857086
64.914848
64.894043
64.899521
64.896736
67.497635
Control Period
64.877090
64.955780
64.929314
64.891876
67.023041
68.372925
64.866333
Control Period
64.873062
64.870560
65.727203
68.637566
68.380577
68.239677
64.894012
68.317314
Control Period
67.650719
65.806976
67.011642
65.509697
66.818909
64.850235
65.234146
64.918335
Control Period
67.266403
68.590240
68.364258
67.117538
64.911942
64.899200
64.840927
Control Period
64.898148
64.878975
64.896385
64.945183
64.865860
64.819839
64.913925
Control Period
68.393600
68.478622
68.239075
68.475266
68.830048
68.406433
67.102753
68.534752
Control Period
64.866493
64.925438
64.911163
64.976135
64.949631
64.937958
64.961632
Control Period
64.929977
64.947968
64.918564
64.914627
64.896637
64.912125
64.931488
Control Period
64.922333
66.399872
68.534081
67.578079
68.374298
64.992188
67.962982
Control Period
66.384003
64.934875
64.923172
64.935043
64.851906
64.902687
64.886307
64.841377
Control Period
68.293121
64.884125
64.876038
64.916229
64.967072
64.883873
68.579231
Control Period
64.865570
64.865021
64.911842
64.939041
64.947296
68.222717
Control Period
64.884415
64.901535
64.956573
64.900703
66.662209
64.919106
64.953888
64.914368
Control Period
64.910431
64.893150
64.971329
64.935196
64.928284
64.876923
64.905151
64.896576
Control Period
64.864990
64.866974
64.890274
64.889153
67.247070
69.056519
68.728806
67.303139
Control Period
68.224548
64.866943
66.706017
64.911392
68.271622
64.873566
67.178307
64.851456
Control Period
68.463936
64.915237
65.672989
68.562080
64.885345
64.884956
68.448578
Control Period
66.060410
65.184830
68.618591
64.906143
68.429565
64.909470
66.125732
Control Period
68.593796
64.870941
67.566368
65.597504
64.934784
64.917603
67.636444
64.878372
Control Period
65.299011
64.952736
68.821632
64.946243
64.954117
65.186630
68.874435
Control Period
68.561508
65.134560
64.935616
64.974854
65.299232
68.521088
68.007462
64.999168
Control Period
66.720512
64.988892
64.985214
68.515427
64.964447
68.368706
66.495972
64.933380
Control Period
67.597054
66.690109
67.903809
64.932030
65.814972
68.253922
64.833115
Control Period
68.423073
65.012733
65.937218
68.702721
64.891838
65.283676
65.296188
64.919739
Control Period
68.390686
65.125763
66.451233
64.913116
68.387268
64.898689
67.676865
64.864197
68.165535
Control Period
65.347717
66.499771
64.878021
64.827072
64.917252
68.106430
68.406372
68.405563
Control Period
68.201187
68.319359
68.292801
64.891068
64.962685
65.832642
68.476669
64.927681
Control Period
68.558304
66.489090
64.934723
64.980804
68.628258
64.963005
65.832222
66.705727
Control Period
64.854881
66.082787
67.591454
65.621887
68.472672
67.426689
64.965347
64.886719
Control Period
67.013947
64.873215
65.590820
68.543365
64.916992
68.517380
66.421631
Control Period
64.854950
68.332092
64.869278
68.371811
65.850464
64.892899
66.255524
Control Period
70.703354
64.890076
64.879936
65.144165
67.090530
67.771553
64.909920
64.887520
Control Period
68.242722
65.320610
64.955002
66.345627
64.979065
64.909348
65.423004
Control Period
64.877213
64.845764
68.460579
64.948547
64.918144
68.531998
64.914490
64.896736
Control Period
64.843102
68.285828
64.896454
68.108192
64.892960
68.506500
64.923294
Control Period
66.314270
67.287170
64.849915
68.766907
64.894974
67.301117
64.822273
64.960991
Control Period
66.814529
64.841660
64.904388
66.111839
64.896988
68.201538
64.930435
Control Period
64.895744
64.952316
68.388260
64.901505
64.948227
67.893570
68.168510
64.961311
Control Period
68.077538
64.978683
67.339172
64.940033
64.991486
68.517601
64.999840
65.022339
Control Period
68.730209
65.127808
65.600960
66.188797
64.877121
67.750717
64.900543
65.284416
Control Period
68.607300
64.895103
68.090271
65.001984
67.114243
68.347687
64.867996
Control Period
64.952576
68.201569
64.890434
68.035904
64.847549
67.998749
64.888802
Control Period
65.956284
64.888382
66.158142
64.838181
66.246689
64.941666
Control Period
67.539680
64.867744
64.876358
64.908508
64.925598
68.429184
64.849213
64.968124
Control Period
65.340057
64.972031
64.948608
64.900253
64.941345
64.914848
68.515038
67.458176
Control Period
64.952316
64.892670
66.286400
68.313339
64.890076
64.886948
64.872704
Control Period
68.480225
68.470879
68.581696
67.917824
66.163452
64.892227
64.883293
64.928833
Control Period
64.919739
64.937149
64.879776
64.883484
64.869217
64.857788
Control Period
68.368668
64.781403
64.879555
64.864479
64.975006
68.546654
65.140610
64.752670
Control Period
64.772926
64.857758
64.870880
64.882874
64.929245
64.906723
64.962845
Control Period
64.944160
64.897888
64.960030
64.882751
66.765984
68.403519
68.802017
Control Period
67.646851
68.259842
68.545532
68.692261
68.162918
67.601990
67.111168
64.871040
Control Period
65.089340
64.925339
64.947586
68.189438
68.731712
68.364548
67.487518
65.408096
Control Period
64.953796
66.078491
68.179199
65.754211
65.056290
64.943741
64.972382
Control Period
64.923172
64.945923
64.990784
64.939201
67.086014
68.486946
64.915871
64.873444
Control Period
68.541954
64.947807
68.524902
64.924316
66.644730
64.952988
66.710976
Control Period
64.928993
67.900635
69.346176
64.953827
64.906555
64.890396
68.624603
Control Period
64.903778
65.025726
64.962051
64.935936
64.914207
64.951523
64.938461
Control Period
68.324509
65.768127
66.009056
66.319519
68.465569
68.737915
66.048065
66.602905
Control Period
68.446686
68.405350
65.710403
66.687363
64.899811
67.373856
65.460480
66.968155
Control Period
65.061661
68.733826
64.868256
64.906494
64.848320
68.340485
68.060287
Control Period
64.871521
64.871902
66.859009
66.925339
64.877533
64.932892
68.782532
Control Period
68.400772
65.370300
64.953278
64.961823
68.370590
64.878975
68.897476
Control Period
64.894623
66.824158
68.367073
68.195107
66.124863
68.534821
68.421501
Control Period
66.421570
68.464386
65.162880
64.956573
64.923874
64.946213
64.881310
Control Period
68.646210
64.951103
67.124710
64.903778
64.897057
64.941956
68.376572
64.912384
Control Period
67.463234
68.710022
65.941505
64.912155
64.900734
64.925308
64.914368
64.954590
Control Period
64.941956
64.916260
64.914246
64.929726
64.937851
64.901794
64.905502
Control Period
64.957886
64.930237
65.256989
64.952957
64.961472
64.911942
64.923714
64.891617
Control Period
68.246269
64.885086
65.002144
68.509567
64.886429
64.881729
68.438110
Control Period
64.896347
67.188576
64.958145
64.931839
68.371582
64.938950
65.802948
Control Period
65.564445
64.876801
68.502464
65.628860
64.890015
68.146080
65.245316
Control Period
64.937920
64.932388
64.925018
68.490311
66.040962
64.813759
64.902588
Control Period
68.574341
64.921791
64.960609
64.923813
65.401794
68.144127
67.491943
64.907295
Control Period
68.340805
64.867805
64.871361
68.704895
64.910912
64.880829
68.761948
Control Period
64.812164
65.955841
64.919998
64.892990
68.721214
64.844635
64.892090
64.946686
Control Period
64.899742
65.065948
66.944901
68.670944
68.210976
65.379967
64.971138
Control Period
65.022400
64.924545
64.837692
64.923325
64.921501
65.203262
68.692932
68.200287
Control Period
68.617630
64.916161
64.902016
69.068924
64.833755
Control Period
64.887268
67.592285
64.893600
65.003777
64.933281
64.885498
Control Period
68.309692
64.899460
64.912575
64.912766
67.994919
64.892319
64.816513
64.852287
Control Period
64.948517
64.875259
64.823578
64.894791
65.071548
64.891708
64.852707
Control Period
64.814301
64.907326
64.916771
64.825241
66.727463
68.136581
64.911102
Control Period
66.309410
64.847488
64.820831
64.879326
64.910431
Control Period
64.897247
68.475807
64.898720
64.821503
64.934052
67.651360
64.942207
64.920547
64.854782
Control Period
64.959137
68.503677
64.896164
64.854370
64.874657
64.829285
64.919846
Control Period
64.926086
65.635513
68.210373
68.334885
66.166916
64.919357
64.965118
Control Period
67.600357
64.993568
64.998848
64.912605
68.326111
66.953537
64.942459
64.950684
Control Period
68.646301
64.947708
64.941185
67.593414
66.263397
64.989761
64.946976
66.679550
Control Period
67.765671
64.869568
68.791168
64.885857
66.998207
64.939072
68.708282
64.986298
Control Period
67.689819
64.913437
64.866302
64.902298
68.390747
64.883621
65.802467
65.802338
Control Period
67.263046
64.812737
68.448547
65.615326
64.950943
67.521286
64.925827
68.342880
Control Period
67.563553
64.856995
67.598366
67.059326
64.827904
68.896667
64.795166
Control Period
65.577698
68.400925
64.864029
66.840515
64.836380
68.537735
64.880547
67.489151
Control Period
68.521317
65.857956
64.816513
64.867874
68.523514
66.652893
Control Period
64.884705
66.359390
68.216354
64.905952
68.145218
66.013153
64.866943
Control Period
68.571930
68.147202
68.601601
66.958298
67.843430
68.004318
66.213409
67.539429
Control Period
64.945114
64.923584
64.951874
64.996223
64.983490
64.912643
Control Period
68.705757
68.548538
68.809799
68.524155
68.489594
68.377953
68.181061
68.636864
Control Period
64.926147
64.930435
64.941086
64.945694
67.496323
65.003777
68.632004
68.363586
Control Period
65.614304
68.458366
68.267586
64.930305
68.105087
66.749985
Control Period
64.952225
65.010757
64.942017
65.386780
67.143105
68.748032
64.875198
Control Period
68.637146
64.936867
68.393478
67.056320
64.999458
64.929184
64.944901
64.982941
67.231323
Control Period
67.586784
67.173477
65.016960
68.610977
64.945435
64.972961
66.728447
Control Period
68.008736
66.607742
64.916260
68.245567
66.495071
64.880798
68.527328
65.866653
Control Period
64.876450
67.946144
64.891907
64.907227
64.986588
66.287994
65.546463
Control Period
64.908356
68.156258
64.963516
68.643616
64.917953
68.275330
64.926788
Control Period
71.566681
71.566757
71.577286
71.569473
71.587265
71.584259
71.579269
71.572289
71.566147
71.579910
71.591713
71.586044
71.588135
71.561569
71.580612
71.590652
71.593277
71.606781
71.587585
71.579453
71.584061
71.571808
71.585922
71.586655
71.574524
71.579651
71.568672
71.588516
71.573471
71.559425
71.565155
71.579773
71.567871
71.593567
71.546112
71.582596
71.603485
71.605927
71.586746
71.581146
