0.724801
0.767906
0.808289
0.857161
0.86349
0.895378
0.867396
0.873494
0.857021
0.893833
0.878726
0.862045
0.857816
0.858088
0.89521
0.87143
0.867659
0.884723
0.876005
0.867618
0.865679
0.866498
0.880014
0.879818
0.87335
0.874534
0.871239
0.889011
0.870128
0.882481
0.878848
0.875948
0.882495
0.88012
0.883729
0.877244
0.871771
0.872006
0.876255
0.874527
0.879031
0.870862
0.871179
0.885153
0.882283
0.875627
0.873751
0.87183
0.888403
0.883002
0.870661
0.875789
0.869536
0.879183
0.879183
0.86261
0.882459
0.878907
0.864029
0.879226
0.871987
0.881546
0.874211
0.872802
0.858038
0.857926
0.887776
0.873881
0.873768
0.881911
0.867184
0.864202
0.857961
0.871163
0.875971
0.879437
0.871639
0.874257
0.873426
0.874755
0.869169
0.878056
0.87405
0.879264
0.868678
0.877185
0.870443
0.862667
0.873622
0.857225
0.879037
0.859397
0.888089
0.878606
0.871623
0.877771
0.883115
0.882051
0.885045
0.874847
0.879013
0.882089
0.884293
0.868837
0.889729
0.857551
0.877789
0.871774
0.880349
0.870371
0.879994
0.87766
0.884996
0.872389
