113.708
122.292
128.001
133.801
135.513
135.952
136.231
136.401
135.716
134.158
135.627
138.683
134.484
138.677
135.961
135.223
137.322
136.45
136.517
134.277
135.799
136.362
137.377
136.896
137.126
137.779
138.142
135.586
137.652
136.97
137.24
137.274
138.952
138.118
138.464
138.763
138.158
138.169
136.768
137.301
137.165
138.11
137.169
137.438
137.266
137.873
138.009
138.326
137.187
136.961
136.271
136.032
136.331
134.83
136.928
136.039
136.545
135.606
134.525
134.515
137.841
136.563
137.651
136.878
138.776
136.607
134.358
136.793
136.886
136.597
135.263
136.28
136.209
136.629
136.821
137.934
137.32
137.415
137.78
137.176
136.995
136.812
137.724
136.092
137.996
136.994
137.027
135.85
137.017
137.722
136.768
136.461
136.098
135.573
137.634
136.782
137.468
137.96
136.721
137.969
137.422
137.813
136.924
134.312
136.637
134.417
135.583
137.62
136.395
137.158
138.308
137.971
138.62
138.007
