918
918
918
891.108
843.698
817.779
808.768
802.624
804.896
804.646
803.792
802.483
801.361
802.201
802.413
802.23
802.493
802.241
802.886
801.159
803.794
812.862
810.878
801.196
796.465
797.901
797.161
797.809
799.247
800.447
797.48
798.289
797.597
795.406
791.282
791.524
793.272
792.202
794.656
795.646
799.672
798.464
799.079
795.975
797.148
796.798
798.675
797.877
795.156
795.134
795.134
795.649
798.176
806.139
804.481
804.858
803.386
802.738
805.263
803.468
801.578
803.496
803.096
800.52
801.048
796.411
800.128
802.658
802.943
802.388
799.728
799.228
799.069
801.861
805.03
806.401
804.249
803.438
801.532
798.438
797.673
798.182
800.757
800.389
798.189
798.961
801.157
800.478
797.975
802.861
807.685
804.026
804.137
801.491
805.817
802.132
801.606
800.745
799.42
794.994
795.059
796.526
794.043
794.486
793.343
798.306
802.664
801.869
802.677
801.81
794.333
801.087
801.12
793.999
794.138
794.859
796.857
797.448
