3942
5813.5
5794
5853.5
5754.5
5347.5
5229
5050.5
5070.5
5070
5050.5
4932
4876
4892
4872
4932
4971.5
4955
5031
5011
4991
5149.5
5090
5090
5110
4935.5
5034.5
5090
4912
5031
4971.5
5050.5
5070.5
5110
4876
4971.5
4892
4892
4912
4912
5169.5
5030.5
5011
4951.5
5011
5110
4912
4932
4816.5
4896
4971.5
5031
5031
4916
4952
4912
5050.5
5149.5
5169.5
5034.5
4892
4895.5
4932
5070.5
5050.5
5050.5
5110
4892.5
5130
4991
5031
5070.5
5050.5
4912
4892
4892
5070.5
5050.5
5011
4952
4932
5169.5
4915.5
5031
4935.5
5129.5
4761
5011
5070
5030.5
5051
5149.5
5228.5
5149.5
4892
4951.5
4912
4856
4952
4856
4876
5165
5110
5149.5
5110
5189.5
5050.5
5030.5
