56.6147
60.5243
63.5572
64.5992
64.8583
64.8476
65.926
65.7023
67.0066
66.126
66.3636
64.8883
68.2751
65.3829
64.9216
66.9663
65.1035
65.9142
65.4586
65.1683
64.9146
66.4809
66.2355
66.5476
66.3193
66.1245
66.1478
66.3042
66.2466
66.575
66.2251
66.5415
66.1404
66.7291
66.3865
66.4308
66.3455
66.1953
66.2814
65.7393
65.7992
66.3509
66.1497
65.8145
66.1387
66.2697
66.0576
66.7035
66.2594
65.5049
65.6705
65.7488
65.5849
67.0557
64.8966
65.7886
64.8833
66.2366
68.0029
66.4461
65.7054
65.6452
66.464
66.5073
64.9474
67.0961
66.6984
66.4734
66.0173
66.5476
67.3374
65.6795
66.0942
65.9668
64.9252
64.985
66.2176
65.8698
66.122
65.5776
66.1657
66.4769
65.577
66.1363
65.5037
66.7565
65.366
65.4048
64.9082
65.5114
65.1535
65.5996
65.4053
66.1655
66.0978
65.766
66.493
65.9064
66.4851
66.514
66.4284
66.54
66.1988
67.735
64.9522
68.5196
66.4307
67.0209
65.8654
66.11
66.5333
66.6935
65.7559
66.6442
