918
918
918
881.621
833.313
808.867
799.588
794.204
792.967
788.059
788.928
787.935
790.848
792.111
792.038
789.226
791.564
790.327
791.169
787.723
792.291
792.473
792.286
791.578
787.54
787.474
787.861
785.573
786.138
792.229
793.413
793.153
794.728
791.708
791.45
792.506
798.241
795.291
791.381
789.443
791.916
788.988
790.866
788.79
789.224
790.806
790.946
790.092
790.362
790.237
793.101
793.101
793.304
793.01
795.302
795.999
790.531
788.675
785.565
787.928
790.575
791.253
790.51
792.379
790.345
790.45
790.962
788.926
789.169
795.514
794.286
800.179
800.874
797.622
793.086
794.15
793.881
793.456
793.28
793.369
797.384
796.473
796.106
794.724
789.497
788.938
790.891
793.526
792.831
794.033
794.853
788.396
788.847
783.817
786.123
789.972
791.74
791.571
786.533
793.562
793.81
790.494
790.399
795.135
796.857
793.667
790.559
791.525
793.1
792.491
796.751
792.486
786.933
785.652
788.265
787.25
790.79
789.215
