77.2414
73.8532
78.4679
79.1123
78.8187
78.4282
77.9256
79.0007
78.6495
80.0536
77.6619
77.9312
77.6368
78.7705
78.7867
78.7061
77.4581
79.0156
77.594
77.7898
78.3403
78.6071
78.8858
79.7224
79.4085
79.6507
78.5759
77.9231
78.1276
77.8368
78.173
78.3913
78.1864
77.842
77.4033
78.1695
78.1475
78.194
77.364
78.6486
77.9551
77.1848
79.211
77.5396
78.498
77.9707
78.5722
77.3964
78.3565
77.9506
78.1679
78.1056
77.5242
78.1277
78.4506
79.0345
78.294
78.7895
77.5203
77.8982
77.3046
77.9698
78.066
77.9205
79.147
77.0787
76.1599
77.3842
77.2629
77.6929
78.1919
78.1748
78.3376
77.5591
78.4293
78.0165
78.2654
77.9678
77.903
77.684
77.5463
78.867
77.9175
79.7034
79.3304
78.3012
79.0085
78.2659
79.2804
79.0941
78.9362
78.9069
78.0566
77.5232
78.4242
78.9872
78.5628
78.0176
78.462
78.2833
77.973
77.3703
78.4482
78.4378
79.1883
77.9761
78.0027
76.9618
78.4459
78.8269
78.8736
78.1904
77.9958
77.6345
