0.707277
0.821739
0.812763
0.828457
0.834362
0.840576
0.855859
0.846728
0.867827
0.822433
0.856245
0.845702
0.860728
0.854639
0.846526
0.834094
0.865574
0.838755
0.853131
0.857452
0.852418
0.846266
0.861567
0.846381
0.849078
0.836186
0.852357
0.855139
0.845406
0.85777
0.847333
0.846634
0.847146
0.854731
0.855263
0.842255
0.846962
0.842971
0.86271
0.843832
0.835133
0.879804
0.829691
0.863901
0.840975
0.859008
0.833264
0.869182
0.844687
0.8525
0.85348
0.843114
0.848102
0.851046
0.852315
0.844105
0.861998
0.833515
0.853954
0.845147
0.855593
0.851561
0.848928
0.863473
0.821605
0.849097
0.865344
0.859583
0.857481
0.850879
0.841117
0.854329
0.838516
0.861569
0.843867
0.853679
0.853427
0.847346
0.846203
0.845401
0.858778
0.835653
0.879012
0.849765
0.834377
0.862238
0.841182
0.852049
0.848247
0.838349
0.853915
0.845365
0.845832
0.862495
0.848371
0.857294
0.842839
0.849956
0.847313
0.854621
0.84475
0.859228
0.843974
0.862386
0.836062
0.849228
0.843386
0.863038
0.844846
0.848238
0.84536
0.84532
0.851642
0.862147
