-683.387
-933.367
-472.517
-179.733
-104.552
-24.1665
-94.8667
16.7588
-19
55.9312
24.4829
-1.2334
-54.2998
45.2412
-24.2002
16.207
-66.5332
88.5171
3.5
-3.58643
-13.6001
-78.2412
-1.4668
7.5332
-44.3105
11.2998
117.759
22.5669
-4.89648
30.4136
-58.5332
-4.82764
20.3335
110.862
-56.8623
-75.6001
-37.6553
47.3999
-56.2666
36.5518
-40.2998
8.58643
30.5669
2.65527
-16.4668
4.82764
-2.2334
55.3335
4.27588
-5.96533
44.2998
13.4829
-105.767
-35.5
-60.207
45.6333
50.9653
13.2759
-14.3794
35.8335
-39.0669
2
10.1377
-39.5332
4.17236
122.933
-23.6001
113.793
13.5518
-62.5332
-88.1035
20.7334
-5.41357
-8.06689
-3.2666
1.5
77.5518
-17.6333
-7
-26.6895
-100.896
-11.1001
37.7998
51.2759
-13.6333
23.0688
16
-124.567
8.58643
-97.1724
44.2002
74.4482
34.2666
-3.2998
-97.4136
135.767
5.37939
-64.3335
-1.7334
91.6206
33.1333
-61.9312
-59.8999
18.6895
30.2759
-11.5
82.1377
-82.4136
-107.167
-24.793
50.3667
-19.7588
68.5669
-30.7036
