0.708752
0.86149
0.874545
0.861321
0.860719
0.854496
0.854342
0.846284
0.852622
0.854589
0.846694
0.847146
0.850684
0.849183
0.852704
0.848552
0.847422
0.853182
0.847278
0.850296
0.84899
0.851414
0.852485
0.852324
0.850451
0.848285
0.851263
0.848803
0.845594
0.851195
0.848407
0.851601
0.856085
0.847642
0.848763
0.851834
0.848119
0.850021
0.852429
0.847858
0.851764
0.847859
0.849487
0.848835
0.850792
0.850317
0.850963
0.851251
0.846216
0.851941
0.852349
0.849257
0.852203
0.845098
0.84972
0.851097
0.85343
0.844826
0.852375
0.851503
0.845886
0.851797
0.849426
0.851219
0.854366
0.847831
0.843019
0.851285
0.845694
0.851474
0.855588
0.849181
0.856063
0.842804
0.850595
0.850096
0.851795
0.851235
0.845276
0.85322
0.848777
0.853312
0.851846
0.846711
0.85024
0.845187
0.851879
0.849739
0.854701
0.849015
0.854218
0.848478
0.84859
0.846632
0.852491
0.851441
0.844624
0.851359
0.84952
0.849343
0.850755
0.84746
0.854768
0.848229
0.848115
0.853718
0.851472
0.84625
0.847338
0.858845
0.845342
0.851295
0.848217
0.85347
