58.0192
62.4489
65.8096
68.7002
69.9123
70.8481
69.5396
71.1432
68.5121
71.6596
70.7153
71.0874
69.8286
69.9541
70.3103
72.0516
70.4691
71.108
70.8925
70.1047
70.0559
70.5774
69.821
69.9068
70.0678
70.9318
70.3559
70.3586
70.9791
70.0586
70.8766
70.6488
70.2278
70.2632
69.1809
69.9464
71.0913
72.4897
69.7991
70.8825
71.9857
69.2264
71.7091
70.2396
71.0076
70.9268
71.832
69.8729
70.372
70.343
69.7517
70.3991
70.0705
70.4149
70.5774
71.277
69.8929
71.787
70.6403
71.6756
70.9672
70.8587
70.5998
69.6633
72.9285
72.1295
71.1629
70.6726
70.1681
69.1509
70.3558
69.9713
70.5016
70.2453
70.4558
70.5508
70.1297
70.0018
70.8814
70.5526
69.7984
71.7639
68.6347
68.9906
70.5323
70.2269
70.3399
69.4971
69.8593
70.912
70.8846
71.3326
71.2696
70.5955
70.4668
70.368
70.1711
70.322
70.6233
70.2198
70.6395
70.4512
70.0626
69.6118
71.6244
69.9757
71.1131
69.921
70.8528
70.033
71.833
71.7791
71.6391
70.3492
