80
74.2718
78.0962
79.8261
81.4489
82.5619
83.2838
82.6006
83.3663
81.3277
83.3548
83.1149
83.52
82.7239
82.1814
82.709
84.2172
83.5228
83.2053
83.341
82.6917
82.5463
83.2924
82.4125
82.2465
82.6005
83.202
82.3101
82.5597
83.3118
82.4812
83.455
83.2175
82.6607
82.1346
81.8314
82.5444
83.5647
84.661
82.9692
83.1213
84.5206
82.1087
83.7007
82.8666
83.4627
83.4235
84.2706
82.4143
82.6852
82.7676
82.0121
82.5724
82.9702
83.0409
83.3204
83.5153
82.2793
83.8936
83.3552
83.9304
83.7784
83.4488
83.1007
82.4067
84.9985
84.3064
83.9681
82.7914
82.5418
81.9252
82.9952
82.3762
82.8381
82.7255
82.8676
82.9624
82.2411
82.4127
83.1994
83.1752
82.8394
84.1154
81.3398
80.9626
82.5807
82.5006
82.6193
82.5518
82.2297
83.614
83.2326
83.4088
83.5835
83.1907
83.4318
82.2877
82.4695
82.9769
83.0698
82.2809
82.758
83.1487
82.8779
82.0326
83.6074
82.6744
83.0442
82.8322
83.7465
82.8205
83.8818
84.4101
83.985
