0.0117467
0.0339701
0.0419632
0.031739
0.0298217
4.38658
38.1851
1.53955
0.031997
0.0508863
0.0483711
0.0333733
0.0483568
0.0355094
0.0802589
27.1233
25.645
23.5568
23.4075
23.6255
23.7608
23.4239
23.3889
23.6188
23.6005
23.6896
23.4999
23.3445
23.6548
23.6984
23.5111
23.3556
23.6428
23.6746
23.4978
23.1581
23.7355
23.719
23.5081
23.3308
23.6594
23.6734
23.5159
23.3563
23.6368
23.6863
23.4718
23.5214
23.3918
23.6534
23.684
23.4875
23.3854
23.5919
23.7044
23.5066
23.3799
23.618
23.6876
23.4923
23.3762
23.6381
23.6985
23.4807
23.3613
23.6568
23.6821
23.4984
23.3401
23.644
23.7124
23.4765
23.5031
23.4275
23.6327
23.7157
23.4403
23.4144
23.5916
23.7511
23.4193
23.3967
23.6183
23.7593
23.4299
23.389
23.6177
23.7825
23.4394
23.375
23.6188
23.7487
23.4318
23.3877
23.6172
23.7582
23.4413
23.5009
23.3542
23.6896
23.7193
23.4369
23.3879
23.6266
23.7411
23.4378
23.3934
23.6233
23.7045
23.4526
23.3857
23.6501
23.7076
23.4367
23.3941
23.6513
23.6857
23.4643
23.3601
23.845
0
