0
0
0
0
0
12.5
100
0
0
0
0
0
0
0
0
100
51.0204
50
48.9796
50
51.0204
50
48.9796
50
50
51.0204
50
48.9796
50
51.0204
50
48.9796
50
51.0204
50
48.9796
50
51.0204
50
48.9796
50
51.0204
50
48.9796
50
51.0204
50
50
48.9796
50
51.0204
50
48.9796
50
51.0204
50
48.9796
50
51.0204
50
48.9796
50
51.0204
50
48.9796
50
51.0204
50
48.9796
50
51.0204
50
50
48.9796
50
51.0204
50
48.9796
50
51.0204
50
48.9796
50
51.0204
50
48.9796
50
51.0204
50
48.9796
50
51.0204
50
48.9796
50
51.0204
50
50
48.9796
50
51.0204
50
48.9796
50
51.0204
50
48.9796
50
51.0204
50
48.9796
50
51.0204
50
48.9796
50
51.0204
50
48.9796
51.0204
0
