0.000234934
0.000821192
0.00128192
0.00131663
0.0019267
0.639859
9.60786
0.0188197
0.000436315
0.000786511
0.000862751
0.000703551
0.00124625
0.00117686
0.00372543
2.09655
1.10701
0.961931
0.955155
0.965769
0.969243
0.95227
0.953543
0.965202
0.962611
0.965322
0.955725
0.950894
0.96676
0.966141
0.95635
0.951296
0.966076
0.965217
0.956182
0.943676
0.97303
0.967702
0.956395
0.950436
0.967213
0.965222
0.956969
0.951528
0.965957
0.965862
0.955062
0.958816
0.953947
0.966762
0.965608
0.955631
0.953001
0.963891
0.967104
0.956538
0.952589
0.964913
0.966013
0.955939
0.952629
0.965916
0.966279
0.955197
0.952016
0.966886
0.965478
0.956067
0.950993
0.966569
0.967028
0.954945
0.9578
0.955486
0.965454
0.96691
0.953262
0.954566
0.963707
0.968903
0.952256
0.954041
0.965188
0.9691
0.952484
0.953443
0.965089
0.970007
0.952513
0.952506
0.96509
0.968587
0.952661
0.953426
0.965111
0.969049
0.953
0.957899
0.952655
0.968948
0.966979
0.953026
0.953465
0.965513
0.968229
0.952982
0.953623
0.965254
0.966703
0.954083
0.95343
0.966538
0.966565
0.953225
0.953858
0.966522
0.965613
0.95462
0.952255
0.974792
0
