3927.5
5932.5
5932.5
6071
5952.5
5932.5
5952
6046
5952
5878
5932
5932
5952
5913
5912.5
5952
5912.5
5952
5952
5912.5
5972
5952.5
5952.5
5912.5
5893
5912.5
6011
5932.5
5759
6011.5
5932
5972
5972
5971.5
5971.5
6031.5
5932
5912.5
6011.5
5971.5
6011
5912.5
5912.5
6011.5
5952.5
6090.5
5952
5952.5
5972
6110.5
5814
5893
6091
5972
5818
5873
5932.5
5952
5932.5
5991.5
5952
5972
5952
5932
5932
5991.5
5833.5
6130.5
5952.5
5952.5
5932.5
5892.5
5897.5
5853.5
5952
5952
5932
5932
5932
5912.5
5893
5818
5952
5992
5932.5
5794
5952
5892.5
5972
6070.5
5952.5
5893
5932.5
5913
6150
5853
6244
5952.5
5932.5
5932.5
5932.5
5932.5
5833.5
5991.5
5873
5952.5
5952.5
5912.5
5932.5
5794
