80
78.068
77.0203
76.1608
75.4647
74.9002
74.4437
74.0792
73.7857
73.5543
73.3678
73.2174
73.1021
73.0106
72.9388
72.8834
72.8381
72.8089
72.7822
72.7648
72.7502
72.7375
72.7312
72.7269
72.725
72.7278
72.7308
72.7387
72.7418
72.7489
72.7557
72.7608
72.7659
72.776
72.7812
72.7868
72.7935
72.8028
72.8093
72.8177
72.8264
72.8346
72.8415
72.8481
72.8554
72.8637
72.8707
72.877
72.8829
72.8915
72.8989
72.9048
72.9145
72.9222
72.9256
72.9327
72.9402
72.9496
72.9584
72.9669
72.9742
72.978
72.9786
72.9831
72.9864
72.9882
72.9914
72.9949
73.001
73.0038
73.0043
73.0068
73.01
73.012
73.0166
73.0226
73.0265
73.0295
73.0332
73.035
73.0385
73.0419
73.0431
73.0439
73.0482
73.0514
73.0529
73.0539
73.0596
73.0632
73.07
73.0758
73.0786
73.0848
73.0849
73.0863
73.0894
73.0887
73.0875
73.0888
73.0867
73.0861
73.0851
73.0843
73.0872
73.089
73.0921
73.0956
73.1015
73.1049
73.1083
73.1115
73.113
73.1153
73.1187
0
