59.287773
58.985153
58.539680
58.549118
58.599007
58.557373
58.547871
58.570049
58.567680
58.572769
58.573982
58.559006
58.583298
58.649055
58.568382
58.550655
58.585953
58.565506
58.557091
58.557343
58.546688
58.561440
58.566528
58.568771
58.565567
58.543587
58.604095
58.590080
58.531361
58.588448
Control Period
58.748192
58.741440
58.774208
58.753601
58.735264
58.729057
58.727966
58.752991
58.735489
Control Period
60.627678
58.749153
60.606781
61.742661
62.348480
61.182274
61.965824
62.194275
Control Period
61.473248
64.808418
61.555168
64.520988
61.220993
63.903679
61.019424
64.650627
62.138748
Control Period
64.792351
64.877182
61.208290
64.840355
61.161377
64.802307
64.779297
61.011616
64.810562
Control Period
64.833504
63.211777
64.184830
64.814720
63.468735
64.873726
62.770592
63.587646
Control Period
60.872478
62.569439
64.816254
64.855553
63.305885
60.760994
62.163841
Control Period
64.798302
61.967136
61.835136
64.309509
64.624863
61.168320
63.419868
Control Period
64.884445
60.903233
62.917152
63.264801
63.048286
63.573822
60.990273
61.014717
Control Period
64.819199
64.265152
60.685661
61.136063
61.880928
64.628319
61.650047
Control Period
64.846466
64.832932
62.158051
62.180641
60.769375
64.822624
62.202110
60.899742
Control Period
62.917725
62.111584
62.104000
62.116928
62.867294
62.984543
62.655296
Control Period
60.778046
61.925247
64.835739
60.680321
61.311714
64.001053
60.506462
62.445564
Control Period
61.001373
62.021599
64.813057
64.874046
62.370850
61.546593
63.205601
60.773666
Control Period
64.828003
64.843140
62.280701
62.606018
62.086239
61.024128
60.956734
Control Period
61.034882
61.014977
61.060223
60.884865
61.057922
64.420609
63.811295
64.214493
Control Period
63.552292
63.800255
63.584419
63.582973
64.009598
64.147682
63.837700
64.866333
Control Period
60.774818
63.205887
62.927582
64.867203
63.253822
62.460449
61.893185
64.783783
Control Period
64.800186
60.919296
60.816162
60.940674
60.677155
61.182205
60.771103
61.779552
Control Period
64.867996
62.468895
62.859650
61.890976
64.838913
64.013763
62.779709
Control Period
64.876831
61.710526
62.405186
62.043137
61.488544
61.793373
61.296768
60.859615
64.936928
Control Period
62.391678
62.026657
64.825958
64.805183
61.349663
61.006432
61.842175
64.721405
64.800735
Control Period
64.184608
61.120865
64.833572
64.842712
60.729347
63.465500
64.830399
62.754238
64.891907
Control Period
64.811172
64.809250
61.676033
62.543938
64.843643
64.803909
64.817986
64.761566
Control Period
64.890976
60.734627
64.986694
64.807236
63.892509
60.847458
64.800896
Control Period
64.855682
62.986977
60.601601
62.844704
64.836578
63.742210
60.547615
Control Period
64.794144
61.499550
64.129211
64.027328
62.780128
61.080704
60.575905
62.734879
Control Period
64.789536
64.778687
64.653442
62.518528
63.623615
63.928032
64.905502
63.907551
63.885601
Control Period
62.276222
64.927681
62.692383
60.815712
64.523262
64.809311
62.824799
60.950943
Control Period
64.857056
61.066498
64.855835
64.295135
60.818047
64.835808
64.697632
61.208351
Control Period
61.079651
63.054558
64.837952
63.065788
60.913887
61.248222
62.604446
64.840736
Control Period
64.756577
61.702591
64.284798
60.384003
64.569412
64.180832
Control Period
61.039200
62.056511
64.674561
62.421570
61.531235
60.917889
63.805504
62.768867
Control Period
64.560707
63.033859
62.915520
61.086464
61.194687
64.317055
63.266914
Control Period
64.887680
60.994175
60.982594
63.935265
64.843292
64.802528
64.854111
Control Period
61.162529
63.943939
62.024448
62.382851
62.400288
64.832893
64.697472
60.662655
Control Period
60.991745
62.577377
64.786209
61.557472
61.725090
63.653343
63.888802
Control Period
61.390755
61.150303
61.037758
60.917442
64.906464
61.370975
61.301281
61.493538
Control Period
64.849953
62.578945
61.850304
61.135071
61.074657
64.331100
63.571938
Control Period
64.939583
61.891743
61.612350
64.461563
64.779419
64.869949
64.832703
64.667419
Control Period
64.752350
64.346947
61.791939
61.441917
61.199776
60.714592
63.600800
63.393951
Control Period
63.489662
63.741570
60.927040
61.087646
61.757504
62.459709
62.683105
Control Period
64.870880
61.011425
60.728897
64.852509
64.858627
60.739006
61.380512
61.526463
64.878845
Control Period
61.334206
60.968323
61.014591
61.719746
61.450500
64.861603
64.648254
Control Period
61.297249
62.664639
62.120480
62.139935
61.115356
60.903969
61.646912
Control Period
62.452991
60.743874
62.040382
62.773056
64.466431
64.104675
61.015778
61.371456
Control Period
61.244865
64.312897
61.052032
60.917248
62.840286
62.682404
64.805542
Control Period
64.824219
61.529758
62.812992
62.519745
60.729027
60.763905
62.465569
64.793381
Control Period
64.882912
63.151169
62.250656
62.580513
62.535072
62.671555
62.798561
62.951263
Control Period
63.887138
64.154526
63.720734
63.283554
62.935040
63.784286
63.325760
64.021759
61.723518
Control Period
64.820450
64.892731
64.843781
64.830719
64.868866
64.836159
64.802490
Control Period
64.804352
64.855713
61.325378
61.359264
63.721054
64.496124
64.906654
61.100899
Control Period
64.388763
64.930977
64.785828
64.182144
64.471741
64.519554
64.761444
Control Period
63.365921
64.065308
61.846626
61.222717
60.736099
63.579811
64.280930
Control Period
64.842438
64.817596
61.733055
61.245888
61.417412
63.221283
62.791328
61.058083
Control Period
62.066750
61.226559
61.250687
64.179520
64.869507
64.851105
61.887650
62.013889
Control Period
64.078339
64.369759
64.808167
64.472702
64.439362
64.585281
62.086975
Control Period
61.615875
64.746780
64.868095
61.953438
62.153854
60.658623
60.987839
64.759842
Control Period
64.362366
64.169373
63.630077
63.120960
62.925056
61.482399
60.955711
Control Period
64.327011
60.968384
60.845406
63.406212
60.876671
60.853569
62.669151
64.822113
Control Period
62.712639
64.830238
60.894562
61.914433
64.565666
64.904259
61.933311
64.558655
Control Period
62.558239
61.488991
62.653694
61.443134
61.452190
61.432190
63.575996
Control Period
62.882206
63.108063
62.899200
62.688835
63.257538
63.252064
64.851456
64.847359
Control Period
62.821953
62.994080
63.612831
64.545280
64.310623
62.836159
63.206238
Control Period
63.548355
64.822273
64.826630
63.677536
63.976898
64.611649
62.560898
62.649025
Control Period
63.068577
62.885952
62.137184
62.278431
61.929245
62.032001
Control Period
63.635010
62.603645
60.770210
63.699776
63.843231
61.234077
61.085056
63.946846
Control Period
64.783142
61.000446
63.231361
63.736897
63.597664
60.743103
62.861279
64.857857
Control Period
61.074017
60.803459
64.003456
63.043587
63.899616
60.883007
60.993919
61.074173
Control Period
63.653923
63.850914
60.687103
64.459839
64.773857
60.971680
62.498207
63.368576
Control Period
64.811325
60.988354
62.126877
64.781372
61.473312
60.681152
64.819229
61.098946
Control Period
62.399551
60.805603
64.006180
61.694786
61.052483
64.325180
64.069153
Control Period
63.071198
64.868958
64.819260
64.813057
62.565697
63.078110
63.351265
62.940575
Control Period
62.834305
60.975681
61.143166
60.573410
60.902752
60.865982
60.831551
60.736702
Control Period
64.876450
62.152893
64.732193
64.585854
64.753723
62.066303
64.783005
Control Period
61.285728
61.362366
63.120224
60.852703
62.110081
64.839523
62.941124
60.251808
Control Period
61.539650
60.908867
64.779388
61.479584
61.220352
61.393791
60.954018
60.765663
Control Period
60.866592
63.069790
64.762497
63.598907
64.006210
60.993027
62.052864
61.799488
Control Period
64.706299
62.802177
64.843140
62.999199
60.911392
61.738274
61.248062
64.302589
Control Period
64.780319
61.896320
64.873825
61.977886
64.813599
63.772995
61.950657
64.885925
Control Period
61.093216
63.267521
62.406017
64.140381
64.833504
62.502785
63.662048
64.813118
Control Period
64.729980
63.430721
60.819073
61.067039
64.749725
62.702560
63.332607
60.842976
Control Period
64.868416
64.834244
62.248291
61.965118
63.853409
60.836479
62.300064
63.053246
63.791264
Control Period
60.988129
64.726685
61.374557
64.771805
61.000702
64.853729
61.337215
64.737671
60.942272
Control Period
63.794239
63.452126
64.879776
61.046333
64.777405
64.747772
61.051807
Control Period
64.811554
64.699905
64.719711
64.755463
60.962013
63.759453
63.107841
61.141663
Control Period
64.856262
64.805405
63.379967
63.858559
64.854111
60.690048
62.336830
64.297089
Control Period
62.393215
64.755455
64.009918
61.442944
60.969761
63.375584
64.947205
Control Period
64.879166
64.867737
64.866882
64.878113
64.823296
64.763329
62.035492
62.252861
Control Period
61.056320
64.788864
64.030174
64.761505
63.970657
64.273346
64.652451
Control Period
61.760544
60.818947
63.819420
63.389374
60.976158
60.821213
62.819229
Control Period
63.996769
61.065632
60.807426
62.129791
64.818687
64.872253
61.801376
Control Period
64.934593
64.824928
61.752510
64.109055
63.087326
60.928928
64.093948
60.731968
Control Period
64.826622
62.431900
60.833794
63.172993
63.381985
63.092800
Control Period
63.546017
60.910976
62.052799
61.544609
61.871582
64.782623
Control Period
64.778015
62.896225
63.735809
61.969536
64.804092
61.143265
64.560127
60.803360
62.136833
Control Period
60.762337
62.947746
63.818527
61.164482
62.777985
64.867004
64.659836
Control Period
64.764099
64.543869
61.673378
61.722687
61.106499
62.067841
61.629822
61.657379
Control Period
61.906242
61.954079
62.236897
60.690113
60.891201
60.896767
60.539139
Control Period
60.965057
62.398300
62.075584
64.823616
64.531708
62.320927
62.185471
61.278496
Control Period
64.865601
64.454338
64.827904
64.788704
64.632645
64.906143
64.930939
Control Period
64.926910
61.133633
60.992161
60.572960
64.692451
64.890213
60.852287
60.978657
Control Period
64.828384
64.884064
64.863998
64.829666
64.873985
64.802658
64.785217
63.600960
Control Period
61.047199
60.641441
60.991043
60.814400
63.423809
62.404350
62.776131
62.473473
Control Period
62.850464
64.845856
63.789536
60.671265
62.660801
64.854080
64.695419
61.146301
Control Period
64.876282
62.958305
60.703617
64.477692
62.462944
60.764385
Control Period
60.866562
60.907967
63.301277
64.791550
64.819809
62.187424
60.590401
60.745026
Control Period
63.446751
61.098755
63.987267
63.817726
61.457664
62.222656
64.364128
Control Period
64.931488
62.967937
64.636002
63.615170
64.854973
64.799332
61.937820
Control Period
64.859131
62.112701
64.280960
64.344864
61.102623
62.284065
61.691933
64.403809
Control Period
64.802849
61.430145
61.232674
62.172482
61.216415
60.910179
61.043488
61.416161
Control Period
64.785019
63.654434
60.869026
60.873955
63.592674
63.269279
61.112160
61.238144
Control Period
64.828514
64.823837
61.932961
62.447968
62.433758
62.570114
61.009567
64.852707
Control Period
64.856476
62.736095
63.295361
64.119011
64.846725
64.830276
64.832291
64.389473
63.441982
Control Period
64.708923
65.215424
65.522171
