0.723636
0.722536
0.719534
0.732858
0.732077
0.733777
0.734449
0.743003
0.74397
0.734119
0.738361
0.732784
0.734056
0.748188
0.74196
0.727028
0.738378
0.745765
0.740835
0.734404
0.734644
0.743484
0.729054
0.739536
0.746951
0.706626
0.74096
0.748025
0.725954
0.70694
0.731052
0.732087
0.740659
0.724953
0.724597
0.739359
0.736651
0.735334
0.747408
0.744571
0.738999
0.736747
0.734574
0.738118
0.74719
0.74576
0.740647
0.743969
0.737517
0.714143
0.740588
0.742008
0.72994
0.732769
0.735449
0.740486
0.73674
0.748903
0.738124
0.739437
0.719756
0.74347
0.743551
0.727459
0.736886
0.736032
0.742457
0.724642
0.741189
0.738115
0.733066
0.73241
0.742629
0.744107
0.743244
0.730719
0.730262
0.732375
0.72593
0.747347
0.748952
0.744422
0.729996
0.746385
0.733871
0.730992
0.741727
0.73903
0.740475
0.749012
0.744239
0.734881
0.738448
0.721305
0.73427
0.721354
0.729147
0.735724
0.740188
0.724851
0.737721
0.747239
0.734428
0.73605
0.7388
0.740331
0.742648
0.742466
0.742987
0.727615
0.732233
0.744959
0.726115
0.73521
