113.412
117.534
124.419
127.525
129.479
129.181
129.346
128.23
128.108
128.486
128.049
127.999
130.067
130.152
129.421
130.214
128.359
127.293
128.903
128.492
127.966
129.646
128.333
128.152
128.173
128.92
129.289
128.334
128.137
126.324
127.929
127.942
128.742
128.449
128.121
127.752
128.031
129.001
130.6
129.322
127.804
128.858
128.3
128.53
129.346
128.666
128.031
128.644
129.772
128.457
129.489
129.017
128.09
128.179
128.583
128.399
128.53
129.052
129.436
129.391
129.402
128.949
128.515
128.743
127.644
127.83
128.301
128.763
130.52
128.919
129.629
129.368
128.587
128.48
129.336
127.2
129.413
129.08
128.192
128.847
128.417
128.455
128.129
127.975
129.427
129.763
129.596
129.409
129.892
129.203
129.637
129.494
129.188
130.078
129.898
129.105
128.668
127.774
128.29
128.328
128.763
129.765
128.967
126.948
128.637
129.65
130.136
130.146
128.226
129.123
129.866
128.671
129.225
129.073
