0.725356
0.777384
0.790881
0.796893
0.798771
0.806293
0.820903
0.832852
0.843207
0.851624
0.858897
0.864728
0.867588
0.870003
0.87522
0.879115
0.882476
0.885505
0.888203
0.890213
0.892427
0.894083
0.89553
0.896841
0.898029
0.899303
0.900504
0.901311
0.902223
0.902709
0.903384
0.903692
0.904421
0.904721
0.90547
0.90541
0.905798
0.906324
0.906411
0.906739
0.906849
0.90717
0.907115
0.907436
0.907354
0.907159
0.907177
0.907367
0.907218
0.907048
0.90688
0.906914
0.906972
0.906787
0.906902
0.907006
0.906574
0.906265
0.906327
0.906368
0.906186
0.905983
0.906111
0.905948
0.905963
0.905937
0.905827
0.905543
0.905626
0.905237
0.905282
0.905205
0.905065
0.904863
0.904845
0.904663
0.904417
0.90449
0.904281
0.904168
0.904088
0.903965
0.903907
0.903876
0.903866
0.903584
0.903549
0.903475
0.903343
0.903225
0.903205
0.903015
0.902773
0.90295
0.902658
0.902718
0.902766
0.902761
0.90256
0.902371
0.902314
0.902175
0.902335
0.902107
0.901893
0.901845
0.902103
0.901814
0.901815
0.902008
0.901749
0.901941
0.901663
0.901886
0.901303
0
