56.8386
58.7694
58.7837
58.7606
58.7631
58.7641
58.8367
58.7584
58.7727
58.7805
58.784
58.773
58.6834
58.5615
58.5613
58.568
58.5631
58.5746
58.5618
58.573
58.5755
58.5818
58.5995
58.5558
58.569
58.5807
58.5852
58.5734
58.5719
58.5769
58.5813
58.5639
58.5688
58.5607
58.571
58.5618
58.5724
58.5782
58.5708
58.5747
58.574
58.5909
58.5837
58.5961
58.5972
58.583
58.5873
58.6043
58.6222
58.5912
58.5776
58.5739
58.6067
58.5563
58.5786
58.6216
58.6089
58.5903
58.6177
58.5725
58.5607
58.5623
58.5945
58.5699
58.5643
58.5778
58.5606
58.5684
58.566
58.5638
58.5762
58.571
58.5685
58.5701
58.575
58.5631
58.5687
58.5743
58.5832
58.5842
58.5901
58.5726
58.5673
58.5752
58.5795
58.5746
58.5779
58.581
58.5919
58.5803
58.5742
58.5887
58.5786
58.5677
58.5764
58.574
58.5687
58.5799
58.577
58.5857
58.5833
58.5838
58.5763
58.5662
58.5787
58.5549
58.5678
58.5651
58.5657
58.5993
58.5703
58.5882
58.5745
58.5831
58.581
0
