0.71001
0.752753
0.767166
0.779507
0.789765
0.798701
0.805929
0.811757
0.817019
0.821212
0.824976
0.828
0.830918
0.833543
0.835919
0.8381
0.840264
0.842287
0.843945
0.845855
0.847549
0.849128
0.850679
0.852365
0.853755
0.855138
0.856592
0.857777
0.85931
0.860415
0.861519
0.862788
0.863891
0.86518
0.866215
0.867163
0.868228
0.869163
0.870105
0.871035
0.872056
0.872959
0.873639
0.874395
0.875104
0.875759
0.876625
0.877328
0.878191
0.878986
0.879604
0.880064
0.880605
0.881129
0.881921
0.882509
0.883009
0.883536
0.884055
0.884541
0.885029
0.885573
0.886102
0.886407
0.887038
0.887393
0.887839
0.888203
0.888598
0.888932
0.889174
0.889423
0.889949
0.890344
0.890527
0.890783
0.891014
0.891479
0.891711
0.891835
0.892138
0.892446
0.892588
0.892778
0.893078
0.893351
0.893681
0.894059
0.894164
0.894522
0.894485
0.894648
0.894871
0.894842
0.895049
0.895151
0.895264
0.895458
0.89564
0.895826
0.895841
0.896022
0.896116
0.896489
0.896449
0.89657
0.896665
0.896783
0.896751
0.896963
0.897153
0.897138
0.8973
0.897429
0.897353
0
