56.5939
58.5946
58.5871
58.576
58.5874
58.5977
58.5994
58.593
58.5983
58.5833
58.5769
58.5865
58.5774
58.594
58.5845
58.577
58.5891
58.5845
58.576
58.5801
58.5827
58.5907
58.5777
58.5767
58.585
58.5903
58.5986
58.5869
58.5867
58.5889
58.5914
58.5871
58.5888
58.5903
58.6025
58.5875
58.5995
58.5842
58.6006
58.6004
58.5814
58.5964
58.5891
58.585
58.5933
58.5751
58.584
58.581
58.592
58.5872
58.5942
58.5815
58.5761
58.5697
58.5851
58.5757
58.5882
58.5705
58.5698
58.5864
58.5651
58.5775
58.5859
58.5772
58.5829
58.5802
58.5785
58.591
58.5763
58.5757
58.5812
58.5666
58.588
58.5861
58.5727
58.5719
58.5752
58.5831
58.5854
58.576
58.5706
58.5683
58.5738
58.5654
58.5697
58.5782
58.577
58.5873
58.5746
58.5926
58.5816
58.5892
58.5939
58.5924
58.5836
58.5832
58.564
58.5841
58.5649
58.5852
58.5787
58.5803
58.5593
58.5811
58.5684
58.587
58.5749
58.5847
58.5789
58.585
58.5896
58.5747
58.5799
58.5797
58.5862
0
