160
155.89
152.984
150.579
148.603
146.985
145.663
144.574
143.664
142.901
142.245
141.74
141.238
140.788
140.383
140.01
139.662
139.339
139.034
138.741
138.465
138.201
137.948
137.704
137.471
137.245
137.028
136.819
136.613
136.419
136.228
136.042
135.863
135.689
135.524
135.364
135.205
135.054
134.905
134.763
134.626
134.492
134.365
134.238
134.113
133.993
133.872
133.759
133.649
133.546
133.448
133.352
133.255
133.16
133.066
132.98
132.897
132.817
132.737
132.66
132.586
132.513
132.445
132.381
132.316
132.256
132.197
132.141
132.086
132.033
131.98
131.927
131.874
131.827
131.783
131.737
131.691
131.647
131.608
131.569
131.529
131.49
131.453
131.416
131.381
131.347
131.316
131.288
131.263
131.238
131.217
131.19
131.166
131.144
131.119
131.094
131.07
131.043
131.021
131
130.98
130.959
130.941
130.92
130.906
130.888
130.873
130.858
130.844
130.827
130.812
130.8
130.785
130.773
130.762
0
