113.602
117.347
117.364
117.377
117.362
117.397
117.394
117.359
117.376
117.352
117.349
117.36
117.357
117.353
117.349
117.342
117.353
117.363
117.337
117.355
117.356
117.351
117.349
117.374
117.366
117.364
117.377
117.36
117.393
117.377
117.363
117.375
117.371
117.396
117.393
117.382
117.389
117.384
117.381
117.384
117.402
117.406
117.386
117.377
117.363
117.345
117.356
117.351
117.37
117.385
117.382
117.358
117.345
117.331
117.354
117.356
117.349
117.348
117.347
117.343
117.343
117.35
117.36
117.343
117.37
117.363
117.37
117.368
117.372
117.368
117.353
117.339
117.361
117.371
117.356
117.349
117.339
117.361
117.356
117.338
117.342
117.347
117.334
117.326
117.333
117.339
117.355
117.379
117.371
117.395
117.371
117.369
117.377
117.354
117.358
117.349
117.342
117.344
117.348
117.353
117.338
117.342
117.338
117.369
117.351
117.351
117.349
117.351
117.334
117.347
117.359
117.346
117.354
117.36
117.34
0
