0.708832
0.714003
0.705402
0.714361
0.709349
0.722447
0.715279
0.728878
0.727862
0.722195
0.718851
0.721954
0.732073
0.721629
0.724204
0.724902
0.719648
0.720596
0.72741
0.7206
0.730202
0.715835
0.722993
0.722723
0.709283
0.717849
0.727687
0.722507
0.722472
0.722204
0.722328
0.721379
0.724816
0.720048
0.718837
0.723289
0.725382
0.723843
0.727298
0.721843
0.720801
0.722203
0.718812
0.712566
0.722355
0.723906
0.72481
0.727939
0.727269
0.726001
0.727409
0.722386
0.723139
0.718101
0.721648
0.718034
0.721454
0.72153
0.715948
0.71967
0.726564
0.719858
0.714128
0.727366
0.716885
0.712432
0.729554
0.720384
0.729789
0.72318
0.726919
0.722525
0.720498
0.716709
0.725407
0.718312
0.724517
0.725663
0.722768
0.729897
0.719968
0.725577
0.723469
0.724766
0.709753
0.726412
0.726356
0.725751
0.719962
0.72244
0.718432
0.722568
0.729543
0.721858
0.723732
0.722993
0.725876
0.723598
0.724283
0.727471
0.733373
0.726729
0.718853
0.721701
0.724547
0.726742
0.715948
0.715585
0.714793
0.720066
0.72847
0.72598
0.721341
0.727584
