56.6436
57.2143
57.8335
57.6002
58.3094
58.5653
58.1329
57.7083
57.0935
58.356
58.6108
57.9664
56.4529
58.5563
58.406
58.2294
58.1912
58.1706
58.1236
58.0861
56.7953
58.3662
58.166
58.4456
58.5626
58.2097
58.25
58.1454
58.5337
57.9947
58.4506
58.1051
58.1772
58.4532
57.8832
58.2366
58.4376
58.2083
58.0731
58.1868
58.1262
57.9913
58.27
58.225
57.994
58.7398
58.6574
58.514
57.8739
58.0729
58.4087
58.655
58.0453
58.3173
57.6741
57.8035
58.0288
58.226
58.6342
57.8643
58.0837
58.1518
58.6092
57.8365
57.8967
58.7323
58.3188
58.5551
57.8657
58.5837
57.7697
58.1651
58.22
58.1066
57.7969
58.3397
58.4565
58.0352
58.057
58.2237
58.4209
58.1467
57.8688
58.3926
58.1239
58.1993
58.4366
58.1928
58.2046
58.6594
58.2761
58.2722
58.1949
58.7175
58.2259
58.2328
57.9091
58.4745
57.8246
58.3237
58.1825
58.2935
58.4781
57.9758
58.4855
58.1938
58.3543
58.3072
57.967
58.1759
58.2589
58.1228
57.6447
58.0689
