0.707219
0.753928
0.785966
0.826552
0.810777
0.835648
0.820614
0.842813
0.836771
0.852766
0.851635
0.827129
0.824453
0.823495
0.837658
0.82876
0.827333
0.834486
0.836467
0.836278
0.822712
0.840319
0.830202
0.846745
0.826059
0.834082
0.848534
0.828768
0.832679
0.825708
0.830323
0.824319
0.848232
0.833934
0.831602
0.824869
0.831282
0.829755
0.82239
0.833576
0.820956
0.839893
0.84339
0.838687
0.834267
0.823664
0.841869
0.835545
0.815219
0.844917
0.835375
0.826599
0.82955
0.8445
0.836968
0.812621
0.829648
0.835917
0.824954
0.835195
0.847467
0.827828
0.828798
0.83309
0.833053
0.831006
0.836832
0.831147
0.836491
0.836903
0.83543
0.837904
0.843084
0.815763
0.825625
0.828613
0.825581
0.833214
0.836209
0.827035
0.840701
0.827463
0.825115
0.823099
0.826892
0.817753
0.810131
0.810247
0.81033
0.810088
0.810603
0.810579
0.810281
0.809934
0.810327
0.809741
0.810062
0.81072
0.810513
0.809769
0.810144
0.810363
0.810291
0.809869
0.810393
0.810232
0.810223
0.81052
0.810434
0.810587
0.810617
0.810769
0.810584
0.810472
