117.769279
117.282333
117.341049
117.334625
117.323807
117.321030
117.336960
117.300034
117.318909
117.281509
117.275330
117.342819
117.320038
117.309509
117.286240
117.289505
117.303581
117.306366
117.301987
117.312706
117.302879
117.304031
117.277222
117.294022
117.309120
117.346657
117.361153
117.324478
117.336700
117.311523
Control Period
122.168381
123.670464
122.356995
122.083359
121.971741
123.604645
123.644867
122.083420
Control Period
129.108032
130.419647
128.509827
130.820679
129.196899
130.445312
130.613693
Control Period
128.736542
134.081757
133.945374
134.040894
134.040894
138.340836
134.034531
135.591339
Control Period
136.755905
138.451752
137.542328
136.251068
134.418625
133.881668
133.876099
133.998627
Control Period
134.797028
138.550568
134.171066
138.205170
134.676361
138.361725
137.153214
Control Period
138.914719
138.453125
138.668198
138.406311
137.160126
138.152283
Control Period
135.438339
138.997192
138.335480
138.057129
140.684814
138.031296
137.882721
136.962067
Control Period
138.830139
141.771851
140.422623
138.353271
137.951660
138.197510
137.266571
138.438049
Control Period
139.778076
138.455200
138.486267
138.375519
138.454147
139.207062
138.554779
138.392700
Control Period
138.461533
137.969025
138.384888
138.626221
138.507233
138.289062
138.089355
Control Period
136.996796
137.667755
138.145218
138.493469
138.202057
136.178787
138.519394
138.300903
Control Period
137.565063
138.366333
138.723175
137.772385
138.212219
138.554260
135.919357
Control Period
142.542267
138.219330
138.361847
138.337189
138.262177
137.252014
138.473419
Control Period
139.305389
138.522583
138.022003
138.590271
138.311905
138.271484
138.420868
138.653931
Control Period
138.346786
138.325531
138.258652
138.006714
137.299988
138.331711
138.314636
Control Period
138.594727
138.404572
138.233551
137.265320
138.323685
137.418396
137.146820
138.085449
Control Period
137.577606
137.730331
138.317017
137.194305
137.358887
139.048523
139.057312
Control Period
140.053253
138.209869
138.399414
137.059784
138.351593
138.330109
138.801697
Control Period
138.424515
138.498169
138.211777
138.096481
138.354630
138.531235
138.107269
137.121063
Control Period
137.632187
137.707230
137.921356
138.474625
138.350174
138.325760
138.476471
Control Period
138.416473
140.217865
141.345398
136.938873
137.807800
138.939911
139.320984
Control Period
142.114044
137.256775
138.398438
138.211136
138.279327
134.676224
138.358459
Control Period
142.891586
138.691193
138.363358
138.586212
138.998047
138.416260
139.631042
Control Period
141.570145
138.515259
137.488129
137.753784
137.885529
141.834015
138.027557
137.568634
Control Period
138.865723
138.544449
138.381409
138.352814
138.336578
138.384644
138.492767
138.554596
Control Period
140.372421
137.265411
138.255829
138.116348
138.542358
138.356064
138.242081
Control Period
142.270081
138.325562
136.714630
138.301819
138.358856
138.616028
137.441727
Control Period
141.898773
138.517303
138.513412
138.282013
138.363129
138.653534
136.011749
Control Period
141.235046
138.496994
137.947205
136.683105
137.171753
137.516968
138.163910
138.409409
Control Period
138.688904
138.324799
138.428543
137.816986
135.481750
138.314819
138.260376
Control Period
138.529785
138.463654
138.039810
136.006653
138.302582
138.345062
138.050537
Control Period
140.230118
138.506912
138.373779
138.267914
138.532455
138.987366
139.045288
Control Period
138.492859
136.665375
138.747452
138.623474
138.732147
138.680725
138.799744
137.680267
Control Period
138.276093
138.905731
137.907455
136.697479
137.073761
138.171112
138.303360
Control Period
138.705597
138.563293
139.094086
138.063522
138.528442
137.571960
138.843582
138.476639
Control Period
137.755798
138.496216
138.589478
134.231079
138.449524
138.463867
137.060150
Control Period
138.365280
138.515198
137.992340
136.532806
138.833084
138.354431
138.667618
Control Period
141.608276
137.559525
138.279999
138.434540
138.263702
138.762466
138.561661
138.500153
Control Period
138.275848
138.607666
137.017471
137.130310
138.850815
138.276245
Control Period
140.703461
138.481049
138.827682
138.567078
138.561661
138.299072
139.512192
140.581482
Control Period
138.360321
140.316483
138.957672
138.377533
138.783051
138.574844
Control Period
137.005692
139.233154
138.449432
139.866486
138.347351
138.812698
138.742950
141.364258
Control Period
138.549500
138.535797
137.274948
138.028351
138.677032
138.238174
Control Period
138.432983
138.979492
138.410080
138.544678
138.172195
137.768036
138.804718
138.929443
Control Period
138.804413
138.804672
138.766205
138.622070
138.710602
138.146683
138.450409
Control Period
139.097824
138.342987
138.583298
138.270050
138.820770
138.691391
138.384613
Control Period
142.372574
138.439850
138.433121
137.479645
137.234344
141.899109
137.001434
138.268341
Control Period
138.681091
138.682281
138.836258
138.391006
138.713409
138.745819
138.477509
Control Period
138.928574
138.442017
138.578979
138.002502
137.740540
138.409470
138.230743
138.899643
Control Period
138.376709
138.808411
138.368576
138.668457
138.490021
137.862244
138.653885
Control Period
140.796097
138.480713
134.587708
138.389923
138.479935
134.224823
138.330246
138.901733
Control Period
138.011902
138.395050
138.789368
136.153503
138.266464
138.455780
136.908417
Control Period
138.284058
138.404221
138.504425
138.636871
138.553802
138.388992
138.501862
Control Period
140.405701
138.904907
138.743042
138.458374
138.740509
138.318115
138.582550
Control Period
142.051712
138.144897
138.182022
138.387085
138.469086
138.624451
138.875870
Control Period
139.057495
138.099869
137.548508
136.991806
137.870026
140.525085
137.657166
141.725311
Control Period
138.224487
138.493561
138.043488
137.490204
137.572998
138.627075
138.668427
Control Period
138.849213
138.829666
138.237061
138.354523
138.488922
138.202271
138.085373
Control Period
141.284424
139.221863
138.294312
138.494446
138.562408
138.228195
137.855347
Control Period
138.546051
138.327042
138.218597
138.242111
138.132141
137.832993
137.624664
138.425079
Control Period
139.095734
138.653381
138.282944
138.003021
137.626404
138.383636
138.136932
Control Period
138.463684
138.009705
138.273758
137.696960
138.622849
137.221802
138.837891
Control Period
141.603271
141.374023
138.586823
138.412201
138.426407
138.325287
Control Period
140.632202
138.192383
140.025482
138.328918
139.964417
138.479996
140.700897
138.710266
Control Period
141.850677
138.696503
138.781372
138.847168
137.650604
138.262695
138.649139
Control Period
138.632538
138.416901
138.684357
138.368835
138.936356
138.718811
140.720123
Control Period
142.338913
138.890976
139.157959
138.297668
138.593597
138.433228
Control Period
142.841675
138.334839
138.666595
141.400360
138.651001
138.633545
138.549194
Control Period
141.531204
138.736023
139.461823
139.011642
138.765381
140.499130
138.544922
Control Period
142.451904
137.941376
140.893311
138.395020
141.651581
138.440613
141.131531
138.436279
Control Period
141.762299
138.425293
141.693954
138.471680
138.688141
140.544098
138.564453
Control Period
138.379456
138.464508
138.889099
138.392059
137.920700
137.591202
138.597824
Control Period
141.391098
137.852066
137.654022
138.476654
136.765289
138.482239
138.523514
138.592224
Control Period
136.480927
138.486115
138.120483
135.958786
138.571899
139.163574
137.810089
138.343872
Control Period
138.384827
138.476135
138.571930
138.430618
134.750153
138.553314
136.654022
Control Period
137.387009
138.205597
135.157852
138.733093
138.142303
138.145020
137.798553
Control Period
136.298233
137.471970
138.489929
138.938812
138.443146
137.987305
Control Period
142.090622
138.653275
138.655457
141.207977
139.256485
138.829590
141.296478
Control Period
138.175995
138.478180
137.872314
137.522720
138.355713
138.439743
138.548386
Control Period
139.339417
138.251465
137.774536
137.996704
138.601532
138.346848
138.718018
138.582367
Control Period
138.325928
138.028198
137.984283
137.975098
138.504929
138.566742
138.016968
Control Period
138.428406
138.355988
138.783386
138.376984
138.310425
138.144012
138.446243
Control Period
140.915558
137.810043
137.310089
141.752350
137.248032
138.901886
138.955170
138.744904
Control Period
138.464157
138.186462
138.565369
138.120316
140.699875
137.645340
Control Period
141.629852
134.090179
134.125946
134.092896
134.198975
134.220444
134.258087
Control Period
134.123718
134.095062
134.167938
134.097290
134.158524
134.055145
134.042496
134.166412
Control Period
134.210358
134.138855
134.002716
134.014252
134.202759
134.108475
134.116241
134.135040
Control Period
134.184998
134.175644
134.201782
134.022217
134.175934
134.192093
134.105164
Control Period
134.119324
134.035095
134.077026
134.106232
134.209717
134.067322
134.082016
134.232605
Control Period
134.080963
134.200195
134.328491
134.233505
134.312500
134.330399
134.224213
Control Period
134.194626
134.249786
134.321121
134.237946
134.102905
134.223114
134.154022
134.264465
Control Period
134.185333
134.215073
134.078690
134.212158
134.113434
134.101593
134.101730
Control Period
134.109924
134.095032
134.115173
134.064697
134.017853
134.060165
134.212402
134.037109
Control Period
134.050781
134.083160
134.239807
134.183929
134.118011
134.150940
134.225098
Control Period
134.247360
133.972092
133.969467
133.995834
133.986725
134.031464
134.004456
Control Period
134.111008
134.149658
134.098267
134.058777
134.108032
134.073334
134.005219
134.083496
Control Period
134.239517
134.348267
134.334076
134.229767
134.165695
134.252548
134.267853
Control Period
134.156708
134.287323
134.183136
134.255737
134.341064
134.186523
134.169662
134.196960
Control Period
134.142944
134.140640
134.148346
134.196259
134.019958
134.025208
134.105194
Control Period
134.113434
134.166748
134.118881
134.113861
134.131454
134.150970
134.093994
134.180130
Control Period
134.320923
134.349274
134.252670
134.273132
134.242111
134.217529
134.075073
134.097504
Control Period
134.119522
134.247681
134.258942
134.145538
134.150146
134.160187
134.268097
Control Period
134.175171
134.148026
134.174301
134.136383
134.101852
134.103455
134.116928
134.295593
Control Period
134.337067
134.333130
134.151978
134.299164
134.246399
134.065338
134.147614
Control Period
134.187042
134.138016
134.169922
134.100006
134.207169
134.259201
134.165283
134.236282
Control Period
134.243134
134.268387
134.298203
134.119354
134.252121
134.277802
134.272736
Control Period
134.200836
134.184967
134.357315
134.356537
134.359482
134.216415
134.103943
134.152771
Control Period
134.128830
134.237061
134.203430
134.240356
134.285126
134.189987
134.176727
Control Period
134.224579
134.233307
134.342972
134.250610
134.267807
134.260254
134.289444
134.321381
Control Period
134.283386
134.288986
134.202499
134.276031
134.310822
134.316040
134.298599
Control Period
134.247467
134.340637
134.332550
134.387100
134.297379
134.242249
134.265793
Control Period
134.232513
134.392548
134.380859
134.312042
134.309692
134.345703
134.246552
Control Period
134.360672
134.298401
134.186920
134.286133
134.377121
134.215851
134.293671
134.202393
Control Period
134.148834
134.243103
134.268188
134.205597
134.201309
134.156219
134.204773
134.130920
134.232605
134.196350
134.234100
134.326569
134.260681
134.359421
134.316406
134.369568
134.392487
134.322937
134.318665
134.250397
134.360199
134.363220
134.386108
134.258179
134.201172
