59.316544
58.555298
58.560509
58.578976
58.632961
58.572670
58.574593
58.545822
58.557823
58.546623
58.546082
58.576225
58.590370
58.550240
58.568542
58.570175
58.572800
58.561535
58.591263
58.568573
58.573727
58.605629
58.565216
58.586494
58.556931
58.548576
58.576897
58.596001
Control Period
59.209694
62.080193
58.966496
60.511681
58.780960
62.552704
61.211327
59.200897
Control Period
59.157150
64.979744
61.442398
64.142494
63.259167
63.678143
63.680641
62.678623
Control Period
68.360291
64.814362
67.880127
64.872604
64.843323
67.239456
64.859070
Control Period
64.857635
64.869217
64.844925
64.835236
64.791580
64.757370
65.079300
Control Period
70.394333
64.797150
68.760132
64.966049
68.411072
64.834816
65.799454
64.939583
Control Period
66.934525
64.875137
64.867035
65.024475
64.875038
66.793182
64.841446
68.491806
64.849091
Control Period
67.564255
65.931168
67.196671
68.210434
67.426758
67.530403
68.115875
Control Period
65.374557
66.770493
67.821823
68.529892
64.833054
66.764641
68.497116
Control Period
70.668198
68.720001
68.361504
68.250214
66.520325
66.618332
68.410622
Control Period
71.236511
68.229401
64.963615
67.374725
68.293732
68.686981
Control Period
67.125664
67.723137
64.787071
67.150116
64.836868
66.715874
64.853531
64.809158
Control Period
65.552155
68.310272
64.721313
66.570847
65.829987
64.847069
67.009377
Control Period
65.296326
64.875679
64.777184
64.983139
66.628799
68.214462
66.381538
Control Period
68.028381
68.424545
68.281891
68.507812
66.184799
64.857635
64.803268
Control Period
68.701859
68.409119
66.722427
65.707840
64.881760
64.841446
64.841026
Control Period
64.886528
68.565826
65.936256
64.926468
68.045952
66.027359
64.917923
Control Period
70.259674
65.222015
65.591843
68.400742
66.000130
64.937119
66.900513
67.093315
Control Period
67.520706
68.623932
68.439552
64.883774
64.880127
65.618019
68.279617
Control Period
64.907043
64.847931
66.191299
68.158051
68.400543
68.438110
67.372482
Control Period
68.271423
66.810562
65.519302
64.843964
64.885117
65.686592
65.646721
64.872131
Control Period
64.884445
65.550110
67.186371
68.307846
68.595871
67.442078
68.611908
Control Period
66.876831
64.846725
64.882812
68.517532
64.883682
64.867966
68.087967
68.365631
Control Period
67.996254
65.851135
67.239395
68.628067
67.949760
68.842720
67.670044
Control Period
66.308548
64.893692
66.753311
65.674942
66.474533
65.269440
67.365372
65.937958
Control Period
68.208893
67.384544
65.640900
67.562431
65.668930
64.936539
65.968964
68.441345
Control Period
66.438721
68.900894
68.710365
68.362015
67.406555
68.568253
66.792351
Control Period
64.875038
64.806717
67.578018
68.316353
66.905472
64.864960
66.763489
65.111839
Control Period
64.848610
64.901154
66.298981
68.540802
68.513062
68.085922
Control Period
65.180191
64.870468
64.857857
66.195038
68.074524
65.697189
67.521378
Control Period
70.136833
64.987488
64.859802
64.887360
65.184067
68.620346
66.305252
Control Period
64.854340
64.838852
64.865120
64.828033
66.772766
67.221634
66.333313
67.074341
66.721313
Control Period
67.334244
66.189697
68.380005
68.570908
68.008835
68.667847
Control Period
68.381088
68.277115
68.189957
66.677765
64.827835
65.773247
64.876038
Control Period
65.907616
68.752960
68.006302
68.388702
64.898979
64.891876
64.850594
Control Period
64.868134
68.568130
65.159393
64.882492
67.700096
64.896286
65.852036
Control Period
65.479393
68.496765
64.930084
68.694817
64.899811
67.238785
67.441345
64.839813
Control Period
65.287292
68.507812
66.821953
64.906021
65.873764
68.324677
64.941566
Control Period
66.919327
64.937408
64.914108
64.877350
64.856964
65.960068
68.073120
Control Period
66.723068
68.783585
68.102371
66.228737
64.834564
64.852448
68.512253
65.451744
Control Period
66.226913
64.915680
66.183044
67.379105
65.908417
64.938911
64.930977
64.928703
Control Period
66.757088
68.568413
68.431198
64.906944
64.913696
67.096191
68.380539
68.477631
Control Period
68.301315
65.766014
68.195778
67.630882
64.986206
68.900993
68.517181
Control Period
64.920227
68.484703
68.637856
68.858566
66.379868
64.837570
68.080612
66.560478
Control Period
64.891708
68.737885
68.618881
67.306046
65.258530
65.635132
Control Period
68.712669
64.914948
66.220352
64.922783
66.548065
64.854271
66.090881
64.880928
Control Period
68.874207
68.637283
67.262848
68.305153
67.233246
64.961761
67.592125
65.929314
Control Period
67.187363
68.985825
68.434341
66.455490
64.949188
66.973122
64.919876
Control Period
65.534882
64.953056
65.569855
64.926300
65.101181
64.934982
65.502464
Control Period
70.638847
68.489662
64.855072
65.230782
67.326721
68.073090
68.539612
Control Period
68.533539
64.960068
64.950241
68.357346
66.170784
68.008125
Control Period
66.592285
64.986465
68.236893
64.953690
65.789627
68.698784
64.897339
64.868027
Control Period
68.477631
64.938171
67.523270
64.918274
66.868065
66.839996
64.891266
64.883011
67.936157
Control Period
68.354340
68.733795
65.354492
66.075806
67.872192
68.515549
68.013603
Control Period
70.160858
68.212288
68.611237
67.387482
65.516769
64.894852
65.758530
65.117538
Control Period
65.301788
64.748795
65.417313
64.864098
64.838242
65.044250
64.853149
Control Period
67.788071
66.818207
68.036636
65.537025
64.867134
66.057571
65.498207
Control Period
68.687775
67.294975
69.310333
67.503677
65.540192
64.868126
64.908447
66.577408
Control Period
64.854492
64.824188
68.422363
67.800575
65.721863
64.887680
64.882278
65.290619
Control Period
64.869247
64.892960
67.117859
68.149857
68.529892
68.486298
67.188324
Control Period
67.010048
68.322975
68.599655
66.019653
68.494080
68.337662
Control Period
68.086975
64.841438
65.314079
68.593948
67.125732
64.867043
65.540771
66.801285
64.865120
Control Period
64.881500
64.870621
65.382492
67.397888
68.630844
68.165344
64.798401
Control Period
64.901443
66.074272
68.413757
65.037628
65.307487
66.717117
68.141312
68.584831
Control Period
64.868607
68.609955
65.178650
68.875931
65.652000
68.476128
64.848282
Control Period
68.233978
65.861542
65.232384
65.961884
68.453278
66.667999
64.952103
Control Period
68.819839
64.914780
64.924484
65.891968
67.511169
68.250275
68.593056
66.666687
Control Period
67.961281
68.740799
68.349915
64.907333
65.478752
64.845184
66.036385
65.614563
Control Period
65.341125
65.745605
68.338081
66.045120
64.915909
69.151520
67.975006
66.237625
68.523682
Control Period
68.216225
67.088867
67.830559
65.678116
68.418144
65.238525
66.195038
Control Period
64.841858
68.772614
65.101982
68.683334
64.875717
68.415070
65.521347
68.463043
Control Period
65.534401
68.720963
66.067520
68.624641
66.949829
64.948418
68.380417
Control Period
68.655396
68.387939
67.664444
68.469666
68.035995
66.040985
64.872772
Control Period
65.867004
64.853439
66.394211
64.754814
64.872772
64.823906
Control Period
68.850876
64.802719
64.822845
67.013031
64.869026
64.847107
67.144577
Control Period
67.750015
64.830750
67.009918
64.879364
64.822975
67.912094
64.925728
68.181534
Control Period
68.522240
64.882980
67.583138
65.246017
65.085663
65.452347
65.553116
Control Period
68.409317
64.789345
68.287170
65.268158
64.821312
64.839737
68.536285
68.305893
Control Period
67.283035
68.681671
65.665184
65.840378
67.588898
66.483292
64.908417
68.722717
Control Period
65.041183
67.777374
65.695297
64.801697
66.551041
67.110275
Control Period
68.087967
64.964676
66.820381
68.374588
68.553345
67.937057
66.054749
Control Period
67.710083
64.862076
68.504669
67.356354
65.519836
64.889404
64.841339
65.892578
67.335808
Control Period
64.825821
64.901505
64.846558
66.538017
64.806114
66.592957
68.226883
Control Period
68.368866
66.919197
64.922852
66.111778
64.904671
64.849602
64.858749
Control Period
66.543457
68.646469
66.363297
64.875259
64.906975
65.589478
64.781601
67.504639
Control Period
65.686081
68.657211
64.810211
64.814720
64.849854
64.882782
64.836960
64.824036
Control Period
64.825600
64.813477
64.747871
64.793732
64.810684
64.810623
64.871490
Control Period
64.833183
64.810402
64.786400
64.848541
64.817535
64.784477
64.842941
64.834656
Control Period
64.846146
64.894150
64.833763
64.786621
64.839966
64.767296
64.816956
Control Period
64.823685
64.806335
64.785721
64.782562
64.827042
64.789536
64.834305
Control Period
64.836700
64.814049
64.820702
64.904388
64.832092
64.858719
64.891998
64.827484
Control Period
64.839706
64.874908
64.892929
64.838333
64.809723
64.894241
64.774498
Control Period
64.867813
64.829376
64.837860
64.830750
64.838181
64.839073
64.758209
64.778336
Control Period
64.817657
64.800034
64.832703
64.775551
64.783417
64.800385
64.753151
Control Period
64.827362
64.799263
64.831650
64.830139
64.842339
64.793343
64.853317
64.831841
Control Period
64.833084
64.733063
64.788834
64.776672
64.745056
64.799843
64.778275
Control Period
64.840347
64.823364
64.836288
64.744415
64.829056
64.830078
64.741119
64.795265
Control Period
64.860481
64.850052
64.872162
64.888901
64.854172
64.851196
64.826172
Control Period
64.878372
64.824287
64.837219
64.856735
64.849091
64.844101
64.809822
64.828445
Control Period
64.781540
64.785156
64.834305
64.768448
64.748802
64.747940
64.804733
Control Period
64.786560
64.791840
64.815140
64.790756
64.812668
64.821472
64.862045
Control Period
64.880287
64.876381
64.866501
64.831520
64.815842
64.777565
64.755325
Control Period
64.789246
64.834145
64.857574
64.812027
64.822235
64.828033
64.819901
Control Period
64.746689
64.788193
64.779449
64.782913
64.813187
64.789886
64.826271
Control Period
64.893250
64.857788
64.833694
64.822113
64.831650
64.799263
64.803200
64.810303
Control Period
64.797531
64.814789
64.848610
64.821854
64.857956
64.800476
64.788704
Control Period
64.802048
64.784164
64.846878
64.797729
64.787872
64.861313
64.850525
64.812317
Control Period
64.812637
64.856705
64.872925
64.842468
64.846977
64.871109
64.788353
Control Period
64.821243
64.814178
64.820610
64.822433
64.848892
64.823456
64.870209
64.856964
Control Period
64.829117
64.852325
64.843292
64.818268
64.852036
64.862595
64.871010
Control Period
64.884674
64.815521
64.911072
64.780670
64.839264
64.843140
64.882980
64.837891
Control Period
64.848640
64.861252
64.888733
64.881500
64.877945
64.841309
64.831329
64.817314
Control Period
64.852249
64.860703
64.879074
64.844864
64.860703
64.804642
64.854111
Control Period
64.833824
64.812988
64.857887
64.884766
64.834175
64.860641
64.780319
Control Period
64.679840
65.265884
65.505798
