0.723713
0.707967
0.698453
0.702397
0.697009
0.696615
0.702068
0.70622
0.708753
0.710953
0.717086
0.70021
0.691742
0.703209
0.708891
0.69508
0.696839
0.714515
0.702373
0.701909
0.697895
0.696664
0.6998
0.719386
0.694383
0.696244
0.693393
0.705924
0.693104
0.697799
0.689525
0.687533
0.694772
0.70348
0.71208
0.713058
0.701654
0.69679
0.713162
0.699348
0.700249
0.695197
0.701608
0.70478
0.710215
0.716681
0.711926
0.695906
0.702903
0.710112
0.705495
0.698611
0.700776
0.705963
0.696896
0.699529
0.696355
0.692466
0.697212
0.696436
0.706015
0.711683
0.711819
0.709898
0.695752
0.710987
0.701672
0.702905
0.700169
0.705051
0.694172
0.706247
0.70847
0.698354
0.718619
0.723145
0.705285
0.707015
0.701555
0.701021
0.708218
0.705925
0.701814
0.705212
0.69449
0.686249
0.705912
0.716028
0.704209
0.708008
0.705104
0.703354
0.716131
0.700396
0.705504
0.697338
0.695206
0.710995
0.703112
0.69359
0.678699
0.695242
0.703548
0.715495
0.711656
0.704954
0.713884
0.700503
0.701829
0.708202
0.707935
0.687218
0.706023
0.70661
