117.862625
117.306305
117.285797
117.250717
117.285919
117.284729
117.276443
117.306564
117.307137
117.291359
117.302177
117.264259
117.302811
117.308640
117.300545
117.296066
117.332092
117.295616
117.257187
117.286720
117.285088
117.285568
117.303772
117.317444
117.311844
117.323647
117.300064
117.299583
117.285019
117.335487
Control Period
109.623260
110.389053
108.912544
109.581055
108.592735
110.713211
110.327682
110.511841
Control Period
110.951424
107.871361
106.495712
109.907936
110.123138
106.902145
110.021500
107.699936
105.818466
Control Period
110.261665
110.226303
108.118942
110.974304
110.075836
110.552094
108.734467
109.434593
112.088699
Control Period
113.415390
110.139938
110.372604
109.772766
111.533157
108.352127
109.812286
110.094116
110.396385
108.620605
Control Period
108.127747
110.145790
110.413895
110.143616
110.364990
110.152031
107.774567
110.053635
109.329147
Control Period
112.697952
108.505470
110.169983
110.106430
109.954109
108.225250
109.814148
110.110527
Control Period
108.193504
110.337982
110.368866
110.442848
109.938881
109.332542
108.967651
109.174622
112.451454
Control Period
113.438812
108.548508
108.197792
112.369797
111.954300
110.497696
109.884575
109.960510
Control Period
110.179901
112.922211
110.870911
110.720352
110.180130
112.425758
108.560707
110.225632
110.221115
111.926529
Control Period
112.954971
112.767517
112.431458
109.566689
108.811462
109.496193
109.459076
110.956573
110.114143
Control Period
112.493599
108.042938
110.730881
109.612549
112.426498
108.089310
110.072037
110.246307
109.793121
Control Period
112.750076
107.913147
111.297630
110.454651
110.192795
110.405731
110.144989
112.636673
107.856255
Control Period
110.937347
110.122078
110.089088
110.392670
110.366302
108.095390
112.865982
108.339264
110.179749
Control Period
110.578720
110.224350
110.369087
110.365181
110.169159
110.383362
110.369949
110.059746
110.218628
Control Period
110.872192
108.157822
112.386627
108.848000
109.033730
110.426369
110.129730
110.265060
110.171875
110.031006
Control Period
112.693634
107.957886
110.477188
110.426651
107.894142
110.770462
110.494339
107.515686
110.428574
Control Period
111.026459
110.012482
109.555801
110.038147
110.050430
109.945984
110.079201
109.881569
109.968384
Control Period
110.252548
110.469925
110.170532
110.097214
110.217987
110.072418
109.993378
107.720642
112.826752
108.095139
Control Period
112.887161
109.818466
110.130310
109.993439
108.207649
110.792000
110.066368
110.064705
Control Period
107.752899
112.506180
109.961212
109.954407
107.712036
112.249794
110.138245
109.895554
109.585922
112.514526
Control Period
111.818726
110.183517
109.087105
108.869308
109.950333
110.148956
108.447136
110.083519
110.447586
Control Period
110.512001
110.692223
110.585953
110.249115
110.132195
110.027298
108.411682
112.726364
109.974304
Control Period
110.303581
108.546463
109.116165
108.668518
108.666138
110.417213
111.756638
108.797890
108.300034
111.317184
Control Period
112.340126
110.099365
111.028000
110.569855
110.084259
107.990524
112.702682
107.470428
108.289917
Control Period
110.878944
110.077408
110.257660
108.071938
110.113632
110.067390
110.104965
107.903107
110.444260
110.443100
Control Period
108.451294
110.507355
106.900421
110.301376
108.151619
110.193314
109.889923
107.899612
109.736389
Control Period
111.680611
110.352097
109.444962
108.750526
109.868767
107.908798
110.150017
110.266403
105.821152
Control Period
110.207809
110.603455
110.357216
108.378052
110.363457
110.437469
110.320923
110.826111
108.306274
110.226013
Control Period
110.299423
110.190399
108.009949
110.051682
109.977409
108.124542
109.591103
110.379967
109.287460
Control Period
110.341797
109.345345
112.671936
108.878052
110.611206
110.440224
110.046623
110.029404
110.492828
Control Period
110.323074
110.070335
110.194626
109.996574
110.043228
109.045441
108.829956
112.947937
Control Period
114.015488
109.707138
110.016159
109.915070
109.708641
110.197403
108.391098
108.596252
108.466339
Control Period
112.298370
110.679199
112.099586
110.642593
110.866364
110.556671
112.315781
108.393082
111.889793
110.144028
Control Period
110.445312
110.370911
110.284576
110.234398
110.441116
110.123550
110.013664
110.327164
110.027710
Control Period
110.887238
111.901855
111.334076
111.468513
112.108963
112.429916
112.465790
106.996445
Control Period
110.763809
110.335838
110.232895
110.519295
110.277054
110.461853
107.922043
108.069153
110.822334
Control Period
110.144608
110.582748
110.554306
111.097824
111.042206
110.661057
110.209602
107.791550
108.387299
Control Period
110.196480
110.244476
110.333893
110.372063
110.745377
110.342819
110.512321
110.221054
110.002144
Control Period
109.705345
109.760925
111.414787
111.266876
107.998878
108.039391
107.957474
112.788994
112.768997
108.847397
Control Period
108.179840
110.226593
110.326309
109.937790
108.228546
110.627167
110.102661
108.753693
110.426880
Control Period
111.829597
110.243393
109.762688
108.565506
110.261345
108.318054
108.631233
110.532379
107.740005
110.429764
Control Period
109.910721
108.893829
110.226624
105.887619
109.815002
108.452354
110.635040
110.210976
106.160957
Control Period
110.119934
110.142944
106.042526
111.009277
105.982941
110.174141
110.457504
110.107910
105.787354
Control Period
109.917824
110.037186
110.145279
109.883331
110.237381
110.112381
110.166718
109.942497
110.198334
Control Period
114.445023
110.264801
110.080193
109.951042
110.231041
109.919876
110.003616
111.107613
111.581345
Control Period
114.845596
110.831390
110.193436
110.506790
110.016571
110.293564
110.008286
110.144928
111.682014
111.651459
Control Period
110.353310
109.882912
110.625732
110.126083
111.478271
108.400986
110.726242
110.406975
110.155106
Control Period
110.155579
110.707939
111.468834
109.162170
111.878815
112.162369
113.033569
112.543289
110.001984
Control Period
111.113724
110.692192
110.214554
110.903717
111.552292
107.825211
108.583649
108.856003
Control Period
110.924095
110.541344
112.535004
109.809662
110.795044
111.420197
108.144836
111.388901
110.325790
Control Period
110.591522
112.882874
112.947617
110.302849
109.940125
112.530045
112.073730
110.272903
110.716995
Control Period
110.385254
110.499519
110.269760
110.169983
110.493889
110.370087
110.302078
110.447815
111.134239
Control Period
110.318436
110.077217
110.300217
110.665024
107.742844
107.059677
110.494339
110.340637
110.388321
Control Period
110.570755
112.602661
108.452667
108.713638
110.423325
110.002403
110.528671
110.715202
110.421509
Control Period
110.246529
108.478401
110.285027
110.402374
110.096954
110.159744
110.391396
110.119583
111.967903
108.198425
Control Period
112.970459
110.322083
109.993851
108.470497
110.667267
109.930786
108.189728
110.536133
110.591072
Control Period
110.280441
110.070786
110.331680
108.408676
109.964195
110.191360
109.480545
109.246750
110.378265
Control Period
110.140831
111.169662
109.900772
110.527649
110.185982
109.978653
110.729218
110.446304
109.490051
112.828476
Control Period
109.973083
110.375778
110.530144
110.959808
107.737564
108.386780
112.105927
108.853600
109.610497
Control Period
110.294975
109.949310
111.597885
107.657761
111.478943
110.141823
110.342499
110.257568
110.472870
Control Period
110.320953
110.221786
110.413025
110.331039
109.156860
109.546944
107.963936
108.095047
112.680992
Control Period
110.106949
110.294815
107.964966
108.209473
112.884323
107.834015
108.177887
108.633438
110.387299
Control Period
114.503586
110.277023
112.403076
107.629921
108.646622
111.140289
110.106781
110.148132
110.585152
Control Period
114.207748
110.207649
108.893570
109.890945
108.417633
113.110535
107.838913
108.200195
112.152100
Control Period
112.960670
109.940735
112.435486
108.114685
111.815041
110.072510
110.191521
110.219772
110.356705
110.597595
Control Period
110.041534
107.790337
108.006462
112.009697
110.075546
110.006271
110.146751
110.113182
110.292610
Control Period
111.417053
110.248581
109.354172
110.488159
110.745117
107.936325
109.211937
112.532486
108.481567
Control Period
112.095428
110.136505
109.981987
110.544357
109.866272
110.481949
110.155716
110.191071
Control Period
114.270493
110.195908
109.934654
112.079231
108.910629
110.435806
111.646721
107.976257
110.992577
Control Period
110.447426
110.403618
110.850945
112.460388
112.797882
112.764130
110.043579
110.273788
110.470238
Control Period
110.347107
108.484894
111.829346
111.045662
110.185921
109.452065
112.676163
112.471268
110.541885
Control Period
110.528061
109.287460
109.158844
108.874725
108.764221
108.456161
108.354721
108.757507
108.360901
Control Period
110.221283
110.364258
110.382942
110.275269
110.843712
110.223999
110.370819
111.274521
110.258148
Control Period
110.239716
109.523552
108.942719
108.011040
107.935684
108.772705
108.281189
108.542336
108.343712
Control Period
109.952415
109.177826
108.781250
108.039009
112.328575
108.819038
109.178879
110.835487
110.168732
Control Period
110.181152
112.745087
110.243134
110.744194
107.503448
111.433823
110.265533
112.180672
109.839355
Control Period
110.167999
112.255005
112.546494
110.294113
110.234558
112.733505
110.108253
110.431076
108.581146
Control Period
111.334564
110.668259
110.031906
110.548859
109.678368
109.157951
109.226013
108.253723
108.292000
Control Period
110.877411
110.065475
108.817566
112.431808
112.072800
112.838852
112.589600
112.632896
111.175354
Control Period
111.627396
110.877853
110.467552
112.757797
112.879936
110.157471
110.119141
112.635773
Control Period
109.288452
112.824646
110.276131
110.242241
111.400703
112.881279
110.790527
110.439453
109.988930
Control Period
112.885406
112.141724
111.348358
110.654343
110.020004
109.989441
110.026917
109.404129
109.029633
Control Period
112.708954
112.683426
111.775490
112.145020
113.081818
113.068802
112.081825
111.754013
111.059647
Control Period
112.455109
107.781120
108.672516
108.324387
112.416000
111.589088
110.403610
109.163132
108.419327
Control Period
110.506943
108.365509
107.913177
110.546692
111.103264
110.166687
110.247711
110.442177
110.050781
Control Period
110.750336
108.493958
110.035965
111.634018
110.566818
109.759491
110.420670
112.582565
108.477119
Control Period
107.628860
108.167519
108.111137
111.930176
110.524414
110.863297
110.332611
110.204643
109.856125
Control Period
111.088379
111.322205
110.100098
110.176994
109.908859
109.990021
112.624962
112.349854
112.713921
Control Period
112.574783
110.601532
112.772125
109.616806
110.068512
111.595261
110.386208
111.839073
110.665253
Control Period
110.310364
108.307877
112.272476
110.303619
109.054115
112.294846
112.539581
110.422943
Control Period
114.416512
112.063293
110.774979
109.863136
113.020096
110.044418
110.768799
112.515717
109.809189
Control Period
110.293663
110.731842
112.406311
108.197792
110.463715
109.851166
109.990494
108.788956
Control Period
109.578751
112.364670
111.393120
110.234756
109.762848
109.296707
112.395493
111.969215
110.276123
Control Period
111.222946
110.418686
109.968033
110.627968
111.054466
108.166595
111.829819
111.383682
111.810432
Control Period
112.292191
109.923264
110.745987
111.813629
112.959747
108.668991
107.813477
110.222015
110.219330
Control Period
114.028900
110.361473
110.601700
110.113724
110.298912
112.666336
112.508064
111.196198
110.522079
Control Period
112.559937
109.103836
109.432068
109.116165
109.667526
110.489761
110.284866
110.349022
110.317825
Control Period
112.341949
107.776443
112.606720
109.450432
110.068390
110.647682
110.138077
110.108002
110.259613
Control Period
112.311806
109.433662
110.158340
109.517242
109.872101
110.029663
109.868095
110.115585
112.359329
Control Period
112.420959
112.456665
112.439941
112.779457
112.248001
111.855972
111.575195
110.787392
110.513763
Control Period
112.825279
109.930496
110.059036
110.309860
110.279907
110.676033
112.083038
111.327583
112.180611
Control Period
112.451965
112.757187
112.758690
112.225121
111.719269
108.194397
108.451134
108.617249
Control Period
112.409248
110.218079
107.978821
110.727325
110.030624
112.946976
110.090591
110.478180
111.993279
Control Period
111.505630
110.143845
112.609604
108.334785
110.332153
110.355843
111.738686
112.798561
112.075165
110.268036
Control Period
111.600288
108.485062
112.386627
108.384415
111.155197
110.381348
110.602493
110.247101
108.130592
Control Period
112.791397
108.609573
108.640518
110.233315
110.231262
109.997025
111.281540
108.262558
108.627228
Control Period
112.337631
112.518631
107.844131
112.352257
108.988602
107.778564
108.359970
111.906494
Control Period
108.605087
112.502365
111.632256
111.206657
110.201797
110.267715
110.232315
110.359711
Control Period
110.162628
112.588287
110.649155
111.754463
108.244644
110.404449
111.724197
108.703583
110.249573
112.663269
Control Period
112.965759
110.047363
110.176094
110.071198
110.390717
110.048256
110.191681
110.040482
110.480766
Control Period
112.529831
112.618622
111.853539
111.803268
111.389725
110.270050
110.402298
110.695168
Control Period
112.297531
110.437286
112.580612
111.001312
111.030365
111.099648
112.463455
110.255676
110.136124
Control Period
112.874657
110.159775
110.220161
112.814751
112.637634
110.208450
110.369186
105.841370
105.821953
Control Period
105.845093
105.833504
105.817055
105.818367
105.795105
105.765923
105.802811
105.744545
105.813507
105.774109
105.802307
105.769699
105.805405
105.782150
105.822433
105.781693
105.800827
105.785187
105.820068
105.858879
105.824799
105.811104
105.811264
105.846588
107.307838
105.811905
