59.582081
58.568256
58.557793
58.529888
58.537025
58.545731
58.551262
58.558884
58.870590
58.618942
58.502686
58.539459
58.538464
58.538269
58.574047
58.579136
58.576447
58.550179
58.580704
58.508034
58.532864
58.541374
58.530754
58.529533
58.561855
58.542786
58.539299
58.572128
58.564354
58.567970
Control Period
58.711617
58.783875
58.705280
58.686752
58.693726
58.751999
58.734077
58.872192
Control Period
62.756187
59.501373
62.874237
62.056866
58.930206
61.876892
62.888512
58.787552
Control Period
64.773857
63.400131
60.834045
61.707294
60.683487
61.300003
63.051453
60.189857
Control Period
60.160576
60.407486
60.328033
60.358463
63.686913
64.609436
60.678146
Control Period
64.833054
64.733345
59.982399
60.745155
60.923840
61.947552
63.052513
60.377342
60.942558
Control Period
61.423168
61.981918
64.782944
64.782242
61.355743
61.957184
64.089569
Control Period
60.425568
60.751617
64.056000
64.806656
64.827942
61.686493
61.819969
61.152351
Control Period
62.770622
62.592575
64.845154
64.410721
61.569889
61.051201
62.491329
62.642685
Control Period
64.854050
60.100639
64.834175
60.680447
64.938240
61.875553
64.960571
Control Period
63.115295
60.163742
64.552895
64.775330
59.993088
62.664577
64.800156
62.345470
Control Period
64.781662
62.276257
61.155231
64.854660
64.214912
60.777473
62.586018
64.890244
Control Period
63.773087
61.351906
61.176289
64.834213
64.741951
60.602013
62.299553
61.420990
Control Period
60.830078
64.792610
64.541374
62.721565
62.246624
61.717056
64.780060
60.987427
Control Period
64.819611
60.134850
64.805313
60.246910
64.801376
60.048000
64.930466
Control Period
64.871933
61.912033
60.313187
64.742813
64.848511
60.614113
60.495842
64.002243
Control Period
64.830849
63.625664
63.131874
60.673508
61.438721
64.797089
64.270592
64.698463
Control Period
62.417889
64.843460
60.832928
64.816101
61.669922
60.417889
62.933121
Control Period
64.117599
62.349411
62.453152
64.825531
62.321507
62.756355
61.995331
60.055550
Control Period
64.875679
59.569633
62.746300
63.817375
63.333599
62.884670
60.560478
60.341118
Control Period
64.884575
62.347553
61.254814
64.780380
61.950336
60.839233
61.919552
64.545914
Control Period
63.364895
64.867264
61.645988
61.644287
63.790047
61.456223
64.817596
61.537182
Control Period
60.801537
64.206749
60.700447
64.838974
64.434814
62.713184
64.737854
60.308449
Control Period
64.780029
64.774277
60.414719
62.717793
64.776093
61.803680
64.772736
61.166912
Control Period
64.793564
61.932289
64.874306
62.996193
64.107773
64.848862
61.946880
64.018112
60.948608
Control Period
61.458397
63.801090
64.790405
60.089500
63.440605
63.602211
60.246078
Control Period
64.764641
60.169922
64.834106
60.538624
64.797699
60.204483
64.872925
60.300446
Control Period
63.019806
64.337280
64.758362
60.465950
64.188995
64.123650
60.723297
Control Period
64.731041
64.779068
63.117855
64.819077
60.329983
62.798206
64.764259
61.600098
60.965248
Control Period
60.487743
64.793213
63.193253
64.830521
62.959263
60.239265
61.504768
60.623741
Control Period
60.686623
64.609085
62.480095
60.328445
64.195389
62.181889
61.178368
64.749374
Control Period
62.054115
64.803490
63.634018
63.071327
64.867935
64.161026
64.037567
64.775009
Control Period
61.510849
64.763519
61.124992
64.838242
61.401726
64.838112
61.272285
Control Period
62.252384
60.431808
64.884575
62.988419
60.421856
64.704895
64.906654
63.015587
Control Period
64.843674
62.455616
64.829056
61.366943
61.522560
64.860703
64.825241
63.232162
Control Period
63.623199
63.454300
60.281185
64.166817
62.970016
60.583649
64.829567
60.853661
Control Period
61.824738
61.080963
64.902115
61.043713
62.701599
64.854271
60.122944
Control Period
62.186016
61.741409
64.847038
60.132992
64.762207
64.756516
61.423840
62.933407
63.991585
Control Period
63.194881
64.027420
60.248352
63.833569
64.765915
60.988899
61.977791
64.605759
Control Period
60.995457
62.757088
64.156387
60.428032
60.075935
64.099396
62.906849
Control Period
60.351040
64.735229
62.767391
60.465538
64.499138
64.768127
62.919235
62.666496
Control Period
60.702496
63.177887
64.775650
64.592094
60.743393
62.534016
64.777542
Control Period
64.533310
64.743904
61.203648
60.466370
64.718948
61.431427
64.747391
60.485054
62.360802
60.829697
Control Period
64.329475
60.476547
63.214943
64.732193
64.804893
64.770142
61.867935
Control Period
61.238625
64.804581
64.778275
62.555168
64.692703
64.754753
62.285378
60.520256
Control Period
64.735107
63.195072
63.863647
63.193024
63.144707
64.027580
62.985886
64.734528
Control Period
60.302658
64.774559
60.268032
64.852318
60.936577
64.763229
61.421791
Control Period
61.762753
64.745667
62.855042
60.376190
64.823746
62.668575
60.120956
Control Period
60.526588
60.111870
60.214046
64.795456
64.895042
64.346268
64.849731
Control Period
60.859009
64.768066
62.320992
63.318146
63.994976
64.070526
60.303360
60.439842
Control Period
61.936317
61.601986
64.813477
63.167618
61.435135
64.753342
64.831329
61.280224
Control Period
61.802143
64.748581
59.986561
64.552292
62.879837
60.661568
64.326843
62.460388
Control Period
64.775871
64.812958
60.258945
64.805984
60.287872
62.751198
63.710205
62.836990
63.718784
Control Period
62.913376
64.738876
61.981537
64.814758
61.951969
62.779362
64.491135
Control Period
62.641220
64.766876
60.168190
64.740097
59.933922
64.785950
62.790558
64.190559
Control Period
62.069695
64.861542
64.906273
60.731522
64.267715
62.876350
60.505821
63.767105
Control Period
64.835358
60.190338
64.864578
61.158623
61.715233
64.794464
61.388897
60.369953
Control Period
63.659904
64.103554
64.812195
64.769791
62.694176
64.805405
61.285343
60.371231
Control Period
64.780640
61.187008
64.790077
61.349857
64.806885
64.860863
63.198975
Control Period
64.727264
62.335648
63.477539
62.977631
64.853699
63.817215
61.331295
61.836319
62.464672
Control Period
62.800163
64.881790
64.884674
63.060223
60.316193
64.877563
62.073215
Control Period
61.064545
64.076256
60.417023
60.087711
61.934433
62.662174
63.048992
64.867775
62.557537
Control Period
64.833054
60.219841
63.594368
64.902267
60.094849
62.864388
64.830948
61.034401
Control Period
61.196384
64.835678
61.244801
61.762463
64.925858
64.513885
61.144066
62.144703
Control Period
61.467804
62.019936
64.842972
64.824448
61.103870
63.346558
63.822243
Control Period
63.278366
64.841217
64.229279
60.590752
63.963615
62.626751
60.867554
64.849251
59.879841
Control Period
63.783134
63.619713
60.340065
64.792961
62.459934
64.835075
63.508606
60.210400
Control Period
63.272480
63.969761
62.774689
64.823586
61.666912
64.827972
60.843651
Control Period
64.814400
64.852768
64.856064
64.863678
61.654430
63.619614
63.660225
60.423359
Control Period
60.111359
64.837341
63.761536
64.830460
61.652321
61.418591
64.771713
62.115105
Control Period
64.828674
63.426880
63.809120
63.187199
64.762878
61.071617
64.914848
62.325890
64.841827
Control Period
64.870331
61.466110
64.832962
61.282623
64.889694
61.551300
64.824928
61.545696
Control Period
61.327839
64.839455
60.636288
63.753410
64.006462
62.333633
64.834305
Control Period
64.845055
61.361633
64.792831
62.026783
64.856323
62.854210
63.695038
60.693760
Control Period
64.814819
64.820702
60.874752
64.837540
62.930782
60.394722
64.773376
62.756126
63.992516
Control Period
64.779297
59.610752
64.840836
63.372257
62.556385
64.782623
60.797440
Control Period
64.369888
63.355522
60.089630
63.600639
64.884224
61.281151
61.813183
64.882111
Control Period
60.626049
64.735718
64.833794
61.264416
60.005985
63.365536
64.863037
63.919872
Control Period
64.726852
61.132545
61.572289
61.943424
64.867462
60.641022
60.897663
Control Period
64.822403
61.593536
64.795166
60.515873
62.103039
64.821030
64.180450
60.753502
Control Period
64.841156
61.689121
63.394623
60.433567
63.588287
63.129601
64.897156
Control Period
64.891518
62.826721
61.939232
63.095840
60.373917
64.381187
62.776386
61.086239
61.248672
Control Period
61.669857
61.427074
64.894081
61.510208
61.941505
64.866974
60.247330
Control Period
64.825317
64.779099
61.613281
64.802208
64.863007
62.944191
64.577347
60.344608
Control Period
64.803421
62.162209
64.457054
59.752033
64.780701
62.463776
60.406879
64.824127
Control Period
64.213440
63.290657
60.469795
63.814400
63.298141
60.476257
64.479462
62.723743
Control Period
60.428127
62.989792
64.347198
60.250816
62.960930
64.843262
63.891617
60.196510
Control Period
63.617821
60.161919
64.851456
64.866241
60.733120
62.054401
Control Period
64.869339
64.920700
64.863678
64.734558
64.314209
63.849152
61.012321
60.686241
Control Period
60.858047
62.388672
64.027199
64.507294
64.822403
64.821381
63.936447
62.905632
Control Period
64.882622
60.334686
63.362755
61.563332
64.861282
63.561218
60.366402
Control Period
64.788162
60.223938
60.521984
60.969505
60.421471
61.283585
60.590492
64.896027
Control Period
61.354656
64.834305
64.732285
60.825790
62.654045
64.468765
60.331070
62.356609
Control Period
64.839172
62.780670
64.663773
62.063583
64.717285
61.574524
64.808487
62.158371
Control Period
64.893311
62.086594
64.821564
64.803589
61.429924
64.793282
64.887390
60.483582
Control Period
62.679745
61.331295
61.818497
64.739937
64.763138
60.329597
63.016350
Control Period
64.804222
64.006302
64.787323
62.543072
64.770622
64.130432
61.593632
64.803970
60.171616
63.341248
Control Period
64.769028
61.183586
64.796570
59.926113
63.474751
64.766914
60.057121
Control Period
64.293793
64.796829
60.577278
64.819046
60.579842
62.237663
64.836670
61.770432
Control Period
64.774719
64.851295
60.263744
64.823616
60.429024
64.842850
61.406498
64.792358
62.877121
Control Period
62.017952
64.850235
60.143997
64.876640
60.169022
64.859940
60.280064
64.947487
Control Period
63.118431
63.467392
64.890495
60.341187
63.553665
61.531746
64.866653
64.843933
Control Period
64.825989
64.234718
63.429245
64.033379
63.465984
63.869858
62.804382
Control Period
64.892258
60.381088
64.767998
61.780384
61.116222
64.030975
63.835426
64.888290
60.497055
Control Period
64.836060
60.291519
64.867264
63.561890
63.833473
64.823547
60.321953
64.880676
Control Period
64.825439
64.868576
61.462814
61.808067
64.696640
60.190975
64.864868
64.006081
Control Period
64.847168
61.215523
64.827393
61.057632
64.863617
61.183838
62.114685
64.789413
Control Period
61.390240
64.508133
62.383041
60.686211
64.856644
62.290398
64.819168
64.851585
Control Period
63.969055
59.896832
64.818687
61.020096
64.839424
64.429855
62.255424
Control Period
64.876991
64.824257
63.784832
60.611359
64.897446
61.790115
61.837341
64.856354
Control Period
64.420197
62.547745
61.981918
62.520226
63.166622
63.749535
64.794556
62.872223
64.840225
Control Period
64.797989
64.783905
60.329697
62.814240
63.766975
63.575584
62.913761
Control Period
59.979103
64.803452
62.295998
60.795906
62.502144
61.247200
64.799713
64.780960
Control Period
64.833466
59.906368
64.718307
64.803101
64.810242
60.863358
64.621597
64.603745
64.634178
64.630020
Control Period
64.638847
64.610138
64.606812
64.651428
64.677917
64.632996
64.643326
64.639999
64.639679
64.641342
64.587105
64.608864
65.205887
65.003876
