0.70879
0.740332
0.76705
0.793687
0.800269
0.814084
0.811708
0.807831
0.809157
0.808157
0.799644
0.802697
0.808498
0.800133
0.79843
0.802494
0.800066
0.806124
0.800496
0.799792
0.810463
0.812991
0.810554
0.799385
0.804735
0.805505
0.80303
0.805458
0.807799
0.801981
0.803692
0.809762
0.805546
0.803699
0.804758
0.803437
0.807167
0.804691
0.802696
0.813279
0.810838
0.815049
0.806613
0.809475
0.805236
0.808151
0.802838
0.799505
0.808387
0.800619
0.804307
0.804058
0.804529
0.803561
0.815635
0.815404
0.803695
0.817195
0.806714
0.805315
0.809055
0.810245
0.805022
0.801436
0.803548
0.802344
0.813127
0.808991
0.810358
0.804492
0.806031
0.801824
0.810836
0.807064
0.813034
0.810114
0.805578
0.803088
0.802324
0.801843
0.815363
0.807531
0.804559
0.803549
0.805122
0.807201
0.80675
0.801404
0.806142
0.8079
0.803619
0.805419
0.80998
0.808689
0.810528
0.813282
0.812973
0.814648
0.814642
0.814402
0.804107
0.810878
0.81439
0.815424
0.807141
0.803235
0.802049
0.802165
0.802178
0.803115
0.810743
0.8058
0.814763
0.809657
