113.426
117.325
117.299
117.305
117.319
117.326
117.339
117.323
117.311
117.328
117.321
117.331
117.331
117.33
117.354
117.35
117.338
117.327
117.347
117.346
117.36
117.343
117.365
117.331
117.32
117.329
117.304
117.317
117.317
117.309
117.326
117.307
117.32
117.325
117.313
117.305
117.339
117.316
117.314
117.327
117.306
117.334
117.332
117.304
117.329
117.315
117.308
117.306
117.297
117.291
117.298
117.315
117.309
117.329
117.308
117.327
117.34
117.339
117.324
117.303
117.313
117.321
117.308
117.304
117.298
117.323
117.326
117.312
117.329
117.338
117.341
117.347
117.351
117.324
117.311
117.351
117.314
117.331
117.341
117.354
117.332
117.34
117.348
117.354
117.334
117.332
117.343
117.332
117.325
117.314
117.32
117.325
117.336
117.354
117.342
117.334
117.331
117.343
117.319
117.34
117.337
117.327
117.331
117.329
117.339
117.349
117.344
117.345
117.364
117.358
117.347
117.33
117.316
117.319
117.332
