0.723766
0.793519
0.800872
0.807081
0.811789
0.815529
0.818299
0.820183
0.821693
0.822612
0.823107
0.823662
0.823588
0.823517
0.823487
0.822966
0.822279
0.821891
0.82127
0.820896
0.820413
0.81968
0.819175
0.818328
0.817744
0.817249
0.816505
0.816153
0.815613
0.81512
0.814727
0.814228
0.813888
0.813564
0.812862
0.812402
0.8123
0.811753
0.811419
0.811094
0.810617
0.81072
0.810032
0.809388
0.809482
0.809082
0.808597
0.808497
0.808031
0.807849
0.807728
0.807652
0.807466
0.807217
0.806912
0.80657
0.80638
0.806338
0.806038
0.805712
0.805642
0.805574
0.805167
0.80517
0.804879
0.804955
0.804732
0.804421
0.804562
0.80463
0.804311
0.804074
0.804176
0.803724
0.80349
0.803948
0.803363
0.803369
0.803268
0.803239
0.803016
0.802963
0.802999
0.802986
0.802636
0.802654
0.802656
0.802491
0.802194
0.802207
0.802244
0.802079
0.802296
0.802226
0.802147
0.802006
0.801947
0.801769
0.801705
0.801871
0.801664
0.801711
0.801439
0.801622
0.801694
0.801562
0.801495
0.801381
0.801629
0.801482
0.80125
0.801106
0.801073
0.801189
0.801115
