77.3333
75.4733
74.764
74.2032
73.7704
73.4408
73.1953
73.0174
72.8907
72.8059
72.7563
72.7294
72.7258
72.7373
72.7605
72.7981
72.8389
72.8814
72.9294
72.9784
73.0305
73.084
73.1362
73.1899
73.2378
73.2843
73.3314
73.374
73.4171
73.4595
73.5011
73.5439
73.5829
73.6238
73.6669
73.7021
73.7351
73.773
73.807
73.8399
73.8739
73.9042
73.9393
73.9698
73.9928
74.0216
74.0493
74.0717
74.0947
74.1145
74.1347
74.1563
74.1795
74.2031
74.2262
74.2461
74.2654
74.2849
74.3058
74.3229
74.3363
74.3502
74.3669
74.3795
74.3938
74.4061
74.4207
74.4345
74.4451
74.4601
74.4768
74.4914
74.5041
74.5186
74.5267
74.5327
74.5473
74.5539
74.562
74.5717
74.5833
74.5906
74.5984
74.6083
74.6187
74.6246
74.632
74.6397
74.6457
74.649
74.6527
74.6581
74.662
74.67
74.6777
74.6849
74.6904
74.6952
74.6974
74.7001
74.7062
74.7103
74.7152
74.7173
74.7218
74.7288
74.7337
74.7391
74.7431
74.7501
74.7574
74.7606
74.7613
74.7607
74.7633
