0.708912
0.742185
0.746338
0.750094
0.753369
0.756147
0.758592
0.760538
0.762265
0.763975
0.765347
0.766702
0.767862
0.768918
0.770063
0.77093
0.771696
0.772434
0.773332
0.774053
0.774839
0.775386
0.776172
0.776552
0.777091
0.777749
0.778159
0.778813
0.779367
0.779846
0.780475
0.780839
0.781417
0.781915
0.782264
0.782667
0.783344
0.783601
0.783994
0.784484
0.784727
0.785298
0.785638
0.785802
0.786345
0.786587
0.786871
0.787192
0.78746
0.787753
0.788117
0.788536
0.788779
0.789183
0.789302
0.789697
0.790043
0.790278
0.790411
0.790509
0.790826
0.791123
0.791254
0.791459
0.791635
0.792021
0.792237
0.79234
0.792657
0.792895
0.793072
0.793275
0.79347
0.793436
0.79353
0.79398
0.793862
0.794146
0.794374
0.794601
0.794571
0.794767
0.794961
0.795115
0.795098
0.795215
0.795411
0.795452
0.795521
0.795571
0.795736
0.795884
0.796069
0.796282
0.796287
0.79632
0.796394
0.79657
0.796508
0.796749
0.796804
0.796819
0.796927
0.797002
0.797145
0.79727
0.797305
0.797373
0.797568
0.797575
0.797547
0.797496
0.797473
0.797575
0.797729
