-1188.41
-1393.66
-1470.88
-1443.66
-1445.34
-1341.09
-1377.53
-1438.56
-1439.81
-1437.25
-1358.62
-1422.5
-1432.36
-1437.34
-1431.16
-1439.69
-1517.91
-1551.31
-1448.44
-1440.76
-1427.41
-1431
-1480.28
-1457.09
-1431.09
-1308.56
-1511.78
-1429.84
-1438.53
-1434.81
-1439.81
-1443.47
-1495.06
-1350.12
-1346.61
-1350.94
-1444.66
-1430.72
-1525.28
-1407.56
-1388.47
-1520.75
-1432.38
-1438.77
-1458.5
-1483.97
-1439.75
-1448.44
-1401.97
-1441.19
-1460.39
-1404.5
-1426.12
-1503.58
-1443.47
-1406
-1441.03
-1439.75
-1433.59
-1441.06
-1372.22
-1422.5
-1418.09
-1454.56
-1443.44
-1454.53
-1525.28
-1442.22
-1557.09
-1457.94
-1438.53
-1449.66
-1467.59
-1449.69
-1448.53
-1475.56
-1410.06
-1440.03
-1403.5
-1365.42
-1422.62
-1427.69
-1375.69
-1431.09
-1457.06
-1450.24
-1459.5
-1407.74
-1442.25
-1450.94
-1477.78
-1455.44
-1578.19
-1450.91
-1444.75
-1442.19
-1449.62
-1441
-1450.39
-1441.03
-1493.47
-1500.31
-1444.75
-1442.28
-1480.09
-1438.59
-1458.78
-1510.88
-1444.81
-1461.39
-1389.59
-1447.19
-1492
-1444.72
-1523.16
