57.8382
60.4841
62.0213
64.5512
66.2335
65.4008
66.944
66.3683
66.4287
65.538
66.7047
66.7459
65.1027
66.1258
66.3548
66.5433
66.4881
66.5525
67.6196
66.9255
65.5963
66.4491
66.3165
66.2598
66.767
67.4629
65.7892
65.556
66.2923
65.3893
66.5086
66.0294
66.9106
66.3837
64.9026
65.6243
66.1897
65.879
65.71
65.9121
65.8881
64.5578
64.0436
64.2892
66.3313
66.0244
65.5705
65.0385
65.3452
66.96
65.739
66.1777
66.3737
66.0109
66.8829
66.4309
66.3537
66.2008
64.3714
65.0767
65.7622
66.6545
66.8619
66.2172
67.3087
67.7949
65.4411
66.168
65.9737
65.0308
65.9453
65.7316
67.5621
65.9456
66.5372
65.9906
66.3953
66.925
66.8728
64.6042
66.9319
64.6535
65.8806
64.3011
65.0816
65.8558
64.4034
67.525
65.6772
66.0835
63.7819
66.3188
66.9333
65.4987
65.5381
66.0714
66.1722
64.715
65.6272
65.2517
66.5975
65.4374
65.5093
65.8435
65.907
66.1692
66.4208
65.9622
66.2082
67.2254
66.8145
65.849
66.222
66.1578
