0.709676
0.74378
0.771021
0.794874
0.808913
0.814188
0.809477
0.805529
0.808912
0.803744
0.80563
0.811729
0.807265
0.814415
0.814893
0.810491
0.808358
0.808858
0.809413
0.811711
0.807409
0.811429
0.810709
0.803285
0.811165
0.814318
0.814204
0.810857
0.811456
0.810933
0.812527
0.808117
0.808859
0.809882
0.811213
0.812687
0.798232
0.808473
0.816856
0.809884
0.806361
0.805293
0.802213
0.806363
0.80824
0.812602
0.81677
0.816351
0.80855
0.807966
0.808377
0.805957
0.809599
0.813265
0.807409
0.805575
0.809307
0.811292
0.800349
0.799856
0.798045
0.807936
0.805673
0.810264
0.811158
0.813009
0.807828
0.8067
0.799203
0.804272
0.801343
0.807572
0.808968
0.811883
0.797714
0.805695
0.81607
0.808612
0.807687
0.81302
0.806545
0.805759
0.803345
0.810258
0.805326
0.794616
0.800781
0.810638
0.804289
0.808817
0.811164
0.809779
0.807115
0.811098
0.805093
0.809667
0.810267
0.806667
0.806239
0.809981
0.805171
0.804382
0.813872
0.808178
0.809131
0.810056
0.810433
0.806462
0.811887
0.812703
0.806609
0.801384
0.79923
0.80936
