56.6661
59.3458
61.3236
62.1254
63.2779
63.7913
62.9559
63.1464
62.7212
62.7964
62.8288
63.6121
63.5197
63.4954
63.5929
62.5025
62.8009
63.0062
63.9029
63.3105
63.8677
62.3746
62.9812
62.7855
63.1957
63.4376
63.5689
63.0707
63.0331
64.0912
63.5331
63.6482
63.1108
63.13
63.8831
62.6924
64.2525
62.894
63.2104
62.7737
63.2556
64.3359
63.8595
63.6341
62.7455
63.5827
63.9184
63.1075
63.6052
63.1675
63.4553
63.0097
62.8526
62.1555
62.4634
62.9214
62.9247
62.8905
63.6763
63.1332
62.917
63.0791
62.944
63.2627
63.7536
63.6453
63.2603
63.0009
62.9597
63.0985
62.5866
62.7315
61.4259
62.9713
63.7357
62.9188
63.47
63.1023
62.8713
63.7523
62.6892
63.0371
62.8169
64.2516
63.0578
62.5184
63.746
60.9647
63.0989
62.9922
63.7858
63.0986
63.2071
63.0248
63.6087
63.4686
63.1128
63.9889
63.316
63.8584
62.0242
62.9749
62.5924
63.1599
63.7773
63.9025
63.0347
63.7995
63.5453
62.3437
61.9255
63.2215
63.5827
62.902
