5672.18
6074.17
5977.1
5802.45
5535.7
5455.93
5480
5507.9
5379
5611.03
5584.17
5407.67
5552.41
5574.4
5396.52
5508.93
5509.31
5585.6
5472.67
5441.24
5447.07
5492.86
5504.37
5614.57
5521.31
5441.5
5491.07
5492.24
5496.3
5553.69
5449.14
5515.17
5504.27
5478.1
5460.23
5474.07
5539
5514.83
5480.83
5500.34
5442.7
5487.47
5489.48
5600.07
5546.48
5523.13
5463.7
5481.17
5510.93
5476.67
5465.23
5512.93
5497.27
5490.4
5480.17
5556.86
5491.97
5348.83
5481.67
5561.24
5620.57
5484.47
5528.79
5598.24
5519.55
5339.1
5474.38
5404
5531.27
5459.87
5545.9
5553.38
5532
5464.2
5514.87
5585.34
5471.13
5469.93
5493.27
5458.33
5416.48
5529.34
5570.37
5457.9
5362.62
5620.17
5535.59
5483.57
5542.38
5490.3
5568.76
5511.93
5464.8
5508.55
5527.03
5468.97
5459.28
5514.7
5505.17
5438.07
5469.97
5555.3
5536.47
5559.67
5521.21
5452.27
5501
5532.07
5477.4
5392.83
5483.3
5554.34
5553.31
5511.83
