0.722977
0.756051
0.775266
0.80689
0.827919
0.81751
0.8368
0.829604
0.830358
0.819225
0.833808
0.834323
0.813783
0.826573
0.829435
0.831791
0.831101
0.831907
0.845245
0.836568
0.819954
0.830613
0.828957
0.828247
0.834588
0.843287
0.822366
0.819449
0.828654
0.817367
0.831358
0.825367
0.836382
0.829797
0.811282
0.820304
0.827371
0.823488
0.821375
0.823902
0.823602
0.806972
0.800546
0.803616
0.829141
0.825306
0.819631
0.812981
0.816815
0.837
0.821738
0.827221
0.829672
0.825137
0.836037
0.830386
0.829422
0.82751
0.804643
0.813459
0.822027
0.833181
0.835773
0.827715
0.841358
0.847437
0.818014
0.8271
0.824671
0.812885
0.824317
0.821645
0.844527
0.82432
0.831715
0.824882
0.829941
0.836563
0.83591
0.807552
0.836649
0.808169
0.823507
0.803764
0.81352
0.823198
0.805043
0.844062
0.820965
0.826044
0.797274
0.828985
0.836666
0.818734
0.819226
0.825892
0.827153
0.808937
0.82034
0.815646
0.832469
0.817968
0.818866
0.823043
0.823837
0.827115
0.83026
0.824528
0.827602
0.840318
0.835181
0.823112
0.827775
0.826973
