918
918
918
909.391
880.682
856.827
841.705
839.92
842.123
843.123
842.728
848.778
843.227
839.018
843.635
841.014
837.294
842.468
842.022
841.556
837.276
838.643
841.581
844.227
844.584
844.366
838.638
837.572
840.497
840.944
841.332
841.517
838.832
841.375
840.617
840.404
841.498
843.487
844.783
842.833
842.092
843.05
843.033
845.898
846.525
847.051
842.047
839.723
838.566
840.381
841.323
840.776
841.943
843.682
843.035
843.172
843.652
844.643
841.8
841.8
842.202
849.76
850.677
847.615
841.586
842.363
840.923
836.011
835.034
843.079
844.36
849.16
847.597
849.603
847.308
844.64
843.04
844.83
844.086
839.819
841.262
842.766
843.102
845.186
849.362
847.894
844.376
846.481
853.35
847.342
845.562
846.384
844.265
844.75
841.312
840.716
842.476
842.048
840.696
842.248
844.284
843.549
843.291
846.387
847.889
845.124
843.301
840.317
839.257
841.644
841.594
839.99
841.12
846.479
847.314
844.597
841.931
841.34
