117.444412
117.323227
117.331619
117.287682
117.314468
117.310013
117.281479
117.288483
117.318047
117.294876
117.295425
117.309723
117.317505
117.326752
117.294662
117.332130
117.329666
117.345413
117.314148
117.283745
117.327972
117.325851
117.333855
117.315521
117.285477
117.318176
117.323265
117.320671
117.297119
Control Period
121.540421
117.314148
122.320831
117.265633
117.297638
117.307236
117.294975
117.284317
117.302338
Control Period
122.755486
122.563393
122.223358
123.065735
122.925339
124.968292
126.786331
121.961952
Control Period
128.003586
127.483711
128.050812
128.360123
127.662750
124.958015
123.767105
127.633606
Control Period
129.326904
127.678116
127.698746
127.069763
128.041656
128.292480
128.193253
Control Period
134.024567
131.801407
128.134048
132.223999
127.420227
129.318054
131.209885
127.895844
Control Period
132.509399
128.442017
130.642075
127.881660
131.697815
127.993919
129.946304
Control Period
128.168991
127.999138
129.921661
131.317856
127.667816
132.610748
127.414558
128.923523
Control Period
127.847351
132.559036
128.035706
129.123840
132.059692
127.923904
130.180801
127.990662
Control Period
134.013947
127.550232
128.293350
132.542496
128.009445
128.001114
128.451416
127.579010
Control Period
127.525345
127.918213
128.877594
128.263168
127.726303
127.567139
127.675842
127.990280
Control Period
129.015778
128.052826
127.910461
130.387421
127.911621
127.703430
128.039200
131.079681
Control Period
127.728157
131.136292
127.890175
128.094879
128.220993
128.068420
132.658875
Control Period
128.431458
127.468704
128.461670
127.927460
127.039017
128.844894
127.752380
127.943741
128.322662
Control Period
127.887558
128.183167
127.976456
127.784348
127.610779
127.768417
127.599487
127.179779
Control Period
130.288025
128.631287
128.748596
127.530075
127.722336
127.924805
127.947716
Control Period
128.089050
128.439545
128.088837
127.214401
128.028168
127.839005
128.248764
128.137344
129.799591
Control Period
128.324585
128.087967
133.214630
128.494919
127.861343
127.860764
128.194305
Control Period
129.651703
128.240768
127.571968
128.014435
127.960960
127.906723
127.922142
127.366333
128.074112
Control Period
127.786179
128.516129
127.859840
128.160919
128.258392
127.282623
127.795837
Control Period
128.100769
130.214020
127.939743
132.646637
127.998810
132.706879
128.112213
Control Period
134.014923
132.656738
127.524643
129.351654
127.754013
131.812576
127.435875
131.871674
Control Period
127.666565
130.817764
128.200134
130.298782
127.873978
130.456360
127.934662
132.078461
Control Period
128.056732
127.954941
127.985992
127.740219
127.610855
128.071808
127.740578
128.052063
Control Period
134.142242
128.233276
128.061035
127.896805
127.881630
128.263458
127.718849
127.863197
Control Period
129.022949
129.767807
127.875610
127.313629
128.385834
132.375275
128.170944
128.134659
Control Period
127.978783
128.253204
127.406113
127.809479
127.964348
128.236023
131.745377
Control Period
129.814453
128.551270
128.289627
128.121948
132.851654
127.678146
127.778465
127.900444
Control Period
134.177094
127.594177
127.735489
132.883774
127.123390
127.634598
128.392059
128.442505
Control Period
129.609283
128.104187
128.051041
127.590050
127.294342
128.234940
129.486343
128.165604
Control Period
133.004486
127.754532
127.747940
127.968826
128.005508
127.831169
128.284409
128.128357
Control Period
134.183350
127.322937
129.632004
131.868042
128.190170
128.260986
127.475876
126.848953
Control Period
127.413818
132.272034
128.876160
127.218178
128.490524
132.958496
128.307770
127.599609
Control Period
130.557953
127.782150
127.659843
128.222076
128.234436
128.863968
128.236664
129.177124
Control Period
133.117569
127.479042
127.839043
127.300385
128.146240
128.176056
130.294250
127.738205
Control Period
133.924438
127.585762
127.906364
127.834755
127.569763
127.819016
127.848831
127.909950
Control Period
130.366241
128.418335
128.268890
128.107422
127.975006
133.403290
127.488029
Control Period
128.197845
128.562683
127.645828
127.962906
132.556763
127.733093
128.595139
Control Period
127.853287
127.412354
128.503525
128.971039
128.215454
129.717117
127.236160
129.541245
Control Period
131.802719
128.367416
132.325851
128.017502
128.295929
133.912567
128.150879
Control Period
133.965942
127.899231
132.341125
127.600830
130.578186
128.020767
129.770523
127.696098
Control Period
134.085251
129.712616
131.559021
127.628387
129.458588
131.532608
127.737915
131.548737
Control Period
130.172806
130.376251
127.029251
128.059067
127.898712
127.916763
129.571106
131.441254
Control Period
127.745087
132.428574
127.844162
130.591583
128.142593
128.177444
131.682816
Control Period
127.544388
127.693024
129.729156
132.107330
128.012131
128.538559
128.163574
128.913666
Control Period
132.802887
128.423874
132.312805
127.456543
127.915070
129.204193
128.163910
128.153656
Control Period
131.739517
129.779938
127.952606
127.891518
127.950439
127.200958
127.823326
127.293884
Control Period
128.499680
127.844994
127.567039
127.092957
127.637604
128.438492
128.114594
128.171234
Control Period
128.267426
132.776901
128.097321
127.837891
127.978142
128.376129
132.059998
128.458557
Control Period
127.462311
128.791687
127.727173
128.349854
128.252869
128.106339
127.643265
Control Period
133.658432
128.037415
128.082184
127.782501
127.950180
127.925980
128.174011
127.902496
Control Period
128.034363
127.814117
128.564194
127.260605
129.091171
133.446899
127.170975
127.811905
Control Period
133.980957
127.892509
128.025986
127.993599
128.145828
127.878014
127.944031
127.936638
Control Period
133.053864
127.810440
128.367325
127.653412
127.864838
127.657318
127.580605
Control Period
134.041382
133.295563
128.839966
128.951004
132.992615
127.651390
130.797760
127.442856
Control Period
134.274368
128.232986
129.916809
132.721741
128.002625
130.317215
129.786346
Control Period
127.459229
129.221313
127.973892
128.842560
128.114166
129.682846
127.976357
129.458679
Control Period
127.643234
132.026688
128.452286
132.989151
127.856766
133.155304
133.134918
Control Period
127.852898
126.744766
132.850494
127.880066
129.719040
128.099838
132.141479
127.305115
Control Period
128.091812
128.752838
133.051041
128.206467
128.177536
127.841568
127.832062
Control Period
129.601562
129.944702
128.131714
129.953125
127.534622
128.976227
128.072479
133.375366
Control Period
127.909576
132.348358
128.861603
128.030365
133.922791
128.101730
129.648575
128.290878
Control Period
134.136505
127.657150
129.242950
127.650879
127.988831
128.047043
127.994591
127.710686
Control Period
129.810013
127.905823
127.888222
128.090851
128.095703
127.787491
128.030273
127.659966
Control Period
128.008667
128.609055
127.230270
127.897507
130.784058
130.558075
127.794403
Control Period
130.904999
127.913025
127.400574
128.287781
127.872665
128.090240
128.156357
Control Period
134.102539
133.277405
127.364449
127.380669
130.932510
128.172546
131.425247
128.147675
Control Period
130.233765
128.519867
130.089828
128.009689
128.744873
127.803040
128.984634
133.122467
Control Period
134.126495
127.932449
129.240967
132.822205
128.815735
128.039963
128.378693
127.901245
Control Period
127.731934
127.787460
128.391556
128.123489
128.220413
128.213898
133.058563
128.221985
Control Period
129.137878
128.459427
133.138779
128.369919
128.544830
127.868835
128.357239
127.842369
Control Period
127.637665
128.405701
128.441635
127.589020
128.322815
128.137222
127.914307
129.886047
Control Period
132.895996
129.172989
127.711807
129.847717
133.178711
127.610626
127.717987
128.013474
Control Period
127.972961
130.237885
128.045761
129.228821
127.736038
133.909332
127.897095
Control Period
134.078018
130.881409
127.769501
134.084229
127.425629
129.980957
128.361252
128.102280
Control Period
130.640320
128.202560
129.196350
127.689087
130.494751
131.050171
127.919548
131.752609
Control Period
127.975266
131.343430
127.754944
131.438721
128.238495
128.199066
128.195267
127.995102
Control Period
131.211670
129.549652
127.608612
127.997696
128.406647
127.894974
127.731781
127.551300
Control Period
127.757431
127.701057
127.888161
128.954849
128.212860
128.436386
129.734619
128.288757
Control Period
131.908203
127.480034
127.999870
127.103806
127.771774
127.685822
128.114532
Control Period
129.117249
132.688004
127.412003
132.254089
128.040573
133.281052
127.323334
133.547821
127.828705
Control Period
128.005310
131.992584
129.174561
128.892120
127.906242
128.846619
132.630310
127.567612
Control Period
133.926666
127.535423
128.226532
128.050842
127.973534
127.944443
128.151031
128.026749
Control Period
130.220001
131.830338
127.294434
127.743103
127.585571
128.217957
127.510368
128.141052
Control Period
127.732384
129.006104
128.245728
127.718147
130.743103
130.642242
127.649376
Control Period
127.662979
132.035431
128.796600
128.501251
127.932480
128.476761
127.872513
130.590622
130.500992
Control Period
128.120926
128.222565
131.580292
127.113693
128.074310
128.127975
128.458878
132.941696
Control Period
127.891296
127.817535
128.270630
127.499680
126.512451
127.302979
132.277405
Control Period
129.233154
127.511841
130.532928
128.155487
130.804993
127.955750
127.314377
130.353180
Control Period
134.139069
128.949371
127.637634
128.377594
127.621788
128.283005
127.594940
131.508957
Control Period
134.098755
127.306046
127.748795
127.923454
127.834435
127.927780
127.214233
Control Period
127.851868
127.561569
129.934494
127.343582
130.957092
127.369827
132.597534
127.320351
Control Period
134.112793
127.834427
130.852768
127.706726
130.092514
127.734085
130.723480
127.717087
Control Period
130.492218
128.117950
127.851364
130.092773
128.320770
132.959412
127.897568
128.086914
Control Period
127.268860
133.076706
127.862045
132.550659
127.894432
132.789764
127.946205
Control Period
131.457092
128.077408
131.556992
127.809631
130.825027
129.614975
131.534271
Control Period
127.925888
129.237854
131.902313
127.954849
129.821503
131.687256
132.000458
Control Period
127.657471
127.875298
129.903290
133.976440
127.974945
129.448090
131.887039
134.026459
Control Period
134.194107
132.084000
128.126785
131.586334
127.552795
131.160065
130.262085
127.775299
Control Period
134.174530
129.957916
127.963394
130.617981
127.918625
132.046875
128.334824
131.420258
Control Period
130.127106
128.087967
129.632034
128.230301
129.641754
127.599266
127.281921
132.370209
Control Period
127.738754
130.569672
128.023315
130.112183
128.095963
133.444061
127.569916
Control Period
134.169922
128.340149
127.013443
133.977112
127.905701
133.621735
129.269699
128.122009
Control Period
132.334503
127.997818
132.081406
127.732132
133.131073
127.768921
132.229446
128.041183
Control Period
127.727203
132.027222
129.761414
128.294113
127.354401
130.261887
127.641830
131.174042
Control Period
130.719742
128.068054
128.754623
127.882462
127.613281
127.925056
128.660187
127.884705
Control Period
127.968765
127.734558
128.687256
130.629410
127.700516
128.047546
127.970016
Control Period
127.670784
127.280289
127.932098
127.899780
128.041656
127.789627
128.324066
128.577515
131.601959
Control Period
128.897827
127.613663
128.142563
128.427734
128.620193
128.828156
127.908936
128.294495
Control Period
127.517883
127.850723
132.005096
127.914276
127.778717
128.220642
128.405090
Control Period
134.034119
128.018051
127.874237
134.168732
127.709122
127.812485
130.513947
127.620163
Control Period
128.247925
127.682945
129.209320
127.840645
128.324646
133.074783
128.115845
Control Period
134.115692
127.588638
127.472992
130.275101
130.838623
127.900703
133.043457
128.022430
134.001602
Control Period
133.937256
127.873215
129.480835
128.223877
128.210785
127.970749
117.333183
117.301498
Control Period
131.630676
134.182617
134.064423
134.125565
134.114365
134.177155
134.173096
134.145813
134.013031
133.982117
134.115448
134.123199
134.055679
134.181503
134.271103
134.103073
134.141754
134.159943
134.130585
134.165115
134.954407
134.187744
