59.315872
58.590912
58.576897
58.613922
58.650208
58.573120
58.575073
58.573891
58.574207
58.567520
58.583584
58.570305
58.573055
58.606655
58.616287
58.612991
58.640419
58.607231
58.550144
58.598080
58.610241
58.605469
58.590591
58.566559
58.590752
58.588417
58.707394
58.577248
58.575874
Control Period
58.785439
58.773087
58.802208
58.793503
62.598431
58.885025
58.782974
Control Period
60.410976
61.411297
60.802433
62.110912
61.637535
62.225952
61.090782
60.898655
Control Period
61.255840
64.889153
60.820736
61.177246
64.920380
61.360031
60.779041
64.224579
61.307327
60.519520
Control Period
61.094238
62.826660
64.915199
64.357376
60.767200
62.407585
64.903198
64.951965
Control Period
63.605534
60.935265
64.920990
64.912796
62.288254
64.956451
64.919739
Control Period
64.892670
60.791840
64.578369
64.897919
62.932575
61.476799
60.982018
63.095135
Control Period
64.887039
63.485535
61.161407
61.028450
62.021374
62.786465
64.925087
64.875938
Control Period
61.632706
64.392899
61.058655
61.419266
63.575363
64.248093
Control Period
61.670048
64.942780
64.731583
62.664417
61.303585
61.440353
64.693314
62.705666
61.015583
Control Period
64.941147
64.004318
64.698883
61.123039
61.872414
61.077217
63.694588
61.218880
Control Period
64.971870
60.959747
64.925980
64.612831
61.315361
64.974716
63.524323
Control Period
64.943840
64.955582
64.923355
62.232353
61.710686
62.076031
64.878021
64.901985
61.055939
Control Period
62.820446
64.904320
64.148224
62.912643
64.935135
64.326782
61.294144
62.621857
Control Period
64.515999
64.920609
61.881470
62.025280
64.749191
64.682175
61.104866
64.863556
Control Period
61.930847
61.440674
63.215199
60.892799
61.051777
64.094528
64.891846
Control Period
62.874687
64.877533
64.795486
62.138527
61.159264
64.950684
62.832352
60.746815
60.833218
Control Period
63.922371
61.887680
61.856064
64.935616
64.926559
62.208672
60.939934
63.373055
Control Period
64.943230
64.935265
62.606560
64.651810
61.811646
64.998657
64.973282
61.295391
64.910522
Control Period
64.963165
60.972321
64.980125
64.910492
61.444897
64.921158
60.981438
64.929504
Control Period
63.432610
60.869663
62.128864
64.858208
64.936478
64.842361
64.943619
Control Period
64.918785
62.940449
63.548031
62.098911
62.158783
61.122269
60.847263
61.362240
Control Period
60.956642
60.887295
61.608673
61.525436
64.887199
64.659515
64.909279
64.415649
Control Period
62.062943
62.484322
62.880703
60.450462
64.913887
64.936646
63.317917
61.236767
Control Period
61.580864
64.951172
61.427101
64.948029
61.302273
64.969086
62.540863
63.846146
Control Period
64.968124
62.926178
64.272003
61.379326
64.989761
60.807869
64.905350
63.251907
Control Period
62.507263
64.868347
62.995903
60.698273
64.929703
64.598434
63.092350
64.861183
Control Period
60.820896
64.844734
64.857635
61.816162
61.507744
64.819290
64.805252
61.094273
Control Period
64.851715
61.177086
62.938080
64.896484
63.020447
61.080963
63.402527
64.912865
61.017342
Control Period
64.865891
62.543041
64.903999
64.855835
64.931778
64.895615
61.642143
Control Period
64.939453
64.106018
64.057762
61.851681
64.980835
61.865059
63.840031
62.623711
Control Period
64.930298
62.087646
62.069313
64.982239
64.951584
61.679646
64.901886
63.582977
Control Period
64.873444
63.938210
60.676224
62.740067
64.462532
60.788994
62.544899
64.862335
Control Period
61.687263
63.969856
63.505474
63.039810
64.838432
63.777664
61.091648
Control Period
64.900993
64.807877
63.594978
60.818146
63.208191
64.817566
64.062721
64.854660
Control Period
61.438942
64.869987
64.889572
63.777950
63.974529
60.799007
60.853310
60.935745
Control Period
64.038307
64.523712
64.699326
63.696259
64.021439
64.071198
64.096542
64.872955
Control Period
64.879807
61.612610
62.113121
62.392029
64.921059
63.510910
63.086529
60.635872
Control Period
60.684227
64.334435
64.872101
62.635582
61.090370
63.552765
63.638081
64.875290
Control Period
63.333725
61.043137
60.683777
62.231998
63.150017
64.887138
64.085892
Control Period
64.911842
60.643967
64.789314
64.472382
61.180893
63.535011
Control Period
64.884613
62.813599
63.708382
64.291550
64.922371
64.328796
64.895523
64.842209
Control Period
64.867142
64.884003
63.856644
61.745087
61.986916
64.912033
64.764801
64.822372
Control Period
64.806496
61.335617
61.004578
64.004829
64.820160
64.312416
64.202972
63.397789
Control Period
63.816513
60.841217
62.896576
64.768478
63.437248
60.942238
60.376640
64.885437
Control Period
64.905151
61.032639
64.855682
62.767036
63.378845
64.831039
64.146301
62.744736
Control Period
64.818237
61.793537
64.482590
64.882881
64.895905
64.840317
60.702049
64.931747
Control Period
60.926430
64.831299
63.222015
61.093918
64.859650
64.307968
60.794048
64.824417
Control Period
63.712418
62.655197
64.849380
60.849503
63.966972
63.689247
64.815361
64.303741
Control Period
64.907455
64.055359
61.194206
62.496479
64.383011
62.209442
61.303711
64.790558
Control Period
64.907585
64.825439
61.490177
64.875229
64.843651
62.346272
60.943901
63.410015
Control Period
64.866562
64.849274
64.167549
60.795486
60.503841
60.776352
64.071426
64.046753
Control Period
61.028191
62.471710
62.535809
64.856895
64.322533
63.577728
61.175327
61.222080
Control Period
64.860260
62.293373
62.134079
61.109024
60.915230
63.844929
60.865250
Control Period
63.009155
60.853600
60.611427
61.095390
64.291679
63.617859
63.764671
Control Period
64.839554
64.313828
63.932800
63.776897
63.951714
60.917793
60.653343
60.985214
Control Period
61.107937
63.144863
64.871681
63.316643
60.921791
62.471169
64.638947
Control Period
64.864380
61.847969
61.417152
63.809761
61.371647
62.064770
64.857918
Control Period
64.876419
64.413116
62.437473
60.989376
64.110367
64.509796
64.397659
Control Period
64.865120
64.848251
63.108479
60.880318
63.299393
62.495811
61.136162
64.432228
Control Period
64.844604
63.378242
64.521820
61.413536
61.919807
63.902912
62.536831
62.845886
60.889088
Control Period
63.272705
61.055103
63.898109
64.844093
62.924446
60.938431
64.620895
Control Period
64.871262
63.822365
64.855202
62.816833
60.790077
60.998241
64.862885
62.012062
61.467007
Control Period
64.021278
61.474686
61.289375
64.883774
64.872833
62.191200
64.907745
64.871002
60.852833
Control Period
64.841888
64.900192
60.966431
64.922012
62.694977
64.765442
64.572418
62.365440
Control Period
64.879684
61.693954
64.881218
63.504189
60.837952
64.868668
64.851364
Control Period
61.190304
64.841469
64.845184
64.881248
62.184578
62.191422
61.092640
64.855164
Control Period
64.765533
64.477280
60.928513
64.918396
61.188736
62.226913
62.500736
Control Period
64.892479
61.652481
61.006531
62.694466
64.482658
64.631836
61.357597
Control Period
60.801155
63.054657
62.957695
64.946274
64.901024
62.377281
62.651390
Control Period
64.909668
60.795776
64.136322
61.101952
62.302494
64.583450
61.463554
61.399422
Control Period
64.845505
61.037632
60.907234
62.198654
62.107712
64.886047
64.507393
61.362015
Control Period
64.910690
60.992226
60.751297
60.987423
60.938530
60.836514
61.021919
60.968605
Control Period
60.992546
62.634850
62.880318
64.918747
64.179199
64.061600
61.131840
60.918434
Control Period
64.060959
64.407967
64.006790
63.790016
63.929184
64.391647
64.380676
Control Period
61.005379
63.251392
63.232544
62.659904
64.900352
61.718529
65.018692
61.563648
Control Period
64.936829
63.704605
64.883865
60.765312
63.860481
63.464863
61.208607
64.935516
Control Period
64.951324
62.979073
60.614880
63.658623
64.896698
64.069023
61.100193
62.548447
Control Period
61.039200
61.526146
64.975967
64.874947
64.890305
61.766045
61.026466
61.565277
Control Period
64.925026
62.748322
64.889214
64.876099
64.904701
62.357697
Control Period
61.036194
60.894176
60.986526
61.082527
64.898499
64.958557
64.967972
Control Period
63.824989
61.025986
63.510147
64.751167
60.728447
64.944992
62.474236
61.273567
Control Period
64.215363
62.151421
62.800415
60.647842
63.413437
63.116703
64.916290
Control Period
64.974564
64.950531
64.887268
64.911453
64.022720
64.082077
61.932770
Control Period
61.763966
62.923489
61.974304
62.680801
64.888794
64.115746
63.100609
Control Period
60.922852
64.662079
61.747650
62.433567
60.959904
63.193630
63.126911
Control Period
64.838112
62.824673
62.047485
64.915771
64.122208
64.451363
64.930939
61.837761
Control Period
60.852798
60.945023
60.924896
60.972130
61.128067
60.944191
60.985569
Control Period
64.877243
64.892097
64.304733
64.367294
64.045982
60.757568
60.840157
60.706429
Control Period
63.674561
63.837280
64.909149
61.224449
62.454433
62.398972
62.446686
Control Period
64.874878
64.764801
64.625343
63.897152
63.056061
63.266144
62.530563
63.271103
Control Period
64.871582
61.146786
62.571777
64.851456
64.566589
61.038498
62.643234
Control Period
64.885727
62.060448
60.969635
63.635551
64.890976
61.011139
63.302113
64.901535
Control Period
60.835552
63.219490
64.855652
63.887138
63.653408
61.198654
63.523651
63.966660
Control Period
64.774170
62.294369
60.986275
63.258850
64.806145
64.389984
64.393181
Control Period
62.019230
64.133247
64.923813
62.634468
61.276894
64.922943
64.369598
Control Period
64.951233
61.243679
64.546783
64.888573
61.907394
62.158848
60.875168
64.330688
Control Period
63.687393
64.317024
64.799393
64.861404
64.860321
63.061695
63.523232
62.800606
Control Period
60.598560
63.249725
64.004860
64.477570
64.913635
62.953022
63.014755
Control Period
64.863617
64.911804
64.313309
61.729309
64.896835
61.415966
64.878052
Control Period
60.756287
61.287872
64.332733
62.892033
61.533920
61.342178
61.851486
Control Period
62.488354
64.467522
63.917503
61.063263
62.447777
62.571873
64.991623
64.963264
Control Period
60.887424
62.005154
62.316704
61.839039
61.866653
63.255199
63.605824
Control Period
63.770180
62.534210
62.288193
64.896637
64.476898
63.873886
60.830273
60.876930
64.891739
Control Period
63.657951
64.888351
64.190979
62.721085
64.884262
64.915009
61.183552
63.680450
Control Period
63.383327
63.698303
64.969856
64.929794
61.745827
64.910278
61.960220
Control Period
64.913498
62.545055
60.744194
64.437469
64.922821
63.697853
61.056129
Control Period
64.926682
62.606720
64.893539
63.888222
64.253380
64.861023
61.745953
62.225983
64.793663
Control Period
64.945122
64.917282
61.140701
64.428482
64.974976
60.856480
62.188000
64.911163
Control Period
62.102592
64.063873
61.205246
61.208099
61.091232
64.391357
Control Period
61.264290
61.180386
63.419357
64.094879
60.987038
61.500065
61.032288
Control Period
60.756737
62.920929
62.366081
64.917984
64.876511
64.899109
61.813152
61.288158
Control Period
64.901985
64.902977
64.956703
60.806656
63.916130
63.569824
64.318977
Control Period
60.505310
63.602432
64.912094
62.281120
60.933823
63.222206
64.856766
Control Period
63.787773
64.719841
64.693153
64.687233
64.778305
64.789948
64.778015
64.791039
64.753502
64.725922
64.723679
64.689728
64.680511
64.698502
64.710945
64.700798
64.745148
64.705505
64.655045
64.679520
64.680099
64.689507
64.652039
64.637665
64.681953
65.176254
