60.061409
59.895393
59.897121
59.894272
59.872734
59.885376
59.879135
59.851807
59.898144
59.855167
59.872959
59.886017
59.893440
59.879326
59.903072
59.889923
59.888062
59.894432
59.882370
59.868576
59.913471
59.907745
59.892639
59.880447
59.903458
59.893921
59.889374
59.892578
59.915810
59.899712
Control Period
59.879166
59.892639
59.890465
59.867363
59.866848
59.896286
61.945057
59.874016
Control Period
64.796799
61.123550
63.120480
65.598785
63.938339
59.879040
61.719200
65.269760
Control Period
68.413055
63.800957
65.672035
61.783134
63.666397
68.491333
66.312737
62.464226
Control Period
64.250145
66.276993
66.760101
63.116062
66.485695
66.771805
62.173504
61.427582
Control Period
61.864639
68.489410
64.621758
68.123329
66.580544
62.641533
68.525826
Control Period
68.555740
68.536194
62.619137
68.512161
61.720413
68.637115
62.694817
68.604156
Control Period
68.586502
64.244095
62.063042
68.529503
64.085892
66.740288
67.064255
Control Period
68.483902
61.268063
65.941635
67.235840
62.316734
67.300446
65.948608
62.270592
Control Period
65.416290
68.483009
63.386208
62.521854
66.063713
68.524673
67.223389
61.988129
Control Period
68.518753
67.209122
65.537506
64.733917
65.894081
61.933376
68.532028
68.437317
68.446815
66.354492
Control Period
67.228256
63.697182
64.841057
65.840958
64.595551
66.889343
67.648354
Control Period
64.690941
68.490143
64.576126
64.991005
68.450623
67.949188
62.079903
61.782272
67.806396
Control Period
68.178909
68.055710
65.705566
66.133759
67.141281
67.264671
62.160065
Control Period
62.241375
63.774750
66.601280
66.407013
64.714340
64.003487
63.318626
Control Period
63.140991
64.875488
66.298233
64.236580
63.591713
64.776451
64.080963
62.626915
62.473473
Control Period
68.578812
66.319008
63.204285
65.471840
68.508347
68.386978
62.643711
Control Period
68.573570
62.689537
61.899040
67.801056
68.576828
64.656578
64.283745
62.582016
Control Period
68.523193
68.544319
68.448380
67.963203
68.460190
65.453156
65.425858
Control Period
63.693825
66.953026
65.730591
65.997253
64.133057
63.500481
62.515553
67.833633
68.565376
Control Period
68.535233
68.502335
66.152321
68.460541
62.515232
68.442879
62.001884
68.528763
Control Period
68.525604
63.774143
68.535332
67.344772
66.298653
61.986717
68.466240
62.064159
Control Period
68.463867
64.680252
67.849792
64.903038
68.432358
62.615715
68.494080
Control Period
64.263611
68.487617
68.479675
62.315647
66.111038
68.524734
66.119965
62.240959
Control Period
67.959686
63.866371
65.384224
67.288193
68.523232
66.869446
63.737122
Control Period
68.484894
65.016861
68.493149
67.639450
62.337601
62.053406
62.625793
Control Period
68.512985
64.877411
67.660355
66.445694
62.163456
68.517982
68.535583
64.406021
Control Period
68.567780
63.778656
63.307457
68.498917
62.976383
62.494625
64.735809
68.473213
Control Period
64.852707
68.442307
68.395111
62.509117
68.515518
68.483521
63.083740
64.601471
Control Period
68.520706
63.918526
68.497284
62.423840
62.974751
67.648254
Control Period
65.385025
68.492607
66.109154
62.179039
67.506241
68.562141
65.584412
62.136574
Control Period
62.413406
67.387802
66.394150
61.992767
65.193054
68.529892
65.064545
Control Period
63.191746
68.536636
63.593155
64.895615
62.486561
68.167358
63.687805
Control Period
64.823425
68.332031
66.443619
62.082848
65.646912
67.155807
65.741920
64.473091
Control Period
68.517822
68.530014
62.885597
67.500732
68.450592
65.006783
62.809441
68.411041
Control Period
63.470879
64.833405
65.773956
67.265213
68.429764
65.432961
65.790146
66.203171
Control Period
65.859550
64.744675
62.633888
67.415741
61.789696
62.170593
67.810883
67.833534
Control Period
65.061409
68.461060
64.350525
62.352737
68.492325
63.422653
68.414276
63.714176
Control Period
68.398590
68.430084
67.491196
64.858818
68.102692
64.945503
68.431648
63.600189
Control Period
68.355804
68.125793
62.924992
68.436798
68.211998
62.053986
68.494400
66.739105
63.886749
Control Period
62.512512
68.518593
63.091202
68.534401
64.097664
68.444580
63.723488
Control Period
64.241211
65.017380
68.489532
62.753857
65.010048
67.595749
62.103935
Control Period
68.520767
63.524033
68.349602
68.263046
62.013283
66.586624
66.450500
Control Period
62.089821
68.454369
62.459679
65.827583
65.180832
61.890755
68.468933
62.249825
Control Period
68.524673
68.557312
63.630623
64.379936
68.511261
62.503326
68.486206
64.357246
63.171490
Control Period
67.732193
62.311455
68.516098
68.490494
64.344101
63.354656
68.530304
61.862465
68.578400
Control Period
64.733475
63.197376
62.505119
62.510303
62.205761
63.873375
64.767715
Control Period
68.567520
68.525635
68.216156
66.583298
68.561150
68.536224
67.533089
67.332993
61.890560
Control Period
68.433884
63.471424
63.147968
64.799263
68.568703
67.599686
62.196289
Control Period
61.748417
68.538368
64.295425
68.569443
67.193794
61.572510
68.563904
64.613091
63.814335
68.583130
Control Period
62.676384
64.342110
68.596130
67.036957
68.527878
67.413376
66.900352
68.511459
Control Period
68.441666
68.579361
63.159233
65.873413
67.827072
62.723488
65.467010
68.522369
62.006142
Control Period
65.740288
65.083267
63.741665
62.581345
61.635582
61.737728
62.283840
Control Period
63.066750
68.493286
68.527420
68.583389
62.488705
62.477024
62.741631
63.823681
64.337341
Control Period
68.527740
62.882912
65.199814
67.179939
62.261124
66.179489
65.197060
63.058208
Control Period
62.517250
66.123108
67.059006
61.837025
66.767937
64.712067
63.729057
61.783394
Control Period
67.129501
66.017921
67.158401
67.416702
62.812096
68.547485
63.364349
68.468323
Control Period
63.848099
68.485985
63.437504
68.504066
62.840031
68.574692
68.639236
62.237087
68.591812
Control Period
68.612320
64.102753
68.650116
67.147522
67.708542
64.690140
68.612801
68.699615
Control Period
63.468544
63.158527
68.633957
64.901726
68.578751
66.359871
67.013634
68.565117
Control Period
68.558975
63.826561
68.617409
63.550499
68.360794
62.568352
68.589661
63.581375
Control Period
68.519745
64.027840
64.613251
68.591614
61.518593
66.890656
66.484161
62.092285
Control Period
62.533760
66.240479
66.727615
62.371456
68.566788
65.100357
67.982048
68.507965
Control Period
66.347427
68.588379
68.520737
68.193886
62.246719
68.563904
68.557831
Control Period
62.564896
68.482048
66.935745
62.095459
67.907715
65.481308
62.936832
68.513504
Control Period
68.523773
68.541885
67.225441
67.090721
68.589600
62.166336
66.844322
63.410721
65.223999
Control Period
68.533760
63.113056
68.448448
66.427040
64.989090
68.509087
62.509727
68.554657
Control Period
65.921692
67.089951
65.889313
68.549377
67.969467
65.249825
Control Period
65.014977
62.935265
67.518814
64.493980
64.027359
68.609756
68.465729
Control Period
68.552864
68.561661
68.589081
62.661377
62.018494
61.969025
67.156219
67.106277
Control Period
60.634750
62.283073
67.980164
68.547043
66.583389
62.349983
61.973057
68.360802
Control Period
65.238556
63.053280
68.658371
68.279846
61.935234
67.807137
67.138016
Control Period
65.842270
67.548676
66.343933
64.612289
63.271198
62.825027
65.146500
Control Period
68.657410
68.638496
62.757698
68.614273
67.200127
66.164383
62.361248
68.530495
65.291779
Control Period
62.578781
68.564224
62.204639
67.441505
66.939522
67.380417
68.552063
Control Period
63.205055
68.607811
64.597763
67.643425
65.882492
62.537407
68.567551
Control Period
61.527138
68.516991
62.005791
68.712036
64.967583
67.095520
65.736961
68.532478
68.449982
Control Period
63.775070
63.827713
65.175011
68.370300
66.539322
62.079971
67.985886
Control Period
68.538750
63.216034
62.983681
64.944801
66.069923
66.959579
67.453629
Control Period
64.521790
66.982590
65.603073
67.785187
66.338364
68.047745
67.894432
67.644478
Control Period
63.139679
68.560349
61.377857
68.531036
62.547775
68.636162
62.578911
Control Period
68.503136
68.543488
67.680191
65.620956
62.960514
64.239807
68.639359
Control Period
62.465569
64.154465
65.064545
65.632065
68.530434
68.553535
67.869438
65.015198
Control Period
66.346725
62.620415
66.977051
68.452545
64.373665
63.700867
68.418945
Control Period
67.224609
68.493286
66.362114
62.499969
67.733826
65.847488
62.519936
68.553635
Control Period
67.497246
65.910812
61.979523
67.945953
68.507874
63.978657
66.120705
Control Period
64.966942
62.593185
64.742722
68.477020
67.089340
61.880226
62.185341
62.085888
Control Period
68.480957
66.200447
68.526176
67.785446
62.135391
64.865501
68.451553
67.119965
61.899296
Control Period
66.818146
67.364319
65.340988
67.545853
65.250015
62.846268
Control Period
67.109436
67.649986
61.771523
68.548386
67.261505
65.839706
68.461563
62.299423
Control Period
62.134750
68.537537
68.494270
63.752319
65.956131
62.621025
68.497284
68.255493
Control Period
68.465149
63.746399
68.435005
62.049759
68.532257
61.865696
68.475136
62.510338
Control Period
66.497284
65.658813
68.246307
66.262657
68.501083
62.483742
68.430305
Control Period
62.694912
68.491646
62.419296
63.467903
68.447388
62.761597
65.133568
Control Period
68.508286
68.529861
61.785248
68.551201
63.207970
68.547134
62.789951
68.524925
Control Period
68.555557
68.530945
61.167519
68.406082
62.294815
65.584412
66.807938
68.536163
63.780575
Control Period
68.463715
68.463326
64.227005
68.447418
68.361343
63.891808
62.008705
68.497986
Control Period
68.549637
65.959267
61.923649
68.513824
63.585182
64.288132
62.189312
67.828514
Control Period
64.081467
68.494629
61.950882
68.509346
67.827553
66.139267
68.345375
Control Period
66.801758
66.402527
68.468964
65.295486
68.440834
61.087872
68.540993
62.583263
Control Period
65.793983
67.092896
66.558624
66.457092
66.667618
62.092575
68.441666
Control Period
62.177536
68.529251
63.025921
66.939743
65.902496
66.909119
61.862526
68.538849
Control Period
64.028992
64.827805
68.510078
63.252769
68.411270
61.938335
68.502594
68.169571
Control Period
64.854881
68.467293
61.982719
68.481445
62.042946
68.463295
62.210846
68.380157
Control Period
68.388641
61.729729
63.951199
67.439743
67.449570
65.795044
68.462624
63.613251
Control Period
65.399582
64.454079
63.626881
64.420349
68.463715
68.099518
66.676895
Control Period
62.276833
66.737473
68.486275
63.717857
65.527809
67.482910
66.224030
68.502335
65.246689
Control Period
68.541473
67.195168
64.162781
62.418015
68.086075
67.687103
67.138176
62.452095
Control Period
67.746750
67.210144
67.160126
67.113052
65.213570
64.358879
64.017380
Control Period
62.195583
65.870079
63.014595
62.658688
62.241409
67.293983
68.443520
67.896225
Control Period
64.855904
68.533249
68.475235
62.694336
68.570686
67.724380
65.250977
Control Period
68.586655
68.622650
68.514755
64.245438
65.153442
68.539902
61.725216
Control Period
66.452736
61.677952
68.508484
63.362751
66.161087
61.933727
Control Period
65.218178
65.598625
66.996033
66.039902
62.082687
68.547775
59.883842
59.859295
Control Period
59.875393
68.413536
68.481346
68.501953
68.539932
68.490143
68.449188
68.476410
68.457024
68.500641
68.527359
68.508514
68.484032
68.490562
68.535553
68.474457
68.499969
68.518913
68.499168
68.534302
68.485344
68.496094
68.528961
68.477760
