57.9628
58.015
58.1909
58.6694
58.5189
58.6198
59.1096
59.4201
58.2868
58.7281
59.8204
59.717
58.7359
58.2556
59.1355
59.2005
59.3302
59.5107
59.1918
59.3456
59.4312
59.2862
58.957
59.2864
58.5445
58.9316
58.8683
59.145
59.1352
59.3014
59.0114
59.1166
59.4426
59.6334
59.1411
59.6296
59.0171
58.9723
58.6257
59.5106
58.5503
58.4079
58.2985
58.5807
59.8491
57.5389
58.8758
58.5484
59.1415
58.7903
58.7366
59.3228
59.1313
59.3402
57.4542
57.7875
58.6039
59.383
59.3122
57.6348
58.6583
59.3712
59.2121
58.5197
59.2383
58.4953
59.1663
59.1294
58.8902
59.269
59.8997
58.5795
57.97
58.3972
58.6394
59.2051
59.8944
59.4404
59.2097
59.4048
58.2361
59.0364
59.3904
58.8551
59.7178
59.3837
59.9104
57.7817
58.7495
59.1489
57.6738
58.436
58.3837
59.6714
59.2305
59.1007
58.7664
59.8825
58.6428
59.0438
59.1053
59.4324
58.6809
58.5872
58.5826
58.739
58.5229
57.5137
58.6523
58.6971
59.79
59.9109
59.8536
58.3438
