0.724535
0.725187
0.727387
0.733367
0.731487
0.732748
0.73887
0.742751
0.728584
0.734101
0.747755
0.746462
0.734199
0.728195
0.739194
0.740006
0.741628
0.743883
0.739897
0.74182
0.74289
0.741077
0.736962
0.741079
0.731807
0.736645
0.735854
0.739313
0.73919
0.741268
0.737643
0.738957
0.743033
0.745418
0.739264
0.745369
0.737714
0.737154
0.732821
0.743883
0.731879
0.730098
0.728731
0.732259
0.748113
0.719237
0.735947
0.731855
0.739269
0.734878
0.734208
0.741535
0.739141
0.741752
0.718177
0.722344
0.732549
0.742287
0.741403
0.720435
0.733228
0.74214
0.740151
0.731496
0.740479
0.731192
0.739579
0.739117
0.736127
0.740863
0.748746
0.732244
0.724625
0.729965
0.732993
0.740064
0.74868
0.743006
0.740122
0.74256
0.727951
0.737955
0.74238
0.735689
0.746473
0.742297
0.748881
0.722272
0.734369
0.739361
0.720922
0.730449
0.729797
0.745892
0.740381
0.738759
0.73458
0.748532
0.733035
0.738047
0.738817
0.742904
0.733511
0.73234
0.732283
0.734237
0.731536
0.718921
0.733154
0.733714
0.747375
0.748887
0.748171
0.729297
