-164.918
-641.633
-292.724
-199.333
-62
22.6895
-98.5669
-4
17.2998
-31.4829
98.3335
68.3999
-2.75879
70.3999
31.6333
-74.7998
-79.8965
20.1665
82.8623
-122.067
-28.5864
-23
66.8276
77.8999
-22.793
-22.8335
-17.1377
43.7666
-15.9312
-43.2334
-8.48291
52.0347
-47.8965
-16.8999
-82.7998
-55.6333
53.6553
48.1001
-14.9312
30.7588
47.5
-8.1001
83.8667
-49.7666
0.799805
-46.1377
-7.75879
-88.5
51.7334
94.8623
-96.3335
-3.27588
49.7666
13.7666
-5.37939
79.8667
-64.5864
-2.43311
-62.7241
3.4668
35.9331
-50.0688
-62.2666
47.9653
35
3.2002
7.96533
-64.6333
-16.2666
100.207
-8.5
-53.3794
23.9312
32.2666
-82.0332
135.483
5.70947
-42.6206
-46.4829
17.0332
118.1
-32.1377
-39.1333
-26.6333
55.0688
-64.3999
13.0347
7.3999
-17.7588
-0.533203
63.7241
-9.06689
-46.8335
-43.3447
52.7334
35.9653
-38.8667
-12.5864
-22.9331
104.633
-19.2002
-5.31055
-21.0669
-48.1001
5.8335
3.75879
139.7
-3.31055
-171.733
84.5518
-16.1035
-33.2334
0
146.214
