5669.08
6742.4
7076.17
7188.6
7034.57
7027
7123.2
6982.83
6930.9
7123.73
6933.83
6885
6965.43
6936.17
7031.53
7043.33
6993.38
6968.63
6972.63
7035.03
6971.37
7049.53
6999.41
7054.43
6984.6
7011.7
6964.2
7100.45
7049.17
6946.13
7033.52
6933.03
7095.9
6930
6919.3
7159.66
6943.97
6928.1
7014.07
6962.6
6972.57
6940.66
6972.93
7048.8
7073.77
7000.7
7008.27
7057.1
6976.45
7016.23
6886.73
7126.8
7054.55
6952.93
6868.17
7104.3
7038.59
6965.2
6904.93
7018.66
7026.27
7019.63
6945.1
7026.67
6986.63
6985.33
7032.66
7010.83
6991.5
7109.87
6955.07
7074.45
6989.27
6993.67
6971.03
6983.63
6966.87
6968.93
6852.21
7028.93
7038.6
7045.07
7108.17
6969.57
6960.3
7001.69
7005.27
7001.6
6936.03
7167.24
6962.41
6953.37
7011.8
6972.17
6993.6
6940.9
6915.17
7175
6987.53
6990.17
6933.83
7002.13
7017.63
7004.8
7186
6992.9
6916.87
6953.73
7040.93
7021.17
6906.38
6974
7059.69
6983.88
