3862.5
5892.5
5952
6440.5
6969
7101.5
7048
7135
7022.5
6943.5
7002.5
7022.5
7062
6850.5
7022.5
6963
7175
7081.5
6983
6988.5
6963
6949.5
7028.5
6890
7200
6949.5
7022.5
7003
7135
6969
7002.5
7042
6850.5
7101
6870.5
6864.5
6791.5
7081.5
6983
6923.5
7076
7115.5
7081.5
7174.5
7175
6929.5
7234
7028.5
7081.5
6963.5
6983
7008.5
7002.5
6929.5
7101.5
7234
7135.5
6890
7121.5
6943.5
6830.5
6969
7062
6811
6929.5
7082
6929.5
6884.5
7101
7121
7062
6929.5
7121
6963
7082
6949
6830.5
7101.5
6963
7194.5
7135.5
6963
7003
7002.5
7062
7003
7220
6909.5
7115.5
6963.5
7062
6910
6943.5
6830.5
7121
7082
6929.5
6910
6929.5
7174.5
6890
7279
7022.5
6890
7042
7121
6890
6850.5
7121
6890
