918
918
918
984.546
997.426
993.618
984.188
982.459
981.109
974.949
975.808
979.263
973.076
976.384
982.134
983.863
987.054
985.478
983.311
983.642
985.21
986.579
984.827
986.259
983.782
983.811
981.09
981.86
981.275
983.065
978.042
975.584
978.277
976.601
979.95
975.155
978.655
982.69
974.707
977.509
981.104
980.4
982.27
983.642
986.609
987.963
985.523
981.834
981.799
981.386
978.531
978.531
979.708
978.897
984.56
978.22
975.493
977.846
984.438
979.223
977.293
979.033
983.787
982.854
981.541
980.559
983.304
981.971
982.639
983.372
981.739
981.198
981.623
976.129
978.376
974.654
975.19
975.507
976.955
977.774
979.43
980.984
988.373
986.927
984.997
982.743
977.335
978.857
980.841
980.757
980.494
980.414
983.612
975.25
977.129
979.461
978.871
980.263
980.583
983.538
987.779
979.029
979.652
980.144
983.453
983.346
982.464
982.224
972.924
973.28
977.436
979.75
977.703
976.645
981.326
982.626
979.641
980.447
