80
76.9782
75.0451
73.4803
72.2268
71.2335
70.4545
69.8465
69.3743
69.0106
68.7322
68.5209
68.3655
68.2484
68.1618
68.1025
68.0593
68.0315
68.0176
68.0075
68.0044
68.0085
68.0178
68.0284
68.0384
68.0492
68.0648
68.0838
68.1032
68.1196
68.1388
68.1562
68.172
68.1882
68.2021
68.2176
68.2347
68.2503
68.2694
68.287
68.3
68.3129
68.3267
68.341
68.3589
68.3788
68.3972
68.4129
68.4257
68.4383
68.4517
68.4679
68.4835
68.4971
68.5089
68.52
68.5286
68.5409
68.5528
68.5584
68.5644
68.5733
68.5829
68.5948
68.6043
68.6153
68.6235
68.6259
68.6295
68.6394
68.6468
68.6549
68.6587
68.6656
68.6723
68.6859
68.6927
68.697
68.7003
68.7074
68.7134
68.7217
68.7284
68.7365
68.7471
68.752
68.7549
68.7591
68.7639
68.7675
68.7722
68.777
68.7824
68.7886
68.7949
68.8024
68.8079
68.8101
68.8117
68.8131
68.8168
68.8188
68.822
68.8265
68.8324
68.8337
68.8386
68.8429
68.843
68.8445
68.8486
68.8527
68.8592
68.8597
68.8633
0
