57.9538
59.8824
59.8879
59.8872
59.8903
59.8931
59.8838
59.8903
59.8958
59.8868
59.9028
59.906
59.8917
59.8874
59.9024
59.8946
59.9064
59.8999
59.891
59.8831
59.9055
59.8962
59.8989
59.8818
59.8781
59.8771
59.8809
59.8892
59.8878
59.8897
59.8823
59.8859
59.8948
59.9038
59.8748
59.8933
59.8856
59.8734
59.9053
59.902
59.8876
59.8887
59.8916
59.9124
59.8921
59.8893
59.8901
59.8855
59.8829
59.8767
59.8761
59.879
59.8811
59.8871
59.8938
59.8856
59.8762
59.89
59.8726
59.8862
59.8787
59.8525
59.865
59.8725
59.8757
59.8941
59.887
59.8887
59.8907
59.8811
59.8689
59.8843
59.8829
59.8856
59.8775
59.8933
59.898
59.8895
59.8853
59.8816
59.8716
59.8855
59.8703
59.8815
59.8947
59.8873
59.8863
59.908
59.8973
59.9121
59.8848
59.8988
59.8972
59.9062
59.8872
59.8919
59.8874
59.8918
59.8789
59.8978
59.901
59.8704
59.8886
59.8901
59.8787
59.8922
59.8995
59.8904
59.902
59.9003
59.8939
59.9067
59.8982
59.8998
59.881
0
