-187.126
-475.219
-389.281
-439.188
-473.719
-472.812
-424.906
-433.531
-423.656
-416.968
-433.562
-354.125
-407.594
-418.688
-428.625
-424.969
-315.688
-397
-448.312
-434.781
-420
-427.438
-399.5
-480.25
-428.594
-431.121
-390.938
-358.193
-399
-510.469
-436.062
-436.062
-421.188
-420.031
-428.484
-482.969
-373.562
-419.938
-483.032
-424.844
-432.291
-401.688
-406.594
-424.938
-437.312
-434.781
-428.594
-439.781
-475.281
-505.5
-450.875
-354.394
-427.258
-395.719
-422.469
-434.667
-355.645
-413.812
-408.25
-422.879
-412.812
-409.645
-352.188
-394.281
-414.419
-332.062
-462.212
-436.062
-443.839
-501.906
-437.312
-381.219
-371.125
-412.531
-477.781
-434.812
-376.406
-365.25
-374.781
-429.875
-429.875
-431.062
-424.938
-471.531
-432.406
-493.781
-508.406
-429.875
-366.581
-555.25
-426.219
-485.125
-434.812
-458.844
-480.594
-433.531
-438.188
-414.031
-483.906
-427.291
-424.969
-376.094
-429.844
-432.281
-434.875
-423.656
-480.219
-439.719
-428.625
-427.438
-426.188
-417.032
-432.344
-424.938
-383.188
-472
