80
79.2458
79.1615
79.1006
79.0558
79.0253
79.0053
78.9934
78.9894
78.992
78.9989
79.0116
79.0265
79.0405
79.0553
79.0737
79.091
79.1113
79.1318
79.1485
79.1658
79.187
79.2067
79.2255
79.2408
79.2542
79.2698
79.2858
79.3018
79.3183
79.335
79.3496
79.3638
79.3806
79.3984
79.4086
79.4226
79.4333
79.4413
79.4568
79.4693
79.4798
79.4905
79.503
79.5177
79.5285
79.5378
79.546
79.5541
79.5612
79.5659
79.5716
79.5774
79.5857
79.5946
79.6033
79.6104
79.6161
79.622
79.6246
79.6314
79.6345
79.6342
79.6367
79.6411
79.6473
79.6558
79.6634
79.6705
79.6768
79.6811
79.6827
79.686
79.6906
79.696
79.7001
79.708
79.7147
79.719
79.7225
79.7252
79.7264
79.7305
79.7319
79.7347
79.741
79.745
79.7476
79.7568
79.7612
79.7679
79.7692
79.7735
79.7769
79.7811
79.7822
79.7836
79.7855
79.7868
79.785
79.7887
79.7919
79.7897
79.7912
79.7933
79.7926
79.7952
79.7996
79.7997
79.803
79.8055
79.8066
79.8109
79.8132
79.8143
0
