60.057377
59.901600
59.866943
59.894081
59.866531
59.903008
59.854305
59.865025
59.862206
59.866112
59.886593
59.874146
59.923103
59.868706
59.882816
59.866112
59.903488
59.878914
59.866688
59.887104
59.896385
59.886337
59.867424
59.873055
59.893185
59.865856
59.866367
59.876671
59.906559
59.862366
Control Period
59.874397
59.891743
59.858749
59.919777
59.878525
59.888577
59.863232
59.886719
59.879395
59.876255
Control Period
59.878849
59.874943
59.882111
59.908638
59.899807
59.909088
59.884193
59.888222
59.877281
Control Period
59.889824
59.883293
59.906048
59.874912
59.884354
59.882401
59.889763
59.887424
Control Period
59.881855
59.888702
59.882847
59.925407
59.877983
59.889374
59.883362
59.895454
Control Period
59.913986
59.894016
59.881824
59.904900
59.869118
59.910465
59.870590
59.900097
59.884033
Control Period
59.884834
59.901154
59.872002
59.879555
59.898338
59.882050
59.888927
59.863712
Control Period
59.893951
59.885216
59.891136
59.863617
59.909790
59.885246
59.873089
59.920223
59.890366
Control Period
59.901474
59.899933
59.890404
59.882111
59.906433
59.888512
59.907776
59.894913
Control Period
59.887615
59.881920
59.891838
59.874432
59.904190
59.883263
59.897026
59.874496
Control Period
59.874817
59.899841
59.900223
59.897827
59.900002
59.896706
59.913055
59.926338
59.915939
Control Period
59.906723
59.905983
59.911011
59.908417
59.912415
59.875488
59.909920
59.917824
Control Period
59.909248
59.912514
59.907043
59.888767
59.878078
59.882336
59.876450
59.879395
Control Period
59.891838
59.883362
59.887711
59.885567
59.855011
59.893951
59.880196
59.915169
59.893887
Control Period
59.914528
59.885281
59.931137
59.908192
59.919041
59.886398
59.889664
59.884960
Control Period
59.896355
59.885952
59.917664
59.904419
59.881149
59.883102
59.893856
59.894432
59.892448
Control Period
59.907394
59.934113
59.927422
59.895264
59.898018
59.892418
59.903969
Control Period
59.887489
59.904610
59.903679
59.906433
59.915615
59.893822
59.902336
59.895454
59.907074
59.882496
Control Period
59.875549
59.914207
59.901154
59.888962
59.881439
59.873791
59.876640
59.915970
59.895073
Control Period
59.888062
59.865150
59.880222
59.865570
59.880157
59.880547
59.884224
59.908512
Control Period
59.893280
59.907806
59.891872
59.905663
59.895645
59.937057
59.901474
59.911392
Control Period
59.917599
59.901566
59.890366
59.900002
59.893696
59.907967
59.876320
59.875587
59.902977
Control Period
59.892639
59.901375
59.918465
59.902431
59.894142
59.902401
59.891747
59.886147
59.882111
59.917088
Control Period
59.880478
59.886497
59.884193
59.881729
59.888893
59.890816
59.859741
59.882050
Control Period
59.872543
59.881218
59.884354
59.878975
59.863617
59.864929
59.892509
59.886879
59.889248
Control Period
59.869598
59.875233
59.886177
59.878723
59.883839
59.872093
59.868034
59.870880
Control Period
59.883743
59.886208
59.860771
59.879936
59.882591
59.864574
59.908543
59.889793
59.872257
Control Period
59.878174
59.872128
59.906525
59.893631
59.878368
59.916641
59.885151
59.883137
Control Period
59.883648
59.892384
59.879105
59.873600
59.898178
59.875519
59.916737
59.892319
59.879005
Control Period
59.875999
59.913635
59.911648
59.895679
59.875488
59.872002
59.892288
59.881119
59.884193
Control Period
59.876289
59.864960
59.886818
59.886112
59.885506
59.867424
59.901054
59.888062
Control Period
59.867359
59.888542
59.898369
59.876865
59.881248
59.887615
59.904350
59.882656
Control Period
59.894272
59.884575
59.891777
59.889282
59.890881
59.910881
59.883968
59.902271
59.905056
Control Period
59.906494
59.909630
59.924320
59.925247
59.882050
59.886398
59.911522
59.884449
Control Period
59.872543
59.877823
59.900352
59.864159
59.866783
59.864388
59.878078
59.874557
59.881149
Control Period
59.915039
59.900574
59.896255
59.883842
59.879074
59.887009
59.900032
59.890045
59.899776
Control Period
59.886398
59.913025
59.888512
59.883842
59.863235
59.871361
59.892479
59.871040
Control Period
59.886368
59.861374
59.857376
59.874752
59.870270
59.879456
59.871136
59.888577
Control Period
59.876961
59.894913
59.883873
59.911613
59.918045
59.932480
59.911774
59.915871
59.901825
Control Period
59.908928
59.897278
59.903618
59.912930
59.908607
59.896194
59.900383
59.888416
59.885986
Control Period
59.865120
59.859840
59.894463
59.896957
59.915169
59.890015
59.912064
59.868576
Control Period
59.894173
59.875584
59.884800
59.882847
59.897278
59.871265
59.870399
59.895805
59.925827
Control Period
59.887009
59.873886
59.898048
59.878242
59.909504
59.907871
59.903423
59.874847
59.909149
Control Period
59.914879
59.909023
59.897984
59.908195
59.924126
59.904320
59.925789
59.918144
Control Period
59.901314
59.905663
59.883423
59.868706
59.899872
59.884926
59.908928
59.884003
Control Period
59.875999
59.907200
59.901249
59.895874
59.893982
59.913280
59.878944
59.871010
59.865887
Control Period
59.867714
59.902081
59.880386
59.894783
59.872192
59.912514
59.877922
59.913437
Control Period
59.875267
59.907776
59.889122
59.884800
59.899902
59.875648
59.887585
59.882401
59.866623
Control Period
59.871071
59.892288
59.873825
59.888832
59.879837
59.899521
59.865471
59.890434
59.885281
Control Period
59.879234
59.880192
59.889374
59.880032
59.881119
59.864799
59.876705
59.862495
59.876575
Control Period
59.872257
59.871582
59.862370
59.872925
59.897118
59.878563
59.891617
59.861824
Control Period
59.859871
59.858398
59.883873
59.878845
59.896320
59.877663
59.896866
59.879776
Control Period
59.922783
59.903267
59.882050
59.869186
59.867489
59.871807
59.870975
59.861374
59.864098
Control Period
59.900288
59.913311
59.861279
59.879326
59.887009
59.870144
59.887070
59.892033
59.916351
Control Period
59.882240
59.915199
59.862335
59.875069
59.907074
59.882942
59.890465
59.934879
Control Period
59.900925
59.904419
59.880669
59.895424
59.885918
59.898338
59.863457
59.863552
59.877888
Control Period
59.872963
59.852448
59.875679
59.881729
59.857826
59.875458
59.873985
59.919647
Control Period
59.902111
59.905056
59.892509
59.879295
59.874237
59.908096
59.880096
59.878273
Control Period
59.852512
59.875328
59.865791
59.867233
59.890335
59.855072
59.901730
Control Period
59.892799
59.882496
59.897346
59.892929
59.893826
59.890049
59.870590
59.885246
59.870110
Control Period
59.898499
59.862015
59.904190
59.865215
59.872768
59.870590
59.876736
59.896706
59.861725
Control Period
59.838173
59.859711
59.864128
59.836990
59.849056
59.846016
59.862434
59.863518
Control Period
59.851616
59.851715
59.886944
59.851234
59.862366
59.844063
59.898304
59.873917
59.895744
Control Period
59.844734
59.863426
59.872734
59.850754
59.878914
59.894527
59.882111
59.869473
59.872253
Control Period
59.853310
59.852608
59.861504
59.873314
59.900894
59.905121
59.889122
59.869503
Control Period
59.891552
59.898018
59.863583
59.902557
59.908321
59.912544
59.876289
59.926338
59.867393
Control Period
59.889183
59.842560
59.907265
59.875938
59.901886
59.882080
59.896160
59.898464
59.889824
Control Period
59.880959
59.881729
59.898529
59.885597
59.888065
59.897026
59.892639
59.875904
59.898018
Control Period
59.876991
59.923328
59.889248
59.879105
59.877731
59.894333
59.890846
59.894142
Control Period
59.883965
59.868195
59.893951
59.879585
59.889763
59.886818
59.869919
59.873154
59.884960
Control Period
59.853889
59.877762
59.857441
59.880127
59.890305
59.843903
59.867134
59.880352
Control Period
59.898399
59.900448
59.876385
59.882530
59.860321
59.897087
59.874687
59.884895
Control Period
59.860737
59.902527
59.904160
59.880257
59.854179
59.864029
59.886078
59.880417
59.913887
59.871841
Control Period
59.880257
59.882175
59.909378
59.863297
59.901215
59.860256
59.887421
59.914913
Control Period
59.893089
59.849823
59.849632
59.877022
59.869888
59.880447
59.905663
59.883011
59.889282
Control Period
59.892384
59.905823
59.895615
59.894753
59.903870
59.890114
59.882370
59.881470
59.896355
Control Period
59.876030
59.857025
59.927807
59.926079
59.881664
59.925507
59.893887
Control Period
59.892159
59.875168
59.907009
59.892830
59.867104
59.878334
59.913376
59.890274
Control Period
59.906403
59.911682
59.860062
59.887871
59.904610
59.877983
59.884384
59.871422
59.863297
59.882141
Control Period
59.880577
59.869633
59.906593
59.877281
59.878048
59.867649
59.895168
59.877472
Control Period
59.882530
59.886497
59.862686
59.878624
59.881153
59.850723
59.841599
59.888542
59.868351
Control Period
59.904449
59.884094
59.875870
59.875774
59.896351
59.874435
59.884254
59.906334
Control Period
59.874561
59.854176
59.864319
59.870941
59.854141
59.887489
59.870785
59.885857
Control Period
59.884323
59.883263
59.868385
59.899265
59.871330
59.890144
59.871265
59.884163
Control Period
59.898880
59.894882
59.884956
59.878944
59.898048
59.912094
59.904861
59.884800
59.886112
Control Period
59.903873
59.889408
59.883522
59.862366
59.872734
59.894913
59.913116
59.879967
Control Period
59.865952
59.852928
59.873695
59.919167
59.902081
59.888863
59.879166
59.887680
59.907360
Control Period
59.917889
59.918209
59.908833
59.924866
59.903008
59.916481
59.891869
59.901665
59.889057
Control Period
59.892319
59.917503
59.888096
59.902557
59.909790
59.868797
59.902115
Control Period
59.909119
59.965504
59.914337
59.909504
59.901794
59.901634
59.921219
59.916992
59.895073
59.885406
Control Period
59.901825
59.881184
59.881218
59.859810
59.861153
59.913826
59.880959
59.898399
Control Period
59.875938
59.893661
59.882462
59.908192
59.908226
59.899902
59.902016
59.904255
59.915009
Control Period
59.902046
59.906563
59.914398
59.925827
59.897858
59.874046
59.884766
59.873344
59.896000
Control Period
59.873951
59.937950
59.905216
59.918976
59.896065
59.885120
59.904419
59.918495
59.915230
Control Period
59.868481
59.865952
59.890720
59.906719
59.911552
59.887230
59.875107
59.891647
Control Period
59.897247
59.905121
59.861729
59.898079
59.895164
59.897728
59.900608
59.879677
Control Period
59.871681
59.869568
59.881279
59.893089
59.861633
59.906143
59.913986
59.901440
Control Period
59.899521
59.883072
59.909058
59.869148
59.893311
59.894978
59.882721
59.893471
59.901314
Control Period
59.885025
59.890045
59.860672
59.853058
59.906178
59.866432
59.893120
59.876801
Control Period
59.876160
59.899902
59.901695
59.907585
59.900097
59.901886
59.895805
59.898945
Control Period
59.892960
59.902786
59.890434
59.912193
59.911682
59.906242
59.906013
59.899296
59.887009
Control Period
59.884224
59.877090
59.888672
59.866112
59.868736
59.840607
59.867489
59.898209
Control Period
59.891743
59.913090
59.870720
59.892960
59.870560
59.892735
59.883968
59.883682
Control Period
59.891552
59.915970
59.885597
59.880577
59.855518
59.895584
59.887264
59.908543
Control Period
59.895103
59.863106
59.881153
59.882496
59.891136
59.859169
59.867874
59.887104
59.880829
Control Period
59.905502
59.885918
59.879681
59.866463
59.886368
59.905342
59.895905
59.912193
Control Period
59.912003
59.908607
59.914753
59.905472
59.883453
59.874207
59.900993
59.889473
59.906784
Control Period
59.886047
59.869438
59.904160
59.883553
59.903744
59.881218
59.899937
59.896736
59.888992
Control Period
59.904510
59.919777
59.909985
59.904449
59.907997
59.906178
59.880608
59.882240
Control Period
59.920799
59.909248
59.887264
59.894016
59.894623
59.899681
59.909760
59.900257
59.886848
Control Period
59.890656
59.884354
59.872482
59.907295
59.890526
59.909599
59.898785
59.897346
Control Period
59.893986
59.904255
59.917603
59.917343
59.906883
59.907234
59.899296
59.907104
59.913567
Control Period
59.899231
59.889534
59.914047
59.881248
59.892639
59.914467
59.893089
59.886337
Control Period
59.897087
59.884930
59.913406
59.906624
59.923203
59.887421
59.897728
59.888096
Control Period
59.874496
59.877377
59.885887
59.883713
59.891392
59.892418
59.870625
59.872063
Control Period
59.869568
59.869858
59.870625
59.877182
59.874626
59.870911
59.878368
59.910015
59.861919
59.874336
Control Period
59.845089
59.880833
59.856926
59.868000
59.842751
59.861183
59.835106
59.860512
59.841599
59.885632
59.834911
59.842144
59.854912
59.857437
59.856705
59.866207
59.853664
59.890751
