355.631
-349.655
-245.633
-200.633
-43.7588
-8.75879
-40.0669
-18.7334
20.1724
76.8965
128.367
-58.6001
-95.5332
-13.7666
45.207
-7.4668
-3.17236
-73.2002
-48.7002
118.896
114.933
-110.6
19.9312
-13.7998
-29.8623
-8.3999
59.7334
-6.03467
-110.9
-26.2666
-70.4136
197.667
17.5669
-8.5
-84.7666
4.8623
-25.3335
73.0669
63
-29.1724
-52.2666
-91.793
16.2334
51.3794
25.5332
24.1333
-14.0688
43.6001
-65.2002
-101.896
15.5669
-26.2002
46.5669
113.467
7
51
-164.067
15.0669
38.6665
-5.58643
-38
-94.7998
68.8999
-23.3447
70.3335
-12.4668
3.0332
-26.0688
32.0332
37.2998
3.7998
19.8965
70.9668
-38.6895
-41.7998
-31.8965
-59.2002
-24.7241
88.7666
-30.2334
16.2334
72.8623
5.70947
-35.3447
-127
100.104
54.8667
27.7998
-104.104
26.8335
28.1035
0.466797
-89.6001
29.4829
10.8999
-116.414
79.5332
164.967
-57.8667
-81.3447
132.967
-64.7666
-27.4482
-80.3999
13.7241
68.6665
110.267
6.96533
-52.3667
-88.1724
25.4668
7.72412
-6.1665
-123.371
