117.794556
117.326752
117.309250
117.317627
117.312515
117.296738
117.316284
117.324097
117.307487
117.314011
117.309410
117.331520
117.341125
117.303238
117.320892
117.316833
117.349312
117.360130
117.318306
117.311035
117.325180
117.312897
117.315613
117.321602
117.350494
117.390244
117.364769
117.318047
117.344894
Control Period
117.412735
113.438141
113.566437
113.475555
113.410240
113.390564
114.373215
116.708603
117.334396
Control Period
122.002846
117.313118
117.296417
117.317413
117.332291
117.350021
117.314941
117.329666
117.339775
Control Period
122.050018
122.944801
122.164513
120.153603
117.356163
117.366432
117.353317
117.350784
Control Period
119.181152
122.370819
122.704674
121.315681
122.443100
117.368286
122.212639
122.323975
122.207619
Control Period
122.204483
121.968796
118.995712
122.555168
122.140900
122.275299
119.227074
122.032417
Control Period
122.632004
118.430054
122.021637
122.356964
121.925247
120.124100
122.180801
Control Period
121.999680
120.647141
121.893860
122.426208
122.360962
122.343231
121.835007
122.305984
120.888062
Control Period
122.619904
122.384964
122.240128
122.369827
122.331268
121.965759
122.453659
122.113983
Control Period
123.274979
124.143295
124.199707
123.845535
122.390533
122.456772
122.162109
122.376511
Control Period
122.031105
121.805573
122.160995
120.031357
121.996506
118.665436
122.113472
122.121407
118.349182
Control Period
117.360092
119.743423
122.396545
122.289444
122.381989
117.351746
122.145538
122.215202
117.392929
Control Period
122.497757
122.728836
117.363205
122.398560
121.645660
122.615746
122.137054
117.345184
Control Period
123.686241
119.750656
122.606529
119.960129
122.080574
122.196259
117.396805
Control Period
120.745117
122.124161
121.920319
120.758240
119.191040
120.220222
121.941727
122.130661
121.186371
Control Period
126.717537
119.142365
122.192444
122.226433
121.044830
121.928032
122.214554
122.330948
Control Period
122.317917
122.160706
121.988480
120.094620
122.284096
122.119362
122.119995
122.346657
122.175873
Control Period
119.970787
122.263008
121.806145
120.933182
122.048065
122.269600
121.919777
Control Period
122.222458
121.384506
122.174622
122.343552
122.036354
122.162910
122.057251
123.527069
Control Period
126.237762
122.372452
122.168549
122.449791
122.491745
122.267616
122.164093
122.228516
122.474304
Control Period
121.759102
122.121475
122.340958
119.430016
122.633408
122.181854
120.958336
121.464928
122.495552
Control Period
117.933662
122.351105
122.338913
122.023331
121.748192
120.834274
122.150558
117.309982
Control Period
121.981567
122.510880
120.413055
122.253250
122.485725
121.400864
122.339035
122.100677
Control Period
123.601280
120.028610
122.126625
121.749924
121.473854
122.269501
119.652512
122.275230
Control Period
119.366974
122.097946
121.904861
121.018082
121.838081
122.253342
119.438782
121.920128
Control Period
125.736961
122.059166
122.017319
120.484924
122.088448
122.673630
120.409470
122.143456
122.396255
Control Period
122.688187
119.658691
122.481979
122.551331
122.938179
119.487900
122.372063
121.519554
Control Period
123.771866
122.354782
117.785629
122.737724
120.445984
122.075867
121.829315
118.543045
122.110809
Control Period
119.821823
122.230431
122.318909
120.359741
122.085022
121.342819
122.135971
Control Period
123.473793
119.685959
120.543396
121.143875
122.138466
122.682175
122.302528
122.407364
Control Period
122.438240
122.304794
124.266556
124.138657
118.881729
124.563965
123.869537
124.033371
Control Period
122.725403
122.397949
123.238525
123.820351
122.171173
122.121475
122.536545
124.503845
Control Period
124.131393
122.411133
122.519325
117.332443
122.418625
120.245377
122.435585
121.629028
120.812637
Control Period
122.368958
118.703712
121.884155
117.335777
122.284515
117.309891
122.059074
118.855583
Control Period
119.874557
122.311584
119.117340
122.089600
121.897659
119.499809
121.787331
120.421120
Control Period
122.469604
122.338013
121.545410
120.457054
119.875748
122.814911
122.532379
121.879074
Control Period
123.342880
123.171906
119.831070
121.251297
122.034721
122.022560
122.360222
124.398117
Control Period
123.641983
122.699104
122.320511
122.628540
122.265762
122.037247
124.000092
123.945724
Control Period
127.077408
119.915298
122.353851
122.390656
118.948448
122.201828
121.829788
120.860291
122.124832
Control Period
122.419556
121.571617
120.612160
118.603294
122.490662
121.131683
122.401695
119.070847
Control Period
122.273506
118.986015
122.164192
122.033951
120.740891
122.165054
119.648163
122.249374
Control Period
118.526878
119.020897
122.537308
121.936127
119.037247
122.905251
122.114975
120.255165
Control Period
122.286819
122.488892
122.074242
121.927521
123.150848
122.565536
123.212097
122.134109
Control Period
122.381821
122.505829
122.199707
122.446854
122.560410
122.153854
122.113121
122.306183
Control Period
123.090370
122.239517
122.012573
122.284286
122.308197
123.148346
121.902016
122.435486
Control Period
121.963165
122.366974
121.850433
121.163071
122.646469
122.275803
120.645981
121.728577
122.449371
Control Period
119.526337
122.376282
122.070976
118.711517
122.433250
122.235680
119.535324
Control Period
121.907326
122.584442
122.614525
122.519516
120.826942
122.644348
122.117050
120.747681
122.259811
Control Period
122.055298
119.513855
121.902145
120.845444
121.336700
122.102943
119.859230
122.322784
118.757889
Control Period
121.927551
121.376289
120.091072
122.258850
122.460480
122.833984
119.601151
Control Period
127.051010
122.204605
122.508423
122.135742
122.369186
123.806396
123.090973
123.965599
Control Period
122.839142
123.228256
123.839233
123.362335
124.167969
122.085693
122.254684
122.109085
Control Period
122.073853
122.352066
121.824829
123.085823
119.019165
124.041023
123.304031
122.397667
122.165604
Control Period
123.468262
118.882141
123.365311
120.362778
123.386238
122.227524
121.408577
122.300064
122.087746
Control Period
122.154785
120.031006
122.088669
121.675232
120.469635
122.266495
122.225761
122.355904
Control Period
122.636192
122.204735
122.047615
118.327393
122.078880
119.063644
122.562881
119.597473
Control Period
122.051773
117.321281
122.040543
122.384003
120.636864
119.112518
122.364738
117.333214
Control Period
123.482529
119.112061
119.697662
122.839325
122.436226
122.024895
122.364761
122.348572
Control Period
122.375076
122.055519
122.306747
122.191010
122.398331
123.044098
123.564026
121.544128
Control Period
122.192291
118.624283
122.278564
122.495773
122.265472
122.021179
121.024963
121.837082
Control Period
123.281631
122.127487
122.269600
122.383873
123.190430
119.678909
121.623329
122.001503
Control Period
122.701538
122.408478
122.254211
122.502686
123.587234
123.554306
124.749222
Control Period
122.908607
122.186813
122.153412
122.390846
123.557693
122.075745
122.104706
122.036446
Control Period
124.503487
123.717758
123.605377
119.064545
124.230972
122.706467
120.161217
124.246567
Control Period
126.321243
122.688416
123.703773
123.926941
122.879585
119.435654
123.675781
122.277466
Control Period
122.418396
123.963905
122.543365
122.259781
122.370079
122.197090
120.187164
119.006851
Control Period
122.331329
122.084480
122.017921
121.786530
122.070175
122.249985
122.012482
120.272797
Control Period
122.558746
120.612640
119.302307
121.346085
122.665024
123.083740
122.690178
122.117340
Control Period
123.524033
121.479874
124.234848
122.425858
122.171875
121.870087
122.305756
122.166916
Control Period
126.767807
122.252991
120.929405
119.310394
122.384384
122.074814
122.151649
122.117599
Control Period
122.038017
122.230209
122.393341
121.367615
123.584229
122.133377
121.929245
119.302338
124.187935
Control Period
126.229370
121.754501
118.695297
122.554497
121.920898
122.045982
119.369186
122.482971
Control Period
122.136513
122.339264
122.119965
119.735680
122.212288
122.396164
122.070374
122.708672
122.054779
Control Period
123.114655
122.106880
119.836349
122.406303
120.340836
121.986053
121.968994
122.024414
Control Period
119.377670
122.241951
117.329788
122.182236
119.116547
122.398682
119.618652
122.070175
Control Period
121.752800
122.049500
119.514145
122.164444
122.184639
121.275391
121.048927
121.912544
Control Period
122.344223
120.727524
122.215294
122.499039
122.355583
118.794495
120.521729
122.609055
Control Period
122.206268
122.296509
122.071609
122.037697
122.041565
122.204742
122.699265
122.007713
Control Period
124.230942
122.144958
121.117310
122.206619
122.392288
122.038269
122.486656
122.117439
Control Period
122.094467
122.100159
121.910019
119.102875
119.893311
122.563431
122.097534
120.646622
Control Period
122.492928
123.878944
123.133789
122.377121
122.095840
121.858078
122.403397
122.230621
Control Period
123.890152
122.086853
122.574402
122.034241
122.302948
119.743233
123.962021
122.515617
Control Period
126.598495
118.629440
122.271362
118.112129
121.634781
122.051361
121.916832
122.451996
122.735519
Control Period
122.242172
121.151871
122.236572
122.250496
120.297920
122.386749
121.689697
120.643677
Control Period
122.470779
118.978111
122.228127
122.237213
119.449722
122.377731
122.563034
Control Period
120.430237
122.774307
123.226463
123.348831
121.560699
122.418495
122.049637
121.871613
122.440895
Control Period
126.701118
122.583649
121.739746
119.370880
121.883072
122.549889
122.588989
119.971169
119.315170
Control Period
119.230011
122.342590
122.246078
118.925156
122.134140
121.980194
120.053955
122.190460
122.097984
Control Period
122.251236
117.324768
122.861954
121.735489
121.532928
120.522530
122.618820
Control Period
125.174141
119.790848
119.364098
123.489983
123.217957
122.441246
122.799194
122.547363
Control Period
120.656418
122.394653
122.498978
120.094559
118.081406
122.220673
121.943390
122.050270
120.111710
Control Period
122.189987
118.955070
122.183929
122.404701
118.761215
122.258530
122.042206
119.560226
Control Period
121.602592
122.250336
120.839485
121.810211
123.046173
119.934052
122.217987
122.347137
Control Period
122.233978
122.052444
122.331909
122.197632
121.843643
122.392509
122.750175
122.158661
Control Period
122.342178
123.533058
123.746719
122.244896
122.490311
122.168198
122.491806
121.381218
Control Period
123.623299
124.195007
122.545181
122.198273
121.971771
118.904221
119.721222
122.443771
Control Period
122.044220
122.423676
123.546082
121.969986
122.178078
121.698402
123.956673
122.017342
Control Period
122.631134
121.987747
121.879555
121.984543
122.139999
121.340668
119.562561
123.003326
Control Period
123.952026
121.986206
117.336128
121.913986
121.057251
118.450851
122.365280
119.706757
Control Period
121.976166
120.348961
122.155869
117.330246
122.632416
122.573471
120.063553
121.953949
Control Period
120.421310
122.139969
122.580292
122.260895
122.212318
122.276093
122.021538
121.987076
121.822243
Control Period
123.366402
117.361954
122.447388
119.425728
120.163971
122.943039
117.618561
122.211655
Control Period
118.800644
122.364738
122.129028
119.229759
122.097603
122.352768
119.204765
122.008385
121.951614
Control Period
122.146622
122.079132
118.596771
122.398621
122.309830
119.082535
121.963013
Control Period
127.031357
121.994820
122.452164
121.581757
122.081314
122.933983
121.313797
121.865311
Control Period
123.895584
123.495422
124.483780
122.133667
121.856255
122.174561
122.242493
122.086044
122.440254
Control Period
126.715202
122.257339
119.326691
119.936386
122.526978
122.751846
120.726501
121.962624
122.039070
Control Period
120.538269
122.537247
122.347168
117.349884
122.121414
117.384766
122.409309
122.553185
117.374588
Control Period
120.308228
122.320892
120.236832
120.110046
122.067902
119.540924
121.230148
121.987579
Control Period
122.631165
121.864319
121.857277
119.032417
122.231644
117.376480
122.348061
118.822815
Control Period
122.040283
119.386490
119.893150
122.973442
122.207520
122.078751
122.215263
123.549927
Control Period
123.438812
119.323166
122.070114
122.210815
119.034531
122.654144
122.115067
122.228477
Control Period
124.360031
122.036575
122.379013
119.281982
122.475777
122.439682
119.162140
122.044540
Control Period
122.241280
121.687553
122.523453
122.149315
120.712799
121.753601
122.599007
117.390366
Control Period
134.393250
134.257599
134.308929
134.276794
134.316071
134.326141
134.276886
134.272491
134.235550
134.328857
134.283356
134.329315
134.382904
134.393158
134.379257
134.444550
134.394745
134.546524
134.467743
134.418594
134.499207
134.246719
134.245911
135.035904
