56.6617
60.6268
63.8259
65.2357
65.9933
66.8739
65.8842
67.4294
66.8484
66.9625
66.096
67.0666
66.8361
67.4808
66.8875
65.6761
67.2855
68.0053
66.9736
65.9365
66.2234
66.7278
67.0287
67.0277
66.1942
66.9106
67.0502
65.8362
66.9195
66.7538
66.9751
67.1099
67.1105
66.9179
67.0846
66.2401
66.1518
66.1051
66.865
66.4418
67.8046
66.3963
66.6386
66.9278
67.0491
67.29
65.7009
67.0721
67.7934
66.9178
67.1945
67.2793
66.5119
66.6917
66.7368
66.7363
67.3265
66.8511
66.4335
67.5734
67.0591
67.0535
67.0019
66.9006
66.5425
65.9406
66.2632
66.5156
66.3022
66.8332
66.8254
66.7751
65.5275
66.1827
66.2668
66.6621
66.2133
66.6192
66.7232
66
66.5155
66.2299
65.5262
66.8401
67.0518
67.5008
67.2036
66.9758
67.279
67.4148
66.9647
66.9902
67.7472
67.0234
67.2323
66.8455
67.7418
66.9097
66.5212
66.5384
66.7162
65.3621
67.9897
66.8914
67.0175
65.8224
66.912
65.0771
65.9167
66.4596
66.1968
66.6037
65.7001
67.7715
