57.8346
63.3596
66.592
69.913
69.7647
70.3938
71.2172
70.7866
70.5102
70.0417
71.5843
69.9293
70.7154
69.6702
71.8182
71.409
70.4891
69.3371
69.7808
71.3527
71.2619
71.6185
70.4949
71.5349
71.216
70.7386
70.1999
71.5305
70.8289
70.679
70.6404
69.4026
70.0736
70.9454
70.126
71.2238
70.8937
70.2818
70.1995
71.3263
69.2568
70.4897
71.1174
71.3057
70.4512
70.409
72.4045
71.0642
69.9892
70.5238
71.7118
70.1993
70.7603
69.7071
70.4953
71.0833
70.3088
70.9307
71.4306
70.4846
71.2342
70.7284
71.2994
71.3727
71.4856
70.9411
70.775
70.4378
71.1464
70.2622
70.657
70.6908
70.0604
70.7624
71.3908
70.7926
71.1929
70.5507
70.2272
71.1879
71.6051
71.4845
72.2835
70.7991
70.5403
70.8855
71.2041
71.4412
70.9457
71.5036
70.0771
71.5248
71.4184
70.9422
70.3166
71.1885
69.8588
70.1657
71.5796
70.2078
70.134
72.7606
69.5692
71.5815
71.6226
72.3777
71.1726
72.1931
72.0806
71.5
70.9969
70.886
72.0411
69.6401
