113.425
122.202
129.967
135.029
138.143
138.241
137.992
138.623
138.592
138.736
138.568
138.458
139.06
139.405
139.566
139.608
140.076
138.939
138.163
138.399
138.407
138.399
139.62
138.93
139.65
139.032
138.491
138.114
139.388
139.733
138.663
139.815
139.433
138.46
138.314
138.204
138.58
138.604
138.546
138.277
138.837
138.869
139.154
139.097
139.629
139.032
138.792
139.038
139.072
138.703
139.439
139.053
137.537
137.485
138.553
138.635
139.546
139.418
139.713
139.804
140.756
139.733
139.182
139.735
139.304
138.491
138.478
140.155
139.159
138.383
138.45
137.987
137.881
137.985
138.315
138.615
138.111
138.43
138.158
139.204
139.559
138.341
138.25
138.993
139.414
140.173
140.511
139.738
138.851
137.944
139.828
139.434
140.147
140.287
140.499
138.98
139.151
138.256
138.28
137.788
139.158
138.554
138.772
139.277
139.156
138.445
139.645
139.284
138.232
139.009
138.831
138.361
139.063
139.044
