-705.723
-911.896
-554.6
-201.133
-66.645
-26.7241
-84.9331
69.5332
-11.6895
11
15.4482
-67.5
7.43311
-94.4482
75.4668
-38.5171
71.8667
64.9668
-8.96533
-23.1665
-92.8667
8.9668
-10.5171
7.56689
11
39.5332
61.9668
-98.1724
-15
48.6206
7.56689
-24.7002
62.5332
-1.17236
10.5332
20.3447
12.9033
-33.4331
-21.6553
-9.5
31.3667
-58.3105
-66
18.1001
6.68945
35.6333
-34.4829
50.1665
3.5
-113.414
96.2998
115.586
20.6665
-80.8276
-97.8999
43.2334
-10.4482
-45.5669
-34.6206
-49.5332
98.2334
-63
37.7002
5.1665
118.367
0.137695
-76.8999
6.06689
83.3105
-9.7002
28.5518
116.067
-99.3999
-50
-11
-3.1333
1.68945
25.1665
-56
-70.9668
106.793
23.0688
-85.9331
0.172363
-114.8
-20.2998
54.6665
42.793
21.7666
-12
-71.2002
-52.6333
64.2759
19.4136
49.2666
36.3447
67.0669
-2.34473
67.8335
-84.793
-40.6001
-17.6001
-66.1665
50.3105
15
-20.6206
22.6333
42.7666
-20.207
50.0688
-42.1001
11.3999
-2.37939
25.3213
