60
75.4813
85.7035
89.1497
89.0699
88.7968
89.2307
88.8815
89.0923
89.1999
89.1805
88.3564
89.5519
89.2028
90.3853
89.0415
88.3092
88.7624
89.6096
89.4615
88.5712
89.0325
88.9284
89.3023
89.2951
88.5146
88.7151
88.7499
88.7751
89.1853
88.724
89.0633
89.5185
89.057
89.1776
89.2878
88.4882
88.2036
88.3941
89.061
88.8061
89.6755
89.3018
89.4548
89.1812
89.2826
89.3322
88.3949
88.7486
89.8401
90.2124
89.1191
88.7131
88.5489
89.3673
89.7869
88.939
89.5738
89.5924
89.1444
90.1381
88.9593
89.7012
89.1917
89.1606
88.0392
87.9587
88.7612
88.6679
87.9076
88.7933
88.8027
88.1507
88.3135
88.6144
88.5145
88.7865
88.4344
88.5251
89.2142
88.8826
88.0048
88.0492
88.1847
88.8202
90.0156
90.147
89.3973
89.0337
89.3394
89.795
89.9457
89.8872
89.7388
89.3491
89.2056
88.8997
89.3992
89.2897
88.4112
89.2118
89.32
87.9669
90.2547
89.1787
89.1937
88.3662
88.7851
87.1183
87.7829
87.9973
88.4711
88.6199
87.9418
