160
158.074
166.586
174.312
179.352
183.02
184.055
184.498
184.325
184.708
184.832
184.691
185.024
185.246
186.213
185.695
186.222
186.18
185.178
184.577
184.678
185.118
184.668
185.743
185.357
185.868
185.307
184.509
184.828
185.608
185.807
185.136
186.15
185.629
184.944
184.528
184.237
184.527
184.908
184.909
184.596
184.77
185.368
185.861
185.487
185.914
185.344
185.345
185.084
185.298
185.703
185.297
184.708
183.689
183.898
185.028
184.658
185.67
186.08
186.418
186.693
186.798
186.827
185.762
186.106
185.179
184.822
185.137
186.282
185.305
184.821
184.507
183.485
184.297
184.367
184.465
184.724
184.324
184.35
184.576
185.682
185.339
184.606
184.912
185.192
186.32
186.829
186.868
186.248
185.367
184.456
186.211
186.309
186.316
186.703
186.848
185.592
185.168
184.621
184.063
184.314
185.383
185.046
185.414
185.322
185.384
184.965
185.67
185.455
184.792
184.881
185.277
184.672
185.191
