60.200321
59.890526
59.869438
59.875870
59.884995
59.920544
59.862976
59.871902
59.857666
59.880386
59.863968
59.882912
59.887009
59.870209
59.884766
59.884766
59.902081
59.883934
59.890625
59.887424
59.920418
59.885792
59.915298
59.884895
59.919106
59.915615
59.913506
59.887775
59.892193
Control Period
63.660637
65.033119
63.836929
64.152031
64.563141
60.416416
64.303329
60.911522
Control Period
68.544159
68.565056
62.821056
67.272194
68.558655
63.110783
65.314529
68.549637
Control Period
68.526207
71.007133
68.631393
72.402588
68.603897
68.525345
68.593666
73.014175
Control Period
70.074341
69.407776
69.218689
70.236031
68.633316
72.223549
68.559494
Control Period
73.428993
68.485733
68.565506
72.259491
71.536064
70.300003
68.563583
70.010788
Control Period
72.807709
71.264351
69.151230
72.625954
72.933601
71.175041
68.562714
Control Period
69.460419
68.788803
71.280449
72.508316
72.480637
72.210403
68.776894
Control Period
71.102013
72.560608
72.413467
70.548737
69.661148
68.656097
68.629250
68.605728
Control Period
68.612259
68.712288
70.831421
72.701408
70.944763
72.825958
68.563171
68.578201
Control Period
68.611359
71.910431
71.907646
72.482758
73.009476
Control Period
72.006119
70.185791
68.666145
68.727104
69.741211
71.538651
69.930405
68.639198
Control Period
72.560699
72.457855
72.674240
70.912994
69.694626
68.647781
69.384735
69.390244
Control Period
69.756256
68.625183
72.394714
68.977890
68.749893
69.517471
Control Period
71.332962
74.146912
69.148132
72.882278
70.724258
72.759842
70.890114
72.660965
Control Period
69.994110
69.251099
72.017212
72.612831
69.626373
72.765633
72.350204
72.654373
Control Period
69.170685
73.042145
68.721054
70.868515
73.021988
69.768127
68.796188
70.524063
Control Period
72.583359
69.455872
68.585762
69.058502
68.614754
68.529434
68.531647
Control Period
68.576897
68.604095
68.532799
72.822876
72.662178
68.621506
68.645279
72.646179
Control Period
72.954689
72.522400
70.454819
68.545921
70.932449
73.032227
69.733246
Control Period
71.217346
71.225189
72.832733
73.006973
71.386169
70.567108
68.597664
Control Period
68.595291
72.399551
72.826691
72.609756
68.598114
72.780479
72.695770
72.442017
Control Period
70.585754
72.336060
68.580673
68.601532
72.395775
71.164612
69.799774
Control Period
71.796707
72.710114
68.644135
71.642784
72.758530
69.680099
72.344444
72.702110
Control Period
72.471619
72.477890
68.896797
68.591904
70.904320
72.384003
72.785477
Control Period
72.607132
68.506363
68.567551
70.030144
72.160446
73.140991
69.507843
71.388031
Control Period
71.541183
69.041443
68.540771
68.812897
68.540642
72.181183
72.741028
Control Period
70.866592
72.783035
72.932251
68.568001
72.599426
72.870209
68.656929
72.967583
Control Period
71.664543
72.451584
73.045631
72.171036
69.858429
68.636765
68.653122
70.150497
Control Period
68.780441
70.359268
71.473282
72.615814
69.167488
71.677444
Control Period
70.612991
68.549538
71.985413
69.604385
68.624741
72.511360
72.594017
Control Period
68.944992
70.800476
68.632126
69.869507
68.707329
70.111267
68.752670
Control Period
71.423203
69.208641
68.719521
68.734909
70.459007
71.896484
Control Period
73.521027
68.731934
68.781342
69.502846
70.194145
71.718689
72.599716
72.513725
Control Period
72.859940
68.683327
69.278915
70.449722
72.361824
68.590820
68.657471
Control Period
68.619713
68.564453
71.114532
72.686302
72.860802
71.664322
73.056450
Control Period
69.971199
72.692734
68.678436
68.721504
72.748062
72.550079
Control Period
71.792450
68.617691
68.714844
73.000122
68.602173
68.678307
72.567039
Control Period
71.379745
73.053215
68.546783
68.835907
70.630905
68.599579
70.350204
Control Period
72.311745
70.740387
71.394363
72.274460
72.934021
68.599396
70.197220
72.158432
Control Period
70.288284
70.884926
68.778595
68.693375
69.474594
68.631866
68.615646
68.687233
Control Period
72.683327
72.756447
68.657661
69.979492
71.939552
70.723679
68.582306
68.595520
Control Period
69.489349
72.180710
69.451263
68.515457
72.708069
72.706306
72.770691
Control Period
71.369125
72.434685
72.753571
68.753151
70.256447
72.518303
71.054779
Control Period
69.443130
72.098083
72.507454
69.319458
68.590851
72.206657
68.993118
70.278564
Control Period
68.573631
69.638557
72.522560
72.615967
72.479935
68.560768
68.602081
Control Period
72.612579
72.417694
72.337662
72.287903
72.736740
72.034401
Control Period
74.290627
70.686523
68.641861
71.312836
72.993469
70.693466
68.659012
71.235710
Control Period
68.908958
68.919769
68.586464
69.655777
68.688034
72.792702
70.522308
71.839775
Control Period
69.470306
71.449760
69.082176
71.951935
69.343773
69.238754
71.167168
72.486908
Control Period
72.508835
72.722595
69.343292
72.582947
70.574333
72.437180
71.813477
Control Period
69.042015
68.543457
70.394592
72.897697
71.723297
68.595039
Control Period
69.602814
72.945084
68.597824
72.472702
70.220413
68.620064
72.863518
Control Period
69.103966
68.575645
72.327522
68.513916
72.799805
68.545853
69.149887
68.640541
Control Period
72.449631
72.426880
71.233917
69.779556
68.539108
68.542465
68.650940
Control Period
70.867905
73.022339
72.593056
71.534271
72.820450
73.007614
68.679939
68.572990
Control Period
68.570663
69.443069
71.350464
69.460602
72.005310
72.688644
68.642624
69.154404
Control Period
68.626785
70.197533
72.697281
72.743744
72.474014
72.946976
68.604645
Control Period
70.031166
73.008865
71.469246
71.445404
68.714233
72.727585
71.174850
72.873634
Control Period
69.560577
72.572350
70.730110
68.656067
72.760643
68.930435
70.182114
68.606239
Control Period
72.922012
69.401344
72.911934
69.562531
72.319046
72.916290
Control Period
70.609756
71.713211
69.440002
68.713120
70.303970
73.108162
71.432289
68.680893
72.554718
Control Period
71.073410
71.626656
71.860764
71.105469
72.515366
72.559387
71.014877
68.639069
Control Period
73.004448
71.920990
72.034882
72.619171
68.849472
69.807037
Control Period
72.643036
69.378464
71.893921
70.622498
69.861443
72.588867
72.536926
72.359619
Control Period
68.549057
68.538300
69.812737
71.405411
72.734879
72.707970
72.839142
Control Period
72.693283
68.606598
68.845245
70.633537
71.581314
72.736069
72.551132
68.553024
Control Period
71.568192
68.978012
68.635452
68.570847
70.150848
72.375931
72.785408
Control Period
72.616257
70.647293
68.682693
68.978302
71.225761
72.971802
72.902946
Control Period
68.553787
69.238235
71.669373
72.147453
69.463806
68.594727
72.167969
Control Period
76.205727
71.941223
69.896545
68.571648
68.565056
72.727554
68.625183
68.722778
Control Period
72.637505
69.945923
69.109856
68.682335
68.735748
71.294083
72.525787
72.595230
Control Period
71.263519
68.678238
69.562080
72.785378
68.646942
68.599327
72.348640
68.598846
Control Period
72.542206
69.030075
68.564003
72.329086
71.544930
68.629181
72.697083
69.977280
Control Period
68.979103
70.864799
73.093918
72.928314
72.658844
72.338882
70.284988
Control Period
72.373596
73.191841
72.849213
71.271233
68.630234
68.622910
68.609253
Control Period
69.946526
69.444641
72.227066
72.919266
72.743263
71.556160
69.513474
Control Period
71.493210
72.404831
72.310112
70.382843
68.635300
68.638428
69.989853
Control Period
68.592926
68.540222
69.353851
72.792191
72.407616
71.369217
68.534332
Control Period
69.866302
72.915939
72.001633
72.733124
69.296577
68.658722
72.561249
71.469284
Control Period
72.634850
72.558365
71.356613
72.997787
69.263458
69.841698
72.582718
Control Period
72.037537
68.571396
72.155655
72.709312
72.597885
70.835167
Control Period
72.994370
72.592033
72.833374
72.881851
69.634369
72.765022
Control Period
74.900452
72.613792
70.622375
68.581184
71.546974
68.737885
68.591141
Control Period
71.173691
69.431519
72.580544
68.620705
68.639099
69.208450
71.619522
73.048996
Control Period
72.788315
68.685600
72.591965
68.923424
70.571426
71.169403
71.468155
Control Period
73.019012
70.955811
70.424545
72.664001
72.548096
68.677055
70.140030
72.830559
Control Period
69.611069
72.528702
69.265762
73.006752
73.006180
68.689468
72.591034
Control Period
72.669861
69.825890
69.130974
72.281433
73.090622
68.675461
Control Period
72.459648
72.566147
68.653030
73.054428
71.535782
71.294525
68.996864
72.396866
72.575073
Control Period
69.310112
72.503357
70.728928
69.504227
68.613152
70.335648
69.544510
Control Period
72.692802
69.323196
72.312256
71.242851
71.703651
72.105377
71.293564
Control Period
72.384605
70.951035
72.699966
70.551270
68.592484
72.660675
72.089088
Control Period
72.518883
69.468292
72.678497
68.785378
72.831902
69.181854
71.130402
Control Period
68.698242
72.779198
70.057602
68.669861
72.789764
69.082108
70.139099
Control Period
72.763329
68.657661
68.649246
69.120354
73.364639
73.130371
72.633636
Control Period
72.034714
69.521667
68.716255
68.710052
71.265121
68.698303
70.065346
Control Period
68.613792
68.653152
68.578690
72.939522
72.580551
71.119934
68.674011
Control Period
72.860092
72.663300
68.689758
72.117661
73.100288
72.978622
68.647491
Control Period
72.780228
68.706497
71.610107
68.689728
69.774689
68.882912
72.507904
68.710724
Control Period
72.341148
70.410690
68.583008
68.565086
71.163200
72.692093
68.677025
68.639618
Control Period
72.945763
72.615875
72.470947
73.180191
72.833664
72.270271
73.007675
Control Period
71.343109
68.617828
70.902756
68.662979
69.928223
68.646820
69.797318
68.654205
Control Period
69.786240
73.045212
72.394943
71.562782
72.618530
72.697372
68.965118
Control Period
72.056641
72.845413
73.018143
70.320320
68.709312
71.952766
72.455681
Control Period
73.043716
72.769821
70.470566
72.577820
72.629700
72.774559
72.050598
Control Period
69.675003
69.436249
71.565887
73.110016
72.648415
71.488220
69.406433
Control Period
72.592384
73.283234
71.980927
72.989952
72.664261
70.494461
70.559006
72.980705
Control Period
69.011871
71.742462
72.860062
72.844322
73.277603
72.747360
Control Period
75.628448
72.846848
72.532448
72.682434
68.656258
68.664001
69.489441
Control Period
71.927750
70.269600
70.455292
72.445755
71.742722
69.140030
Control Period
72.565735
72.683655
70.536064
72.387589
70.599197
68.560448
70.745758
69.009247
Control Period
69.173508
71.103394
72.843170
72.759552
72.684769
72.852997
72.870621
Control Period
72.244476
69.604004
68.587265
68.622116
70.099487
68.683517
68.981796
Control Period
76.924835
76.875259
76.885925
76.908508
76.881790
76.849762
76.872665
76.852318
76.875328
76.876740
76.888092
76.840256
76.945724
76.939484
