59.291744
58.622498
58.550175
58.537121
58.645023
58.577503
58.575745
58.570206
58.581635
58.577248
58.586624
58.585342
58.584160
58.677727
58.603199
58.566048
58.595490
58.584480
58.578304
58.575615
58.595390
58.584351
58.683426
58.567169
58.594589
58.581635
58.587486
58.612610
58.577599
Control Period
62.172226
60.890114
59.633823
60.941055
58.730751
62.632191
60.640129
61.546112
Control Period
64.030914
61.161823
64.872925
64.908066
62.025215
64.885437
64.857407
63.865406
Control Period
66.156219
66.245537
64.917152
64.887199
64.910912
64.883194
64.928635
64.957092
Control Period
64.970139
67.887238
64.919678
67.164673
64.923203
65.524261
66.563614
Control Period
67.640259
68.494812
65.677887
64.908257
65.801346
67.083740
68.510658
Control Period
64.851135
64.814270
66.153275
68.076294
64.895004
64.867676
64.853210
68.562752
Control Period
68.630402
68.509026
66.098816
65.169052
66.744186
68.336548
68.517601
Control Period
66.235229
64.923935
65.385536
66.747231
67.764992
68.414078
68.467834
Control Period
67.435234
68.357056
67.929764
65.922653
64.915970
65.339264
68.837891
Control Period
68.670273
68.303841
64.997314
65.296219
65.455070
64.962906
64.986206
64.981308
Control Period
66.107132
68.576866
68.650650
67.480347
66.225922
67.414108
67.096222
Control Period
67.272537
65.090652
66.988541
64.943649
66.753983
68.339584
68.463554
Control Period
68.010330
66.878693
68.498398
64.963585
65.043808
68.943130
68.569504
68.514267
67.905090
Control Period
68.452576
64.959869
68.432892
64.959328
66.791901
67.347488
67.268509
Control Period
67.153702
64.958527
64.979355
67.803551
64.938461
64.942017
64.957245
Control Period
68.518784
68.529633
64.961563
67.516479
68.478241
65.708572
Control Period
68.127968
66.854309
68.410622
67.527199
68.483490
68.067459
68.565765
Control Period
68.708420
68.490204
64.891678
64.889633
64.925018
68.361153
68.549316
Control Period
64.919617
64.859200
64.949860
66.882309
67.534370
65.838531
64.957123
67.550980
Control Period
65.848450
66.291901
64.913406
64.918304
65.280060
66.563004
67.546310
68.425659
Control Period
67.950592
66.606628
64.988831
68.595490
67.626015
66.154785
65.172386
Control Period
66.851456
68.409470
64.909439
66.768387
68.774628
68.552994
64.934303
Control Period
68.551521
64.989700
68.716194
68.342941
66.474686
67.295837
64.823166
66.247650
Control Period
65.357956
64.897919
67.261635
68.413155
66.716354
64.932831
65.726181
Control Period
67.215836
68.313187
68.408928
67.121506
65.514694
64.889252
Control Period
66.015457
68.123970
68.490463
68.191933
68.653275
64.955460
64.920700
Control Period
65.304764
64.942558
64.922081
68.522209
64.954781
64.931038
68.194717
64.917023
Control Period
69.319069
64.947327
64.924896
64.919456
67.265472
68.346718
68.713730
Control Period
67.653122
68.598877
67.164673
66.140350
64.892509
67.150940
65.676033
Control Period
66.817444
68.480385
68.727997
64.929314
65.552925
67.885986
68.521248
64.885574
Control Period
65.148834
67.394913
66.230530
68.163620
66.768127
68.182556
66.715584
68.275238
Control Period
66.262016
68.227234
68.488640
68.330818
66.699776
65.014465
66.750244
Control Period
68.735710
68.518845
67.699104
67.337952
66.282181
64.952484
64.898689
Control Period
64.952194
68.431488
67.350464
66.641922
64.968826
68.678848
68.568314
Control Period
68.539993
68.651619
66.610497
64.920700
64.978210
65.012642
64.967232
Control Period
64.921631
67.796539
64.963264
64.956032
68.517792
68.210785
64.958908
64.889633
Control Period
65.960930
68.381699
64.977890
64.927971
68.565979
64.946144
64.974945
Control Period
65.343582
64.872032
68.638748
68.294205
66.704765
68.099457
66.102013
Control Period
68.428543
66.378723
66.189056
65.334846
64.907166
68.040192
65.814148
Control Period
64.970818
67.483459
68.392700
68.417503
68.501343
68.569244
68.296799
Control Period
64.945282
64.959648
68.432892
66.480736
64.903648
66.721954
68.330238
Control Period
68.463333
66.496826
68.436157
66.424126
68.445114
64.928833
64.973824
64.940605
Control Period
65.793091
67.464546
66.069534
68.323647
68.443741
64.933823
66.548264
67.846077
Control Period
67.334244
67.559677
65.493469
65.501373
66.599586
68.174652
68.680420
Control Period
68.387871
68.429947
67.963486
64.889763
65.285919
68.432922
67.640289
Control Period
66.513474
65.229858
64.890717
65.943489
67.450653
65.368195
64.915421
65.295395
Control Period
68.379997
65.606171
64.992767
66.690338
68.582214
68.424576
66.828644
Control Period
69.183044
68.174080
68.260315
68.402687
67.768127
66.965347
65.799934
Control Period
68.195526
66.199104
67.919937
65.708702
67.678749
68.218201
66.260704
65.161568
Control Period
66.607330
66.248222
67.882942
67.277023
68.558304
65.335526
68.452034
Control Period
69.087326
68.238754
65.739616
67.527618
64.915009
68.167587
Control Period
67.052795
64.886627
68.437790
64.860382
66.971809
68.468857
64.905319
Control Period
68.048866
66.566269
64.903809
67.220482
64.882812
68.386841
64.993248
68.531586
Control Period
68.249603
64.992607
64.914459
65.100098
66.086815
67.573990
68.503616
68.473221
Control Period
68.013885
66.520157
64.950813
67.294342
64.925598
68.290817
67.158272
Control Period
68.657539
66.794754
68.920959
67.045441
65.017921
66.262146
68.586563
Control Period
71.059135
68.384254
67.244354
65.083778
64.943550
64.912262
65.894371
67.286781
Control Period
67.579010
66.662277
65.994949
66.302078
67.754784
66.036835
66.157822
64.980255
Control Period
68.420227
64.974213
68.520126
68.451294
65.922943
68.618149
67.049469
68.631203
Control Period
65.794174
67.950653
67.005249
68.060730
65.705505
67.838242
Control Period
70.110565
65.882019
67.712029
67.390625
65.935104
64.919357
65.996964
68.481056
Control Period
64.964447
68.464676
65.938881
68.271835
66.339935
66.635010
68.398590
Control Period
65.972031
67.391708
67.296387
68.444191
65.438339
66.037186
67.276672
67.348450
Control Period
67.224030
67.792320
65.360992
64.899139
66.007523
67.971268
Control Period
68.507202
68.084198
66.201057
64.928604
64.903137
64.940323
64.975327
64.984703
Control Period
68.306656
68.412796
66.553215
65.860733
64.935867
64.899933
64.873375
Control Period
65.950684
68.112190
68.433884
67.791931
65.505249
64.965538
64.850052
Control Period
64.924927
66.341476
68.588638
68.289986
66.165665
64.880318
64.924316
Control Period
68.423676
67.443169
65.007965
65.295166
67.840157
68.682846
65.139297
Control Period
64.953949
65.798912
67.534683
69.020508
64.988419
68.656158
67.891968
Control Period
66.253922
68.095840
68.419525
64.983109
65.006180
Control Period
66.079910
64.932579
64.905441
65.046692
68.523392
64.923035
64.879776
64.929123
Control Period
64.852036
68.103104
65.891998
64.982529
66.157883
68.362144
64.928955
Control Period
70.677696
67.594849
65.317856
64.974457
64.971100
64.924698
65.406944
67.006683
Control Period
64.901184
64.928352
64.925827
66.329185
68.296349
68.535645
68.373306
Control Period
68.581757
66.308868
64.934052
64.911682
64.878555
66.281151
67.596771
Control Period
65.676636
64.865921
65.295647
67.129059
68.868706
68.387009
66.111389
Control Period
68.324509
68.730179
67.856964
64.932640
64.923294
65.182587
67.244576
64.895554
68.418495
Control Period
67.345886
64.896385
65.798630
64.916992
68.061150
66.109955
64.871201
Control Period
66.845535
65.947845
64.975937
68.611099
67.379585
65.333023
Control Period
68.011520
68.560738
64.953506
67.258530
64.914207
64.903076
64.910690
66.327072
Control Period
64.905762
64.918686
64.914246
64.957504
64.973213
68.438560
66.184479
64.917313
66.131683
Control Period
64.852646
66.733887
68.464645
68.469185
66.607933
65.261124
68.199783
Control Period
68.541916
65.088127
66.792862
66.791397
68.147842
68.549217
68.312958
66.293915
64.948288
Control Period
66.795967
68.628098
66.506332
68.369728
66.847328
68.281151
66.181343
68.396545
Control Period
66.364128
68.957596
65.071648
66.114883
68.599075
67.519424
67.798691
Control Period
67.566589
66.262047
68.162140
66.766205
65.442047
68.640160
65.991364
Control Period
67.214783
67.454620
68.307358
68.233345
64.927010
68.411774
68.680611
65.002396
Control Period
68.653503
66.495552
68.496582
68.532379
68.279808
65.177666
66.268448
67.146683
Control Period
65.499237
66.348801
67.810242
68.414978
66.024673
64.889954
68.622055
67.925407
Control Period
65.014977
68.596352
64.980316
68.620193
66.222107
68.289696
66.056030
68.141983
Control Period
66.369278
68.018463
68.689217
68.664032
66.660896
68.343170
67.441345
67.791489
Control Period
65.531906
68.534973
65.881821
68.349701
65.871262
68.388702
66.605255
Control Period
68.650177
65.033340
68.387520
68.906494
65.373413
67.003036
67.272415
Control Period
67.685562
68.685181
68.812286
67.939552
64.926880
64.919708
64.949661
Control Period
66.796005
67.518173
69.183136
67.920547
68.543396
68.100830
66.130173
Control Period
67.528801
68.661377
68.711327
64.904068
64.989563
64.938240
68.634209
Control Period
68.063232
65.027451
68.583008
65.378052
65.007996
65.000801
68.587967
Control Period
64.991295
68.584732
64.998116
68.407654
65.045181
68.489891
65.012833
66.777756
Control Period
65.041504
65.882080
67.439423
68.760895
66.593445
65.014755
68.281631
68.311554
Control Period
64.901794
64.989090
64.865479
64.908607
64.936417
64.986557
64.997635
Control Period
68.329147
68.507645
66.792099
68.460419
67.343361
68.327942
67.508514
68.648804
Control Period
67.563393
66.734970
64.987328
68.340767
67.107239
64.987610
68.518272
Control Period
68.456703
64.930939
64.985954
67.160736
68.530655
68.561630
66.495903
Control Period
64.983643
64.936707
67.107071
67.493629
65.940994
64.970947
64.916992
66.229279
Control Period
68.569855
68.595581
68.113792
66.004868
65.020096
64.924576
65.206467
68.860672
Control Period
64.945572
64.963196
65.388550
65.197533
64.991516
64.976547
Control Period
66.359741
68.781052
66.981537
65.229729
64.995514
65.074013
64.949471
64.962585
Control Period
66.347580
64.956314
64.974274
64.998146
67.901024
68.388611
67.651520
Control Period
64.976799
66.545410
66.507744
67.332481
64.941696
64.875549
66.299545
68.095169
Control Period
66.767998
64.958786
67.044258
65.310364
66.890144
68.336380
66.918015
Control Period
68.350784
67.457794
65.019363
65.024506
64.952988
64.881531
64.958878
64.954819
Control Period
65.202339
67.557083
68.381470
68.544258
68.577728
68.366180
64.844353
Control Period
71.595940
71.582428
71.585510
71.584610
71.575874
71.577286
71.542557
71.560097
71.551933
71.562302
71.569473
71.564705
71.557220
71.581055
71.568069
71.567902
71.577408
71.569984
71.570114
71.577469
71.562302
71.588959
71.545982
71.575874
71.557022
71.565407
71.559616
