113.561
113.018
112.51
114.672
115.019
115.078
115.733
115.025
114.526
115.405
117.114
114.502
116.577
115.724
115.385
115.825
115.52
115.415
115.08
115.529
115.865
115.887
115.746
116.977
116.274
114.035
114.277
116.086
116.616
117.316
116.034
116.906
116.424
114.052
115.497
115.93
114.493
114.738
116.965
116.109
113.983
116.609
116.011
115.575
114.833
114.868
114.725
115.701
116.161
115.791
115.081
113.554
114.44
115.292
116.023
116.62
116.148
115.269
115.738
116.074
116.846
116.361
116.198
116.481
116.399
115.575
114.551
114.783
115.562
117.318
116.431
115.761
117.23
114.454
115.89
114.939
115.057
114.517
115.367
115.801
116.064
116.032
116.28
116.005
115.438
115.223
116.094
116.811
114.58
115.206
115.804
115.913
116.033
114.91
115.46
115.741
117.34
113.882
116.346
115.651
116.626
116.342
116.425
116.487
115.269
114.792
114.577
116.029
115.334
116.52
113.869
114.402
114.908
114.464
