5625.13
6595.59
6750.13
6612.37
6485.8
6586.07
6551.5
6384.93
6530
6530.1
6523.27
6615.93
6443.2
6428.76
6496.03
6520.07
6404.9
6474.33
6654.03
6487.17
6427.03
6542.73
6516.21
6466.2
6340.35
6602.03
6611.13
6578.5
6551.48
6449
6410.76
6578.17
6408.33
6421.17
6573.23
6512.76
6421.47
6575.28
6519.4
6457.87
6490.38
6502.27
6520.03
6370.24
6533.17
6535.1
6616.33
6434.23
6449.9
6487.27
6547.97
6529.87
6477.63
6621.45
6477.97
6545.69
6308.93
6499.27
6673.24
6511.5
6472.03
6556.83
6559.03
6391.83
6422.73
6468.17
6447.34
6598.6
6445
6610.72
6458.57
6455.2
6509.1
6434.37
6427.63
6505.41
6582.1
6585.38
6533.2
6414.21
6521.7
6469.73
6548.9
6476.6
6491.66
6496.73
6468.2
6524.3
6551.2
6540.1
6503.3
6348.13
6484.48
6507
6513.83
6557.2
6497.4
6511.41
6533.9
6480.48
6576.17
6489.47
6409.76
6405.97
6488.5
6477
6680.63
6458.9
6666.69
6309.9
6408.69
6529.27
6520.43
6464.14
