5639.7
6145.83
6296.67
6253.3
6257.5
6157.03
6032.83
6014.33
6024.83
6076.67
6185.8
6094.8
6038.73
5978.17
5901.6
5954.77
6103.14
6079.63
5986.07
6077.3
6091.23
6027.27
6135.03
6023.33
6033.8
6004.55
5979.5
6132.9
6084.34
5978.8
5941.67
6039.43
6020.73
5960.37
6026.63
5975.8
5920.41
5950.03
6063.87
6174.57
5962.03
5919.43
5961.4
5923.5
5983.77
5991.03
6007.2
5969.83
5982.03
6006.2
5970.93
5925.77
6002.87
5970.59
5994.33
5992.97
5948.07
5967.93
5991.67
5964.3
5987.93
6104.13
6140.57
6084.9
6002.93
5945.6
6021.8
6236.07
6030.63
6083.6
6032.17
5917.8
6018.7
5952.42
5912.83
5952.8
5886.8
5913.24
5998.33
5989.13
5887.59
5998.87
6046.16
6092.2
6045.37
6001.2
5940.55
6166.27
5899.87
6004.17
6012.43
6005.8
5966.2
6023.97
6027.23
5976.93
6008.83
6008.87
6010.47
6070.93
5907.66
6031.1
5972.77
6023.07
6101.73
6057.57
6014.37
5997.27
5994.27
5999.83
5946.4
6036.66
5974.53
5956.73
