918
918
918
910.371
911.492
911.873
908.822
906.094
903.792
901.985
900.732
899.953
899.474
898.904
897.937
897.032
896.438
896.202
896.243
896.599
896.397
896.062
895.712
895.397
894.892
894.563
893.719
893.252
892.93
892.653
892.518
892.099
891.397
891.203
891.343
891.348
891.155
891.246
891.083
891.166
891.369
891.698
891.712
891.071
890.783
891.058
891.23
891.658
891.923
892.236
892.203
892.203
892.484
892.605
892.486
892.615
892.92
893.274
893.399
893.696
893.715
894.01
894.273
894.393
894.617
894.858
894.601
893.854
893.108
892.779
892.799
892.533
891.637
891.112
890.42
890.021
890.096
890.178
890.228
890.612
890.818
891.577
892.206
892.595
892.891
893.476
893.716
893.771
893.537
893.175
892.888
893.09
892.401
892.536
892.544
892.477
892.417
892.415
892.386
892.268
892.285
892.254
892.313
892.043
891.814
892.076
891.963
892.108
892.145
891.792
891.298
891.116
890.819
890.84
890.705
890.935
890.835
890.946
