0.724531
0.853138
0.845496
0.843014
0.84522
0.851955
0.841063
0.877227
0.891596
0.902041
0.87864
0.878647
0.880715
0.884976
0.892019
0.910591
0.904187
0.881987
0.894917
0.897596
0.894764
0.882222
0.891917
0.886905
0.872981
0.898565
0.901381
0.893914
0.880085
0.884933
0.889585
0.907276
0.882757
0.895586
0.89986
0.901254
0.909364
0.915738
0.922477
0.891206
0.891033
0.89307
0.901376
0.89513
0.921276
0.907614
0.898198
0.913483
0.894977
0.903678
0.901489
0.910236
0.902065
0.900553
0.914151
0.893965
0.906583
0.906742
0.91198
0.907318
0.90736
0.891158
0.890052
0.879221
0.886601
0.887561
0.901342
0.909131
0.879402
0.867193
0.88836
0.887096
0.903041
0.892388
0.918
0.905725
0.933243
0.901836
0.918131
0.916551
0.88996
0.912534
0.907218
0.900791
0.886094
0.892854
0.90476
0.89761
0.887394
0.899616
0.89431
0.896809
0.909186
0.910811
0.896199
0.900759
0.903541
0.89374
0.912134
0.896091
0.882406
0.913915
0.900518
0.911623
0.889596
0.886296
0.880223
0.883257
0.902043
0.899782
0.900381
0.910602
0.900965
0.8969
