113.4
118.722
118.706
118.504
119.349
119.631
120.362
118.5
120.444
120.308
120.503
120.587
120.78
120.396
120.973
120.705
120.491
121.207
120.509
119.491
120.7
121.895
120.811
120.288
121.289
121.749
121.745
121.679
121.796
121.37
121.745
121.9
121.944
121.65
121.694
121.467
121.52
121.342
121.235
121.732
121.98
121.933
122.394
121.927
121.844
121.563
122.016
121.298
121.542
121.747
121.287
121.523
120.97
121.713
121.017
121.645
121.547
121.704
121.001
120.909
121.653
121.93
120.903
120.911
121.382
121.725
121.881
120.65
121.298
121.699
121.355
120.892
122.265
122.886
121.897
122.803
121.048
122.141
121.831
121.435
121.769
121.334
121.141
121.77
121.529
121.584
121.61
122.181
121.396
122.115
122.195
121.333
121.724
121.303
121.559
121.533
122.058
120.981
121.729
120.133
121.714
122.077
121.319
121.547
121.725
121.734
121.976
122.142
121.471
121.837
121.885
121.595
121.381
121.824
