0.708748
0.813518
0.83324
0.840845
0.857491
0.864716
0.876613
0.870612
0.894608
0.894886
0.89509
0.890171
0.891649
0.890629
0.899307
0.901876
0.901467
0.901737
0.892997
0.888486
0.898167
0.904089
0.894139
0.886869
0.898133
0.901289
0.900899
0.901159
0.896313
0.891346
0.898323
0.902642
0.900332
0.897342
0.900322
0.897378
0.8997
0.901649
0.902139
0.902073
0.896107
0.899072
0.906379
0.902301
0.904057
0.900889
0.904087
0.896976
0.900899
0.902721
0.89808
0.901718
0.899981
0.905162
0.899322
0.904237
0.902299
0.904833
0.899147
0.898797
0.906061
0.906476
0.892413
0.889362
0.893374
0.898516
0.902732
0.891832
0.88962
0.895377
0.891518
0.890037
0.907128
0.908595
0.900544
0.910521
0.895829
0.909575
0.907301
0.901515
0.903551
0.903766
0.900669
0.90297
0.896383
0.896347
0.897949
0.905461
0.890975
0.90384
0.90295
0.895185
0.899422
0.897857
0.899346
0.898288
0.903748
0.894188
0.901268
0.888482
0.901102
0.907615
0.897984
0.901515
0.901196
0.89674
0.897548
0.899464
0.895068
0.899754
0.900183
0.900291
0.89685
0.902243
