360.304
-145.833
-296.667
-253.3
-257.5
-157.033
-32.8335
-14.3335
-24.8276
-76.6665
-185.8
-94.7998
-38.7334
21.8335
98.3999
45.2334
-103.138
-79.6333
13.9331
-77.2998
-91.2334
-27.2666
-135.033
-23.3335
-33.7998
-4.55176
20.5
-132.9
-84.3447
21.2002
58.3335
-39.4331
-20.7334
39.6333
-26.6333
24.2002
79.5864
49.9668
-63.8667
-174.567
37.9653
80.5669
38.6001
76.5
16.2334
8.9668
-7.2002
30.1724
17.9668
-6.2002
29.0669
74.2334
-2.8667
29.4136
5.6665
7.0332
51.9331
32.0669
8.3335
35.7002
12.0688
-104.133
-140.567
-84.8999
-2.93115
54.3999
-21.7998
-236.067
-30.6333
-83.6001
-32.1665
82.2002
-18.7002
47.5806
87.1724
47.2002
113.2
86.7588
1.6665
10.8667
112.414
1.1333
-46.1611
-92.2002
-45.3667
-1.2002
59.4482
-166.267
100.133
-4.1665
-12.4331
-5.7998
33.7998
-23.9668
-27.2334
23.0688
-8.8335
-8.8667
-10.4668
-70.9331
92.3447
-31.1001
27.2334
-23.0688
-101.733
-57.5669
-14.3667
2.7334
5.7334
0.166504
53.6001
-36.6553
25.4668
43.269
