59.355263
58.600128
58.562496
58.569473
58.544350
58.571648
58.608513
58.590813
58.590462
58.650337
58.568222
58.571198
58.572830
58.582047
58.624451
58.585567
58.598145
58.590942
58.590179
58.579582
58.602943
58.567520
58.594208
58.869087
58.581886
58.573215
58.697472
58.623650
58.582466
Control Period
58.767872
60.503117
62.259708
63.985867
65.749405
67.454636
69.274651
70.979820
76.350044
78.099304
Control Period
79.824028
75.327309
70.882370
66.420052
65.476166
60.974651
58.779968
58.752670
Control Period
62.145664
58.785789
58.787968
58.759552
58.778240
59.234337
58.748192
58.778206
58.790787
Control Period
58.817795
58.764160
58.777374
58.784637
58.790977
58.794205
58.770496
58.772034
58.780067
62.133186
Control Period
58.769184
58.754208
58.764416
62.371040
58.793602
58.799007
58.790047
58.756577
Control Period
58.727905
58.748928
62.420769
62.065987
61.318016
58.767586
58.768288
Control Period
58.795521
61.348255
62.507648
62.357185
60.631966
58.810047
62.085732
Control Period
62.300354
58.859489
58.776222
58.762688
58.759487
58.810913
58.774975
59.875999
Control Period
58.714943
58.818817
62.251228
59.039295
58.766495
58.721760
58.760834
61.307392
59.623741
Control Period
58.751587
58.757248
60.187134
62.303585
58.795425
58.750015
60.107712
62.461090
58.771133
Control Period
58.764000
58.816673
62.216156
61.818398
58.750080
58.738976
62.178017
58.773632
58.766685
Control Period
59.696098
58.783264
62.090431
59.281281
58.767296
62.446243
58.769630
58.826721
Control Period
63.548706
58.768707
58.815872
62.014526
58.912895
60.941792
58.755615
62.382370
Control Period
62.494560
58.774815
62.356354
58.725151
60.561821
60.155838
58.777569
Control Period
61.031937
58.766113
59.225342
58.785919
60.261761
58.750206
61.365505
58.759102
Control Period
62.372322
58.768929
61.549248
59.307552
58.800446
62.024513
58.768478
62.413952
58.802017
Control Period
62.415520
58.752865
58.847038
62.351486
58.779552
62.228096
58.757248
60.204288
62.145439
Control Period
62.375298
58.918045
62.047043
59.148003
59.787521
61.721119
58.742081
Control Period
62.408707
58.803139
62.628735
62.132992
58.762978
62.233505
58.777794
61.766495
58.740448
59.927265
Control Period
60.957855
58.752098
62.552094
58.754082
62.325661
58.751266
62.200638
58.799648
Control Period
61.840637
58.760735
59.857857
58.767136
60.857407
60.054558
58.776928
58.869827
Control Period
61.489056
58.805855
62.579231
58.787872
61.909950
58.783455
62.817856
58.822113
61.887264
Control Period
60.315266
58.795712
62.093536
58.761505
62.400608
58.962303
62.071712
61.021473
60.267967
Control Period
62.258720
58.779427
62.673279
58.765568
61.850304
60.057533
58.756546
62.384544
Control Period
58.742050
62.169376
58.816288
60.387264
62.011902
58.738525
62.156609
59.162815
58.761505
Control Period
58.775070
60.570847
61.751553
58.795200
59.159454
62.296127
58.746590
58.748287
Control Period
62.490654
59.115295
58.787041
62.228897
60.311840
60.798882
58.767998
58.750946
58.779457
Control Period
58.791679
60.365280
62.501022
58.742176
59.448158
62.021793
60.635551
60.647583
62.052002
Control Period
60.698559
58.761536
61.806847
61.341022
58.794529
59.974754
60.928963
Control Period
62.276703
58.753281
60.515137
61.964127
61.249313
58.783394
60.178783
61.694977
60.499298
Control Period
60.884575
58.834911
59.207039
62.359970
62.279938
58.766914
58.898178
60.010784
62.340450
Control Period
59.589981
62.192413
58.774368
62.257759
62.361088
62.441566
60.532799
60.828033
Control Period
61.764030
62.119904
60.385826
59.202370
58.743553
60.225697
61.054657
61.888542
Control Period
59.642399
62.219009
61.271393
62.008224
62.168129
61.298912
58.771358
59.420929
Control Period
61.178879
62.543903
59.185760
58.768158
59.235744
62.264545
62.226143
58.764191
Control Period
60.350304
61.042465
61.717216
61.065437
58.770912
60.644638
62.535839
59.266464
Control Period
62.067200
60.823872
58.800926
61.528801
58.776096
62.211266
58.972610
58.766880
62.186081
Control Period
58.723038
61.975742
59.885506
58.742722
62.197441
59.230751
59.474205
58.750751
60.458237
Control Period
60.682400
60.983105
62.254532
59.423969
58.729248
61.330658
59.833313
58.745281
61.826942
Control Period
61.588066
58.732674
60.404865
62.577629
58.760162
58.931103
58.733250
60.126144
Control Period
60.110497
61.184479
61.802689
60.713730
58.851295
58.983810
58.735458
Control Period
62.225697
58.779076
61.902752
62.143585
59.646881
58.845665
58.772255
59.616512
62.029564
Control Period
58.890785
61.205315
62.542274
58.896706
58.790367
60.013248
62.088509
58.760994
Control Period
62.140575
60.684288
58.774078
58.753536
61.604576
60.278175
59.242371
58.770241
Control Period
60.629181
58.753090
61.788639
60.697250
59.445377
58.794209
61.508003
61.171425
59.663742
Control Period
62.333954
58.748417
58.848991
62.131393
58.734112
58.781342
62.306496
62.271484
Control Period
58.770657
58.811935
58.789600
61.391518
60.666878
62.276772
60.210430
58.777824
Control Period
64.896988
61.263103
58.776573
61.762947
59.721695
58.740673
62.255714
59.853729
58.815903
Control Period
58.788033
62.726208
59.358078
59.001888
62.326015
59.157310
58.758560
62.305565
Control Period
60.228065
58.982529
58.800354
61.627548
60.946594
58.758400
60.135105
Control Period
58.734432
60.849312
60.368065
58.727360
60.451775
61.324833
58.771454
60.161343
Control Period
61.806942
58.743614
60.852512
62.274078
58.801437
59.996799
62.433281
58.773407
Control Period
58.749889
59.577503
62.315647
58.752159
58.920830
62.742943
62.494274
Control Period
59.143967
58.753567
61.449120
60.403458
58.803551
62.238560
58.735359
60.533920
62.086880
Control Period
61.993473
58.787521
59.086494
62.221825
58.791710
62.537186
59.819904
Control Period
58.745407
62.281731
58.710014
59.846397
58.747871
61.441055
58.776512
Control Period
59.598240
62.351746
58.735199
62.522690
58.794785
58.892704
60.709087
58.808319
Control Period
64.886276
59.078815
60.390205
58.917442
58.771648
60.394882
58.752384
61.454338
Control Period
58.764801
60.020416
62.400574
58.773376
61.818398
58.820160
58.761635
62.245377
Control Period
58.777954
62.584671
58.758369
61.745277
58.736641
59.390335
58.799171
58.748833
Control Period
62.518463
60.060318
61.052673
58.779427
59.727905
59.438110
58.782207
61.158493
58.791389
Control Period
62.212898
58.801537
62.220703
58.801792
62.129856
58.754017
62.176193
58.750401
62.553154
59.532478
Control Period
58.755936
58.748093
62.097313
59.912895
61.189953
61.674622
58.771233
61.897282
Control Period
58.751137
59.268898
58.769470
60.321728
60.885887
61.699936
58.761600
62.434784
59.295391
Control Period
58.758751
60.978752
61.783524
58.787071
59.228317
62.434624
58.766304
62.041313
Control Period
61.085537
60.841122
58.739037
60.771965
61.459583
58.762432
60.629120
58.734146
62.150398
Control Period
60.308289
62.370110
58.747746
59.778561
58.855968
58.796577
62.652252
59.836349
58.775936
61.798851
Control Period
62.390049
59.624702
58.747581
60.671616
61.780670
58.767647
60.660480
58.766495
Control Period
61.465759
62.223137
60.489792
58.795937
60.895363
61.782333
60.374943
60.767937
62.008224
Control Period
62.341438
62.238686
58.800800
58.787457
62.378845
58.753407
58.751488
60.431328
62.400093
Control Period
62.881569
62.452480
62.382401
62.123810
62.166847
62.562912
58.760574
59.069599
Control Period
62.546364
58.776127
58.766495
60.385952
61.538338
62.453888
59.562496
58.795681
59.536575
Control Period
60.061951
62.121666
60.458878
58.766846
58.786560
60.370560
61.491074
62.829662
Control Period
61.359711
60.511169
58.753662
58.775070
59.865376
61.553055
60.875519
59.375423
58.869312
Control Period
59.927101
62.171555
59.825920
62.150749
58.972736
58.741440
58.743393
59.840126
Control Period
58.766655
62.288002
62.438591
59.058594
58.825920
59.335968
58.792831
Control Period
59.266785
58.831360
62.319138
59.775009
60.248543
62.289314
61.861794
Control Period
58.751678
58.771488
60.582848
62.280609
58.745792
58.801918
59.327423
62.753891
58.758049
Control Period
58.776257
62.410976
59.618179
58.790657
62.530529
59.662144
58.774143
62.308289
Control Period
62.331650
59.168224
58.807968
62.251297
62.307392
58.818657
Control Period
59.199615
60.842144
61.071297
58.887905
60.580925
61.440414
59.942368
61.273056
61.753952
Control Period
60.784576
58.766754
61.157822
60.467201
61.014751
58.735229
60.046242
62.571136
58.824352
60.574753
Control Period
59.746304
62.408352
58.763870
62.313698
58.773598
58.761024
60.174751
58.767521
Control Period
62.230911
58.758911
62.444260
58.775200
62.054756
60.949791
58.774979
62.113922
60.037987
Control Period
62.583298
58.774109
59.493950
60.348511
58.842079
62.165665
60.388672
59.822174
Control Period
58.785919
62.822243
58.753853
60.285698
58.772255
61.523518
58.782143
59.047840
Control Period
58.764927
62.171104
58.814400
62.514404
59.757698
58.770973
59.667358
58.791809
61.936836
60.637760
Control Period
58.721920
58.788734
58.748962
62.166466
59.890175
61.535164
61.023773
Control Period
59.349056
62.306625
58.915390
58.793377
62.252930
59.025536
58.752224
62.223427
Control Period
58.794113
58.767265
62.196030
60.022976
60.818752
61.548477
59.461952
58.836128
Control Period
62.245247
60.803871
58.770271
60.644863
61.516033
58.775681
59.635361
62.274975
Control Period
58.847904
58.798622
58.789314
61.360607
60.900002
58.787296
60.999168
61.367073
Control Period
59.596737
58.770271
62.182686
58.759743
62.420193
58.781216
59.059906
60.009472
Control Period
61.949215
60.228287
58.836384
60.908958
61.557472
58.790337
62.183586
58.794880
58.780701
Control Period
58.778881
62.436546
58.767006
59.658848
61.984863
60.384865
58.781567
Control Period
58.760925
58.844925
62.429760
58.782848
58.783745
62.180161
58.933121
58.759296
Control Period
62.423553
62.436352
58.925568
58.755871
62.140511
59.955841
58.776382
62.358974
60.433693
Control Period
58.774754
60.672607
58.829506
58.794594
62.218815
59.441311
58.758530
62.476704
Control Period
61.884735
62.148354
60.381630
58.829983
61.887840
58.755806
61.493759
58.806435
61.680416
Control Period
60.652832
59.899231
58.792000
60.910881
61.241219
59.300095
62.254368
58.792896
Control Period
58.751839
62.365631
59.873886
58.754883
58.784351
59.227680
59.476192
62.239105
Control Period
60.153633
58.767746
61.331841
60.588673
58.764256
60.409378
60.354015
Control Period
61.332382
58.796577
59.649696
62.202942
59.155907
58.737122
62.278717
58.760735
59.262848
Control Period
60.213951
61.056896
61.429089
58.737442
59.491905
62.229568
58.745087
61.052414
60.840256
Control Period
58.954239
62.220798
59.646400
58.791039
61.988129
60.580353
58.767040
62.000000
Control Period
60.392544
59.707008
58.782051
62.225410
59.800385
58.775135
58.759010
62.547234
59.216225
Control Period
58.766434
60.030880
62.375809
61.459198
60.365055
60.507843
61.811714
61.467934
59.684513
Control Period
59.747295
59.059746
58.799519
62.080063
62.166016
60.730881
58.759521
Control Period
58.757469
59.707489
62.078239
61.428833
58.841438
58.800896
62.054878
62.827488
Control Period
62.117538
61.600574
58.792160
58.776192
58.778465
58.770782
60.254593
60.989853
Control Period
61.839233
62.287457
58.791489
59.660385
62.561859
60.915619
58.774399
58.814751
59.562912
Control Period
59.645760
62.427101
61.177536
58.785248
59.994144
59.964703
61.219135
60.495743
Control Period
58.831776
62.368095
61.217823
58.765022
60.030720
60.306175
61.744831
58.476418
Control Period
64.748672
64.743614
64.699615
64.665054
64.676254
64.674789
64.610046
64.625633
64.624352
64.680130
64.675354
64.679077
64.702080
64.676956
64.675392
64.695419
64.724960
64.742691
64.705246
64.683395
64.746979
64.721695
64.672798
64.635132
64.694565
64.655365
64.691711
64.649345
