80
78.0741
77.1894
76.4631
75.8705
75.3858
74.988
74.6605
74.391
74.1692
73.9867
73.8357
73.7115
73.6087
73.5217
73.4477
73.3843
73.334
73.2895
73.2502
73.2165
73.1888
73.1639
73.143
73.1212
73.1061
73.0902
73.0787
73.067
73.0573
73.0511
73.0419
73.0345
73.0308
73.024
73.0174
73.0112
73.0071
73.0055
73.0021
73.0022
73.005
73.0064
73.0043
73.0048
73.0063
73.0088
73.0107
73.0139
73.0149
73.016
73.0197
73.0168
73.0185
73.0224
73.0267
73.0284
73.0317
73.0336
73.0335
73.0377
73.0434
73.0504
73.051
73.0523
73.0535
73.0546
73.0574
73.0573
73.0614
73.0635
73.068
73.0706
73.071
73.0682
73.0704
73.0711
73.0733
73.0784
73.0808
73.0849
73.0894
73.0922
73.0946
73.0935
73.0957
73.1004
73.1022
73.1042
73.1046
73.1095
73.11
73.1107
73.1096
73.1065
73.1049
73.1072
73.1069
73.1073
73.114
73.119
73.1235
73.1297
73.1316
73.1347
73.136
73.1384
73.1365
73.1386
73.1388
73.1413
73.143
73.1457
73.1495
73.1511
