57.8834
59.8705
59.8841
59.8906
59.8924
59.8969
59.8925
59.8821
59.8903
59.8888
59.8797
59.8869
59.9008
59.8918
59.901
59.881
59.8984
59.8964
59.8879
59.8947
59.8941
59.889
59.8889
59.8925
59.8983
59.8856
59.9057
59.8987
59.8923
59.8993
59.89
59.8858
59.9046
59.8879
59.8789
59.8804
59.8942
59.8867
59.8847
59.8961
59.9051
59.9117
59.8864
59.8984
59.9082
59.9063
59.8999
59.9081
59.9068
59.9033
59.9111
59.886
59.9068
59.9107
59.9131
59.9125
59.9094
59.9033
59.9059
59.9076
59.915
59.9235
59.9195
59.9051
59.9106
59.9092
59.919
59.8976
59.9131
59.9129
59.9132
59.9141
59.9091
59.8883
59.9089
59.8971
59.8952
59.9006
59.8914
59.9026
59.9034
59.9094
59.8929
59.8918
59.8938
59.9036
59.8955
59.898
59.8839
59.8956
59.8959
59.8847
59.8809
59.8687
59.8646
59.8887
59.8726
59.8779
59.894
59.8918
59.8991
59.8944
59.8925
59.8907
59.8913
59.8943
59.8737
59.8945
59.8833
59.8881
59.8825
59.8884
59.8975
59.8806
59.8861
