60.185150
59.868095
59.882050
59.895554
59.854015
59.862751
59.859295
59.859425
59.877407
59.875263
59.823647
59.847103
59.887585
59.897057
59.859169
59.846592
59.872673
59.844288
59.869408
59.848961
59.859295
59.859936
59.877151
59.855648
59.863007
59.857567
59.899582
59.890366
59.923393
Control Period
59.878464
59.878944
59.886177
59.875587
59.865505
59.871811
59.842976
59.864479
Control Period
59.881538
59.859489
59.864159
59.882591
59.896446
59.899971
59.905407
59.875107
59.891998
Control Period
59.886112
59.895870
59.897217
59.916573
59.887970
59.902206
59.884193
59.854881
Control Period
59.899330
59.873695
59.902431
59.883202
59.888962
59.900417
59.901119
59.890366
Control Period
59.861534
59.880287
59.907906
59.901600
59.924446
59.889122
59.913120
59.885727
59.907967
Control Period
59.898880
59.937698
59.903137
59.893570
59.850594
59.908127
59.884995
59.863007
Control Period
59.878082
59.856354
59.875839
59.903267
59.906624
59.886528
59.873566
59.876160
59.884735
Control Period
59.874046
59.898819
59.889503
59.896671
59.892479
59.897377
59.873955
59.904800
Control Period
59.877663
59.897667
59.898624
59.865185
59.892353
59.896511
59.885887
59.896351
Control Period
59.859871
59.859360
59.860096
59.873955
59.873024
59.892509
59.900192
59.892288
59.906082
Control Period
59.865410
59.910816
59.886398
59.884094
59.858528
59.882721
59.895264
59.912193
Control Period
59.885246
59.923523
59.918846
59.914589
59.890175
59.915138
59.866463
59.892509
Control Period
59.853859
59.895103
59.901665
59.878143
59.911743
59.886818
59.898270
59.908737
Control Period
59.887680
59.881729
59.908417
59.900768
59.907425
59.890976
59.922367
59.906433
59.902786
Control Period
59.880703
59.870430
59.877953
59.881027
59.878048
59.908867
59.893761
59.874401
59.863747
Control Period
59.882942
59.910721
59.896606
59.880318
59.912128
59.910622
59.895584
Control Period
59.901855
59.875427
59.900322
59.877632
59.916641
59.901569
59.902271
59.890114
59.901505
Control Period
59.880543
59.865822
59.887459
59.868065
59.870144
59.877441
59.914879
59.896866
59.930016
Control Period
59.920864
59.903328
59.898781
59.889374
59.862114
59.911293
59.901695
59.891808
59.873184
Control Period
59.896706
59.895363
59.878593
59.888733
59.884834
59.896416
59.892258
59.902145
59.911362
Control Period
59.901024
59.897888
59.884480
59.884163
59.889088
59.886787
59.881409
59.886787
Control Period
59.878368
59.901634
59.898430
59.881149
59.902016
59.885056
59.879616
59.884674
Control Period
59.892704
59.903107
59.915550
59.890400
59.902687
59.871071
59.901184
59.893410
59.862274
Control Period
59.877377
59.880547
59.903263
59.910816
59.908512
59.902657
59.889824
59.913437
Control Period
59.895039
59.894432
59.888290
59.880928
59.868866
59.872864
59.898590
Control Period
59.919197
59.905186
59.902145
59.945442
59.895584
59.911743
59.879326
59.899811
59.892769
Control Period
59.884926
59.930435
59.907715
59.888542
59.897247
59.886749
59.906368
59.887360
Control Period
59.872131
59.888290
59.890945
59.913597
59.898750
59.895744
59.887840
59.891136
Control Period
59.904640
59.912895
59.907486
59.919712
59.906334
59.909981
59.888161
59.889442
59.854912
Control Period
59.885887
59.881630
59.907967
59.898880
59.884575
59.892578
59.904896
59.863712
59.886848
Control Period
59.884514
59.878754
59.873085
59.870495
59.904961
59.920990
59.876480
59.875744
Control Period
59.865982
59.894463
59.895134
59.928925
59.919426
59.913406
59.930336
59.889374
Control Period
59.880066
59.880157
59.883392
59.914593
59.880352
59.896671
59.872162
59.896896
59.899582
59.875198
Control Period
59.853153
59.883167
59.877502
59.902718
59.874367
59.885185
59.846558
59.908257
Control Period
59.879040
59.868992
59.888451
59.885311
59.886818
59.866814
59.887424
59.900002
Control Period
59.889374
59.901886
59.886303
59.890079
59.895489
59.891777
59.894497
59.898750
Control Period
59.866783
59.907967
59.915649
59.889729
59.889984
59.884930
59.842464
59.889664
59.893345
Control Period
59.874878
59.896030
59.879135
59.857246
59.871231
59.906368
59.881630
59.911011
Control Period
59.882973
59.926334
59.878975
59.900928
59.886784
59.914848
59.900673
59.876961
Control Period
59.903297
59.884766
59.901600
59.887138
59.896801
59.921505
59.911423
59.904861
59.934849
Control Period
59.921730
59.901985
59.903103
59.943295
59.901089
59.917088
59.899010
59.906563
Control Period
59.883102
59.892189
59.869568
59.881790
59.903198
59.874592
59.884766
59.901695
Control Period
59.894527
59.887550
59.880287
59.900288
59.930397
59.896000
59.892189
59.905697
Control Period
59.923679
59.941475
59.904510
59.898529
59.909859
59.902847
59.910080
59.892990
59.889793
Control Period
59.928833
59.939041
59.907104
59.908066
59.887489
59.886753
59.888992
59.904350
Control Period
59.892738
59.905888
59.911583
59.902145
59.918434
59.888130
59.884094
59.896351
Control Period
59.903168
59.922241
59.936798
59.883011
59.903839
59.905411
59.903709
59.892960
59.915421
59.914146
Control Period
59.934624
59.894463
59.895168
59.916576
59.896160
59.892418
59.904480
59.920734
59.907425
Control Period
59.902016
59.916481
59.913635
59.909634
59.880032
59.897633
59.900093
59.903008
Control Period
59.903423
59.899742
59.948067
59.920288
59.915009
59.902527
59.906723
59.904385
59.900127
Control Period
59.894783
59.884640
59.899200
59.893791
59.888992
59.887489
59.854111
59.884991
Control Period
59.899391
59.886208
59.904381
59.896545
59.930336
59.910175
59.926750
59.900223
59.899456
Control Period
59.895679
59.929886
59.899010
59.934143
59.885857
59.902046
59.902557
59.930557
59.927933
Control Period
59.925472
59.964287
59.887970
59.886627
59.891937
59.929825
59.917953
59.900768
Control Period
59.904449
59.980576
59.883011
59.896996
59.906082
59.905602
59.921341
59.911583
59.902977
Control Period
59.920959
59.917152
59.880543
59.916000
59.920639
59.915710
59.908001
59.904385
59.900833
Control Period
59.914818
59.903389
59.891106
59.900734
59.900253
59.901314
59.923965
59.890881
Control Period
59.906654
59.878017
59.923969
59.874241
59.903938
59.916451
59.910912
59.924957
59.896637
59.923424
Control Period
59.920990
59.899010
59.894402
59.894943
59.920258
59.916065
59.916031
59.899010
59.897537
Control Period
59.909760
59.896927
59.919136
59.899231
59.944672
59.927231
59.923134
59.916992
Control Period
59.914978
59.928127
59.945057
59.930466
59.927135
59.913757
59.900032
59.928192
Control Period
59.914433
59.892609
59.922241
59.907585
59.901405
59.935646
59.897503
59.989693
59.906563
59.927521
Control Period
59.877697
59.887775
59.893826
59.907104
59.910496
59.937088
59.899422
59.927711
Control Period
59.898430
59.916512
59.915329
59.916416
59.902752
59.922562
59.903809
59.908833
Control Period
59.889313
59.876350
59.907585
59.899200
59.914944
59.913635
59.923359
59.927841
59.930817
Control Period
59.927105
59.919552
59.906334
59.927776
59.941792
59.948189
59.897537
59.903168
59.899330
Control Period
59.892349
59.891487
59.899971
59.901344
59.895424
59.897949
59.900833
59.912003
59.886978
Control Period
59.914463
59.915710
59.929600
59.882339
59.908287
59.931679
59.902782
59.881660
59.951454
Control Period
59.892258
59.910591
59.928833
59.948799
59.891392
59.881950
59.930977
59.914017
59.917122
Control Period
59.910240
59.927330
59.878754
59.920383
59.920479
59.886719
59.942558
59.918846
59.922272
Control Period
59.927010
59.920158
59.905537
59.877281
59.909473
59.904095
59.948544
59.912449
Control Period
59.919167
59.915329
59.918240
59.883904
59.905407
59.916893
59.907875
59.906242
Control Period
59.882401
59.883904
59.873825
59.904610
59.897217
59.874718
59.870850
59.918594
Control Period
59.895485
59.902718
59.902752
59.898720
59.897919
59.907646
59.905376
59.933693
59.936096
Control Period
59.924515
59.858784
59.886368
59.898849
59.918304
59.885727
59.894913
59.909344
Control Period
59.920063
59.890945
59.882622
59.916576
59.889248
59.888161
59.893410
59.880447
Control Period
59.892799
59.889664
59.903584
59.890335
59.894402
59.924576
59.901249
59.906494
59.902401
Control Period
59.892418
59.905251
59.894081
59.881889
59.876671
59.887230
59.894783
59.898815
Control Period
59.894783
59.889694
59.936577
59.910751
59.900703
59.912384
59.888771
59.887550
59.919266
Control Period
59.899105
59.912033
59.911453
59.888000
59.899872
59.902206
59.895134
Control Period
59.892735
59.899361
59.902111
59.928223
59.910339
59.910370
59.917442
59.911392
59.912354
Control Period
59.887619
59.900002
59.921055
59.924000
59.874111
59.866879
59.882751
59.886818
Control Period
59.888000
59.895008
59.900288
59.894112
59.889854
59.901123
59.882145
59.887741
59.888222
Control Period
59.889183
59.884766
59.918335
59.886208
59.893665
59.878624
59.897377
59.902626
Control Period
59.903618
59.908257
59.888802
59.908157
59.896095
59.907166
59.899651
59.917248
Control Period
59.900993
59.898911
59.894081
59.908192
59.901630
59.893471
59.905342
59.863907
59.892799
Control Period
59.908257
59.885696
59.889694
59.922432
59.883423
59.901440
59.892960
59.900002
Control Period
59.880257
59.887360
59.886593
59.894016
59.885406
59.885406
59.882145
59.868832
59.886398
Control Period
59.909218
59.895363
59.898048
59.892578
59.896797
59.894016
59.886658
59.892258
Control Period
59.903999
59.913795
59.885311
59.886047
59.883743
59.911682
59.910690
59.875679
59.892258
Control Period
59.863647
59.914272
59.889568
59.882816
59.885826
59.890205
59.875263
59.876381
Control Period
59.889248
59.891617
59.900383
59.878593
59.863235
59.884865
59.875809
59.885406
59.859230
Control Period
59.876701
59.849442
59.855011
59.865089
59.877281
59.879555
59.879841
59.866592
Control Period
59.850754
59.834976
59.876926
59.858974
59.855137
59.872448
59.886208
59.887905
59.858368
Control Period
59.894463
59.892578
59.871777
59.877151
59.880833
59.883102
59.902145
59.907555
Control Period
59.855328
59.881824
59.894562
59.894142
59.875298
59.846466
59.876991
59.856194
59.882591
Control Period
59.861122
59.868546
59.872833
59.879906
59.862846
59.887741
59.886719
59.898750
Control Period
59.867905
59.891396
59.892097
59.884254
59.904861
59.901794
59.900642
59.909153
Control Period
59.926495
59.871521
59.892479
59.873795
59.875809
59.895485
59.908989
59.890434
59.891167
Control Period
59.916290
59.933502
59.890045
59.894527
59.877121
59.899586
59.892513
59.902878
59.885117
Control Period
59.880192
59.890240
59.895744
59.886784
59.900093
59.901600
59.909218
59.900192
59.885696
Control Period
59.915619
59.900673
59.885826
59.901024
59.886688
59.856895
59.890720
59.902786
Control Period
59.902046
59.897823
59.882462
59.897118
59.889378
59.849152
59.923393
59.884319
Control Period
59.887009
59.891197
59.895008
59.872765
59.891296
59.888542
59.915840
59.889088
59.890945
Control Period
59.890717
59.905762
59.892639
59.889729
59.870018
59.897408
59.904831
59.895329
59.902275
Control Period
59.863266
59.870941
59.863873
59.868896
59.874878
59.855999
59.903107
59.888771
Control Period
59.909279
59.871140
59.874241
59.915775
59.883934
59.908127
59.895714
59.893311
59.899071
Control Period
59.875008
59.871040
59.884575
59.887104
59.886627
59.881950
59.896576
Control Period
59.872448
59.894913
59.880383
59.882942
59.901154
59.913727
59.878944
59.885216
59.883423
Control Period
59.907936
59.876770
59.861633
59.896416
59.887104
59.868446
59.879074
Control Period
59.868351
59.865250
59.883904
59.893410
59.917694
59.886177
59.890079
59.888802
59.901665
Control Period
59.890686
59.920864
59.869408
59.929184
59.915810
59.876190
59.904640
59.872894
Control Period
59.866493
59.883904
59.909153
59.860512
59.877312
59.864418
59.891361
59.885376
59.886559
Control Period
59.892418
59.921024
59.892418
59.873314
59.888573
59.860222
59.890560
59.870499
Control Period
59.813217
59.852032
59.858112
59.853119
59.891678
59.849182
59.892448
59.855042
59.848064
59.866402
59.871170
59.876575
59.871841
59.846622
59.877502
59.844864
59.889694
59.856800
59.865215
59.848320
59.886398
59.849728
59.877502
59.846786
59.855103
59.870369
59.862816
59.845886
59.859390
