57.9003
56.9711
55.2134
56.7139
56.6523
55.8733
56.2206
56.6292
56.1104
56.1834
56.0462
55.6606
55.9652
56.6467
56.5722
55.8854
55.7999
55.3205
55.9941
56.6473
55.4555
56.8186
56.3034
56.626
55.9224
56.4366
56.2329
56.1419
56.5208
56.5866
56.5036
56.1194
56.3701
55.8116
55.7583
55.8383
56.9757
56.6867
56.0204
56.5339
56.574
56.068
56.5625
55.9257
56.0574
56.2688
56.7009
56.1836
57.0925
56.3189
56.4398
54.842
56.3882
56.0396
56.7529
55.0547
56.0212
55.971
56.8694
56.4436
56.289
56.3576
56.5475
56.5
56.5967
55.9029
56.9773
56.7419
56.3984
56.4375
56.855
56.3369
56.5733
56.1341
55.9224
56.0167
56.7963
55.8538
55.4535
56.1691
56.2027
56.7997
55.7618
56.9339
56.7273
56.5508
57.4481
56.3745
56.7381
56.8721
56.8863
55.7083
56.4881
56.7544
56.0749
56.2012
56.5946
56.7303
56.3335
56.4157
56.3091
56.4909
56.0317
57.044
57.3499
56.4258
57.1675
56.1224
56.3989
56.4631
56.1726
56.5917
56.4022
56.2876
