0.708814
0.831043
0.846326
0.847315
0.851015
0.847819
0.852983
0.844
0.855052
0.849887
0.85315
0.848305
0.851471
0.849675
0.848493
0.849736
0.852364
0.848877
0.847857
0.84996
0.850179
0.845074
0.855376
0.848234
0.851063
0.852327
0.846493
0.855774
0.85376
0.847226
0.846764
0.852387
0.843915
0.857639
0.847931
0.854469
0.846037
0.844728
0.852381
0.845209
0.853619
0.847755
0.855694
0.847282
0.84878
0.850911
0.847321
0.854218
0.841659
0.85322
0.855103
0.857166
0.847417
0.848075
0.850371
0.845579
0.851154
0.85524
0.841152
0.847789
0.85222
0.849986
0.853714
0.847234
0.851781
0.858761
0.844604
0.845818
0.851487
0.84981
0.844803
0.855275
0.849928
0.851855
0.853029
0.843934
0.848436
0.854189
0.850171
0.849544
0.848812
0.845453
0.851458
0.849545
0.853807
0.848892
0.847583
0.853103
0.851715
0.849682
0.846052
0.859091
0.842743
0.854961
0.844327
0.848369
0.849003
0.852333
0.856339
0.85246
0.847979
0.846811
0.847169
0.849832
0.847414
0.852078
0.847606
0.859125
0.845881
0.848813
0.853546
0.848649
0.8486
0.84488
