0.723754
0.878005
0.842693
0.86314
0.843223
0.842053
0.845279
0.859374
0.842453
0.849511
0.850205
0.850735
0.849025
0.857144
0.845314
0.844943
0.851763
0.847667
0.855177
0.855475
0.840887
0.859871
0.845805
0.858056
0.841399
0.85074
0.847993
0.846863
0.848659
0.850987
0.853191
0.848513
0.849901
0.841933
0.854627
0.845848
0.863916
0.846242
0.840403
0.859112
0.856182
0.843715
0.855083
0.849835
0.844639
0.851773
0.854299
0.845311
0.860053
0.842616
0.848181
0.825364
0.869187
0.85496
0.858251
0.832051
0.855419
0.846998
0.862258
0.846162
0.846505
0.849873
0.855428
0.847322
0.847125
0.835673
0.866909
0.851271
0.846106
0.84977
0.85871
0.845399
0.852974
0.844789
0.847474
0.850981
0.859663
0.840084
0.844775
0.858846
0.848589
0.856835
0.844606
0.864618
0.839947
0.844654
0.857866
0.844766
0.855139
0.8576
0.842084
0.834624
0.856609
0.853623
0.844599
0.854066
0.859216
0.847782
0.838091
0.852391
0.85131
0.851192
0.846364
0.862635
0.857376
0.839086
0.85141
0.83028
0.854836
0.859504
0.849348
0.85616
0.847529
0.848091
