1267.48
211.621
-130.933
-146.333
88.4331
-133.633
69.6553
-31.0332
2.4668
39.1333
106.311
-94.1333
-48.0332
-85.8965
105.3
68.5
74.0669
-74.1665
-91.0347
125.667
-141.7
21.4668
67.5332
2.2666
-82.5332
14.6665
-21.1724
-104
5.1001
69.2334
58.4668
-58.1035
6.3999
118.067
-104.933
-38.5332
-42.8965
21.1611
57.5518
57
-1.6333
-15.207
135.5
-120.138
-2.8999
-42.8335
34.6001
-42.1724
31.6001
-31.8667
-2.8335
18.4829
95.7666
-60.0669
95.2998
-83.7666
-56.7002
-10.9331
-3.7998
-4.6333
-5.8335
42.207
-52.9668
-61.1001
-54.3999
63.6333
15.8965
15.9668
1.20703
40.2666
19.4829
7.7002
11.6333
30.8999
1.93311
-38.4482
33.7998
51.5669
-14.6001
-64.2002
-30.1035
142.933
-31.7666
-171.567
-6.1377
-71.0669
149.3
14.0688
71.8335
-164.517
68.2998
-26.9312
-30.7998
65.6001
55.2998
37.5
-104.867
-91.2759
64.3667
38.6665
-30.2759
49.5483
-29.9653
-1.2002
19.0332
-118.267
-76.3105
86.3335
120.367
25.3335
-0.600098
-16.8965
6.3999
100.111
