80
80.0949
84.5492
86.8599
88.3108
88.8477
88.5575
88.9117
88.3884
88.8832
88.6486
88.0258
88.8031
89.0096
89.1917
89.4255
88.0483
88.4795
88.8917
89.0123
88.9872
88.4592
88.5555
88.229
89.8058
89.1088
88.4739
89.1889
88.7098
88.1551
88.8525
89.2825
89.0659
88.907
88.5725
88.1389
88.9759
89.4813
89.7773
89.6962
89.5516
89.676
90.0594
89.228
88.3991
88.7883
88.8983
88.3853
88.9445
89.6863
88.3997
88.6488
88.9006
88.2728
88.7692
88.912
89.2755
88.1144
89.0981
89.1899
90.2976
90.1756
89.5108
89.978
87.9724
88.1586
88.3682
89.0074
88.3827
88.3371
88.3066
88.5334
88.3812
89.1129
89.0227
88.8639
89.1613
89.1878
88.3016
88.742
90.5546
88.8022
88.952
88.9013
88.9363
89.7816
89.4801
88.9754
87.9561
88.5289
89.2035
88.5844
88.4914
88.6556
89.844
89.2887
88.3373
88.2202
88.3088
87.9008
89.0822
87.1097
88.3697
89.4799
88.8826
88.439
88.408
88.21
89.547
88.66
88.7174
89.0834
89.9538
89.1236
