918
918
918
936.374
917.064
898.996
891.981
891.881
892.609
897.906
896.952
892.936
892.65
896.96
896.376
892.579
888.626
886.364
895.411
896.566
893.263
891.773
897.769
898.163
896.708
889.424
892.34
896.856
893.787
889.404
890.386
887.25
888.18
892.768
897.661
894.661
893.667
891.94
891.232
894.192
885.736
887.463
888.349
890.153
890.722
893.393
892.375
892.204
888.978
889.621
886.982
890.899
890.479
890.569
882.823
882.823
885.074
890.551
892.95
890.63
891.755
886.515
888.274
889.384
892.749
890.203
889.882
892.375
897.621
893.906
890.669
893.447
893.669
893.005
892.35
895.815
893.371
891.909
894.315
889.997
890.228
896.187
887.903
885.139
884.498
886.148
885.32
889.303
893.3
892.317
898.026
898.959
894.519
892.297
891.093
891.259
891.38
887.197
886.69
891.676
893.267
892.213
894.383
887.399
887.754
885.476
887.19
888.417
891.854
890.38
890.755
890.748
890.157
884.69
889.892
889.847
892.241
891.233
