16.4438
14.7856
13.444
13.1531
13.7323
13.4756
13.7377
25.3639
45.4018
43.3125
50.6866
46.9867
48.5946
52.6751
52.9174
53.7184
53.5791
50.134
53.6767
53.1645
53.1165
52.4468
48.9465
45.4318
48.1795
47.5819
47.5117
51.3678
51.4473
50.2903
52.4717
52.9778
51.8282
49.5004
49.8788
52.0428
48.3699
50.7448
50.7241
50.7102
48.94
47.955
49.5477
50.2238
50.4778
49.553
49.2795
50.6987
49.0895
49.7208
50.4547
50.0026
48.0209
50.3036
50.2369
47.9353
49.5147
51.2946
50.2062
49.8541
50.17
50.034
49.9807
49.7913
50.9925
47.7828
48.6145
49.6531
50.1748
50.1196
49.0275
49.4627
49.0392
49.6176
48.2119
49.1146
50.0698
51.2178
49.1006
50.1359
50.1114
49.3515
50.1555
48.6625
50.2298
49.3515
48.9717
49.6361
49.5453
48.5739
49.3451
48.1881
50.5468
48.2059
50.279
48.7585
49.0538
48.5958
50.5123
49.0252
50.7309
49.4858
48.8703
48.276
49.8093
49.5067
49.8346
49.8159
47.4575
48.6431
48.2315
49.3844
49.6568
50.1775
50.7944
