60
57.3287
54.6331
51.9268
49.2582
46.6663
44.1142
41.6083
39.7952
39.1566
38.5099
38.2658
37.8041
37.5108
37.4435
37.3845
37.358
37.3183
37.0738
37.0527
37.0149
36.9677
36.879
36.5599
36.0909
35.7953
35.5302
35.2139
35.1842
35.1302
35.0143
35.063
35.154
35.1205
34.9309
34.7726
34.8379
34.6389
34.5833
34.5564
34.4787
34.3522
34.1896
34.0901
34.0363
33.9834
33.9582
33.853
33.8619
33.7777
33.7157
33.6947
33.6477
33.5273
33.5084
33.5198
33.4163
33.3893
33.4526
33.4566
33.4332
33.4547
33.4371
33.424
33.4075
33.4374
33.2917
33.1947
33.1849
33.2122
33.2192
33.1753
33.172
33.107
33.1201
33.0175
33.0107
33.0618
33.158
33.1233
33.1274
33.1676
33.178
33.1948
33.1335
33.1535
33.1622
33.0673
33.0545
33.0496
32.9879
32.9512
32.8452
32.929
32.8473
32.9436
32.9125
32.8743
32.8368
32.8995
32.8933
32.9692
32.9928
32.9452
32.8673
32.8976
32.9012
32.9301
32.9646
32.8269
32.7965
32.7613
32.7759
32.7851
32.8806
