0.233518
0.220774
0.193561
0.194811
0.222598
0.228186
0.224239
0.422771
0.788914
0.756993
0.864289
0.813719
0.844416
0.910253
0.907765
0.920571
0.915809
0.84773
0.914311
0.907456
0.900477
0.88874
0.80849
0.749366
0.787802
0.795516
0.771213
0.853713
0.855512
0.827159
0.88305
0.894182
0.872664
0.811947
0.827143
0.87156
0.807503
0.841045
0.839665
0.834781
0.808614
0.793161
0.814715
0.825678
0.819675
0.815737
0.808592
0.833841
0.798972
0.827764
0.829161
0.819309
0.788037
0.822104
0.818869
0.795716
0.812003
0.840069
0.824287
0.820645
0.830168
0.813484
0.817743
0.81426
0.823041
0.777969
0.787441
0.815958
0.824903
0.810565
0.800738
0.806701
0.796956
0.81271
0.795997
0.804495
0.826804
0.839105
0.797139
0.813909
0.822785
0.805202
0.819686
0.78224
0.814745
0.810765
0.784098
0.81233
0.805944
0.79212
0.799079
0.768371
0.823935
0.785907
0.820283
0.798928
0.798072
0.783415
0.816067
0.796907
0.834866
0.816207
0.789825
0.788716
0.810713
0.808186
0.810747
0.806288
0.76584
0.792136
0.782569
0.807424
0.816389
0.829748
0.840527
