1800
1800
1800
1800
1800
1800
1800
1800
1800
1727.44
1021.46
1021.88
1021.74
1022.93
1021.43
1021.7
1022.44
1015.71
1013.72
1013.57
1014.64
1014.07
1013.37
1013.72
1015.71
1025.77
1025.25
1025.36
1025.45
1025.58
1024.88
1025.71
1020.35
1018.95
1019.29
1020
1018.95
1019.27
1019.29
1021.4
1024.02
1025
1024.39
1025.45
1024.88
1024.39
1024.53
1023
1025.11
1024.09
1024.33
1024.53
1023.26
1023.84
1023.29
1024.53
1024.19
1023.26
1023.93
1023.59
1024.19
1022.79
1024.19
1024.09
1025
1025
1025
1025.12
1025.49
1024.43
1026.07
1025.12
1024.76
1025.93
1025.36
1025
1024.29
1024.29
1023.93
1024.29
1023.93
1023.07
1024.53
1024.39
1025.36
1026.07
1026.38
1027.14
1027.33
1026.59
1026.22
1026.22
1024.88
1025.71
1025.12
1025.12
1024.5
1025.23
1024.88
1024.24
1025.8
1024
1024.53
1023.49
1024.43
1024.77
1024.43
1025.93
1025.93
1025.71
1025.45
1025.33
1025.71
1025.58
1023.29
1024.24
