31.228798
14.888960
19.407871
10.073088
24.424448
10.156033
23.781376
14.901247
19.418112
10.076160
24.426495
10.075136
21.657600
14.892033
19.417088
10.074112
23.757824
10.075136
21.647362
14.899200
19.423233
10.075136
23.747583
10.072063
21.647362
14.901248
19.327999
10.073088
23.774208
10.073088
21.656576
14.900224
19.316736
10.071040
23.660543
10.078176
21.550079
14.901248
19.323904
10.073088
23.672832
10.074112
21.552128
17.242111
19.145729
10.075136
24.439808
10.072063
10.076160
14.912512
19.150848
10.076160
22.183937
10.074112
21.378048
14.913536
19.036160
10.070016
23.470081
10.074112
21.274624
14.878720
19.058689
10.073088
23.481344
10.074112
21.300224
14.895104
19.046400
10.072063
23.391232
10.073088
21.277697
14.881792
19.049473
10.074112
23.396353
10.070016
22.327295
14.876673
20.092928
10.072064
23.397377
10.075136
22.324223
14.882816
19.397633
10.073088
Control Period
23.751680
10.072063
21.271553
14.908416
19.135489
10.075136
23.762943
10.070017
23.760897
10.074112
20.102142
12.546048
17.591295
10.073088
15.100928
10.072064
12.587008
17.374207
10.072064
10.071040
22.035456
10.073088
10.076160
14.911488
10.071040
Control Period
10.074112
10.075136
10.073088
14.902272
10.072063
10.073088
17.253376
10.072064
10.089472
12.421120
10.074112
10.074112
12.433408
10.072063
14.905344
10.073088
15.076352
14.879744
19.414017
10.075136
23.759872
10.077184
25.972736
10.074112
17.599487
17.360897
12.590080
Control Period
10.072063
14.901249
10.075136
12.558336
10.085377
10.079231
17.251328
10.071040
10.071040
10.072063
14.131199
17.375233
19.431423
10.073088
24.443905
10.076160
25.992191
10.072832
12.595200
14.906368
10.074112
10.074112
10.075136
10.074112
17.275904
10.074112
10.071040
10.072063
Control Period
10.075136
16.369663
10.077185
20.110336
14.911489
19.430401
14.908416
10.074112
10.072064
12.422144
10.077185
17.375233
10.075136
10.078208
24.436737
10.072064
21.786625
10.073088
24.430592
10.072063
15.069183
17.255424
10.073088
10.071040
10.074112
10.076160
14.884865
10.072063
Control Period
12.544001
19.425280
10.072063
23.756800
10.075136
22.153215
10.077185
14.918655
10.071040
10.074112
10.073088
10.071040
16.091137
10.070017
19.414017
10.074112
17.310720
10.073088
10.072063
14.907393
10.074112
14.902272
10.074112
11.523071
10.073088
21.349377
14.877697
15.094784
14.901247
10.074112
Control Period
10.068993
10.073088
11.523071
12.417025
21.626881
14.889984
17.597441
17.368065
10.074112
12.546048
10.075136
10.074112
10.072063
21.409792
14.908417
17.595392
17.268736
10.073088
14.907392
10.081280
12.550144
10.075136
21.404671
10.073088
19.823616
14.909440
10.072064
17.262592
10.072063
14.900224
10.076160
Control Period
23.621632
10.072064
14.824449
10.072063
10.078208
10.077184
10.075136
23.771137
10.075136
24.440832
10.077184
14.879745
10.072063
14.885888
19.414017
17.255424
20.088833
22.263809
22.968319
41.020416
17.719296
51.806206
22.874111
51.235840
44.206078
36.686848
51.338242
24.877056
49.553406
25.022465
54.953983
41.336830
Control Period
46.914558
51.576832
37.124096
47.099907
31.993856
49.205246
34.827263
46.199806
53.598206
38.868992
55.127041
34.519039
49.091583
51.235840
52.809731
51.171326
48.077824
49.401855
45.971458
49.825790
51.130371
39.442432
53.483521
40.024063
51.597313
39.028736
51.610626
47.219711
44.327934
49.968128
30.320641
50.801666
24.665089
Control Period
50.675713
46.028801
38.758400
49.267715
40.124416
49.448959
38.692863
45.529091
48.732162
32.799744
51.449856
24.929279
53.849091
27.038719
54.679550
47.735809
46.760960
49.987583
37.321728
49.405952
46.059521
49.172482
51.316734
39.609344
49.364990
35.018753
47.000576
41.366528
45.103104
48.245758
22.375423
51.206146
20.257793
Control Period
55.364609
31.886337
51.311615
55.427071
46.983170
51.859455
49.061890
53.399551
48.978943
55.163902
53.403648
50.333694
51.372032
52.890625
51.680256
51.164162
55.280640
55.881729
51.064835
51.062782
50.968575
51.089409
50.951168
53.586945
55.143425
44.739586
55.477249
39.569408
49.835007
48.818176
51.564545
55.191551
41.639935
51.196930
Control Period
40.007679
53.539841
46.308350
49.848320
55.246849
39.450623
50.321411
36.466686
50.729984
47.046654
48.995327
55.272446
41.657345
51.592194
37.744640
49.420288
48.841728
49.007614
55.613441
40.792065
52.913155
31.381504
52.925438
43.795456
47.219711
55.723007
36.567039
51.222527
36.739071
51.206142
44.388351
44.646400
53.931007
Control Period
31.694847
55.131134
31.598591
52.290558
44.044289
47.201279
55.789566
38.621185
51.279873
39.028736
51.130367
48.878593
44.574722
55.225342
41.956352
53.047295
36.245506
49.323009
51.683327
48.358398
53.864449
48.843777
55.328766
46.795776
51.571712
53.978111
51.262466
53.421059
51.309570
55.443459
50.233345
51.101696
53.363712
Control Period
50.946049
53.412865
53.913601
53.225471
53.009407
53.447678
51.576832
55.120895
55.235584
48.820225
53.899261
53.144577
54.852608
48.762878
51.770370
55.291904
48.639999
53.297153
53.916672
55.220222
51.097603
53.295105
53.847038
55.387138
53.270527
48.467968
53.425152
50.100224
52.825089
51.111938
52.954113
53.847038
51.145729
Control Period
53.303299
53.521408
54.097919
51.175423
53.425152
55.867393
52.995071
53.446655
50.698242
55.250946
48.251907
53.319679
53.276672
50.629631
53.928959
51.119102
55.343102
51.243008
53.901314
53.370880
53.518333
52.933632
48.568321
53.872643
53.066750
53.360641
49.145855
55.806976
53.426178
53.490688
53.865471
53.480446
53.572609
Control Period
51.491840
51.612671
55.386112
53.420033
54.631424
53.625854
53.300224
53.890045
54.148094
53.439487
53.902336
55.701504
53.235710
54.062080
51.208191
55.290878
52.136959
54.169601
53.666817
55.843842
55.738369
51.691521
54.019073
53.481472
53.484543
51.291138
54.655998
55.431168
55.321602
54.248451
51.872768
53.588989
Control Period
50.768898
53.851135
51.392509
55.692287
56.044544
51.350529
53.573631
54.517761
55.618561
51.162109
53.933056
53.463043
53.656578
54.104065
52.004864
53.362686
53.449730
54.454269
53.451775
53.452801
55.796738
53.425156
54.147072
51.831810
55.448578
49.549313
54.195198
53.439491
55.621632
54.537216
53.728256
53.506050
Control Period
49.300484
53.633022
45.371391
55.122944
43.929600
47.576065
54.244354
36.480000
53.881859
31.435776
53.789696
40.141823
48.956413
55.510017
42.068993
51.479553
42.324989
51.715073
49.092609
56.178688
55.661568
51.359741
54.214653
54.175743
53.639168
51.574783
53.429245
55.433216
51.605503
54.427650
51.117058
55.417854
Control Period
52.319233
53.593086
53.312511
55.783424
53.351425
51.637245
54.489090
53.008385
53.840897
54.622208
53.543938
55.254017
53.527550
53.651455
51.780609
55.809021
51.123199
54.066177
54.635521
55.138306
53.549057
52.144127
54.079491
52.967422
53.933056
51.077118
55.688194
56.143871
51.457024
53.529602
54.470657
54.128639
Control Period
53.515263
53.898239
53.489662
50.897919
54.446079
51.738625
53.625854
49.072128
54.159363
51.395584
52.902912
53.799934
51.092480
53.736446
53.848061
53.501953
51.042305
56.160255
55.564289
51.223553
53.990402
53.400574
53.771263
52.310017
53.618690
55.373825
53.859329
53.989376
51.199997
55.781376
51.124226
53.734398
Control Period
54.596607
55.286781
53.450752
52.099072
54.007809
52.965378
54.168579
51.845123
55.329792
54.010880
51.218430
53.488640
51.301376
54.437889
51.216385
55.615486
56.184830
51.438591
53.510143
49.314816
53.482498
49.527809
56.018944
51.229694
49.281025
54.120445
54.060032
53.363708
51.259392
54.261757
55.720963
50.988029
54.043648
Control Period
53.565441
54.133759
52.049919
53.498878
55.309311
53.453823
53.837822
51.858429
55.856125
51.358719
54.158337
54.163456
55.140350
53.471230
47.084545
54.074368
50.992126
53.863426
51.433472
53.413887
54.313984
46.521347
51.164162
48.716797
49.596416
49.591297
53.564415
56.119293
48.793602
53.949440
49.293312
53.954559
Control Period
49.490944
51.724289
55.341057
50.798592
51.688446
49.326080
55.652351
44.528641
55.462914
45.126656
41.949181
55.242752
32.187393
55.456768
28.436478
51.838974
44.112896
53.367805
54.621185
51.426304
53.942272
48.421890
53.276672
50.620415
49.067009
53.064705
43.001854
51.449856
45.809662
54.288383
36.568062
48.996353
Control Period
51.615746
37.400578
46.601215
31.365120
54.799358
37.531647
48.941055
52.446205
31.207424
52.965378
27.545601
51.826691
45.893631
55.145470
52.852737
44.009472
53.514240
39.636993
52.690945
45.463554
55.287811
44.502014
39.995392
54.899712
31.784960
53.018623
32.403458
50.886658
43.160576
48.962563
50.982910
34.480125
Control Period
50.491394
29.369343
53.139458
37.439487
53.365761
55.015423
43.057152
54.786049
37.304321
51.675137
46.038017
53.541885
54.670334
46.282753
53.252098
44.231682
51.116032
46.008324
54.509567
51.589119
46.083073
53.450752
44.641281
54.598656
43.452415
53.330944
48.900097
46.106621
51.236862
35.965950
54.725632
39.566338
50.980865
Control Period
45.949951
46.489601
51.649536
41.910271
54.592514
43.462654
48.709633
51.182594
39.430145
49.904640
48.271362
55.196671
43.450367
48.770050
53.513214
46.047234
53.004288
40.993790
53.678078
39.033855
47.137794
50.604031
43.895809
53.345280
34.788353
53.027840
42.056705
54.726654
50.694145
43.236351
51.210243
42.657791
Control Period
52.936703
43.442177
53.083138
51.590145
48.605186
53.321728
48.799744
54.771713
46.126080
55.561218
47.841278
41.117695
55.326721
37.259262
51.697662
45.595650
55.029762
44.412926
35.362816
53.913597
37.093376
52.233215
36.981758
55.013374
43.931648
41.661438
54.857727
38.435841
52.645889
32.841728
53.123070
45.761536
Control Period
47.907841
55.268353
42.501122
55.229439
49.212418
53.009407
50.178047
48.248833
53.400574
49.189888
55.200768
48.508926
51.238914
53.480446
48.590851
54.691841
48.308224
55.070721
48.972801
53.129219
52.382721
53.361664
53.379074
51.034111
54.045696
50.659328
55.265282
50.758656
46.564354
53.992447
48.867329
54.849533
48.639999
Control Period
51.717121
48.896000
53.453823
52.985855
46.039040
53.208065
51.205120
53.297150
51.390465
54.839294
55.152641
44.738560
53.400574
50.613247
52.683777
50.101250
53.374977
53.414913
48.579582
53.042175
50.060287
53.529602
51.165184
50.225151
54.956032
44.223488
53.492737
48.677887
54.855682
45.846527
51.750912
55.395325
Control Period
46.618622
53.273598
47.832066
54.877186
46.035969
49.954819
53.296127
46.179329
54.753281
42.102783
55.319553
47.007744
51.272705
52.960258
46.046211
53.385216
46.964737
55.086079
46.181377
51.125248
53.798912
48.176128
53.334015
46.739456
54.658051
46.544899
51.628029
52.947968
45.662209
53.116928
47.070206
55.340034
Control Period
46.701569
53.000191
53.301247
48.384003
53.923840
45.286400
55.303169
49.433601
53.444611
55.122944
51.265533
53.370880
53.483521
55.334915
48.841728
53.915649
55.336960
50.574333
53.889023
53.385216
55.831551
48.802818
53.485565
55.750656
50.543617
54.004738
51.027969
53.440514
51.563522
53.527550
53.944321
52.975616
53.369858
Control Period
51.543037
55.190529
48.943104
53.464066
53.396481
53.462013
53.378048
51.185665
55.139328
51.235840
53.994495
53.983231
53.393410
54.429695
51.109886
55.319550
51.657730
53.362686
53.475327
52.843521
53.423103
51.165184
55.364609
51.167229
53.925888
53.328896
53.042175
53.955582
51.054592
53.986305
50.707458
53.659645
Control Period
53.941246
53.524479
53.386238
47.044609
53.329918
51.180542
53.518333
51.598335
53.590015
53.230591
49.353729
53.493759
51.190784
53.450752
51.544067
53.354496
55.739391
46.519295
53.992447
46.605312
53.425152
51.662849
53.596161
56.197121
48.749565
53.682175
47.085567
53.207039
49.379326
51.680260
55.415810
44.832767
Control Period
53.460991
46.487549
55.334911
46.582787
49.954815
53.374977
45.987839
53.429249
44.739586
53.058563
47.015938
51.469311
51.682304
44.406784
53.875713
44.254211
55.557121
46.438400
55.132160
49.342461
39.158783
55.291901
34.685951
51.744766
44.040192
55.325699
46.486526
53.398529
55.857151
48.264191
53.925888
44.246017
Control Period
54.006783
49.282051
54.050816
55.981056
48.283649
53.958656
46.509056
55.650307
46.436356
49.613823
51.130367
44.229633
53.459969
42.448898
53.032959
46.086143
55.139328
49.362946
41.806847
53.548035
37.135361
51.621887
42.206207
53.475327
53.837822
44.230659
53.999619
48.881664
55.213055
46.476288
51.558399
53.467136
Control Period
50.648064
53.415936
51.101696
55.261185
48.916481
53.515266
53.456894
44.278786
51.761150
51.566589
55.312386
48.909309
53.751808
54.205437
53.580803
53.459969
51.202049
55.421951
48.894974
53.455872
53.464066
53.403648
53.368832
50.996223
55.203842
39.818237
51.561470
53.884926
52.988930
53.452797
51.600384
53.510143
Control Period
51.137535
55.773186
46.553085
49.895424
51.113983
45.969406
53.444611
44.783615
53.864449
45.999107
53.074944
51.645439
46.601215
54.021118
44.244995
51.537918
46.018562
55.353344
43.540482
39.343105
55.307262
35.065857
51.674110
40.324097
53.866497
51.630081
41.135105
51.195904
37.235710
53.349373
41.968643
51.167233
Control Period
51.688446
46.492672
53.873665
46.504959
53.359619
48.192513
53.334015
53.382141
52.904961
53.424129
49.337345
55.347198
49.371136
51.616768
51.601410
51.264511
53.949440
46.630913
53.750786
48.379906
53.346306
51.743744
48.930817
53.972992
46.409729
55.311363
45.898750
53.645309
48.666626
44.545021
54.778877
42.177536
Control Period
53.353470
41.936897
54.804482
45.821953
48.830467
55.776253
43.738113
53.842941
38.959103
53.141502
46.091263
55.286781
53.938175
48.856064
53.597183
45.220863
53.749763
51.073025
55.843842
53.320702
50.461693
55.469055
43.887615
53.831680
51.213310
55.727104
53.362686
48.177155
54.824959
44.456959
53.377022
51.197952
Control Period
53.201920
54.843391
46.419968
53.990402
50.725887
53.781502
47.813633
48.769024
55.209984
44.263424
53.479424
47.025154
54.884354
46.265343
53.618687
55.706623
46.156799
53.784576
45.747200
53.640190
48.856064
53.613567
55.044098
46.235649
54.734848
36.815872
53.561344
46.496769
53.432320
55.847935
48.050179
55.388161
Control Period
48.649216
53.912575
48.834560
53.031937
52.687874
48.313347
53.562370
47.047680
54.961151
46.199806
51.591167
51.600384
48.250881
53.722115
43.236351
53.282814
45.990913
55.597057
48.681984
36.131840
55.109634
27.531265
51.515392
39.704575
50.466816
52.945923
41.868290
51.606529
42.132481
55.329792
46.558208
49.576962
Control Period
50.612225
48.868355
54.013954
44.288002
55.648254
45.604866
55.510017
46.483456
34.414593
53.097473
27.549696
52.938751
36.590591
51.146751
53.474304
50.739201
53.215233
48.035839
54.765568
46.609406
51.585022
51.758080
50.521088
53.252098
43.417603
55.713791
46.495743
55.550976
47.753216
34.356224
53.056511
27.493376
Control Period
51.630081
39.333889
52.445183
53.992447
41.943039
51.570686
46.532608
55.262207
45.900803
51.280895
50.713600
48.925697
53.983231
44.009472
55.248894
45.455360
55.023617
49.341438
39.178238
53.321728
36.683777
53.078018
45.961216
53.421059
55.688194
50.565117
53.302273
47.855618
54.020096
48.831490
51.477505
Control Period
55.097343
47.928322
55.040001
46.513153
55.214081
47.065086
52.965378
52.363266
43.624451
53.769218
41.899010
53.497856
46.472191
53.212158
55.269379
45.751297
53.340160
42.110977
51.618816
48.476158
52.968445
55.267326
46.560257
53.877762
48.680962
55.437309
46.222336
49.034241
55.225342
44.258301
52.642815
45.758461
Control Period
55.314430
46.936066
53.455872
54.922241
43.915264
55.096321
42.415104
53.268478
49.315842
54.847488
55.426048
46.006271
53.929985
48.401405
53.289986
51.227646
55.055359
52.900864
48.583679
53.911552
48.350208
53.411842
50.830338
48.546814
55.770111
41.313278
53.509117
48.270336
54.633472
47.939583
41.977856
53.087234
39.908352
Control Period
52.918274
41.140224
55.534592
48.891907
48.562176
53.372925
48.815105
55.362560
48.732159
53.150719
52.376575
50.411522
53.832703
48.672768
55.690239
48.829437
53.825535
50.084862
46.386177
53.388290
44.684288
55.270401
46.501888
53.236736
52.386818
36.440063
51.041279
34.827263
53.618690
41.473022
48.451584
47.787010
Control Period
51.085312
49.817600
46.635010
55.321602
46.347263
51.309566
50.217987
44.270592
54.018047
41.918465
53.330944
46.362625
55.049217
50.642944
39.149567
53.388287
37.720062
54.791168
43.608063
48.946175
53.315582
44.414978
53.450752
48.824318
54.839294
45.716480
51.560448
53.972992
43.767807
53.758976
43.976704
55.414783
Control Period
45.856766
55.648254
55.263233
48.691200
52.795391
43.450367
53.408768
51.132416
51.244034
55.272446
47.038467
53.462013
47.765503
53.742592
48.856064
50.663422
55.279617
44.592129
53.003265
47.759361
55.113728
47.069183
49.129471
55.631874
46.538754
53.893120
42.933250
53.269501
48.862209
53.069824
53.385216
48.538624
Control Period
54.702080
48.376831
53.294083
53.494785
52.890625
53.402626
49.200127
54.765568
46.153728
53.242882
51.619843
46.703613
53.952511
44.199936
53.159935
45.459457
54.932480
48.879616
34.397186
52.853760
30.271488
55.056381
34.095104
47.066113
48.859138
46.055424
54.050816
44.116989
55.315453
45.704193
55.198723
49.391617
Control Period
34.752510
53.425152
37.291008
52.941826
43.451393
47.153152
53.414909
48.198654
53.032959
43.751423
55.124992
47.087616
51.441666
53.892097
43.659264
53.946369
43.694080
54.751232
45.887489
55.158783
55.346176
49.225727
53.379074
50.348030
54.708221
48.707584
51.239937
55.757824
46.063614
52.623360
48.164864
53.443584
Control Period
48.866302
51.773438
55.305218
44.749825
52.907009
43.731968
53.645313
48.891907
55.086082
53.946365
48.818176
53.888000
47.882240
54.881279
48.864258
53.421059
51.214336
46.609409
53.203968
44.022781
55.098366
47.084541
51.555328
53.936127
43.424767
55.264259
36.290558
53.542912
46.569473
55.859200
55.325699
48.889854
Control Period
53.083138
43.450367
53.069824
51.205120
51.243011
55.797760
45.987839
52.958206
48.003071
53.402626
48.894974
51.746819
55.165955
43.885567
54.972416
42.426369
55.510017
41.723907
49.114113
55.148544
42.191872
54.979584
39.824387
53.147648
49.410049
50.897919
53.785599
45.830147
54.971390
46.657536
51.594238
Control Period
51.110912
50.874367
55.030785
42.087425
53.053440
44.476418
55.136257
47.024128
36.788223
52.890625
32.446465
52.844543
39.814144
48.739326
50.947075
43.910141
53.232643
48.829437
55.340031
47.011841
51.715073
53.979134
48.349182
53.962753
48.865280
53.929985
48.668671
55.305218
50.070526
24.856575
55.362560
30.015488
Control Period
51.571712
45.906944
50.856960
55.336960
46.065666
53.375999
48.677887
53.243904
48.846848
51.426304
54.688766
42.447872
53.484543
44.699646
54.026241
49.004543
50.546688
55.582718
41.442307
53.949440
45.878273
51.688446
51.092484
52.672512
54.850559
44.216320
51.251198
44.587006
53.294083
55.790592
50.243584
55.339008
43.932671
Control Period
55.708672
46.577663
53.613571
51.096577
43.645950
54.977535
34.739201
53.549057
44.047359
48.960510
53.203968
47.954945
54.867970
46.577663
53.332993
47.056896
51.659775
54.913025
43.246590
54.920193
40.009727
55.809025
46.381058
55.362560
53.693439
47.827969
55.591934
43.899902
53.946365
51.248131
55.846912
53.312511
Control Period
48.229378
55.073792
48.486401
53.510143
53.377026
52.878338
53.079041
46.067711
55.809025
46.429184
53.649406
51.181568
36.517887
53.045250
34.556927
55.318527
36.577278
47.217667
48.921600
48.913406
53.727234
43.448318
55.493629
46.044159
55.880703
46.418945
34.555904
52.785152
30.031872
55.231487
34.385921
47.086594
Control Period
48.792576
44.299263
53.773312
41.315327
53.261314
46.038017
53.630974
53.503998
46.628864
53.372925
41.734146
53.146622
46.435326
51.189758
53.515266
49.310722
53.296127
48.595970
54.713345
49.254402
50.695168
55.268349
44.655617
53.224449
48.184319
54.598656
48.029694
39.407616
55.815170
39.143425
53.756927
45.883392
Control Period
51.306496
50.784256
51.244034
53.468163
49.269760
53.437439
49.298431
54.692863
53.016579
48.432129
53.917694
44.237823
54.022144
48.843777
55.861248
55.034882
45.606911
54.832130
48.783360
53.448704
51.069954
53.594112
53.378048
49.036285
55.280640
46.201855
53.745663
48.834560
48.260094
53.346306
44.326912
54.812672
Control Period
41.873405
53.487617
53.910530
48.641022
53.914627
48.409599
54.716415
46.044159
51.485695
53.880833
48.425983
53.925888
48.432129
55.442429
46.496765
53.729279
53.378048
34.576385
53.044224
45.986816
54.844414
46.450687
48.990208
55.235584
44.286976
53.386238
49.122307
54.692863
48.578560
50.885632
53.793793
46.528511
Control Period
53.359619
48.232449
54.697983
50.627586
50.577408
53.813248
48.764927
55.749634
46.526463
55.078911
47.949825
41.318401
53.437439
32.872448
53.488640
43.899902
48.104446
52.386818
46.669823
53.308418
44.708862
53.451775
49.370110
53.441536
55.326721
45.668350
53.308418
41.950211
51.699711
48.679935
51.265533
55.597054
Control Period
45.801472
55.105537
46.511105
53.259262
48.836609
46.468094
55.163902
40.342529
53.282814
43.463680
50.755585
51.080193
50.675713
53.475327
48.450562
54.785023
46.448639
53.433342
53.947392
48.226303
53.433342
43.488258
55.368706
46.454784
53.221375
54.688766
48.623615
53.480446
49.248257
53.846016
45.552643
48.519169
Control Period
53.450752
46.179329
53.357567
49.291264
54.685696
48.368637
50.925568
54.031361
48.788483
53.765121
45.480961
51.543037
51.185665
41.961472
53.256191
48.723969
55.383041
45.970432
53.118977
51.533825
43.756546
54.891521
34.430977
49.916927
44.229630
55.028736
55.280640
48.396286
53.934082
48.813057
53.610497
47.797249
Control Period
48.815102
55.299072
44.324863
53.431297
44.102657
55.674881
46.534657
55.069695
53.265411
48.281601
53.929985
48.437248
53.237759
50.086914
50.977791
53.234688
47.078400
55.738365
45.875198
55.216125
48.694271
43.938816
53.362686
42.093567
52.648960
43.659264
48.948227
53.488640
42.521599
52.909058
43.332607
55.173119
Control Period
47.000576
53.291008
55.349247
43.357185
53.299202
42.222591
51.615746
48.147457
50.846718
53.874687
43.725822
53.371902
46.119934
54.844418
46.246910
43.781120
55.836670
39.044098
53.227520
45.457405
49.869823
51.078144
48.882690
53.938179
43.767807
55.373825
46.071808
53.460991
53.428223
53.283840
55.265282
48.239616
Control Period
53.839874
50.985985
55.626755
52.817917
47.939583
53.267456
48.980991
53.342209
53.523453
50.847744
55.771137
41.869312
52.633598
45.460480
51.281921
53.488640
53.899265
53.232639
50.093056
55.054337
43.912193
51.197952
55.829506
47.932415
54.704128
43.481087
55.313408
47.006721
53.099518
50.623489
41.481216
53.222401
Control Period
34.935806
51.627007
46.332928
47.025150
55.312386
44.347389
53.446655
44.281853
55.421951
46.409729
53.025791
53.457920
48.835587
52.541439
47.761406
53.405697
51.566593
50.681854
53.725182
43.518974
55.440384
46.116863
55.794685
46.495743
34.165760
48.625664
29.650944
55.230465
29.945856
52.714497
45.491199
41.717758
Control Period
55.324673
37.557251
51.542015
45.535233
53.074944
55.785469
48.369663
53.796864
48.023552
55.452675
46.428162
55.274498
36.823040
41.656319
53.420033
36.643841
53.334015
35.678207
49.750015
48.746498
46.553085
53.561344
35.995647
51.321857
45.911041
53.464066
55.260162
48.507904
55.283714
43.788288
55.185410
46.519295
Control Period
51.515392
54.726654
44.185600
53.890045
44.220413
53.846016
47.781887
54.986755
53.739517
48.625664
54.006783
48.014336
54.825981
48.752640
51.090431
53.159935
46.714882
55.265282
45.893631
55.721985
46.593025
39.318527
55.299072
32.819199
53.440514
41.861122
50.209793
51.151871
48.306175
53.437439
48.978943
Control Period
54.849533
46.803970
51.558399
53.990402
46.185471
53.434368
40.698883
51.790848
48.661503
51.228672
55.416832
45.611008
53.304321
48.473087
53.451775
53.325825
48.153603
55.034882
40.030209
53.824512
45.999104
53.021698
52.396034
46.600189
53.507072
44.737534
52.998146
48.313343
53.067776
55.888897
46.006271
54.004738
43.400192
Control Period
54.957054
46.521343
53.324799
52.813824
48.585728
53.981186
48.389122
53.212158
50.622463
43.827202
55.287811
42.469376
53.189632
43.513855
52.593666
53.967873
43.974655
53.272575
49.102848
54.860802
46.446594
51.572735
53.922813
43.612160
53.344257
35.819519
51.623936
48.834560
53.478401
53.045250
48.354301
55.303169
Control Period
49.251328
53.367809
53.611519
48.520195
55.598080
41.863167
53.223427
46.200832
54.872063
50.084866
36.459518
51.133438
39.336960
55.759872
45.756416
51.324928
51.139584
34.193409
55.414787
31.486977
49.903618
48.777214
55.224319
53.105663
48.376831
55.042046
46.627838
53.375999
53.825535
48.516098
55.668736
41.836544
Control Period
53.375999
46.111744
54.934525
50.092033
36.420609
51.095551
39.222271
55.494656
45.607937
49.830910
53.337090
42.519554
53.952515
41.019394
53.260288
46.598145
53.046272
53.767166
50.982910
55.447552
45.720577
53.171204
53.539841
50.598911
53.099518
48.320511
55.831551
46.243843
54.963203
47.943680
33.886208
53.370880
Control Period
35.479553
52.745216
43.495426
48.982018
53.464066
42.481663
53.209091
43.840511
55.619583
46.469120
52.722687
53.283840
48.329727
54.745087
46.120960
51.651585
53.540863
50.228226
54.726654
41.964546
55.740417
46.344193
55.330818
50.104321
38.994946
53.500927
39.747585
55.266304
46.420990
46.881790
53.563393
44.257278
Control Period
53.428223
44.577793
54.740990
49.007614
44.228607
53.463039
48.817154
54.747139
45.713409
49.921024
52.843521
45.600769
55.825409
39.595009
53.472256
46.129150
55.169022
53.381119
41.574402
53.344254
41.969666
53.164032
46.394367
51.267586
55.822334
46.459904
52.699135
47.781891
55.109634
48.670723
39.410686
53.433342
Control Period
37.441536
55.079933
36.285439
46.962688
48.729088
44.371967
53.433342
36.177921
53.380096
46.129150
53.430275
54.836224
46.334976
53.216255
48.925697
53.295105
50.688000
46.187523
55.351295
41.764862
51.033089
31.604736
53.924866
53.507072
51.117058
52.887550
48.472061
55.812096
46.495743
53.268478
52.970497
29.665279
Control Period
55.324669
29.974529
53.533699
43.665409
46.811134
54.005760
41.755646
53.402626
46.517250
53.270531
48.784386
43.741184
55.400448
38.420479
53.567490
46.066689
49.879040
53.426178
45.969406
52.897789
43.749374
55.738369
46.454784
53.713921
55.321602
43.975677
53.001217
45.443069
51.638275
49.334274
52.908031
53.972992
Control Period
48.688129
53.221375
47.759361
52.810753
51.172352
45.760513
53.341187
37.211136
54.920193
42.149887
48.930817
53.483521
48.428032
53.405693
48.080894
55.038979
46.535679
51.749886
55.112701
44.683266
53.548031
43.610111
55.229439
48.406528
50.522110
53.440514
48.802818
53.513214
48.843777
54.700031
52.598785
46.533630
Control Period
53.539841
44.729343
52.970497
48.344063
53.548035
53.257217
49.124352
53.929985
48.375809
53.478401
52.378624
53.440514
53.399551
48.719872
55.190529
46.962688
51.389442
54.724609
45.786110
53.364738
42.291199
55.801857
46.424065
55.162880
53.742592
47.981567
53.640190
48.364548
53.958656
53.112831
50.817024
55.169022
47.067139
Control Period
55.811073
46.441475
53.549057
53.625854
47.937538
55.414787
41.705475
53.609474
46.476288
55.819263
54.991871
45.755394
54.971390
46.555138
53.414909
49.052673
51.178497
53.576706
46.737408
55.279617
46.050301
55.845886
46.548992
34.238464
55.365631
32.169983
55.682049
36.743168
51.616768
46.355453
39.598080
Control Period
55.433216
31.651840
51.761150
45.986816
51.193855
55.255039
46.885887
55.305214
45.727745
53.763073
48.784386
48.395264
53.346306
44.751869
54.745087
41.455616
53.965824
53.438465
50.620415
53.269501
48.089088
55.073792
46.529537
51.793919
55.366653
44.176384
53.472256
44.058624
55.546879
46.396416
53.052414
53.993469
51.198975
Control Period
55.756798
46.042114
54.705151
51.127296
50.688004
53.414913
42.496002
53.916672
48.885757
54.867966
52.933632
41.749504
53.892097
36.697090
51.331070
47.795197
48.943104
55.835648
46.502914
53.523453
48.513023
53.273598
52.379646
42.843136
53.694466
46.535679
55.250946
46.547966
51.608574
54.693886
43.966465
53.151741
Control Period
44.685310
53.928959
48.724991
55.226368
53.572609
45.496323
55.057411
46.476288
53.552128
51.444736
50.200577
55.554047
41.733120
53.417984
46.194687
53.179390
50.998272
38.419456
55.513088
34.439171
54.976509
39.820290
51.612671
55.268349
42.357761
55.280640
33.914879
51.779587
48.885757
53.430275
53.426178
50.679810
Control Period
54.730751
46.006271
51.725311
53.630974
50.470913
52.736000
43.874306
55.745537
46.493698
53.746689
55.271423
43.803650
54.768639
39.092224
51.736572
48.761856
48.910336
55.132160
44.363777
52.960258
41.169922
53.116928
51.556351
48.559105
53.317631
46.581757
55.272446
46.405632
52.979713
53.451775
45.785088
52.816895
Control Period
41.520126
55.710720
46.162941
55.407616
55.266304
46.595070
53.466110
47.967232
54.717438
51.237888
51.310593
52.950016
46.141441
55.782402
46.137344
54.951935
48.733185
33.850368
54.831104
29.865986
55.428097
34.453503
49.631233
52.390911
41.646080
53.861374
34.361343
53.132286
45.856770
52.929535
53.125122
47.777794
Control Period
55.194626
46.390274
53.002243
50.211838
48.998398
53.953537
41.718784
55.251968
45.614082
54.697983
55.361534
46.504959
53.658623
47.759361
55.786499
46.484482
48.582657
54.859779
42.119167
51.547134
41.362431
53.178368
53.959679
46.375938
53.490688
48.260094
54.839294
46.346237
51.522560
52.938751
43.491329
53.891071
Control Period
36.528130
53.148674
46.082047
55.777283
53.171200
47.830017
55.250946
46.598145
51.693569
52.856834
50.164738
55.612415
39.542786
53.220352
45.465599
53.228546
55.197697
48.510979
54.799358
42.037247
49.746944
45.623299
51.232765
55.830528
46.505981
53.326851
47.905792
54.651901
48.748543
39.328766
52.805634
36.825089
Control Period
55.712769
36.561920
50.968575
46.198784
44.335106
53.580803
33.394688
53.525505
46.191616
53.411842
52.904961
48.369667
53.793793
48.330753
54.615040
48.352257
41.405441
53.282814
36.519936
55.030785
42.136574
48.625664
52.382721
46.407677
53.371902
44.854271
53.325825
48.379906
53.357567
53.270527
49.196030
55.298050
Control Period
40.875008
51.625984
50.424831
50.190338
53.039104
44.634109
55.252991
45.503487
53.622784
53.452801
44.011520
53.712898
43.446274
55.120895
46.442497
51.543037
54.701057
42.476543
53.739517
35.971069
53.159935
48.798721
53.209087
54.720512
45.931519
55.244801
47.028221
51.542015
52.929535
48.155647
53.691391
44.156929
Control Period
55.422974
46.026749
55.752705
54.884354
45.766655
53.213184
48.260094
54.683647
48.479233
48.967682
53.992447
44.185600
52.852737
45.511681
53.044228
50.700287
38.390785
55.656448
37.002243
52.862976
45.460480
51.280895
53.872639
45.879295
55.278591
36.142082
51.627007
48.834560
50.884605
52.830208
46.143486
51.560448
Control Period
45.924355
55.408638
45.613052
30.040066
52.861954
30.058496
54.874115
34.155521
44.484608
54.827007
42.451969
53.365761
44.581886
53.828606
48.063488
52.646912
53.309441
48.595970
54.699005
45.934593
51.606529
53.534721
47.934464
55.545853
41.888767
54.913025
45.608963
53.615616
55.227394
47.113213
53.259262
48.392193
Control Period
55.003136
49.226753
48.739326
53.320702
40.871937
53.619713
45.968384
54.732803
52.901886
43.471870
53.487617
49.363968
53.320702
47.754242
50.693119
55.224319
44.691456
53.453827
45.556736
54.565887
48.749569
36.725761
53.837822
43.781120
54.577152
45.691902
51.556351
53.741570
43.376640
55.467010
36.681728
51.642368
46.591999
Control Period
51.065857
52.880386
46.114815
51.763199
46.064640
55.103489
48.751617
31.797247
55.147522
27.543552
54.923264
37.527550
46.740479
50.097153
44.212223
53.500931
41.654274
55.514114
46.426113
52.870144
54.029312
48.809982
54.718464
45.769730
51.749886
53.940224
48.277504
53.557247
40.938496
54.758400
37.315586
48.456703
Control Period
53.001217
42.492928
53.545982
42.145790
53.188606
50.264065
50.651138
53.412865
48.286720
53.134338
47.776772
51.566593
55.276543
44.193794
53.510147
44.513283
55.412735
46.262272
52.857857
53.484543
50.268158
53.345280
48.376831
53.310463
52.389885
46.274559
53.369858
44.756989
53.519360
48.846848
54.623230
53.438465
Control Period
43.701248
53.815296
40.888321
51.305473
48.944130
51.171329
53.323776
46.407677
55.417854
45.865982
55.084030
49.155071
31.800320
54.950912
29.873152
53.427200
44.173309
48.814079
55.388161
41.088001
53.408768
45.914112
54.605827
50.078720
36.587521
53.882881
44.153854
55.247871
45.874176
53.029888
53.364735
41.843712
Control Period
53.979134
36.613121
53.024769
47.961090
53.487617
53.053440
45.462528
55.267326
47.065086
51.696640
53.327873
47.932415
53.700607
44.108799
53.946365
48.766975
54.841343
55.560192
46.325760
53.928959
45.982719
52.766720
52.389889
51.036163
53.383167
48.890881
54.952957
46.900223
51.547134
53.975040
45.942787
55.295998
36.093952
Control Period
51.676163
46.071808
51.145729
53.361664
43.470848
55.877632
46.346241
54.620163
51.110912
39.167999
53.400574
35.009537
51.069954
46.150658
47.224831
55.277569
44.380157
53.139458
45.466625
55.215103
46.901249
41.128960
53.897217
46.072830
54.719490
46.055424
51.384319
52.990974
43.691010
53.882881
41.604095
Control Period
53.328896
47.836159
50.793472
53.184513
46.982143
55.704575
46.000130
55.160831
48.702461
41.299969
52.711426
33.936386
53.359615
43.961346
47.201279
53.176323
43.894783
55.135231
39.862274
53.287933
49.278976
43.937794
55.041023
43.983871
55.383041
46.948353
53.007362
53.012482
46.089218
53.038078
41.451523
55.776253
46.307327
Control Period
55.348221
53.924866
48.351234
54.784000
46.353409
53.354496
51.600384
50.243584
54.666237
41.791489
55.801857
46.593025
51.491840
47.796227
32.174080
53.660671
34.203648
53.172226
46.167038
47.175682
55.291904
44.216320
53.006336
43.479042
55.745537
46.538750
34.435074
53.498878
39.819263
53.553154
45.634560
51.192833
Control Period
51.145729
42.544128
53.617664
41.972736
55.435265
46.067711
52.946945
53.936127
48.820225
55.222271
46.557182
54.721535
52.582397
46.585854
53.498878
44.720127
53.042175
48.356354
53.474304
53.381119
49.303551
53.705727
45.470718
51.241985
51.070976
51.178497
53.501953
47.068161
55.586815
45.595650
55.251968
48.788483
Control Period
39.167999
53.340160
35.112961
52.886528
45.687809
51.227646
55.636993
46.486526
52.703232
45.513729
53.091328
51.069954
43.104256
53.495811
47.012863
55.297024
45.456383
48.983040
53.548031
40.242176
53.217281
41.095169
54.810623
46.606339
50.965504
53.923840
48.323586
55.448578
41.736191
55.285759
46.539776
51.790848
Control Period
55.160831
44.437504
54.967297
42.180607
53.972992
53.293056
50.243584
54.820862
44.011520
55.339005
47.030273
51.769344
55.289856
43.985920
54.729729
42.107903
53.965824
48.802818
50.759682
55.282688
45.906944
53.510143
48.757759
53.456894
50.360321
50.810879
52.848640
44.418049
55.220222
47.008766
53.904385
55.032829
Control Period
47.936512
55.195648
46.553085
53.345284
48.403458
51.430401
55.055359
42.523647
53.389313
42.116096
53.344257
50.197502
50.552834
53.390335
48.697342
53.497856
48.765953
51.259392
52.973568
42.534912
53.555199
44.733437
53.380096
47.859711
52.923393
53.880829
48.817154
55.260162
45.605888
55.199745
46.000130
25.167873
Control Period
53.069824
32.814079
53.593086
40.598526
51.611649
48.883713
46.609409
53.276672
44.175362
54.989822
47.028225
53.378048
55.887871
45.708290
55.252991
36.434944
51.793919
51.077118
48.930817
53.361664
46.753792
55.269379
46.095360
53.137409
51.722237
46.675968
53.435394
27.319296
51.779587
47.137791
50.765823
55.280640
Control Period
44.751873
52.638718
45.623299
53.041153
50.947075
36.766720
53.755905
41.151489
54.974464
45.973503
51.547134
53.804031
43.381760
55.297024
36.528130
51.601410
48.730110
51.024895
53.277695
46.659584
55.431168
45.963264
55.196671
49.435646
38.980606
54.852608
29.334528
53.476353
43.961342
47.194111
54.905853
41.602051
51.299328
Control Period
42.173439
53.928959
53.459969
50.585602
53.208061
45.510658
55.248894
46.530560
51.836929
55.205887
42.206207
55.012352
39.838722
53.206017
49.308670
43.929604
54.915070
44.006401
55.293953
46.942207
55.110657
44.615677
54.891518
55.591934
41.396225
53.997566
46.074883
52.810753
52.399101
46.519295
53.430271
44.712959
Control Period
53.123070
48.367615
53.356544
55.762947
46.066689
53.996544
41.539581
53.419006
50.808830
50.250755
55.242752
44.120064
55.275520
47.000576
53.028862
52.370430
43.565056
53.821442
36.629505
53.141502
47.766529
48.726013
55.859200
41.895935
53.122047
45.472771
55.198723
48.668671
36.828159
53.677055
41.118721
54.992897
Control Period
46.152702
52.881409
52.449280
42.022911
53.990402
36.777985
54.627327
46.051331
44.140545
53.433342
46.482430
53.330944
47.763458
51.111938
53.979137
48.342018
53.801987
43.918335
55.422977
46.427139
55.267326
53.923840
48.705536
55.324673
45.772800
53.475327
52.613121
46.215168
53.109760
44.650497
53.397507
49.142784
Control Period
54.702080
55.642113
43.780098
53.895168
41.691139
52.717567
50.293762
50.720772
53.308418
49.278976
55.533569
45.605888
55.110657
51.642368
43.800575
53.135361
38.875137
51.252224
49.076225
48.618496
55.410690
41.412605
53.453827
46.049278
53.018623
52.384766
43.185150
53.771263
46.374912
53.706753
47.800320
48.860161
Control Period
55.206913
44.332031
53.401600
43.601921
55.409664
51.145729
51.212288
53.523453
46.796799
55.284737
45.809666
55.048191
48.713730
24.628223
55.222271
30.050304
51.404800
45.765633
48.530434
55.848961
41.356289
53.462013
45.779968
54.494209
48.285698
31.864832
51.125248
35.442688
52.984833
31.816704
55.306236
45.783039
Control Period
36.445183
55.770111
41.772034
53.258240
45.835266
52.895744
52.596737
41.934845
53.880833
36.642815
51.300354
47.782913
51.155968
53.306366
47.070206
55.625729
45.629440
55.198719
51.651585
41.606144
53.254143
39.121922
53.198849
48.796669
48.687103
55.290878
41.393150
53.325825
46.000130
53.068802
52.414463
40.668159
Control Period
53.877762
46.573570
53.677055
47.790081
48.854015
55.353344
44.780544
53.478401
45.587456
54.509567
48.721920
24.838144
46.449661
29.598721
55.012352
38.953987
53.365761
52.384766
43.116547
53.353474
49.334274
53.479424
51.135487
48.556030
55.777279
41.943039
53.458946
45.972481
54.574081
50.370560
38.755325
53.399551
44.604416
Control Period
55.274498
45.458435
51.749886
55.286781
44.269569
53.160961
43.465729
53.488640
46.205952
53.134338
55.228416
44.697601
55.751678
46.460930
55.439362
50.083839
43.921410
53.484543
37.189632
55.136253
46.199806
48.821251
55.275520
46.065666
53.426178
47.910912
54.664192
48.836609
39.357441
53.463039
32.620544
54.772736
Control Period
41.997311
48.831490
52.413441
44.052483
53.573631
44.738560
53.510143
50.928642
46.217216
55.754753
41.887745
55.839745
46.268417
51.270657
53.239807
44.332031
53.528576
44.649475
54.689793
48.525314
46.553085
53.705727
45.771774
55.618561
46.430206
51.623936
55.059456
45.609985
54.863869
44.615681
53.521408
49.394688
Control Period
49.078270
53.308414
43.834366
55.625729
41.569279
49.924095
46.483456
48.893951
53.664768
43.195393
53.898239
48.828415
55.885826
55.247871
46.431229
53.254143
47.771648
53.326851
53.326851
52.867073
53.432320
48.929794
54.953983
46.167038
51.653633
55.326721
43.785217
53.756927
40.852478
51.287041
48.723969
53.543938
Control Period
53.471233
51.227646
55.098366
45.634560
53.311485
54.965248
48.996353
53.402626
49.351681
53.035007
50.652161
50.689026
53.979134
48.840706
55.862274
46.535683
53.949440
54.813698
47.948799
53.238785
48.638977
53.282814
50.468864
51.417091
55.308289
44.304382
53.448704
43.950081
53.110786
49.262589
38.435841
55.502846
44.080128
Control Period
55.351295
46.461952
51.666946
55.324673
44.348419
53.338112
43.849728
53.994495
51.147774
50.702335
53.478401
48.902145
53.442558
48.835583
51.774464
54.973442
44.321793
53.280769
44.765182
53.443584
51.619839
44.293121
53.444611
46.570496
53.485569
48.746498
51.714050
55.141376
48.848896
53.315582
49.408001
53.490685
51.636223
50.831360
53.961731
48.800766
55.786495
46.432259
53.868546
55.297024
48.387074
53.384193
48.730110
53.472256
51.227650
51.758080
55.101440
44.709888
53.389313
43.930626
54.019073
53.381119
50.637825
53.406723
48.815105
53.325821
48.865280
51.693565
55.359489
44.376064
53.542912
44.758018
53.522430
51.525631
44.216320
53.892097
48.803841
55.215103
46.511105
53.414909
55.229439
44.254208
53.296127
44.747776
53.453823
51.673088
46.568447
53.927937
46.465023
46.760960
