77.857788
10.566656
8.134657
8.138752
8.135680
16.412672
8.145920
8.139776
14.608384
11.853825
8.135680
8.145920
8.136704
16.410624
8.136703
8.135680
14.137344
11.852800
8.136704
8.134656
8.134657
16.377855
8.173569
8.135680
14.133248
11.859968
8.135680
8.143871
8.141824
16.372736
8.133633
8.135680
14.120960
11.860992
8.145920
8.141824
8.136703
16.412672
8.143872
8.132608
14.128128
11.866112
8.134656
8.135680
8.135680
16.358400
8.135680
8.135680
14.112768
11.859968
8.136703
8.144896
8.137728
16.379904
8.137728
8.138752
14.110720
12.995584
8.136703
8.137728
8.136703
15.510528
8.133633
8.135680
13.034496
10.572800
8.134656
8.136703
8.138752
12.905472
8.144896
8.135680
13.454336
10.614784
8.137728
8.136703
8.132608
16.378880
8.139776
8.145920
11.682816
11.888639
8.136704
8.134656
8.139776
16.398336
8.137728
8.135680
11.689983
11.917312
8.137728
8.143872
8.133633
15.343616
8.136703
8.137728
11.679745
11.889664
8.132608
8.136703
8.134656
15.335424
8.134656
8.134657
10.999808
11.883520
8.137728
8.135680
8.142848
15.340544
8.135680
8.133633
11.019264
11.914240
8.135680
8.146944
Control Period
8.144896
16.400383
8.141824
8.136703
11.680768
10.607616
8.146944
8.142848
8.134657
15.310848
8.135680
8.135680
16.379904
8.138752
8.133633
12.140544
9.330688
8.168448
8.140800
8.137728
13.030399
8.144896
8.135680
13.008896
11.769855
8.136704
8.136703
8.140800
15.288321
8.136704
8.139776
13.005824
10.572800
8.134656
12.143616
Control Period
8.135680
8.169472
8.138752
8.136703
10.568705
8.134656
8.135680
8.135680
13.003777
8.135680
13.022207
8.136703
10.610688
11.965441
8.137728
8.136703
13.011969
8.137728
8.136703
11.866112
8.178688
8.135680
8.132608
11.882496
8.141825
8.144896
8.133633
15.259648
8.135680
8.134657
15.698944
8.145920
8.135680
13.026304
11.752448
8.138752
8.141825
Control Period
8.134657
10.610688
8.138752
8.136703
9.340927
8.144896
8.135680
8.135680
13.002752
8.136703
8.135680
8.133633
8.171520
10.585089
8.141825
11.773952
13.017088
8.137728
8.132608
15.285248
8.143872
8.134657
15.706112
8.135680
8.134657
13.022207
11.866112
8.138752
13.016064
8.135680
8.188929
10.582016
8.137536
13.026304
8.147968
8.135680
8.135680
8.145920
Control Period
8.148993
8.136703
10.578943
8.188928
8.135680
8.131584
10.624001
8.137728
13.019136
10.573824
8.187904
8.135680
8.135680
10.626048
13.017088
8.136703
11.771904
8.136703
8.134657
8.135680
14.221312
8.136704
8.136704
15.285248
8.134657
8.135680
15.268864
8.135680
8.138752
12.246016
13.007872
8.137728
13.018112
8.135680
8.175615
13.014016
8.132608
11.894784
13.022207
8.136703
Control Period
9.329664
13.035521
8.143872
8.139776
15.271936
8.134657
8.134656
14.158848
8.141825
8.141824
10.584064
8.130560
8.135680
8.135680
8.130560
8.135680
8.133633
13.045760
8.135680
8.134657
15.266817
8.137728
8.136703
13.444096
8.138752
8.137728
13.020161
11.872255
8.136703
8.136703
11.864064
8.166400
8.143871
8.135680
8.171520
8.134657
13.432832
11.894784
8.135680
13.009920
11.862017
8.169472
13.012993
Control Period
8.143872
8.169472
13.018112
8.134657
10.606592
8.139776
9.424896
11.885569
8.134656
13.009920
11.764736
8.136703
11.967488
9.327616
8.174592
10.572800
8.135680
8.175615
8.137728
10.576897
10.617856
8.137728
12.343296
13.016064
8.137728
12.157951
11.870208
8.187904
10.599424
9.330688
8.181760
8.135680
13.350912
8.173568
8.135680
14.134272
10.580992
8.133633
13.021184
13.010944
8.136703
8.137728
10.563583
8.185856
8.134656
Control Period
14.126080
8.138752
8.135680
14.023680
8.144896
8.139776
8.134657
8.136704
8.138752
8.136704
15.298559
8.143871
8.142848
12.870656
9.516032
8.134656
11.882496
10.578943
8.137728
11.893761
13.005824
8.135680
13.005824
8.134657
12.334080
16.115711
11.427840
21.564415
29.383680
11.415552
16.535553
29.637630
15.659008
14.910464
30.737408
27.334656
17.498112
29.313023
23.873535
22.910976
18.983936
26.336256
20.619265
16.565248
28.136448
29.460480
22.531071
21.049343
Control Period
22.681599
29.227009
20.629503
22.564865
29.422592
24.209408
13.983744
29.454336
24.497152
12.400640
29.222912
24.242176
27.722752
24.474625
28.195839
29.665279
21.634048
21.156864
24.516609
30.765057
25.297920
29.323265
29.302784
24.685568
26.279936
28.906496
29.274113
22.674431
27.548672
29.635584
20.314114
29.558784
24.294399
27.688961
24.862720
24.228863
29.633537
24.227840
26.341375
27.387905
30.907391
17.698816
25.993216
29.563904
22.443008
22.327297
30.755840
22.381569
12.135424
Control Period
30.279680
29.459457
20.323328
29.142017
24.402943
29.305855
20.630527
26.268673
29.490177
25.238527
16.546816
27.350018
29.513729
16.446465
25.023487
29.606911
22.794239
17.446911
29.419519
24.856575
16.570368
28.436481
29.048832
30.662655
20.018175
26.178560
29.529087
24.959999
24.792065
28.947456
29.544449
20.264961
30.797825
27.267071
25.499649
24.627201
24.341503
29.565952
20.743168
23.720959
29.422592
25.348095
12.337152
27.295744
29.316097
17.513474
22.114304
29.508608
19.970049
12.242945
27.871231
Control Period
27.635712
19.884033
21.020672
27.799553
30.832642
24.832001
27.179008
27.787266
29.641727
25.028608
29.475840
30.908417
27.510784
29.494272
28.660736
29.295616
26.873856
29.530113
29.092865
29.630463
26.902529
28.946432
29.291519
25.481216
29.592575
30.855167
29.491199
27.660288
29.289473
28.986368
27.640831
29.305855
28.985344
29.309952
24.805376
30.853119
27.726849
29.469696
24.871937
29.093887
29.346817
25.364479
24.780800
29.435905
29.533184
23.031807
30.851070
27.445248
29.452290
26.138624
27.257856
29.507584
Control Period
24.896511
24.647678
27.727871
29.300735
20.756481
29.571072
29.450241
27.647999
26.872833
23.854080
29.263872
22.217728
23.967743
27.647999
29.458431
17.797119
29.521919
28.512257
25.298944
24.771584
24.267776
29.460480
20.128769
26.129408
27.661312
29.527039
16.493568
29.537281
29.317120
25.068542
27.006977
26.093567
29.253632
20.038656
26.166271
29.613056
25.202688
14.982143
29.499393
29.524992
25.259007
27.261951
23.952385
29.572098
22.057983
26.268673
29.511681
27.599873
15.082497
27.275265
29.544449
24.982529
Control Period
26.207233
28.395519
27.328512
21.487616
26.097664
29.193216
25.390079
15.107072
29.460480
29.540352
25.335808
24.701952
23.985153
29.472767
24.346622
26.209280
27.602943
29.582336
16.491520
29.489151
26.707968
27.538433
24.633345
26.010624
29.253632
24.616961
26.186752
29.379585
29.539328
23.083008
29.395967
27.535360
29.464577
26.695679
27.156481
27.656193
27.677696
29.435904
27.590656
29.478912
24.970240
29.495296
29.461504
29.570049
27.782143
30.836735
27.271168
29.250561
26.979328
30.843903
29.370369
25.331713
30.823423
Control Period
27.720703
29.430784
29.469696
29.318144
28.876801
29.479937
25.408512
29.596672
30.779392
27.552769
29.434879
27.464705
29.442047
26.656769
29.475842
29.487104
29.481983
28.797951
29.239296
29.106176
29.120512
24.813568
29.589504
29.508608
27.695103
30.882816
27.547649
29.431808
27.599873
29.511681
30.721024
29.492226
27.650047
29.471745
28.886017
29.431808
27.264000
29.573120
29.230080
29.050880
29.291519
27.234304
29.268993
28.233727
29.253632
27.226112
29.523968
26.616833
29.461504
27.672577
29.342720
28.595200
29.416449
Control Period
29.495296
27.529217
31.029247
29.435905
29.530113
27.712513
29.568001
28.915712
29.582336
25.299969
29.587456
30.790657
27.548672
29.305857
29.126656
29.272064
26.079231
29.380608
29.546497
29.437952
26.584064
29.437952
27.628544
29.456383
26.658817
29.566977
27.682816
27.701248
30.874624
27.585537
29.358080
25.388031
30.861313
29.343744
29.256702
26.801151
30.859264
27.523071
29.572096
27.258881
29.488129
30.780415
27.757568
29.404160
27.694080
30.792704
27.665409
29.590527
29.543423
29.407232
29.011969
29.603840
27.729919
Control Period
29.423616
25.197567
29.481983
29.586432
27.761665
29.740032
29.390848
29.724672
27.968512
29.461504
29.495296
30.702591
28.091393
29.731840
28.138496
29.555712
28.788736
29.446144
29.651968
28.190720
29.708286
29.156353
29.481983
25.435135
29.479937
27.708416
30.821377
27.412479
29.740032
29.711361
29.587456
29.083649
29.523968
27.877377
29.756416
27.396095
30.844929
29.418495
27.680767
29.486080
29.030399
29.484032
27.305984
29.761536
29.724672
30.829567
27.762688
29.503489
27.726849
29.749249
28.621824
29.568001
29.534206
Control Period
27.538433
30.695423
27.520000
29.524992
27.425793
29.727745
30.925823
29.690880
27.919361
29.528065
27.730944
30.881792
28.067841
29.736959
29.599743
27.643906
30.866432
27.672577
29.493248
25.391104
30.791679
29.730816
29.731840
27.939838
29.486080
28.895231
29.679615
25.805824
29.704193
28.016640
30.817280
29.475840
27.616257
29.470720
25.450497
30.949375
28.218369
29.709312
27.168768
29.546497
30.836735
29.719551
25.881599
29.657089
27.731968
30.826496
25.430016
29.652992
28.100609
29.690880
30.893055
27.604992
29.573120
Control Period
24.857601
26.128384
27.662334
30.921728
22.804482
28.375040
29.457409
26.652672
12.573696
25.905151
29.725697
24.882175
27.104256
29.573120
24.885248
19.853312
26.187777
29.735935
25.106434
12.528641
29.481983
28.530689
28.061695
26.298367
27.378689
29.546495
25.298944
24.641537
28.998657
29.596672
24.955904
29.728767
28.210176
30.881792
27.218945
29.519871
29.625343
29.740032
29.393921
29.687809
27.826176
29.536255
25.280512
30.823425
27.685888
29.560833
27.430912
29.372417
29.680639
25.227264
29.549568
27.633663
30.910465
Control Period
27.444225
29.701118
29.477888
29.464577
28.897280
29.500416
27.492352
29.529087
25.662464
30.908417
28.152832
29.640705
27.022335
29.586432
30.926847
28.169216
29.702145
27.687935
29.522943
28.494848
29.555712
29.517824
29.727745
28.136448
30.896128
27.807743
29.528065
25.327616
29.736961
29.281281
29.728767
27.154432
29.550592
29.487104
29.199360
29.737984
28.194817
29.590527
25.369600
30.854145
27.639809
29.454336
27.186176
29.718529
30.908417
29.721600
28.114944
29.458431
27.753471
30.869503
25.691135
29.732864
28.134399
29.523968
Control Period
30.816256
27.588608
29.570047
25.329664
30.854145
27.751423
29.753344
27.435009
29.574144
29.555712
30.907393
25.313280
28.614655
28.183552
29.577217
26.850304
29.348864
27.454464
29.417473
28.530689
29.465599
29.688831
28.191744
29.685760
29.017088
29.488129
25.194496
29.720577
28.168192
30.872576
27.224064
29.485056
29.549568
29.515778
28.933121
29.602818
27.790337
29.744129
25.865215
30.873600
27.766785
29.463551
27.424768
29.729792
30.887936
27.682816
29.535233
27.677696
29.414400
26.721279
29.470720
27.905025
29.724672
Control Period
27.378689
30.794752
29.550592
29.473793
27.979776
29.727745
29.340672
29.519871
25.358337
29.442047
27.932673
30.929920
25.065472
29.521919
27.729919
29.537281
28.567553
29.621248
29.455360
28.052481
30.927872
28.119041
29.585407
27.240448
29.649920
30.944256
29.722624
28.149761
29.373440
27.675648
30.877697
25.318401
28.476416
27.764736
29.740032
26.302464
29.662209
27.796480
24.861696
29.748222
25.912319
29.701120
25.518080
29.387775
28.983295
29.543423
27.287552
29.451263
29.772800
30.927872
25.873409
29.714432
29.545471
29.389824
Control Period
28.958721
29.724670
28.162048
29.651968
25.644032
30.908417
27.645950
29.468672
27.196417
29.511681
30.922752
28.321793
29.679615
27.798527
29.486080
26.784767
29.727745
28.183552
29.659138
27.204609
30.644224
29.521919
29.557760
25.289728
28.602367
29.276159
29.730816
25.841663
29.557760
27.518976
30.878719
25.109505
29.728767
28.150784
29.393921
26.203136
27.062271
29.526016
27.608063
28.610561
29.355007
29.667328
18.230272
30.832642
27.684864
29.712383
23.518208
27.429888
28.124161
30.836737
25.287680
28.622849
28.015615
Control Period
29.745152
23.964672
29.509632
29.554688
27.706367
27.275265
28.597248
29.430782
25.548801
27.432961
28.195839
30.912512
24.932352
29.255680
30.947327
25.108479
14.063616
26.208256
29.449215
26.228737
22.605824
25.933825
29.564928
21.087231
11.506688
29.743103
27.566078
20.302849
29.698048
29.378559
29.732864
25.741312
27.205631
27.673599
29.451263
26.257408
27.230209
29.452288
29.245441
19.641344
29.306881
27.166721
29.552639
20.777985
24.834049
28.821505
29.293568
22.322176
27.839489
29.266945
24.774656
11.412479
29.545471
26.181633
Control Period
25.250816
24.756224
21.581825
29.277184
23.632896
17.276928
29.479935
28.961792
20.299776
18.818048
25.333759
29.265921
21.151745
26.089472
25.721855
29.517824
20.328447
21.671936
27.739136
27.202560
20.670464
29.263872
29.004799
30.758911
20.411392
27.168768
26.716160
29.553663
21.575680
26.253311
27.422720
28.241920
17.491968
29.227009
30.783489
24.979456
16.509953
24.953857
29.394943
26.002434
22.323200
26.199039
29.486080
20.772863
11.416576
28.737535
26.787840
20.033535
24.906752
26.316799
28.553215
24.717312
27.257854
23.876608
Control Period
29.305855
22.199295
16.402431
30.780416
27.600895
20.230145
23.489536
25.389057
29.371391
26.097664
29.182976
25.960449
29.289471
24.833023
22.224895
28.932095
29.515776
20.748287
29.521919
29.252609
30.688255
22.196224
29.410305
28.518400
29.509632
22.020096
27.267071
27.587584
28.480511
20.333569
29.264896
30.736385
27.680767
22.519808
26.262527
27.720703
30.742527
22.609921
26.090496
29.255680
26.831871
16.312321
30.653440
29.486080
24.937473
21.425152
26.268673
30.691328
26.796032
19.939327
27.967487
29.463552
24.956928
12.291073
29.259777
Control Period
26.954752
22.470655
24.798208
26.173439
30.792704
27.687935
20.232193
28.068863
29.284351
24.639488
19.931137
29.285378
28.580864
24.868864
23.887871
22.615040
29.446144
25.194496
24.624128
28.917759
29.419519
26.181633
19.902464
27.602943
28.622849
25.341951
28.462080
26.800129
29.260799
24.659967
26.106880
29.513727
29.569023
24.318975
18.836479
27.666431
28.503040
24.599552
29.063168
24.476673
29.349888
22.830080
24.651775
27.278336
30.754816
20.616192
26.170368
29.264896
29.262848
22.270977
29.345791
24.373249
29.591553
23.003136
24.766464
Control Period
29.277184
30.715904
22.177792
26.207233
29.391872
29.488129
22.968319
29.399040
25.353216
29.467648
24.632320
28.416000
30.552063
29.485056
20.686848
29.522945
29.358080
28.320768
17.489920
27.117569
26.395649
27.721729
21.498878
23.916544
27.746304
29.325312
20.047871
28.706816
30.843904
24.908800
11.411455
25.010176
29.572096
24.957951
22.500353
25.761791
29.263872
24.528896
15.043583
29.542400
30.871552
22.988800
13.965313
26.214399
29.364223
26.002432
24.555519
25.733120
29.558784
23.033855
12.292096
30.469120
29.431808
20.496384
23.569408
Control Period
25.949184
29.408257
26.726398
24.989697
26.224640
27.623425
29.392895
22.471680
30.566399
29.255680
24.687616
23.660545
26.157055
29.458431
29.004799
24.784897
27.172863
27.573248
29.174784
22.334465
30.747648
29.572096
27.672577
24.719360
28.243969
30.707712
24.826880
27.109375
28.347393
29.331455
27.747328
26.220543
30.765057
29.252607
26.802177
27.076607
29.468674
30.866432
27.584511
27.118591
29.540352
29.612034
28.690434
29.272064
29.120512
29.294592
24.851456
29.339649
25.372671
29.594624
24.911873
27.163649
27.211777
30.722048
24.522751
Control Period
24.803328
29.613056
29.597696
23.030785
30.798847
29.337601
29.256702
22.165504
26.121216
29.519873
30.725121
25.384960
27.193344
29.430782
29.462528
25.060352
30.690304
29.104128
29.449215
23.018496
28.484608
29.121536
29.456383
25.303040
28.429312
27.047935
29.249537
21.315584
29.411327
27.684864
29.417473
25.122816
28.446720
28.819456
29.252609
24.642559
29.522943
27.336704
30.861313
19.963905
29.247488
28.402687
27.324415
24.823807
27.224064
29.019135
29.415424
24.827904
28.409855
29.267967
26.799105
16.541695
29.539328
25.336832
29.584385
24.950783
Control Period
28.533760
28.955647
29.168640
24.658943
28.153856
29.527040
25.394176
18.993153
29.569023
27.246592
27.580416
24.622080
26.089474
29.267967
28.594175
22.623232
26.174465
27.594753
29.509632
20.215809
30.777344
27.254784
29.100033
22.456322
26.233856
27.661312
30.683136
24.790016
26.064896
27.568129
29.170689
20.018177
30.712833
27.350018
29.326336
22.428673
27.090942
27.650047
30.708736
24.708096
26.091518
29.238272
27.321344
20.296703
30.852097
27.492352
29.102079
22.335487
26.160130
27.322369
30.854145
24.930304
26.085377
27.729919
29.323263
Control Period
22.342655
30.719999
29.303808
27.534336
23.696384
26.268673
29.733887
29.372417
25.075710
26.312704
27.611135
29.585407
24.920063
30.854145
27.552769
29.420544
24.899584
29.571072
28.902401
29.597696
27.185152
28.548096
29.559807
27.642879
28.431360
29.520897
29.542400
27.697151
27.155457
30.745600
29.499392
27.654144
29.379585
27.601921
29.535233
26.637312
29.559807
27.687935
29.343744
25.407488
30.743553
27.548672
29.572096
25.270271
29.424641
27.610111
30.850048
25.317375
27.107328
27.707392
29.523968
24.858624
30.832642
27.689983
29.441025
Control Period
27.205631
29.421568
30.714880
29.565952
25.432064
28.548096
29.557758
29.426689
26.699776
29.523968
29.432833
29.483007
25.359360
28.461056
30.723072
29.555714
27.706367
29.527039
27.696129
30.927872
25.771008
29.727745
28.100609
29.552639
26.618881
29.586433
27.656193
29.565952
27.203585
30.713856
29.507584
27.711489
23.638016
29.474815
30.798847
27.692032
27.220993
28.548096
29.597696
27.767807
30.667776
27.617279
29.409279
25.330688
29.531136
29.047810
29.422592
25.277439
29.471745
27.601921
29.572096
26.214399
29.726719
27.700224
Control Period
29.539328
22.315008
30.823425
29.551617
29.385727
22.987776
26.269695
29.528065
30.729218
25.292801
27.182079
29.539330
29.549568
20.407295
30.893055
29.518848
29.302784
25.290752
27.283455
29.579266
30.827520
25.366528
27.145216
29.521919
29.384705
20.478977
30.612480
29.486080
29.408257
23.037952
27.198463
29.476864
29.566977
24.376320
27.287552
29.442047
29.543425
20.491264
30.853119
27.864063
29.740032
23.577600
27.364353
27.860992
30.872576
23.056385
26.108929
27.490303
29.529087
20.814848
30.824448
27.741184
29.592575
24.939522
27.139072
Control Period
30.838783
27.578367
24.907776
28.585983
29.453312
27.678720
19.115009
29.608959
27.077633
27.600895
21.423103
26.119167
27.612160
30.880768
22.580223
26.261505
27.705343
29.521919
20.245502
30.714880
29.523968
27.685888
17.777664
26.250240
27.640831
29.401089
23.938049
27.248640
27.486210
29.434879
20.674561
29.343744
30.812160
25.367552
15.242240
26.214401
28.489727
27.730946
20.133888
21.677055
29.033472
29.421568
20.226048
28.566528
29.515776
27.745281
16.381952
29.510656
28.880898
29.568001
23.090176
27.045887
27.705343
29.417473
22.080513
27.216896
Control Period
29.586432
29.634560
23.384064
29.734913
29.262848
29.671425
23.272448
27.111423
27.659264
29.483007
24.386559
27.043840
27.573248
29.541376
20.525055
27.429888
27.071487
25.362431
16.389120
26.176512
29.452288
29.048832
22.522881
26.246143
27.679745
28.535809
20.338688
29.327360
30.804993
25.325567
17.793024
26.259457
24.430592
27.631617
20.304895
22.443008
28.898304
29.545471
20.808704
26.021889
27.681793
29.421568
22.240257
29.335552
25.127937
29.578239
25.431040
27.181057
28.362751
29.547520
26.659840
24.847359
27.518976
29.584385
25.273344
Control Period
27.187201
28.396545
30.863359
27.645952
27.227135
28.559361
29.373440
27.771904
26.207233
30.867455
29.545471
27.664383
22.605824
26.110977
29.045759
29.516800
27.191296
29.512703
29.516800
27.705345
26.315777
30.888960
29.763584
28.194817
27.284481
29.476864
30.851072
27.645952
27.247616
28.560383
29.619200
27.675648
26.312702
30.835712
29.529087
27.655169
27.121664
29.441025
30.824448
27.514881
27.073536
28.427265
29.505535
24.309761
17.746944
30.835712
27.542528
29.479937
24.982529
29.376511
27.700224
30.729216
27.189247
27.160576
29.556736
Control Period
27.686913
24.800255
27.557888
29.467648
26.721279
20.326401
27.511808
27.106304
25.431042
21.270527
26.233856
29.518848
29.000704
24.932352
26.201088
27.656193
29.422592
22.513664
29.392897
30.881792
27.590656
17.769472
27.202560
27.679745
29.529087
23.906303
24.828928
27.579391
29.446144
20.315136
29.185024
29.418495
26.242048
12.575744
27.192320
24.397823
29.467648
20.323328
22.439936
28.978176
29.579264
20.486143
26.312704
29.665279
29.433857
20.456448
29.206528
24.407040
29.535233
21.982208
24.699903
27.529217
30.824448
20.604927
26.061825
29.509632
Control Period
29.460480
20.573183
29.234177
25.327618
29.476864
24.805376
27.211777
26.612736
29.432831
25.260033
26.009602
30.799873
29.427711
27.616257
23.678976
27.192320
29.518848
28.977152
24.840191
27.161600
27.701248
29.500416
22.659073
30.787584
29.324287
27.655169
22.458366
29.476864
27.610111
29.558784
26.228737
27.270145
27.457537
29.468672
24.924160
29.559809
30.780415
27.747330
20.099072
29.532160
27.739136
29.454336
26.171391
27.017216
29.268991
26.953728
24.934399
29.381632
29.491199
28.826624
15.226880
29.428736
24.344576
29.173759
20.028416
24.622080
Control Period
30.790657
27.703297
20.316160
27.972607
29.559809
25.271296
16.397312
29.158401
26.824703
29.534206
20.601856
26.298367
29.493248
29.441025
24.359936
23.793663
29.085697
29.316095
20.431871
29.480961
28.988415
29.418495
24.943615
29.491199
27.392000
29.265919
25.965569
26.884094
27.483135
29.491199
24.822784
29.423616
27.781120
30.743553
24.951809
29.244415
29.253632
29.515776
24.322048
27.061249
27.533312
29.588480
24.949760
29.537281
27.581440
30.829567
24.976383
29.252609
28.260353
29.369343
24.919041
27.128832
28.921856
29.512703
25.388031
Control Period
21.014528
24.778751
29.256702
26.082304
24.810497
27.064320
27.751423
29.452288
24.894463
29.427711
29.386753
28.295168
14.951424
29.367296
23.998463
29.469696
22.469631
26.236927
27.773952
30.729218
23.040001
26.120193
29.164543
29.118465
17.643520
30.899200
27.719681
29.337601
20.761600
27.279360
29.494272
29.303808
23.880705
26.952705
29.477888
29.568001
23.053310
29.553665
29.190144
30.723072
22.801407
29.248512
28.257280
29.336576
20.403200
22.156288
30.871552
29.530113
22.958080
26.255360
27.622400
29.569023
25.380863
28.435455
29.147137
29.295616
Control Period
25.134079
27.174911
29.334528
29.531136
28.990463
22.582272
29.138943
29.252609
24.942593
24.804352
26.210304
27.745281
30.892033
24.852480
26.268673
27.345921
29.091839
20.135937
30.868481
29.460480
27.646976
22.505472
27.158527
27.558910
29.270016
21.475328
24.659969
29.277184
29.538303
20.133888
29.449215
29.462528
28.967936
17.539072
26.088448
25.862144
29.388800
20.307968
21.640190
28.752895
29.545471
20.145153
26.193920
27.181057
29.251583
21.958656
26.874880
24.946690
29.483007
22.948864
24.947712
28.570625
29.518848
27.664383
21.657600
29.436928
Control Period
26.958847
26.778624
19.840000
27.179008
27.673599
29.594624
23.905281
27.247616
27.539455
29.289471
20.020224
28.732416
29.398016
26.633217
15.170560
26.007551
24.339455
29.588480
20.308992
21.493759
30.709759
26.805248
20.051968
23.688192
27.632641
28.574718
25.344002
27.217920
28.533760
30.679039
27.087872
24.636417
26.092545
29.299713
27.556864
22.627327
30.680065
29.564928
27.759617
24.929279
26.987518
27.111423
29.084671
23.865345
27.201536
27.571199
29.513727
20.704256
29.463551
29.372417
28.247040
14.938112
26.312704
24.187904
29.573120
20.207615
Control Period
21.540863
28.915712
29.379583
20.049919
23.568384
29.130753
29.560833
22.417408
27.015167
24.736767
29.469696
23.026688
24.924160
28.570625
29.421568
27.207680
21.481472
29.122559
26.996735
24.914944
18.846720
27.199488
27.677696
29.552639
23.788544
26.958847
29.093887
29.097984
20.055040
29.310976
30.752768
25.392128
17.723392
26.304512
26.591232
29.390848
20.316160
22.133760
30.564352
29.435905
20.586494
26.109951
27.738111
29.490177
25.180161
30.897152
27.183104
29.254656
24.659967
27.056129
29.555712
29.582336
28.899326
22.513664
29.374464
29.577215
Control Period
27.189247
24.638466
28.411903
30.824448
27.657215
24.943615
26.191872
27.511806
29.512703
20.262913
30.702591
29.250561
26.786816
18.979839
26.125313
27.536385
29.447168
21.552128
24.936447
27.609089
29.493248
20.694016
29.544449
28.738560
29.264896
20.030464
27.163647
28.497921
29.488129
23.006207
24.819712
28.841984
29.597696
24.733696
23.556095
29.118464
29.431808
26.268673
27.210752
27.216896
29.402111
27.678720
24.665089
29.032448
29.262848
26.440704
17.721344
29.575169
28.520447
27.536385
24.933376
27.021313
28.563456
29.104128
22.504448
26.160130
Control Period
27.457537
29.411327
17.737728
30.788609
27.565056
29.299711
20.042751
26.096640
29.367296
30.763008
20.283392
26.113024
27.501568
29.432831
18.232319
29.260799
30.706688
29.271040
22.309887
27.067392
27.618305
29.535233
26.207233
27.120640
28.946432
29.455360
25.398272
25.875456
29.400063
29.261826
28.265472
24.727552
27.227135
27.609089
29.475842
24.895489
29.546495
30.803967
26.977280
19.807232
26.862591
29.384705
25.389057
23.775232
24.861696
28.973057
29.584385
22.930431
28.399616
29.064192
29.102081
16.516096
29.468672
24.323072
29.588480
20.228096
24.754177
Control Period
27.342848
30.700542
20.026367
26.095615
29.359104
29.590527
23.041023
30.826496
25.111553
30.867456
25.353216
27.169792
28.607489
29.535233
27.524096
26.240000
30.736385
29.255680
26.793983
23.568384
27.228161
27.592705
29.414400
26.062847
29.544449
27.507711
29.527039
25.348095
29.486080
27.493376
30.561279
20.023296
29.500416
26.621952
29.548544
20.611073
27.236351
30.794752
29.515776
23.043072
28.622849
29.324287
29.260799
18.556929
26.997761
24.132607
29.523968
21.949440
24.692738
29.417473
29.517824
24.316929
17.421312
29.264896
28.412928
22.196224
Control Period
24.878078
27.116545
29.372416
23.087105
24.996864
28.557312
29.547520
27.613184
21.467136
29.148159
26.940414
24.695808
16.545792
26.027008
27.640831
29.616127
21.699585
24.714241
27.469824
29.434879
20.616192
29.261824
28.908543
30.712831
20.301823
26.304512
26.307583
29.422592
22.957056
24.633343
29.276161
30.716928
22.231041
18.823168
27.623425
28.356609
25.332737
24.994816
27.285503
28.993536
29.499392
24.890368
28.399616
29.258751
26.824703
16.393215
30.821377
27.529217
29.549568
20.220928
26.131454
27.602943
29.286400
21.946369
26.975231
29.114368
Control Period
29.250561
20.348927
29.492224
27.465729
30.826496
24.922112
29.430784
26.393600
29.258751
24.484863
26.944511
28.950527
29.461504
25.333759
21.116928
27.672577
29.493248
26.658817
27.193344
27.101185
29.254656
26.805248
24.649729
29.498367
29.569023
29.005825
20.009983
29.487103
26.729473
29.389824
22.465536
27.142143
28.784641
29.237247
22.344704
26.098688
29.199360
29.582336
17.737728
29.423616
27.014145
29.324287
23.034880
27.209728
27.714561
29.368320
25.994240
24.564735
29.350912
29.581312
23.034882
29.594624
26.695679
30.748672
25.387009
27.027456
Control Period
28.282879
29.247488
25.140224
26.151936
30.732288
29.494272
27.748352
23.626753
27.241472
29.474815
28.940289
24.890368
27.015167
29.264896
26.801151
22.551552
29.468672
30.632961
27.644928
17.797119
27.270144
27.659264
29.559807
23.914495
24.776703
28.855295
29.245440
20.040705
28.402687
29.281281
29.532160
16.550911
26.139648
26.157055
29.387775
20.515841
22.075392
28.819456
29.320192
21.542912
16.509953
27.597824
26.242048
24.885248
21.348352
26.309631
27.716608
29.549568
23.861248
27.034624
29.165569
29.149185
20.263935
29.425663
30.827520
25.395199
Control Period
15.255552
24.983551
26.615807
29.538303
20.770817
22.418430
29.278208
30.718975
22.180864
16.415745
27.674625
28.558336
25.302017
24.739841
26.219521
27.441151
30.547968
22.338560
26.101761
29.288448
29.573120
17.708033
30.723072
27.492352
29.412354
20.166656
26.257408
27.594753
29.456383
21.824512
24.656895
30.541824
29.444096
20.478977
28.404736
27.630592
29.518848
26.683392
29.450241
27.561985
29.531136
25.157631
28.411903
30.576641
29.339649
24.877056
21.093376
27.703297
29.481983
25.296896
26.150911
27.035648
28.555264
29.139969
24.859648
28.600319
27.622400
Control Period
29.590528
16.477184
29.524992
25.307137
29.591553
23.052288
26.186752
27.319298
30.704639
20.016129
26.115070
29.376511
29.565952
23.095295
29.366272
28.890112
29.494272
24.924160
29.517824
27.678720
29.403137
26.054657
26.941441
30.616577
29.520897
24.897537
21.032961
25.296896
26.091520
25.427967
24.867840
26.283009
27.579391
30.675968
22.336512
26.089472
29.267967
29.557760
17.794048
30.780416
27.604992
29.490177
20.161537
26.096640
29.103104
29.114368
21.580799
23.942144
27.669504
29.558784
20.749311
29.534208
27.695103
30.828545
24.945663
29.565952
Control Period
26.598400
29.255680
24.488960
26.841087
28.662785
29.520897
25.441280
21.140480
27.632641
29.479935
25.304066
26.174463
27.168770
28.795904
29.143040
24.761345
28.547071
27.596800
29.588480
16.484352
29.510656
25.331711
29.480961
22.326271
26.082304
29.146112
30.876671
20.245502
29.491199
29.597696
24.413185
12.596224
29.624321
24.462337
29.457409
20.033535
24.644608
29.206528
30.826496
20.304897
26.270720
27.294720
29.515776
18.291712
30.826496
27.587584
29.493248
24.629248
26.950657
28.279808
29.528065
24.986626
23.828480
28.869633
29.531136
Control Period
25.336832
21.024769
26.822657
29.240318
26.435585
24.775681
24.101887
29.424641
25.219070
20.101120
29.293568
30.720001
24.818687
12.617727
26.092545
26.091518
27.167744
20.307968
22.252544
27.182079
30.764032
20.200447
21.245953
27.569153
28.587009
24.659969
22.344704
24.652802
30.811134
27.599873
24.857601
26.297344
27.650047
29.480961
22.623232
30.851072
27.675648
29.527040
22.529024
27.215872
27.607040
29.526016
24.454144
29.416447
29.475842
29.352959
23.085056
29.357056
29.049856
30.547968
20.023296
22.384640
28.407808
29.575169
20.253696
21.552128
28.874752
Control Period
29.401089
20.678656
21.089279
27.012096
29.263870
24.741888
26.188801
27.276287
28.908545
29.470720
24.761345
28.449791
27.488255
29.546497
16.449535
29.259777
26.798080
29.102079
20.148224
24.937471
27.655169
30.864384
20.677631
26.279938
29.554688
29.565952
23.215103
30.724096
29.277184
29.319168
22.726658
26.287104
27.618305
29.512703
26.097664
24.745983
27.635712
27.237377
25.299969
23.638016
26.891264
29.267967
26.125313
24.810495
27.230207
27.193344
25.296896
17.609728
29.426689
28.918785
29.505535
25.227264
29.268991
29.116417
29.374464
23.769089
Control Period
27.249664
27.483135
29.547520
23.094273
29.544449
27.316223
30.810112
20.288511
26.966015
28.241920
29.435904
20.304895
22.372353
30.836735
29.545471
23.115776
18.863104
27.722752
28.521473
25.056255
24.643585
28.402687
30.778368
27.564032
24.956928
28.494848
27.554817
29.514751
17.784832
30.874624
27.466751
29.359104
18.926592
26.080256
29.307903
28.858368
20.243458
26.075136
27.545601
29.489151
20.495361
29.598721
28.957695
29.342720
24.549377
29.264896
29.340672
29.517824
24.323071
27.134975
27.641857
29.597694
24.972286
29.561855
27.699200
30.773247
Control Period
24.978432
26.969090
28.360704
29.546495
25.455616
26.247169
30.878719
29.575169
27.565056
23.665665
27.127808
29.339649
28.273664
24.650753
26.988544
27.428864
29.459455
23.037952
29.541376
27.403263
30.882816
20.308992
26.265598
26.251263
29.360128
22.232063
22.135807
28.965889
29.469696
21.895168
18.954239
27.749376
26.113026
24.973312
18.837503
27.158527
27.603968
29.197311
23.790592
26.951679
29.225983
29.518848
20.269056
29.305857
29.561855
26.558464
15.214592
26.337280
26.130432
29.367296
20.265984
22.053886
28.920834
29.543425
21.582848
13.973504
27.627520
Control Period
26.190849
24.909824
16.414719
26.311680
27.607040
29.268993
21.508097
24.636417
29.247488
29.526016
20.238335
29.413376
27.367424
30.874624
20.815872
29.507584
28.473343
29.535233
22.762497
24.564735
30.707712
29.366272
22.934528
21.173248
27.047935
29.538303
29.035519
27.134975
27.133953
29.492224
27.493376
22.322176
29.115391
30.773247
25.290752
17.473536
29.532160
26.668032
29.486080
22.477825
27.300863
28.735489
29.432831
22.968319
28.395519
29.017088
29.191168
16.505856
29.560833
26.238976
29.527040
22.839296
26.176512
27.504641
29.387775
26.160128
20.104191
Control Period
29.144064
29.277184
24.848385
24.955904
27.253759
27.634687
30.912512
24.749056
27.160576
27.711487
29.478912
22.958080
29.258751
30.553089
29.139969
22.490112
27.269119
27.608063
29.442047
22.067200
27.266048
29.558784
29.531136
23.055359
29.563904
27.676672
30.777344
24.548351
29.243393
28.232704
29.502464
24.875008
28.595200
29.001728
29.402111
25.327616
21.181440
29.502464
29.473791
28.956673
24.680447
26.956799
29.252607
27.252735
24.862720
29.496319
29.577217
28.989441
17.644543
29.408257
26.640385
29.371391
20.434944
24.652802
29.123585
Control Period
30.754816
20.514816
26.256384
27.712513
29.419519
22.369280
30.832642
27.714561
29.496319
25.206783
26.958847
28.241920
29.329407
25.174015
21.616640
30.654465
27.651072
29.438976
22.607872
27.262978
27.655169
29.496319
24.213505
29.251583
29.108223
29.402111
20.730881
29.533184
27.423744
30.774273
20.754433
23.887871
26.308609
29.527040
24.657921
23.792641
29.103104
30.699520
24.666111
15.262720
29.511681
28.453888
27.661312
22.587391
24.810497
27.666431
30.785536
22.965248
26.931200
29.111296
29.258751
17.767426
30.859264
27.529217
29.338623
24.859648
27.211777
Control Period
26.599422
29.505535
25.354240
26.092545
30.565376
29.252607
24.946688
23.581696
27.285503
27.568127
29.409279
26.216448
29.338623
27.599873
29.526016
23.040001
29.253632
29.253632
28.295168
17.759232
27.076607
26.640385
29.534206
20.679680
22.359039
29.523968
30.740480
22.892544
18.855936
27.000832
28.408833
24.638464
24.884224
26.308609
27.607040
30.732288
22.581247
26.207233
27.663361
29.463552
18.256895
29.572096
28.900352
29.276161
20.020224
27.071487
28.537857
29.513729
22.847488
24.587265
29.018112
29.427711
24.731647
21.122047
29.555712
29.493248
27.102207
Control Period
26.088448
26.959873
30.758911
29.530113
22.562817
28.614656
27.441153
29.557760
16.470016
29.492226
24.147968
29.562880
20.722687
24.659969
29.554688
30.709759
22.197247
26.089472
27.367424
28.493824
24.914944
27.232256
28.519424
30.827520
27.667456
24.675327
26.086399
29.309952
27.517952
22.421505
29.477888
28.992512
29.488129
22.469631
27.087872
27.300865
29.262848
21.608448
24.872959
30.905344
29.452288
23.006208
28.592129
27.328512
29.249537
25.950209
29.284351
25.262081
29.590528
25.233408
24.807425
29.529087
29.320192
28.580864
17.173504
29.199360
Control Period
28.591103
25.272320
24.955904
26.261505
27.640831
30.745602
23.036928
27.014145
29.092865
29.274113
17.500160
30.846975
27.671551
29.536255
24.845312
27.166721
27.624447
29.271040
25.963520
24.664064
27.594753
27.154432
25.356289
19.041279
24.884224
27.627522
30.608383
24.649729
26.953728
29.129728
29.454334
22.522881
29.510654
30.763008
27.564032
17.738752
26.982399
28.274689
29.256704
20.184063
22.490112
27.636736
27.241472
20.302849
28.562431
27.111423
29.253632
24.690689
28.570623
29.488129
29.502464
27.651073
24.848385
29.493248
29.277184
28.269569
17.477631
Control Period
29.289473
28.518400
27.680767
22.588417
24.887295
27.750401
30.725121
20.267008
26.095615
29.252609
29.556736
20.739071
29.488129
28.585983
29.233152
24.678400
27.190271
27.563007
29.564928
26.226688
27.273216
28.882944
29.266945
24.659967
21.023745
27.149311
29.373440
29.054976
24.913919
27.256832
27.582464
29.299711
22.629375
29.267967
29.461506
28.861439
17.659904
29.435904
26.586113
29.426687
20.662271
24.737793
29.197311
30.699520
22.300673
18.868225
27.680767
28.572672
25.351168
24.803328
22.889473
30.711807
24.643585
24.742912
26.066944
27.620352
Control Period
29.533184
17.719296
29.532160
28.754944
29.275135
20.038656
26.198017
28.524544
29.560833
23.135231
24.811520
28.925953
29.411327
24.654848
21.012480
26.793983
29.494270
24.829952
26.166271
24.852480
28.965889
29.414400
22.403072
28.395519
29.268993
27.287552
16.555008
29.337601
26.254335
29.524992
22.937599
26.081280
27.139072
29.241344
25.942017
22.495232
27.566080
27.242496
25.292801
18.758656
27.182079
27.721729
29.433857
23.784447
26.951679
29.140991
29.455360
20.327423
27.158527
29.546497
30.804993
27.636736
29.450241
29.249535
29.257729
23.834625
29.519871
Control Period
27.574272
29.356033
24.898560
29.503489
27.219967
30.712833
24.635391
27.034624
26.122240
29.434879
27.702271
22.814720
29.467648
28.915712
29.346817
22.119425
29.272064
29.531136
27.611135
23.896065
24.611839
28.513279
29.232128
20.038656
21.161983
27.205631
29.519871
29.029377
29.431808
27.659264
29.263870
24.507393
26.082304
29.385727
30.793728
22.963200
23.666687
27.692032
29.551617
25.292801
28.413952
26.791935
30.703617
24.550400
24.903679
26.207233
27.623425
29.490177
17.758207
30.662655
29.267967
26.785791
17.485825
26.092545
26.390530
29.529087
Control Period
20.723713
22.360065
28.989441
29.358080
24.570881
12.400640
29.437952
28.535809
27.644928
22.644737
24.875008
27.604992
30.832640
20.397057
26.092545
29.118465
29.364223
20.668415
29.597696
26.649601
30.841856
25.365503
29.539328
26.119167
29.242369
24.651775
26.104832
30.907393
29.523968
27.583488
24.913921
27.222015
27.565056
29.213696
23.776257
26.972160
29.146111
29.582336
20.296703
29.203457
29.468672
26.724354
15.102976
26.088448
23.553024
26.900478
20.346880
20.047871
28.230656
29.402111
20.155392
11.413504
30.275583
29.248512
20.042751
16.507904
26.168320
Control Period
26.665985
29.595650
20.268032
22.448128
28.943359
29.290497
20.032513
26.093567
27.369473
29.481983
25.355263
28.491776
29.521919
29.470720
27.074560
24.640511
28.992512
29.338623
26.588160
15.215616
28.988417
29.528065
22.123520
11.413504
29.257729
25.936897
29.305855
20.109312
24.713215
27.158527
29.258751
21.477375
16.419840
27.517952
27.265022
24.788992
16.503807
26.971134
27.356159
29.104128
21.481472
21.484543
28.643328
29.507584
20.530176
28.469248
27.700224
29.520897
26.146816
29.268991
26.833920
29.251583
24.700928
24.805376
28.399616
29.447168
27.618305
Control Period
19.093504
29.358080
24.906752
29.125631
22.518784
26.194944
27.657215
29.471745
22.018047
27.184128
29.470718
29.323263
22.205441
29.274113
28.710911
29.444096
24.682495
29.502464
27.701248
29.555714
26.099712
26.966015
30.578688
29.498367
24.824833
21.105663
27.044865
29.426689
28.737537
24.691711
26.952705
29.106176
29.268993
22.543360
29.412354
29.381632
26.716160
15.232000
27.121664
24.343552
29.486080
20.702208
22.232063
27.640831
30.785536
20.448257
18.707457
29.137920
28.531712
24.909824
24.788992
26.221569
27.614208
30.822399
24.682495
26.976257
Control Period
29.120512
29.426687
17.725441
30.800896
27.594753
29.539328
20.329472
27.275265
29.256704
29.268991
23.647232
24.860672
27.659264
27.187199
24.797184
21.105663
29.516800
29.262848
26.783745
26.100737
27.078655
28.825600
29.500416
23.095295
28.550144
29.500416
29.559807
21.679104
29.130753
26.970112
29.458431
22.939648
24.633345
27.571201
29.266945
26.272768
22.553600
29.120512
29.254656
24.704000
24.810497
26.294271
27.709440
30.830593
22.563839
26.120192
27.353088
29.262848
17.477633
29.458431
28.669952
29.608959
20.727808
27.192320
29.515778
29.529087
24.111103
Control Period
24.542208
30.721024
29.517824
23.016449
21.125120
29.223934
29.257729
28.233727
24.787968
27.180031
27.743233
29.520897
24.916992
29.511681
30.708736
26.792961
14.952448
27.166719
26.679296
29.382656
20.301825
24.912895
29.427711
30.705664
22.247425
23.571457
29.200384
29.540352
22.340609
26.147840
24.848385
27.475967
30.835712
24.781824
26.942463
29.109249
29.193216
17.820673
30.827520
27.485184
29.480961
20.121601
26.090496
27.177984
29.270016
21.519360
23.741440
29.534206
29.541376
23.011328
27.150337
29.518848
30.706688
26.786816
24.648705
27.083776
27.520000
Control Period
29.424641
22.540287
29.466625
28.850176
29.460480
19.802113
26.978304
29.342720
27.510784
23.937023
24.845312
28.887039
29.456383
20.815872
28.509184
29.127680
29.253632
18.979839
27.154432
24.296448
29.492224
23.947264
23.925760
27.574272
29.413376
26.241024
14.940160
29.043713
27.126783
25.409534
18.932735
22.155264
29.272064
26.798080
21.565441
21.630978
29.528065
29.447168
23.059456
25.981953
29.542400
29.365248
28.291073
24.640512
26.944511
29.413376
27.656193
22.663168
29.552641
28.871681
29.494272
19.868671
26.947584
29.285378
27.566080
23.953407
Control Period
24.754177
28.963840
29.585407
20.727808
28.531712
29.184000
29.267967
18.953217
27.231232
24.380417
29.458431
23.805952
23.956480
27.296768
29.272064
26.084351
14.955520
29.565952
27.143167
27.644928
20.317184
24.783871
27.650047
29.327360
21.780479
24.548351
29.082624
29.585407
20.781055
29.521919
29.015041
29.340672
25.151487
29.496319
27.304958
29.280254
26.101761
24.738815
30.613504
29.537281
27.720703
23.623680
27.239424
27.509760
30.550016
24.629248
27.037697
27.423744
29.493248
20.390911
29.257729
29.256704
28.305408
17.751040
26.227713
26.176514
29.547520
Control Period
23.146496
22.350849
29.257729
30.722048
22.210560
11.319296
29.509632
26.182655
27.709440
20.270081
24.853504
27.599873
30.723072
20.029440
26.107904
29.315071
29.402111
20.755455
29.300735
26.373119
30.794752
25.189377
26.963968
28.274689
29.346817
25.269249
21.664768
30.745600
29.478912
27.755520
23.596031
26.952703
29.292543
28.380159
22.675457
26.158081
27.673599
29.358080
20.609024
29.345791
29.077503
30.564352
20.127743
26.131454
28.593151
29.523968
22.982655
22.401024
27.563007
30.756863
24.620033
12.412928
29.177856
28.585983
25.406464
22.543360
24.913919
Control Period
27.636736
30.806017
20.629505
26.106880
29.122561
29.363201
18.067455
29.223936
23.132160
30.828545
25.249792
27.255808
28.314625
29.263872
24.682495
21.556225
29.554688
27.078655
27.214848
21.261311
26.103809
29.424641
27.748352
21.496832
25.003008
27.602943
29.388802
20.434944
29.260799
29.024258
30.838783
20.501503
26.304512
28.323839
29.564928
23.003136
24.558594
30.725121
29.371391
22.848511
21.114880
29.561855
29.446144
27.700226
26.151936
27.103233
28.564480
29.259775
22.353920
28.453888
29.419521
29.441025
16.421888
29.533184
26.188801
29.419521
Control Period
22.793217
24.462337
28.908545
29.171711
21.692417
13.964288
27.486208
26.257408
24.756224
16.549889
26.164223
27.273216
29.115391
21.505024
23.746559
27.619328
27.104256
20.807680
23.650303
27.478016
29.248512
26.093567
27.010048
27.146240
29.355007
27.642879
22.668289
29.400063
30.739456
26.850304
14.947328
29.248512
28.573696
27.645952
20.130817
24.643585
28.601345
24.646656
20.114433
26.218496
27.604992
29.569023
25.375744
24.883200
27.033600
27.308033
30.557182
24.685568
27.217918
27.594753
29.524992
22.961151
29.460480
28.829697
29.135872
17.622017
22.029312
Control Period
28.377087
29.509632
20.189184
21.467136
30.822399
29.451263
22.756351
13.878272
29.239296
29.517824
22.434816
26.236927
24.975361
28.930048
29.468672
22.532097
28.621822
27.464703
29.467648
16.496639
29.299713
26.101761
29.243393
22.206463
26.200064
27.426815
29.447166
26.236927
20.198400
29.478912
27.180031
27.614208
21.267456
26.167295
27.317249
30.547968
22.347775
26.115072
27.365376
29.496319
20.653057
29.536255
29.359104
30.870529
23.134209
29.391872
26.555393
29.248512
24.480768
23.897087
28.976128
29.442047
25.438210
22.230017
29.416447
27.696129
29.361153
Control Period
26.198017
27.180033
28.933121
29.260799
22.332417
28.267521
27.312128
29.497345
19.554304
29.401089
26.206207
29.470720
22.566912
24.462337
29.118464
30.821377
20.771839
18.861055
27.671551
28.558336
25.392128
24.925184
28.560383
29.002752
29.278208
24.655872
28.399616
29.506559
27.632641
16.549889
29.464577
25.344000
29.324287
20.605951
26.215424
29.599745
30.812160
22.628353
26.096640
29.245441
29.279232
22.758400
27.081728
28.491776
30.774273
27.749376
24.810495
28.607489
27.613184
29.571072
23.759872
30.688255
29.243393
26.920959
24.867840
26.116096
27.718655
Control Period
30.886913
22.582272
26.038273
27.406338
29.254656
17.478657
30.878719
29.526016
29.292543
23.010303
26.966017
27.607040
29.498367
26.232832
29.528065
27.274239
29.247488
24.652802
27.185152
29.392897
30.863361
27.540480
24.863745
26.091520
27.613184
29.437952
22.588417
30.815231
27.309055
29.107201
21.269505
26.218494
27.582464
30.801922
20.141056
26.160130
27.543552
29.428736
20.721664
29.412354
28.947456
29.417473
24.578049
26.945538
27.372543
29.529087
26.236927
29.396992
27.651072
29.526016
24.963074
24.664064
26.952705
29.522943
28.957695
24.975361
Control Period
27.177984
27.653120
29.411327
23.046144
29.636608
28.951551
29.404160
22.353920
26.945536
29.205505
29.406208
21.457920
24.854527
27.751423
29.498367
20.576256
29.435905
27.693056
30.735359
24.563713
29.270016
28.271616
29.568001
24.954880
23.926785
29.490177
30.823423
27.665409
21.134335
27.166719
29.659136
28.876801
24.713215
26.941441
29.089792
29.423615
22.590466
29.355007
29.564928
26.677248
15.195135
26.077183
25.966591
29.274113
20.152321
22.496256
29.384705
29.550591
22.025215
11.412479
29.564928
27.074560
22.892544
16.285696
24.654846
29.273088
Control Period
26.911743
21.588991
21.642241
27.669504
26.988544
20.759552
21.092352
27.576321
29.527039
26.612736
24.896511
26.972160
29.264896
26.855423
24.837120
29.490177
29.588480
28.933121
17.712128
29.546497
26.604544
29.479935
20.762623
24.752129
29.148159
30.715904
20.264961
26.198017
27.686913
29.530113
25.306112
27.189247
28.411903
30.838783
27.112450
24.654848
28.419071
29.465599
27.624447
16.557056
29.545471
25.388031
29.530113
22.503424
26.028030
27.734016
30.775295
20.233215
26.103809
29.144064
29.353985
20.768768
29.520897
29.035521
29.565952
25.404415
29.512703
Control Period
27.665409
29.471745
26.349567
24.643583
30.562304
29.330433
25.330688
23.709696
27.262976
27.601921
30.850048
20.325377
26.255360
29.440001
29.611008
23.022593
29.391872
30.603264
29.092863
17.538048
26.236927
27.572224
29.532160
22.020096
21.590015
28.808193
29.260799
24.503296
16.210945
29.599745
29.537281
27.657215
26.211329
27.302912
29.015039
29.596672
23.136257
28.554241
29.318146
29.260799
21.093376
29.085695
24.283136
29.363199
24.921089
27.231232
28.539904
29.404160
27.668480
21.635071
30.853119
27.459583
29.106176
22.346752
26.215424
27.489281
Control Period
30.707712
20.689919
26.252289
29.460480
29.503487
22.876160
29.462528
28.874752
29.277184
24.506369
26.958847
28.344320
29.505535
24.842239
23.809025
29.622272
30.826496
27.580418
24.664064
26.939392
29.259777
27.347969
23.936001
24.835072
28.963840
29.592575
20.818943
28.589056
27.355137
29.560833
19.315712
26.973183
26.092545
29.289471
22.600704
21.661697
28.611584
29.290497
23.007233
15.132671
30.833664
27.582464
29.454336
20.183041
24.667135
29.143040
29.215744
21.633024
24.009727
29.559807
29.589504
23.035904
27.113472
29.431808
30.873600
27.606016
26.977280
Control Period
28.239872
29.340672
25.275391
21.604351
30.857216
29.562881
27.705343
23.685120
27.007999
27.190271
30.538754
22.381569
26.089472
27.654144
29.446144
20.774912
29.452290
29.458431
30.795776
22.994946
27.002880
28.423168
29.268991
22.283264
22.590464
29.036545
29.511681
24.844288
16.268288
29.523968
28.457985
27.456512
22.626305
24.976383
27.347967
30.730240
20.048897
26.214399
29.400064
29.524992
20.344833
30.753792
25.308161
30.760960
25.400320
24.905727
26.195969
27.680767
29.220863
22.343681
30.702591
29.371391
27.608063
21.246975
26.059776
27.264000
Control Period
30.551041
20.045824
26.178560
27.528191
29.422592
20.403200
29.299713
29.213696
30.799871
24.959999
29.540352
26.735615
29.493248
25.021439
26.119167
30.554111
29.420544
25.417728
21.178368
27.185152
29.287424
28.257280
24.666111
27.150337
27.643904
29.464577
20.425728
29.251583
29.315071
28.871681
17.780735
26.188801
25.999359
29.237247
20.018177
17.314816
29.092865
29.545471
21.597183
11.413504
29.378559
27.026432
26.787840
18.945023
24.762367
27.557888
29.509632
21.606400
23.782400
29.099007
29.272064
20.285440
29.496319
26.655743
30.705664
24.655872
26.957825
Control Period
28.414976
29.474815
27.522049
21.559296
30.576639
29.254656
24.615936
18.872320
27.215872
27.668480
29.468674
21.494783
24.806400
30.855167
29.304832
22.237183
28.399616
29.128704
29.535233
26.268673
27.108353
27.137024
29.327360
26.797054
24.628223
29.379585
29.511681
26.647552
15.105024
29.255680
28.394497
27.180031
20.376575
24.956928
28.932096
29.301760
20.174849
26.113024
27.457535
29.478912
22.311935
28.588032
27.302912
30.849026
27.466751
24.638464
28.400640
29.260799
27.482113
16.478207
30.909439
27.350016
29.086720
20.025345
26.245121
27.587585
29.480961
Control Period
22.005760
23.816193
29.120512
29.309952
20.466688
29.520897
27.599873
30.776321
24.648705
26.946560
28.481537
29.476864
27.704319
21.517311
30.817280
29.475842
27.260929
23.555073
26.957825
29.343744
27.550720
21.579777
24.826881
27.384832
26.958847
20.029440
28.490753
27.493376
29.491199
26.116096
29.264896
26.815487
29.279232
24.968193
24.012800
29.490175
26.979328
22.204416
21.024769
29.633535
29.514751
27.612160
26.279936
27.091969
28.901375
29.446144
22.653952
28.407808
29.129726
29.476864
16.482304
29.426689
26.075136
29.260799
22.178816
24.587265
Control Period
29.357056
29.541376
21.984257
11.318272
29.267967
26.974209
22.719488
16.517120
26.146816
27.403263
29.133823
21.480450
23.924736
27.452415
27.175938
20.815872
21.003263
29.524992
29.149185
28.266495
24.651775
27.084801
27.496449
29.538303
24.782848
29.018112
30.694401
24.572929
15.135744
27.223040
26.741760
29.261826
20.194304
22.135807
29.244415
30.840832
20.758530
18.810881
27.003904
28.399616
24.634369
24.688641
26.238976
27.610111
30.819328
22.702080
26.268673
27.625473
29.285378
17.496063
30.752768
29.554688
29.486080
23.067648
27.006977
29.288448
29.243393
Control Period
23.742464
22.505472
27.524096
27.165695
24.860672
23.568384
26.997761
27.431936
30.709759
22.465536
26.091518
29.105152
29.089790
20.096001
29.542400
27.259903
30.852097
20.803585
27.155457
24.304642
29.290497
24.606720
24.637440
28.437504
29.455360
27.542526
16.549889
29.449215
24.934401
29.090816
20.187136
24.904705
27.539455
29.301760
21.660671
23.795712
29.317120
29.503487
22.981632
27.081728
29.126656
30.699520
24.776703
24.823809
26.147840
27.639809
29.544449
22.554625
30.835712
27.388927
29.088768
22.351871
27.235329
27.506687
29.351936
22.048767
26.991615
Control Period
29.127680
29.235199
20.448257
29.471745
27.576321
30.631935
24.580097
29.268991
26.394623
29.587456
25.377792
23.754753
29.101055
30.699520
24.697857
19.975168
29.530113
27.656193
29.540352
23.852032
24.875008
28.684288
29.279232
20.046848
28.535809
27.195393
29.408257
19.261440
26.944511
26.091518
29.374462
23.012352
23.872513
26.305534
29.270016
24.648705
16.389120
30.858240
27.380737
29.483007
20.299776
26.937344
29.110271
29.297665
21.590015
23.901184
27.585537
27.180033
24.945663
20.930559
26.976257
29.277184
28.259327
24.667137
24.922112
27.501568
29.417473
Control Period
20.173824
28.708864
29.258751
26.098688
15.026176
24.654848
26.223618
29.467648
20.299776
17.201153
28.617729
29.330433
21.595135
11.412479
29.349888
24.062977
29.235199
20.201473
24.891392
27.568127
30.862335
20.582401
26.205185
29.434879
29.322239
22.524929
29.266945
26.354687
30.900223
25.419777
27.077633
28.259329
29.267967
25.084927
21.545984
30.773247
27.612160
29.428738
22.337536
26.950657
29.280256
29.516800
21.611521
24.807425
30.709759
29.252609
22.159359
23.743488
27.731968
29.448193
26.670080
27.283455
27.293697
29.400063
26.854401
22.343679
29.208576
Control Period
30.723072
25.216000
20.092928
29.279232
27.168768
29.096960
21.463039
24.833023
27.625473
27.247616
20.711424
28.420097
29.262848
29.317120
23.914495
29.479935
24.285183
29.592575
25.318399
24.945663
29.142015
29.253632
28.243969
19.825665
29.549568
26.660864
29.425663
22.524929
27.229183
29.001728
29.411327
20.244480
28.406784
29.060097
29.439999
16.513023
27.182079
24.322048
29.321217
24.651775
24.637440
28.147713
29.239296
24.742912
16.466944
30.790657
27.616257
29.508608
20.072449
26.106880
29.143040
29.463551
22.050816
11.414528
29.489151
27.137024
23.151615
Control Period
21.122047
27.000832
29.278208
28.237823
24.608768
24.951809
27.729919
29.588480
20.184063
29.303806
30.741505
24.939520
14.957567
24.535040
25.923584
29.358080
20.314112
16.438272
29.509632
28.953602
20.304895
11.329536
29.120512
28.412928
24.500225
22.498302
24.857599
27.657215
30.812160
20.391937
26.104832
29.041664
29.358080
20.728832
29.411327
28.973057
29.519873
25.422848
27.073536
28.289024
29.250561
24.721409
21.657600
30.904320
27.717632
29.475840
22.559744
27.132929
27.409409
29.252609
21.477375
29.524992
28.887039
20.176895
11.319296
29.124607
Control Period
28.413952
25.191423
20.291584
24.854528
27.691010
30.902271
20.691967
26.150911
27.118591
29.238272
24.732672
27.234303
28.505089
30.796801
27.419647
24.503296
28.465153
27.366400
29.110271
18.948097
30.806015
27.603970
29.508608
22.620159
26.105856
27.691008
30.862335
20.583424
26.109951
29.092865
29.325312
20.499454
29.476864
28.772352
29.267967
24.666111
29.498367
26.554367
29.570049
25.342976
26.269695
30.778368
29.310976
26.803200
24.641537
26.109951
27.588608
30.819328
22.561790
26.407936
27.583488
29.331455
17.792000
29.267967
30.460928
29.237247
Control Period
20.231167
26.177536
29.551617
29.300735
23.933952
24.557568
27.426815
27.220993
24.972288
21.109760
27.151360
29.572096
28.633087
24.640512
26.939392
29.214720
29.255680
20.227072
29.265919
30.853119
25.200640
15.028224
24.561665
28.149761
29.368320
20.350975
16.422913
30.719999
29.526016
20.275200
16.283648
29.357056
29.242367
26.795008
23.798784
24.801281
28.925953
29.449215
20.685825
28.391424
29.022209
29.260799
16.397312
27.168768
24.363008
29.473793
24.828928
24.881153
28.474367
29.529087
27.201536
16.398336
30.736385
29.501440
27.536385
18.877441
24.904705
Control Period
27.582464
29.533184
21.938175
23.796736
29.276161
29.265919
22.430719
27.163647
29.510656
30.687233
26.787840
24.642559
26.291199
27.436031
29.484032
22.650879
30.832640
27.596800
29.244415
22.359039
26.994688
27.416576
29.351936
22.077438
27.003904
29.483009
29.451263
23.064575
29.251583
30.705664
29.288448
22.795265
27.209728
27.697151
29.446144
26.093567
24.928257
30.660608
29.268993
26.784767
24.810497
27.068417
27.578369
30.802944
24.670208
26.968063
29.163521
29.502464
17.626112
30.794750
27.607040
29.548544
20.310017
26.997761
29.161472
29.237247
21.626881
Control Period
23.990273
27.593727
24.912895
26.216448
24.966145
29.340672
27.218945
29.111298
23.904255
27.272192
27.723776
29.531136
22.793217
29.285378
30.692352
27.179008
17.710079
26.304512
26.669056
29.478912
20.797440
22.387711
28.625919
29.268991
24.476673
12.435455
29.495296
28.526592
27.659264
22.654976
27.097088
28.903423
29.249535
20.032513
26.054657
29.344769
29.439999
17.659904
29.205503
24.165375
29.507584
24.792065
26.927105
28.250113
29.329407
25.229313
19.037184
30.673920
27.365376
29.128704
20.066303
26.146816
27.632641
29.476864
21.966848
24.834049
28.976128
Control Period
29.320192
24.543232
21.013504
26.839039
29.521919
29.003777
24.834047
27.162624
27.471872
29.441025
22.658047
29.247488
29.408257
28.803072
17.743872
27.082752
26.224640
29.242369
20.024321
22.239231
29.518848
30.849024
23.043072
11.409408
27.607040
28.557312
24.935425
22.328320
24.645632
29.319168
30.866432
20.304895
26.307583
27.386879
29.469696
18.095104
29.080576
24.542208
30.756865
24.912895
24.792065
26.305536
27.698175
29.562880
22.447104
30.724094
29.250561
27.310080
21.417984
26.268673
27.452415
30.569473
20.016129
26.166271
27.316223
29.357056
20.677631
Control Period
29.568001
28.940289
29.521919
24.812544
29.255680
28.252159
29.417473
24.817665
23.916544
29.516800
30.664703
27.668480
24.635391
26.963968
29.253632
28.303360
22.552576
26.142719
27.715584
29.588480
20.734976
29.322239
26.986496
24.500225
16.402431
22.308865
27.373569
29.506561
21.456898
21.482496
30.749695
29.292543
22.685696
21.104641
23.150593
29.498367
26.227711
24.898560
24.719360
29.261824
26.868736
22.602753
29.322239
29.437950
26.704895
15.218688
26.080257
26.108929
29.563904
23.066624
23.951361
27.230207
29.468672
26.096640
14.967808
29.015039
Control Period
27.112448
25.307137
20.289536
24.900608
27.768833
30.867455
20.713470
26.112000
29.030399
29.294592
20.422657
29.521919
28.905472
29.537281
25.307137
27.247616
28.453888
29.527039
27.701248
23.866367
30.704639
29.261824
26.923008
24.941568
26.087425
27.706367
30.854145
22.506496
26.208256
27.428864
29.281281
17.490944
30.785536
29.532160
29.444096
22.967297
27.230209
27.595776
29.274113
25.948160
22.341633
28.645376
29.472769
25.318399
21.006336
27.309055
29.509632
29.006847
24.931328
27.257854
27.472897
29.326336
20.023296
29.295616
29.495296
28.996609
20.177921
Control Period
26.301441
25.979904
29.504513
22.736897
22.155264
30.471169
29.271040
20.045824
21.127167
29.516800
29.375488
27.535358
26.217472
27.140095
28.561407
29.258751
20.054016
28.526592
27.318272
29.478912
19.385344
29.307903
24.361984
29.561855
24.893440
24.832001
29.152256
29.254656
25.948158
17.491968
29.508608
26.273792
27.709438
22.500351
24.804352
30.807041
27.054081
20.013056
26.123264
29.438976
27.687935
17.722368
30.878719
27.672577
29.514751
24.757248
29.289471
25.957375
29.322239
24.873985
24.927231
28.528641
29.536257
27.683840
16.500736
29.493248
25.376766
Control Period
29.456383
20.411392
26.255360
29.138943
30.842880
20.820992
26.190849
27.645952
29.470720
25.221119
26.963968
28.253183
30.722048
25.121792
24.866817
26.263552
27.575296
29.534208
20.078592
30.885887
27.704319
29.504513
22.415359
26.108929
29.130753
30.700544
20.250626
26.161152
29.534208
29.535233
23.016447
23.708672
27.376640
29.274113
24.649727
26.142719
27.312128
29.044735
29.403137
24.855553
28.557312
27.608063
29.280256
19.112961
29.250561
26.853376
29.380608
22.999039
26.246143
27.765759
30.666752
24.838144
24.787968
29.349888
29.539328
27.159552
24.638464
Control Period
28.423168
30.856194
27.710464
24.895489
28.542976
27.532288
29.396992
16.403456
29.264896
26.784767
29.342720
20.204544
24.987648
27.555840
30.865408
20.685823
26.216448
27.200512
29.275135
24.663040
27.133953
28.479488
30.786560
27.515903
24.845312
28.520447
27.724800
29.580288
18.907135
29.244415
26.972160
27.234303
20.313087
24.622080
27.723776
30.865408
20.707329
26.168320
29.240320
29.247488
22.350849
29.452288
28.973057
29.454336
25.292801
27.200512
28.604416
29.374464
26.852352
21.478399
29.074432
29.340672
26.174463
15.234047
24.681473
26.184704
Control Period
29.586432
20.614143
22.335487
29.431808
29.247488
23.652351
14.871552
29.532160
29.605888
23.035904
24.859648
26.304512
27.548672
30.745600
22.336514
26.094591
29.191170
29.452288
17.821697
29.476864
28.921856
29.596672
20.688896
26.984447
29.102081
29.272064
21.822464
23.949312
27.719681
29.436928
24.928257
16.287743
29.563904
29.433857
28.971008
24.730623
26.969088
29.123585
29.395969
22.652927
29.475840
30.823425
27.740160
17.828863
27.192320
27.270144
26.964993
20.031488
21.618687
29.066238
29.556736
25.003008
17.559551
29.595650
26.757120
29.337601
22.666241
Control Period
26.990593
28.493824
29.270016
20.081665
28.448769
27.342850
29.420544
16.869377
27.214848
24.339455
29.408257
24.617985
22.331392
28.249088
29.554688
25.306112
16.456703
30.768127
27.518976
29.515778
20.087809
26.101761
29.112320
29.355007
21.882881
23.975937
27.544575
27.079681
24.889343
20.931583
27.222015
29.356033
28.826624
24.681473
26.947584
29.247488
29.320192
20.304895
29.358080
30.866432
25.452545
17.762304
26.084352
28.201984
29.099007
20.038656
19.105793
30.817280
29.396992
22.996992
11.411456
29.461504
28.456959
27.105280
20.013056
24.688641
28.608513
Control Period
29.504513
20.755455
26.206207
27.592705
29.542400
25.354240
27.120640
28.551167
30.738432
26.842112
24.651775
28.527615
29.539328
27.626495
16.545792
29.584385
25.449471
29.480961
20.037632
24.647680
29.190144
30.860289
20.325377
26.232832
27.321342
29.539330
18.111488
29.091839
24.518656
30.736383
24.601601
24.933376
26.214401
27.674623
29.540352
20.203520
26.091520
29.496319
25.345024
17.583103
29.289471
30.713856
29.306881
22.781952
26.162176
27.652096
29.590527
26.209280
24.928257
30.661633
29.249537
26.806271
24.940544
26.114048
27.678719
30.742527
22.592512
Control Period
26.249216
27.464703
29.279232
17.495039
30.768127
27.510784
29.480961
20.805632
27.131905
29.427711
29.611008
24.188927
24.847359
28.943359
29.479937
25.132030
23.578625
28.261375
30.842880
24.853504
24.908800
26.237953
27.653120
29.474815
20.229120
30.715904
29.267967
26.779648
18.969601
26.233856
27.552769
29.395967
21.958656
23.915520
28.819456
29.244415
24.498177
18.598911
27.163647
29.554688
27.691008
23.891968
24.925184
28.839935
29.272064
20.032513
28.560385
29.435905
29.362175
16.495615
27.219967
24.306688
29.333504
24.602623
22.342655
28.319744
29.454336
Control Period
25.394176
16.542721
30.713856
29.252609
26.826752
19.088385
24.968193
27.609089
29.587456
22.078465
26.139648
29.298687
26.832895
17.487871
29.181953
23.001087
30.835712
25.213951
24.942593
28.517376
27.500546
29.101055
21.478401
30.742527
27.332607
29.569023
22.647808
27.100161
27.626495
29.339649
21.943295
27.002880
29.108223
29.387775
20.636673
29.472767
28.987392
29.418495
24.877056
29.351936
29.166592
29.280256
26.071039
24.897537
30.809090
29.501440
27.022335
24.641537
26.134527
27.350016
30.856194
22.501377
26.173439
27.679745
29.552639
17.940479
Control Period
29.278210
30.567425
29.425663
20.553728
26.133503
29.469696
29.506559
24.383488
24.721409
28.596226
29.268991
24.732672
23.725056
27.297791
27.532288
30.813183
24.793087
27.208704
27.418625
29.263870
20.037632
29.369343
30.919682
27.673599
20.231169
26.236927
28.469248
29.242369
22.218752
22.234112
28.625919
29.454336
25.157631
19.904512
29.245441
29.254658
26.820608
23.905279
24.718334
29.020161
29.547520
20.739073
28.564480
29.224960
29.254656
23.640064
29.170689
24.364033
29.404160
25.168896
24.919041
29.361153
29.381632
28.298241
14.950400
29.380608
24.292351
Control Period
29.355007
20.339710
26.097664
29.523968
30.740480
22.567936
26.094593
29.187073
29.460480
24.925184
21.151745
29.465599
29.532162
29.000706
24.800255
26.971136
29.132801
29.203457
20.242432
29.307903
30.738432
24.892416
17.515520
22.057983
28.098560
29.466625
20.283392
19.117056
28.702721
29.487103
20.510719
16.178177
29.120512
29.521919
25.397247
23.772160
24.918016
28.997631
29.521919
20.564991
28.406784
28.913664
29.345791
16.423937
26.065920
24.283134
29.533184
22.984703
15.004672
23.789568
29.252609
20.056065
14.776320
29.031424
29.435905
26.101761
14.956545
Control Period
26.955776
26.135551
29.448193
23.027714
24.760319
26.492928
29.556736
25.296896
16.415745
30.714880
29.252609
26.897408
19.052544
24.840191
27.676672
29.244415
22.071297
23.802879
27.429888
26.954752
24.506369
21.060608
27.141121
29.477888
28.872704
24.953857
27.270144
27.566078
29.264896
20.033535
29.570047
30.816257
27.735041
17.543167
26.247169
28.479488
29.275135
22.478848
22.249474
30.620672
29.467648
24.947712
18.810881
26.845184
29.243393
24.734720
23.795712
24.837120
28.855297
29.471745
20.714497
28.512257
29.304832
29.274113
21.106689
29.196289
24.411137
Control Period
29.364223
25.419777
24.884224
29.546497
29.279232
28.255232
14.952448
29.389824
26.604544
29.467648
22.631424
27.168768
28.997631
29.384705
20.341761
28.399616
28.967936
29.467648
16.521215
21.469185
21.532673
26.981377
20.339712
22.521856
25.690113
29.264896
24.625153
17.656832
28.615681
29.464577
29.278208
23.628799
29.197311
24.205311
29.524992
25.294849
24.951809
29.512703
30.867456
27.234304
19.815424
29.264896
29.540352
27.579391
23.945217
25.021441
29.025280
29.581310
20.717567
28.395519
28.992512
29.287424
19.063808
27.180031
24.151039
29.565952
24.767487
22.530048
Control Period
29.110271
29.271040
25.937920
14.963713
29.541376
25.307137
29.485056
20.276224
26.085377
29.438976
30.703617
22.190079
21.615616
30.855167
29.366272
22.832127
21.007360
29.096958
29.444096
26.605568
24.869888
27.235329
27.623425
29.422592
23.070721
29.361153
29.179905
30.560257
20.059135
27.134975
26.717184
29.540352
20.667393
22.395905
27.671553
30.723072
24.499199
17.269760
29.615105
28.495872
27.693056
24.972288
28.497921
28.958721
29.362175
22.574080
28.391424
29.100033
29.534208
16.505856
29.452288
26.186752
29.599743
22.831104
21.494785
29.100033
Control Period
30.814209
20.616192
18.826241
27.373569
28.419071
24.640512
22.325249
24.890368
27.749374
30.844929
20.754433
26.271744
29.529087
29.274113
19.920895
29.071360
27.002880
29.435904
23.080959
24.889343
27.602943
29.516800
26.575872
20.023296
29.095936
29.369343
25.080833
22.609921
26.129408
27.708416
30.871552
20.676609
26.099712
29.104128
29.254656
17.704960
29.320192
25.372673
29.386753
24.586239
26.949631
27.185152
29.471745
26.642433
22.529024
29.469696
29.498367
27.229183
24.645632
26.097664
29.126656
30.824448
22.596607
26.252289
27.734016
29.515778
18.258945
Control Period
29.315071
27.100159
29.496319
22.566912
26.094591
29.375488
29.589504
24.351746
17.527807
27.621376
24.797184
26.712063
22.532097
29.469696
27.528193
29.245441
21.475327
27.075584
29.564928
29.536255
23.052288
29.563904
27.737087
30.742527
24.892416
29.444096
26.743809
29.257729
24.645632
26.109951
30.857216
29.527039
27.517952
23.597057
29.458431
30.910465
27.653120
24.973312
26.185728
27.442177
29.121536
20.012032
30.885887
27.559937
29.552639
19.077120
26.146816
27.622398
29.272064
21.654530
24.553471
29.431808
29.353985
22.984703
27.170816
29.605888
30.822399
Control Period
27.686913
27.275265
28.557312
29.289471
26.810368
23.829504
30.743553
27.565056
29.192192
24.955904
27.304960
27.697151
30.725121
23.069695
27.260929
29.341696
29.257729
19.670017
30.736385
27.520000
29.665279
24.915968
29.513729
27.691008
29.592575
26.672127
27.123711
29.514751
29.471745
26.853376
24.667137
28.470272
28.766209
29.481983
24.790016
28.441601
27.561983
29.332479
16.604160
29.258751
26.836990
29.556736
20.315136
26.207232
29.513729
30.810112
23.009281
28.449791
27.329536
29.540352
18.078720
28.960768
25.956352
29.357056
24.869888
24.850433
Control Period
28.597248
29.532160
27.558910
16.557056
29.374462
25.377792
29.508608
20.325375
26.221567
29.459457
30.769152
22.856705
26.237953
27.682816
29.536255
24.919041
27.210752
28.580864
30.877695
27.643904
24.914944
28.550144
27.606016
29.497345
19.072001
29.515776
25.354240
29.124607
22.580223
26.184704
27.582464
30.726143
20.715519
26.251263
29.501440
29.509632
20.441090
29.396992
23.053312
30.816256
25.375744
24.898560
28.558334
27.720703
29.448193
21.588993
30.839809
27.768833
29.302784
24.910849
27.149311
27.548672
30.818304
23.099392
27.259905
29.534208
29.475842
20.519936
30.690304
27.646976
29.458431
24.866816
29.518848
27.672577
29.454336
26.677248
27.054081
29.447166
29.513729
27.667456
24.859648
28.378113
29.034496
29.431808
24.866817
28.563457
27.652096
29.559807
16.997375
29.508608
25.283585
29.395967
20.698112
26.141697
29.505535
30.796799
22.951935
26.242048
27.702272
29.421568
25.390079
27.240448
28.405760
30.850048
27.598846
24.871937
28.477440
27.551744
29.512703
19.109888
29.467648
25.279488
29.585407
22.647808
26.311680
27.702271
30.857216
20.709377
26.285057
29.585407
29.506561
20.311039
29.304832
25.326591
29.422592
25.332737
27.218945
28.519424
29.414400
27.610111
23.937023
29.428736
25.315327
29.468672
22.629375
26.129408
27.407360
30.869503
20.716545
26.259457
29.507584
29.503487
20.561920
29.327360
25.290752
29.476864
24.848385
27.185152
28.556288
