56.6575
58.5884
58.5977
58.5863
58.5807
58.5882
58.6006
58.5837
58.5862
58.5845
58.5889
58.5781
58.596
58.5858
58.6026
58.5935
58.5995
58.5883
58.5891
58.576
58.5835
58.5796
58.5973
58.5995
58.6166
58.5921
58.5986
58.6069
58.5984
58.6017
58.5929
58.6077
58.5978
58.6169
58.5854
58.5929
58.6183
58.5902
58.5952
58.5885
58.603
58.5848
58.5936
58.5896
58.5867
58.5884
58.5944
58.5887
58.5949
58.6165
58.5911
58.6045
58.6054
58.5968
58.5966
58.5919
58.5972
58.5738
58.5866
58.5924
58.5961
58.5742
58.5868
58.5925
58.5906
58.5924
58.5878
58.5932
58.6052
58.6009
58.6188
58.6143
58.6109
58.593
58.5969
58.5792
58.6009
58.6055
58.5924
58.5937
58.6104
58.5872
58.5901
58.5914
58.5984
58.6138
58.614
58.6078
58.5974
58.5815
58.5971
58.6122
58.5994
58.6017
58.6042
58.598
58.5867
58.5885
58.5888
58.5869
58.5845
58.5869
58.5944
58.5935
58.5963
58.5831
58.5979
58.5882
58.6072
58.6012
58.601
58.6003
58.603
58.6135
58.597
