80
81.756
83.6441
85.0894
86.2025
87.0582
87.72
88.2302
88.6144
88.8987
89.1038
89.2473
89.3391
89.3898
89.4079
89.4005
89.37
89.3253
89.2633
89.1918
89.1095
89.0249
88.935
88.8433
88.7507
88.6562
88.558
88.4633
88.3715
88.279
88.1879
88.0996
88.014
87.9283
87.8484
87.7642
87.6872
87.6171
87.5411
87.4669
87.3959
87.3286
87.2624
87.1994
87.136
87.0759
87.0174
86.9631
86.9116
86.8615
86.8154
86.77
86.7257
86.6839
86.6419
86.6018
86.563
86.5253
86.4842
86.4495
86.4128
86.3785
86.3424
86.3113
86.2837
86.2551
86.2283
86.2018
86.1788
86.1569
86.1369
86.1212
86.1006
86.0819
86.0602
86.0389
86.0192
86.0017
85.9862
85.9679
85.9515
85.937
85.9209
85.9044
85.8879
85.876
85.8654
85.8538
85.8441
85.8305
85.817
85.806
85.8011
85.7938
85.7855
85.7762
85.7677
85.7581
85.7481
85.7381
85.7293
85.7197
85.7099
85.7014
85.6932
85.6862
85.6801
85.6772
85.6705
85.6688
85.6643
85.6616
85.6584
85.655
85.6529
