80
80.2715
81.0294
81.6559
82.1691
82.5929
82.9436
83.2268
83.463
83.6533
83.8095
83.9381
84.0437
84.1279
84.1999
84.2542
84.2973
84.3303
84.3574
84.3769
84.3894
84.3896
84.3907
84.3896
84.3882
84.3798
84.3715
84.3655
84.3534
84.3411
84.3278
84.3163
84.3053
84.2937
84.2848
84.274
84.2592
84.2441
84.2284
84.2133
84.2007
84.1883
84.1752
84.1646
84.1512
84.139
84.1299
84.1144
84.1032
84.089
84.0766
84.0642
84.0507
84.0404
84.031
84.0204
84.0109
84.0048
83.9972
83.9902
83.9803
83.968
83.9606
83.9537
83.9451
83.9362
83.9295
83.9194
83.9114
83.9037
83.8955
83.887
83.8806
83.8743
83.8676
83.8599
83.8542
83.8525
83.8489
83.8443
83.8406
83.8387
83.8349
83.8292
83.8245
83.8214
83.8169
83.8126
83.8093
83.8108
83.8082
83.8074
83.8095
83.8052
83.8012
83.7978
83.7966
83.7976
83.7936
83.7896
83.7869
83.7866
83.7819
83.7794
83.7761
83.7744
83.7739
83.7681
83.7694
83.7688
83.7664
83.7637
83.7617
83.7631
83.7582
