328.366
56.875
-3.125
60
-95.6875
49.125
122.75
173.5
73.9062
130.364
80.4194
24.7812
-8.54541
60.2812
161.375
67.6875
84.9688
73.75
75.0312
125.606
67.0312
31.9355
72.4849
76.375
70.0625
77.5
75.0312
112
70.0605
76.375
81.2812
64.2812
20.0625
27.125
63.9375
84.9688
71.4062
40.75
90.7188
41.7188
-8.34375
30.625
75.125
92.2422
103.419
32.9092
63.9688
81.25
122.75
73.8438
87.5
67.625
63.9688
39.2729
55.3438
77.5625
54.3438
72.5938
68.9062
-21.9062
95.25
108.031
71.2812
60.25
64.0303
-14.2188
52.8438
33.375
-21.625
58
65.25
65.25
-86.8438
59
56.5
57.8438
4.03125
62.7188
58.9375
62.6875
63.9062
55.6362
18.9375
98.3125
61.5
-17.7881
55.375
76.6128
78.4688
128.939
117.844
128.938
75.0938
61.6665
52.8125
59.0625
94.1875
165.344
71.4062
59
61.4375
57.6875
-24.0312
52.0605
59.0312
58.9688
139.156
-17.7881
66.4062
51.625
68.9062
60.25
56.4688
66.4062
61.4375
