5671.63
5943.12
6003.12
5940
6095.69
5950.88
5877.25
5826.5
5926.09
5869.64
5919.58
5975.22
6008.55
5939.72
5838.62
5932.31
5915.03
5926.25
5924.97
5874.39
5932.97
5968.06
5927.52
5923.62
5929.94
5922.5
5924.97
5888
5929.94
5923.62
5918.72
5935.72
5979.94
5972.88
5936.06
5915.03
5928.59
5959.25
5909.28
5958.28
6008.34
5969.38
5924.88
5907.76
5896.58
5967.09
5936.03
5918.75
5877.25
5926.16
5912.5
5932.38
5936.03
5960.73
5944.66
5922.44
5945.66
5927.41
5931.09
6021.91
5904.75
5891.97
5928.72
5939.75
5935.97
6014.22
5947.16
5966.62
6021.62
5942
5934.75
5934.75
6086.84
5941
5943.5
5942.16
5995.97
5937.28
5941.06
5937.31
5936.09
5944.36
5981.06
5901.69
5938.5
6017.79
5944.62
5923.39
5921.53
5871.06
5882.16
5871.06
5924.91
5938.33
5947.19
5940.94
5905.81
5834.66
5928.59
5941
5938.56
5942.31
6024.03
5947.94
5940.97
5941.03
5860.84
6017.79
5933.59
5948.38
5931.09
5939.75
5943.53
5933.59
5938.56
