3887
5932.5
5932
5892.5
5932.5
6051
5952
6011.5
5972
5794
5972
5893
5912.5
5813.5
6110.5
5640
5972
5972
5972
5972
5952
5912.5
5853.5
5952.5
5952.5
5972
5932.5
5972
5932.5
5932.5
5952
5952
5912.5
6011
5991.5
5971.5
5952
5972
5952
5952
5991.5
5972
5912.5
5873
5972
5972
5912.5
5912.5
5932
5952
5971.5
5952
5972
5932
5912.5
5794
5912.5
5932.5
6051
5877.5
5932
5932.5
5932.5
6051
5992
5972
6105.5
5992
5972
5992
6051
6011.5
5991.5
5972
6011.5
5932.5
5932.5
5932.5
5932.5
5932.5
5818
5952
5992
5972
5932.5
5972
5912.5
5932.5
5932
5952
5932
5952
5932
5645
5912.5
5932.5
5932.5
5932.5
6011.5
5991.5
5971.5
5991.5
6105.5
6011.5
5991.5
5991.5
5972
5992
5972
5991.5
6031.5
