60.215103
59.916000
59.876320
59.883488
59.903934
59.888512
59.870300
59.872894
59.883072
59.872131
59.897278
59.893410
59.898113
59.860733
59.873856
59.846657
59.871490
59.892960
59.884319
59.875969
59.911583
59.903648
59.894241
59.876579
59.902016
59.859970
59.880577
59.858143
59.904030
Control Period
59.863518
59.884480
59.870399
59.864223
59.868000
59.880478
59.878304
59.862911
59.865856
Control Period
59.888321
59.878464
59.901791
59.881535
59.871010
59.910110
59.930077
59.914303
Control Period
59.917122
59.954750
59.908737
59.922722
59.878880
59.906464
59.929085
59.886398
59.863968
59.886784
Control Period
59.874207
59.900127
59.864029
59.858433
59.866463
59.873119
59.879486
59.852993
59.902176
59.888096
Control Period
59.901920
59.876320
59.878208
59.883583
59.910080
59.866211
59.891678
59.859138
59.907715
Control Period
59.897949
59.886337
59.906368
59.900574
59.879486
59.884956
59.884033
59.889984
Control Period
59.891682
59.895840
59.898880
59.883934
59.892159
59.880512
59.889282
59.873024
Control Period
59.869438
59.866463
59.878403
59.886497
59.897953
59.871456
59.876896
59.873825
Control Period
59.863968
59.876640
59.860733
59.853600
59.856033
59.892960
59.899136
59.875744
Control Period
59.858849
59.882721
59.888702
59.872414
59.872192
59.852798
59.863041
59.905823
Control Period
59.869473
59.904926
59.864513
59.893890
59.858978
59.910881
59.884800
59.907200
59.871777
Control Period
59.890594
59.857346
59.859871
59.888481
59.899040
59.867744
59.868706
59.862595
59.867203
Control Period
59.882591
59.857437
59.886497
59.902241
59.893730
59.874466
59.909279
59.873886
59.902145
Control Period
59.911392
59.914909
59.867233
59.901985
59.844833
59.864929
59.872002
59.876610
Control Period
59.862045
59.883102
59.870110
59.889694
59.896767
59.874016
59.899265
59.887680
Control Period
59.910145
59.910656
59.909218
59.893280
59.904480
59.885406
59.904961
59.895554
59.889153
Control Period
59.892799
59.931328
59.864063
59.879456
59.860542
59.879616
59.911041
59.854271
Control Period
59.865311
59.891747
59.874657
59.894653
59.914368
59.899651
59.872959
59.877216
59.893181
Control Period
59.876740
59.870560
59.863297
59.860611
59.890846
59.878208
59.873409
Control Period
59.883041
59.918144
59.898624
59.883774
59.885757
59.873245
59.914337
59.900703
59.885475
Control Period
59.891136
59.897377
59.893887
59.895935
59.884735
59.871937
59.884354
59.900764
59.895008
Control Period
59.863232
59.869057
59.881378
59.906784
59.908958
59.908192
59.880638
59.883522
Control Period
59.891357
59.905537
59.895103
59.893501
59.880478
59.879295
59.906303
59.911903
59.888767
Control Period
59.869698
59.871101
59.885120
59.867294
59.886238
59.882591
59.871071
59.895679
Control Period
59.869728
59.856415
59.866013
59.856735
59.872639
59.878433
59.876801
59.903198
59.882462
Control Period
59.855873
59.882496
59.897697
59.891487
59.887711
59.868385
59.907520
59.893181
59.907936
Control Period
59.910210
59.885918
59.912224
59.906242
59.894463
59.903198
59.892864
59.875298
Control Period
59.879646
59.885441
59.907967
59.871811
59.904095
59.900162
59.895424
59.894943
59.890465
Control Period
59.865631
59.890591
59.900673
59.891617
59.902367
59.893921
59.868797
59.888702
Control Period
59.910019
59.900162
59.901344
59.873505
59.910656
59.912033
59.897793
59.903198
Control Period
59.890816
59.878048
59.877983
59.918240
59.920193
59.916481
59.884640
59.887169
Control Period
59.882881
59.893536
59.897217
59.905312
59.900223
59.902397
59.873760
59.908768
59.864769
Control Period
59.909058
59.901760
59.883743
59.897858
59.941727
59.922527
59.886047
59.894112
Control Period
59.890366
59.890114
59.909088
59.876770
59.872864
59.857025
59.872063
59.881569
59.889503
Control Period
59.897984
59.887585
59.917725
59.922913
59.885826
59.916611
59.887169
59.942657
Control Period
59.923904
59.904480
59.934723
59.917953
59.938339
59.922016
59.939297
59.906113
59.890720
Control Period
59.926464
59.887550
59.899872
59.894623
59.861954
59.889694
59.871330
Control Period
59.888256
59.896126
59.870434
59.889824
59.862911
59.892738
59.881184
59.903038
59.916130
Control Period
59.874878
59.904224
59.888290
59.900002
59.878784
59.901600
59.891998
59.894657
Control Period
59.908958
59.906208
59.916321
59.887329
59.890915
59.895393
59.871937
59.884129
59.892639
Control Period
59.892990
59.900894
59.880157
59.907841
59.866432
59.906113
59.896606
Control Period
59.904831
59.916767
59.887070
59.880543
59.908768
59.915260
59.886913
59.885506
59.878784
Control Period
59.893761
59.882782
59.891266
59.914593
59.899521
59.863136
59.831135
59.865662
Control Period
59.887520
59.879585
59.905182
59.868385
59.904160
59.888641
59.894753
59.895935
Control Period
59.889343
59.867966
59.882141
59.896641
59.880737
59.898430
59.861439
59.871170
Control Period
59.884319
59.886784
59.874146
59.889023
59.857727
59.904415
59.903233
59.919807
Control Period
59.902527
59.899426
59.901955
59.913376
59.885277
59.912895
59.908287
59.887650
59.877312
Control Period
59.899967
59.896511
59.893341
59.890434
59.896385
59.884323
59.883968
Control Period
59.906689
59.885727
59.907135
59.895935
59.886978
59.886177
59.915970
59.890945
59.920097
Control Period
59.874271
59.922688
59.897888
59.925026
59.886749
59.935165
59.894493
59.902081
Control Period
59.895840
59.912449
59.892769
59.890717
59.893059
59.882111
59.901054
59.883873
59.895615
Control Period
59.892899
59.906334
59.923233
59.899651
59.896000
59.897186
59.897472
59.922016
Control Period
59.909569
59.906334
59.888702
59.904545
59.910179
59.875999
59.911263
59.870464
Control Period
59.891518
59.907486
59.906017
59.908798
59.881439
59.897026
59.907326
59.931263
Control Period
59.917374
59.869598
59.921730
59.888031
59.936672
59.890240
59.917473
59.875107
59.915779
Control Period
59.889694
59.916416
59.898785
59.878433
59.913216
59.887489
59.918274
59.884575
Control Period
59.885315
59.883743
59.887455
59.860897
59.891487
59.885406
59.880577
59.866142
Control Period
59.920097
59.904385
59.922943
59.873055
59.913918
59.885826
59.901665
59.897186
59.918560
Control Period
59.868832
59.877602
59.875584
59.903744
59.887424
59.867134
59.856544
59.888577
59.880833
Control Period
59.854336
59.883362
59.858658
59.885822
59.923294
59.877823
59.883327
59.909439
Control Period
59.896927
59.895042
59.841148
59.879040
59.879456
59.877697
59.873405
59.851677
Control Period
59.863235
59.888031
59.893570
59.878845
59.882240
59.891647
59.886753
59.910561
59.911682
Control Period
59.896126
59.895584
59.889378
59.924355
59.858627
59.925987
59.877823
59.894722
Control Period
59.874908
59.893600
59.883423
59.910370
59.886078
59.870369
59.901119
59.884163
Control Period
59.903969
59.903358
59.902241
59.890400
59.841312
59.887840
59.883167
59.891518
59.899071
Control Period
59.888222
59.852959
59.895489
59.903584
59.868832
59.894943
59.893089
59.913216
59.912640
Control Period
59.922142
59.888577
59.906559
59.884895
59.887901
59.903008
59.906784
Control Period
59.914879
59.892578
59.894211
59.913025
59.903618
59.895805
59.859650
59.886978
59.906208
Control Period
59.912354
59.903999
59.892990
59.924480
59.902782
59.917534
59.897858
59.921921
Control Period
59.902657
59.912449
59.905090
59.907875
59.927361
59.938850
59.925663
59.909378
59.944000
Control Period
59.877918
59.918530
59.884769
59.905090
59.883965
59.871296
59.898079
59.905441
Control Period
59.884354
59.944672
59.886749
59.937698
59.912064
59.905312
59.886753
59.899105
59.893440
59.901535
Control Period
59.885120
59.897182
59.887360
59.891426
59.899265
59.890205
59.881889
59.901505
Control Period
59.877407
59.880638
59.886658
59.875587
59.894302
59.901085
59.910339
59.893730
59.924194
Control Period
59.882080
59.908031
59.896320
59.887680
59.908607
59.888031
59.885406
59.899391
Control Period
59.895645
59.886909
59.893410
59.894913
59.915390
59.919487
59.907745
59.896767
59.884544
Control Period
59.886238
59.897888
59.887585
59.909470
59.904545
59.930016
59.890881
59.906975
59.900063
Control Period
59.880707
59.889854
59.885952
59.893375
59.892899
59.896477
59.894527
59.904350
Control Period
59.914558
59.922081
59.901855
59.904961
59.889153
59.897568
59.863232
59.879555
Control Period
59.886623
59.884285
59.890400
59.878403
59.888191
59.890240
59.924511
59.914112
59.898495
Control Period
59.886368
59.885632
59.908226
59.876381
59.923679
59.930305
59.890881
59.882305
Control Period
59.882240
59.888191
59.908768
59.903648
59.870018
59.863937
59.878433
59.882656
59.893730
Control Period
59.880386
59.860291
59.890079
59.881279
59.888451
59.874401
59.876129
59.897789
Control Period
59.909119
59.915871
59.873695
59.888802
59.889088
59.920704
59.892159
59.881664
59.919006
Control Period
59.911263
59.888863
59.899136
59.900894
59.914078
59.918716
59.890079
59.871777
Control Period
59.904095
59.922112
59.888611
59.886627
59.883133
59.919998
59.859680
59.887169
59.865982
Control Period
59.917568
59.899456
59.896385
59.899200
59.893410
59.930431
59.906334
59.898529
Control Period
59.897377
59.899902
59.864223
59.902878
59.904034
59.873695
59.860062
59.865570
Control Period
59.904541
59.889725
59.917728
59.863518
59.878529
59.882561
59.897789
59.882145
59.881824
Control Period
59.897469
59.883392
59.893856
59.878654
59.877312
59.889725
59.911201
Control Period
59.929283
59.915649
59.930687
59.905823
59.901089
59.911808
59.917953
59.901886
59.913280
Control Period
59.902882
59.935905
59.918304
59.908577
59.911201
59.905342
59.900608
59.902847
Control Period
59.910751
59.905762
59.902431
59.884895
59.908867
59.918243
59.896736
59.910019
Control Period
59.890079
59.910622
59.886627
59.909279
59.902847
59.901375
59.899170
59.883904
59.895874
Control Period
59.894493
59.909218
59.925888
59.893890
59.897278
59.884575
59.902367
59.893341
Control Period
59.877731
59.873249
59.861023
59.919586
59.905216
59.913280
59.922817
59.888767
Control Period
59.893600
59.888672
59.890976
59.896194
59.896511
59.887970
59.881218
59.894753
Control Period
59.903904
59.894814
59.876190
59.883904
59.900322
59.866081
59.907841
59.865852
59.906464
Control Period
59.891968
59.891327
59.867424
59.909950
59.900703
59.881889
59.904259
59.889885
Control Period
59.900127
59.887520
59.872513
59.931679
59.851360
59.898209
59.869888
59.893311
Control Period
59.876926
59.895454
59.877853
59.893024
59.882782
59.884254
59.889214
59.868706
59.860512
Control Period
59.864449
59.902847
59.870621
59.886112
59.885918
59.881504
59.901154
59.849762
59.871552
Control Period
59.874722
59.864929
59.888351
59.908035
59.875744
59.872223
59.873955
59.847073
Control Period
59.879616
59.888832
59.867008
59.887104
59.893089
59.880928
59.891037
59.870945
Control Period
59.895775
59.900894
59.892033
59.908897
59.875168
59.893341
59.870270
59.873600
59.891327
Control Period
59.914429
59.894722
59.882271
59.915070
59.901886
59.900608
59.911102
59.919586
Control Period
59.885635
59.878914
59.863457
59.855232
59.896194
59.882881
59.899330
59.892960
59.896545
Control Period
59.919682
59.915329
59.900608
59.890720
59.909790
59.888290
59.895073
59.896736
Control Period
59.888893
59.906334
59.884064
59.890816
59.894337
59.879105
59.889183
59.881538
59.902466
Control Period
59.904160
59.898304
59.881535
59.916061
59.906433
59.918079
59.900768
59.896866
Control Period
59.902367
59.909187
59.873665
59.878914
59.877472
59.903809
59.929955
59.908287
Control Period
59.907104
59.875549
59.902271
59.923454
59.906689
59.895134
59.895454
59.899582
59.887299
Control Period
59.897823
59.905472
59.880638
59.903553
59.900322
59.911171
59.919296
59.895294
Control Period
59.887424
59.909790
59.898079
59.901855
59.907677
59.885597
59.872192
59.866142
59.884193
Control Period
59.880928
59.880352
59.868256
59.875233
59.881027
59.850368
59.871647
59.851135
59.853664
59.863998
59.850403
59.878754
59.845440
59.870369
59.868637
59.871582
59.868866
59.879425
59.878689
59.882080
59.890656
59.903358
59.872929
59.888096
59.864864
59.878113
59.873249
59.897026
59.870110
59.877090
59.896095
59.900864
59.892895
59.901154
59.880257
59.876480
59.888802
59.960419
