5574.68
5940.37
5735.89
5260.04
5090.14
5053.58
5011.96
4993.07
4995.67
5026.41
5010.22
5054.33
5016.07
4943.63
5019
5037.41
4975.93
4973.85
4995.67
4981.22
4953.42
5019.81
4868.15
4946.52
4980.74
5023.11
5107.78
4945.11
4977.89
4978.22
5001.44
5092.14
5072.69
4953.75
4997.33
4923.93
4959.78
5032.39
5004.44
4986.81
5080.04
4988.7
4903.56
4995.46
5074.31
5026.56
5038.93
4899.96
4978.19
5003.56
4984.59
5026.41
4960.89
5157.48
4980.54
4919
4971.19
5010.7
5029.44
4997.04
4991.19
5062.93
4979.27
4984.41
5034
4985.3
5106.41
4955.33
5046.22
5003.19
4947.48
4914.19
4982.37
5054.96
4932.74
5003
5013.11
4952.41
5017.7
5081.78
5004.81
4967.56
4962.71
5077.41
4985.04
4985.33
5042.19
5004.96
4917.71
4957.67
5115.19
5001.81
4981.46
4984.11
4974.96
4938.3
5042.81
5056.85
5061.33
5041.56
5081.85
4942.07
4934.7
4964.67
5069.15
4991.63
4944.7
4984.07
4904.67
5000.07
4999.37
4988.48
4920.15
5022.78
