0.711453
0.760523
0.806538
0.84159
0.850407
0.859346
0.85916
0.864336
0.861298
0.862604
0.861047
0.864191
0.866568
0.865069
0.87044
0.867897
0.870696
0.869055
0.865313
0.869745
0.868643
0.868376
0.869068
0.865624
0.860774
0.858646
0.857808
0.867744
0.861229
0.873733
0.861392
0.860672
0.862471
0.866221
0.866982
0.863152
0.865925
0.862561
0.860007
0.865449
0.865786
0.865062
0.86608
0.861113
0.862189
0.861532
0.86642
0.863042
0.862888
0.854931
0.859351
0.856923
0.862253
0.854926
0.868746
0.86997
0.861081
0.853182
0.864017
0.862237
0.861321
0.85787
0.869158
0.867197
0.864246
0.864904
0.863295
0.871935
0.869938
0.87067
0.869746
0.870111
0.865738
0.86082
0.863109
0.859393
0.85647
0.866198
0.861788
0.860897
0.863646
0.868348
0.862756
0.860608
0.864024
0.863684
0.866018
0.871359
0.866975
0.865932
0.859586
0.867311
0.873055
0.868949
0.868228
0.860549
0.861597
0.863067
0.86344
0.869982
0.868371
0.870379
0.870605
0.869338
0.863181
0.873174
0.871581
0.869324
0.866627
0.858447
0.864368
0.86616
0.864085
0.86401
