0.708551
0.796078
0.80226
0.810182
0.805287
0.801767
0.795219
0.807899
0.797955
0.801835
0.804402
0.795338
0.798713
0.800561
0.795073
0.800439
0.801334
0.802839
0.80596
0.798183
0.798267
0.797476
0.803048
0.796637
0.790732
0.80614
0.794482
0.804513
0.80443
0.795465
0.79645
0.806523
0.801222
0.797861
0.801805
0.799193
0.798145
0.801943
0.802909
0.805042
0.797813
0.796223
0.797352
0.80026
0.802181
0.798744
0.797759
0.795807
0.808508
0.796431
0.802462
0.799365
0.798986
0.801089
0.798078
0.80153
0.797997
0.80471
0.79836
0.797644
0.8041
0.798347
0.798099
0.796326
0.802062
0.794535
0.810056
0.796885
0.801485
0.798711
0.800677
0.801066
0.801887
0.794816
0.806063
0.803174
0.797025
0.803842
0.79731
0.793802
0.802358
0.800046
0.79617
0.807044
0.797262
0.803701
0.798701
0.798467
0.801395
0.795222
0.79768
0.802938
0.800047
0.796159
0.809825
0.799047
0.798154
0.800317
0.797987
0.801083
0.804992
0.797413
0.797161
0.794076
0.80595
0.801827
0.800538
0.797765
0.799629
0.798718
0.794413
0.805481
0.800817
0.799439
