160
144.658
145.676
147.805
150.188
150.776
150.7
150.676
152.005
152.538
152.475
152.655
151.449
151.171
151.362
150.412
151.873
151.653
151.581
152.308
152.158
152.4
152.199
152.049
151.367
149.496
149.606
149.635
150.822
151.492
150.401
149.758
150.908
151.012
150.962
151.244
151.209
150.912
151.335
152.974
153.239
152.283
151.711
151.157
151.086
151.32
151.222
150.968
150.461
151.746
151.484
152.137
151.568
151.053
151.435
150.982
151.153
151.128
152.245
152.101
151.457
151.507
151.532
151.208
150.657
151.603
150.769
151.982
151.361
151.666
151.866
151.825
151.302
151.864
151.809
152.868
152.704
152.299
153
152.582
151.738
151.934
151.59
151.196
152.652
152.161
152.981
152.522
151.868
151.767
150.648
150.359
150.591
151.263
151.166
153.17
152.637
152.249
151.955
152.314
152.255
152.596
151.999
151.522
151.642
152.112
152.171
152.207
151.055
151.451
151.427
151.086
151.468
150.953
