5644.37
6349.66
6245.63
6200.63
6043.76
6008.76
6040.07
6018.73
5979.83
5923.1
5871.63
6058.6
6095.53
6013.77
5954.79
6007.47
6003.17
6073.2
6048.7
5881.1
5885.07
6110.6
5980.07
6013.8
6029.86
6008.4
5940.27
6006.03
6110.9
6026.27
6070.41
5802.33
5982.43
6008.5
6084.77
5995.14
6025.33
5926.93
5937
6029.17
6052.27
6091.79
5983.77
5948.62
5974.47
5975.87
6014.07
5956.4
6065.2
6101.9
5984.43
6026.2
5953.43
5886.53
5993
5949
6164.07
5984.93
5961.33
6005.59
6038
6094.8
5931.1
6023.34
5929.67
6012.47
5996.97
6026.07
5967.97
5962.7
5996.2
5980.1
5929.03
6038.69
6041.8
6031.9
6059.2
6024.72
5911.23
6030.23
5983.77
5927.14
5994.29
6035.34
6127
5899.9
5945.13
5972.2
6104.1
5973.17
5971.9
5999.53
6089.6
5970.52
5989.1
6116.41
5920.47
5835.03
6057.87
6081.34
5867.03
6064.77
6027.45
6080.4
5986.28
5931.33
5889.73
5993.03
6052.37
6088.17
5974.53
5992.28
6006.17
6123.37
