0.724785
0.731604
0.755562
0.766747
0.789521
0.787953
0.769966
0.780796
0.791594
0.779465
0.785548
0.771156
0.79089
0.766161
0.784944
0.756105
0.766084
0.784204
0.782594
0.781915
0.777612
0.786685
0.772019
0.776899
0.779342
0.785568
0.772633
0.795696
0.778152
0.784831
0.786326
0.766226
0.77752
0.780051
0.771941
0.772689
0.76905
0.781015
0.758313
0.782108
0.778222
0.77469
0.781786
0.776305
0.789919
0.773823
0.77
0.772733
0.778361
0.777788
0.769704
0.770411
0.786605
0.780788
0.774592
0.793048
0.775128
0.779538
0.786319
0.760083
0.767928
0.797295
0.797512
0.769289
0.767862
0.765663
0.768334
0.778232
0.784252
0.778451
0.786596
0.802144
0.786997
0.776349
0.765786
0.780243
0.780752
0.767496
0.7845
0.782586
0.775259
0.787916
0.773588
0.775464
0.780523
0.773415
0.774196
0.778153
0.785921
0.757914
0.768096
0.78253
0.780386
0.776008
0.789035
0.777507
0.773779
0.763106
0.77112
0.772281
0.77469
0.784605
0.768355
0.777469
0.764911
0.790415
0.776625
0.776494
0.772057
0.781415
0.762718
0.77981
0.783895
0.774716
