319.569
-378.185
-393
-183.148
70.6294
103.593
-30.3706
-80.2964
-31.5557
39.8149
15.3931
-12.8887
34.269
-22.75
1.42871
51.5928
-41.8521
-79.1113
-8.18506
43.3462
35.4443
14.8887
-85.1431
44.1113
12.0371
-33.4443
-63.0371
133.429
32.1851
-47.6665
50.3213
-19.0742
-14.3335
3.22217
-2.29639
-18.4072
16.3706
-17.2964
-51.4072
21.4814
13.4443
-54.2964
87.0742
-30.4287
75.8149
-34.4072
-10
-14.2964
1.85205
10.6294
43.8149
-30.4443
-3.53857
-69.7036
-1.57129
-40.769
-15.5557
63.2593
-60.5557
-39.75
5.44434
-44.4072
121.385
144.071
-23.0371
-171.111
13.8887
45.7407
37.9287
-136.741
-51.5557
69.0742
67.7036
129.704
11.6665
-51.0371
45.3335
-181
22.1851
25.6787
41.3335
22.5557
-29.3706
88.2593
-57.9258
-19.1479
-1.22217
-18.7407
146.148
-69.5186
-86.0371
6.18506
26.6069
-38.4814
1.77783
39.9629
78
-18.7778
-52.5186
-66.7778
22.2222
17.8521
43.3848
-1.88867
-119.111
15.3931
54
22.2222
5.5
-11.4443
-4.03711
17.7778
1.77783
-63.7144
