113.43
117.344
117.337
117.355
117.361
117.358
117.367
117.339
117.351
117.338
117.353
117.327
117.325
117.31
117.309
117.338
117.327
117.355
117.353
117.338
117.32
117.347
117.357
117.344
117.317
117.335
117.335
117.314
117.314
117.324
117.354
117.357
117.337
117.328
117.322
117.329
117.317
117.33
117.333
117.317
117.316
117.326
117.336
117.331
117.339
117.333
117.326
117.323
117.309
117.29
117.302
117.301
117.32
117.327
117.325
117.312
117.327
117.337
117.352
117.356
117.315
117.318
117.312
117.348
117.328
117.318
117.308
117.303
117.326
117.295
117.316
117.302
117.304
117.329
117.318
117.329
117.319
117.325
117.361
117.335
117.34
117.354
117.358
117.347
117.332
117.333
117.342
117.323
117.333
117.331
117.349
117.323
117.325
117.325
117.318
117.317
117.326
117.336
117.323
117.333
117.313
117.32
117.315
117.321
117.321
117.291
117.296
117.305
117.302
117.293
117.306
117.313
117.312
117.307
117.34
