80
76.9855
75.0455
73.4766
72.2218
71.2279
70.4487
69.8423
69.3692
69.0062
68.7291
68.5216
68.3621
68.239
68.149
68.087
68.0458
68.0194
68.0082
68.0014
67.9997
68.0009
68.0069
68.0177
68.0306
68.0395
68.0513
68.0667
68.0839
68.095
68.1107
68.1323
68.1517
68.1655
68.1826
68.1961
68.21
68.2223
68.2383
68.2548
68.2706
68.2839
68.2999
68.3171
68.3327
68.3487
68.3627
68.3748
68.3863
68.396
68.4041
68.4145
68.4258
68.439
68.4544
68.4678
68.4789
68.4902
68.5041
68.5175
68.5304
68.5396
68.5469
68.5538
68.5679
68.5764
68.5834
68.5894
68.5933
68.6017
68.7093
68.6981
68.6904
68.6861
68.6858
68.6831
68.6857
68.6876
68.6905
68.699
68.7007
68.7053
68.7134
68.7217
68.7279
68.7331
68.7385
68.7431
68.7446
68.748
68.753
68.7577
68.7604
68.7639
68.7673
68.7688
68.7713
68.7764
68.7801
68.781
68.7834
68.7843
68.787
68.7887
68.7926
68.796
68.7948
68.7946
68.7968
68.8007
68.8005
68.8029
68.8069
68.812
68.8149
