3887.5
5893
5972
5952
5972
6051
5992
5952.5
5972
5932.5
5952.5
5991.5
5952.5
5952.5
5952.5
5952.5
5952
5952
5952
5972
5972
5814
5932.5
5932.5
6071
5932.5
5912.5
5991.5
6011.5
5892.5
5952
5952
5912.5
5912.5
5873
5912.5
5620.5
5932.5
5932.5
5794
5932.5
6011.5
5932.5
5952
5971.5
5991.5
5932
5912.5
5912.5
5893
5932
5932
5932
5932
5912.5
5912.5
5873
5853
6090.5
5972
5952
5932
5952
6071
6071
5853.5
5932.5
5932.5
5912.5
5991.5
6184.5
5952
5833.5
5893
5893
5913
5912.5
5932.5
5778.5
5719.5
6110.5
5972
5972
5972
5952.5
5972
5892.5
5991.5
5972
5992
5912.5
5932.5
5912.5
5952
5932
5932.5
5952.5
5912.5
5952.5
5972
5774.5
5913
6051
5952
5952
5833.5
5818
5932.5
5932.5
5932.5
