0.708848
0.761025
0.780715
0.797301
0.811175
0.822609
0.831733
0.838887
0.844515
0.84909
0.852643
0.854949
0.85661
0.858315
0.859638
0.86038
0.860983
0.861563
0.861565
0.861595
0.861483
0.861468
0.86144
0.861364
0.860803
0.860862
0.86078
0.860834
0.860087
0.860166
0.860218
0.85986
0.859352
0.859439
0.85899
0.858786
0.858547
0.858503
0.858333
0.858158
0.857846
0.857762
0.857676
0.857523
0.857209
0.857048
0.856708
0.856507
0.856319
0.85615
0.856017
0.856025
0.855887
0.855878
0.855665
0.855428
0.855263
0.855339
0.855062
0.85492
0.854719
0.854492
0.854369
0.854584
0.854166
0.854077
0.853863
0.853693
0.85381
0.863828
0.85239
0.852624
0.852611
0.852663
0.852454
0.852696
0.85263
0.852635
0.852782
0.852385
0.852516
0.852637
0.852527
0.852401
0.852403
0.852335
0.852191
0.852039
0.852034
0.852169
0.851916
0.851862
0.851846
0.851795
0.851626
0.851633
0.851849
0.851619
0.851367
0.851431
0.851424
0.851436
0.851352
0.851474
0.851411
0.851262
0.851129
0.851241
0.851331
0.851142
0.851113
0.851172
0.85129
0.851068
0.851193
