-676.741
-901.406
-886.812
-917.5
-916.25
-918.812
-905.156
-911.281
-959.781
-972.844
-918.75
-916.281
-907.688
-914.969
-913.812
-921.188
-911.219
-912.562
-921.281
-898.938
-993.156
-923.625
-906.312
-971.5
-872.281
-875.062
-835.781
-897.094
-912.094
-947.125
-907.562
-858.656
-916.219
-839.03
-843.031
-897.807
-839.5
-961
-936
-819.062
-891.788
-978.969
-903.844
-861.469
-916.156
-954.281
-936.031
-917.562
-919.645
-898.879
-918.75
-913.844
-920.094
-923.719
-922.469
-927.312
-916.375
-924.969
-860.094
-1034.88
-990.125
-921.188
-922.531
-908.064
-973.438
-965.375
-947.125
-880.562
-912.5
-916.25
-940.625
-925.188
-1064.47
-948.406
-987.281
-923.625
-914.969
-921.156
-916.903
-917.879
-960.406
-841.062
-951.75
-977.719
-926.188
-913.844
-931.151
-916.344
-900.375
-891.781
-981.719
-927.576
-921.156
-911.688
-879.032
-928.531
-972.812
-928.788
-884.719
-923.688
-923.909
-849.75
-918.781
-913.875
-867.375
-920.807
-973.969
-932.375
-906.406
-870.333
-850
-906.406
-915.125
-920
-927.438
