56.7078
58.5879
58.5892
58.583
58.5845
58.5927
58.5945
58.5898
58.5833
58.5924
58.6014
58.5824
58.5597
58.5706
58.5835
58.5807
58.5863
58.603
58.5935
58.5897
58.5805
58.5806
58.5839
58.588
58.5609
58.5726
58.5772
58.5942
58.5581
58.573
58.59
58.5842
58.5663
58.5841
58.5682
58.5658
58.5615
58.569
58.5711
58.5734
58.5656
58.5713
58.5792
58.5835
58.5755
58.5782
58.5668
58.5635
58.5605
58.5572
58.555
58.5645
58.5647
58.5754
58.5741
58.5693
58.5674
58.5823
58.5752
58.577
58.5742
58.5665
58.5643
58.5849
58.5684
58.5695
58.5608
58.5543
58.5657
59.2601
58.5672
58.5737
58.5662
58.566
58.5515
58.5658
58.5635
58.5654
58.578
58.558
58.5684
58.5807
58.5801
58.5785
58.5838
58.5836
58.5783
58.5718
58.5727
58.5849
58.5718
58.572
58.5733
58.5727
58.564
58.5658
58.5827
58.5713
58.5571
58.5623
58.5639
58.5654
58.562
58.5717
58.5708
58.5634
58.5532
58.5608
58.5689
58.5592
58.5571
58.563
58.5746
58.5636
58.5748
