56.6928
59.1286
61.295
62.6476
63.3243
63.366
63.6481
62.3736
62.8496
62.4029
63.6153
61.1625
63.3197
63.8597
63.8042
62.8944
60.8553
62.9339
62.3361
64.0291
63.1483
62.5997
63.0459
62.5166
61.6744
63.6976
62.0316
63.1058
61.7145
63.6345
63.7138
63.4363
62.6468
62.5757
63.1901
62.6372
63.2393
63.1003
62.1156
63.2671
62.6595
63.4966
64.2417
63.7104
62.4962
62.9387
62.119
63.0827
62.787
62.6059
63.2054
63.0339
63.9811
63.4623
62.9888
63.1861
63.3771
62.8874
63.5471
63.0793
64.0887
63.339
63.5148
63.2851
63.3329
63.5608
63.7023
63.368
64.266
62.4978
62.3268
61.9693
63.3058
63.461
63.7019
62.6992
63.7443
62.4775
61.6222
62.727
63.5652
63.1013
63.3856
63.1943
63.4571
63.123
63.5195
62.4091
63.3493
63.4825
62.7411
61.9175
62.6469
62.6288
62.7506
61.6266
62.6931
63.1569
64.1694
62.3877
61.7407
61.9674
62.5877
62.2364
62.2994
63.5642
63.5652
62.8396
63.2464
63.2377
63.5454
63.1856
62.9263
63.7107
