80
82.3868
88.0653
91.7874
93.5446
94.5113
94.4278
93.654
95.5255
94.5999
95.2606
94.1436
96.1139
94.6259
93.7963
93.0102
93.8995
95.0363
94.1185
94.2213
94.4198
94.5299
94.1412
93.5663
94.2447
95.7304
94.2262
95.3179
94.586
96.338
94.0526
92.7167
93.5842
94.3709
95.0401
94.5103
94.1238
93.4514
93.1751
94.9405
94.5286
95.0667
93.5269
92.9978
92.0714
93.6271
94.2664
94.9645
94.5392
94.5525
94.7605
94.1347
94.9602
93.3791
92.6107
93.0579
94.4787
93.586
94.6539
94.7516
94.4627
92.4615
93.0855
94.3144
93.8467
93.3931
93.3186
94.4223
95.1043
94.1704
95.1094
95.6193
95.7999
94.4255
93.9779
94.4488
96.403
95.1297
94.8456
95.6692
95.4981
93.8246
94.1158
93.995
94.3218
94.2389
94.7181
93.456
94.7749
94.0601
94.5328
94.3754
95.9505
95.548
94.3159
93.8405
94.6185
94.5756
93.7999
91.3902
92.6306
93.9912
94.8613
93.6445
94.6913
95.2597
93.7768
93.5668
94.2834
93.8513
94.8036
94.3387
94.9488
94.5474
