0.70866
0.722964
0.696576
0.691235
0.68976
0.695496
0.703102
0.689834
0.702999
0.691621
0.709472
0.681152
0.719077
0.709955
0.70555
0.688763
0.676398
0.71848
0.698396
0.715845
0.691445
0.693117
0.706818
0.697279
0.686592
0.716183
0.68757
0.708245
0.689915
0.713034
0.70728
0.701899
0.693026
0.694759
0.698155
0.701197
0.709192
0.699921
0.68752
0.705023
0.695027
0.708276
0.713327
0.698939
0.684861
0.705427
0.687317
0.705229
0.696016
0.697655
0.70846
0.699746
0.711564
0.701137
0.69913
0.699192
0.696509
0.693934
0.701161
0.693762
0.71822
0.699528
0.692317
0.696288
0.701686
0.705585
0.699467
0.689575
0.708135
0.689915
0.695544
0.694912
0.710648
0.708816
0.706616
0.688406
0.69648
0.694061
0.692817
0.707374
0.712592
0.697842
0.70048
0.699149
0.700781
0.697526
0.704992
0.690504
0.706457
0.698908
0.695843
0.691627
0.701764
0.707795
0.705745
0.692144
0.706509
0.700751
0.713517
0.692741
0.685986
0.695664
0.704493
0.701222
0.70067
0.709914
0.696378
0.694786
0.704466
0.701079
0.698175
0.697517
0.699181
0.70959
