113.546
119.037
122.793
126.651
129.588
130.084
129.953
128.65
130.575
130.422
129.618
129.43
128.727
128.717
129.069
128.988
129.902
128.204
129.127
126.935
129.565
129.582
128.621
128.972
128.758
129.068
128.835
129.138
127.848
129.831
129.406
128.555
128.551
129.277
130.288
128.606
128.325
128.85
128.885
129.237
129.202
129.202
128.987
129.369
128.924
128.038
129.116
129.22
130.517
129.632
129.229
128.695
128.823
129.385
128.14
128.282
129.729
129.558
129.882
130.049
129.064
128.121
129.216
130.041
129.492
128.718
129.433
130.406
129.811
129.385
128.946
129.498
129.279
128.799
127.242
128.75
131.029
129.317
129.094
129.16
129.377
128.841
129.724
129.296
129.361
129.26
129.601
128.902
130.257
129.946
129.621
128.621
128.97
128.708
128.003
127.948
128.119
129.598
129.145
128.357
128.676
128.845
129.376
127.804
128.188
129.417
130.056
129.538
129.361
128.999
130.233
129.143
129.988
129.601
