117.804764
117.295807
117.320450
117.317825
117.341888
117.322433
117.310623
117.331299
117.337891
117.330879
117.311874
117.306717
117.327553
117.337952
117.294014
117.280487
117.302528
117.307076
117.310822
117.314331
117.312256
117.293884
117.306015
117.356903
117.303268
117.311104
117.293251
117.297569
117.302399
117.328445
Control Period
122.255005
117.303909
117.306084
119.680382
117.322693
122.079300
117.316864
119.033279
Control Period
117.314049
122.351456
123.590851
125.777603
122.983711
123.312225
124.181122
122.830978
122.293472
Control Period
129.125916
128.924988
126.387932
128.694748
124.800323
126.332962
128.869385
Control Period
128.601089
128.820862
132.399658
128.955933
128.784363
131.214966
129.055908
Control Period
129.878204
128.943420
129.008026
130.774017
129.210587
129.087036
133.689789
Control Period
134.163910
129.193207
129.264191
129.004486
131.276993
129.219177
128.803528
128.699966
Control Period
128.729248
129.309723
128.842743
129.235992
128.793732
128.743423
126.897598
Control Period
132.427902
131.537811
131.374847
130.999741
125.791840
130.783325
131.112350
Control Period
134.175995
129.343018
129.170013
130.882919
130.591202
128.735458
128.782715
131.693954
Control Period
132.277313
128.869278
128.931168
130.881607
128.971649
129.187454
129.787750
128.039429
Control Period
133.101791
128.093689
128.696289
129.104004
128.981827
129.101044
128.644257
129.713242
Control Period
128.996094
128.967010
128.850891
128.646881
129.181671
128.665054
127.782822
Control Period
128.471939
128.747528
128.838974
128.788834
127.614532
130.865021
127.170372
129.238846
Control Period
129.202026
129.096924
128.939545
129.422821
128.508545
129.438232
128.875870
Control Period
128.684265
129.077301
128.866150
130.499237
126.373795
130.721024
128.803299
128.882874
Control Period
128.819458
130.555389
131.135162
130.897400
130.844894
129.031815
128.867874
129.066620
128.797409
Control Period
128.999771
129.017029
126.489563
128.212189
129.068161
128.861633
127.801178
126.584579
Control Period
132.631836
127.088928
128.695038
129.207779
129.208252
128.969315
130.680222
126.535934
Control Period
127.124062
127.199326
126.891037
127.065567
127.164223
126.591423
126.510910
Control Period
131.209290
128.574524
130.798111
128.233124
129.220032
129.054810
130.646088
128.787430
Control Period
129.273438
130.954407
128.830948
128.714142
129.167038
129.118652
128.842270
131.757080
Control Period
132.162338
128.117767
128.056488
126.883194
127.089821
128.797638
128.756775
129.102234
Control Period
129.808578
128.728516
129.033813
129.328827
130.719940
126.167809
128.960968
129.029861
Control Period
129.017822
128.859070
128.793030
128.668823
128.131653
128.845917
128.991959
Control Period
128.908707
131.454010
127.815552
128.823715
128.810532
129.152863
128.687424
128.891418
Control Period
128.680023
129.185349
128.649765
129.581436
128.384125
127.772095
131.547104
126.876251
Control Period
131.874496
128.078232
128.730881
128.327972
128.938019
128.863525
129.115997
129.174103
Control Period
128.943512
128.687714
126.490204
127.041565
126.757278
128.697571
128.317886
Control Period
131.227524
129.595581
128.700104
129.188736
128.931015
130.717758
131.050110
129.239258
Control Period
128.930084
129.012283
128.628479
129.469925
128.802307
127.399292
132.275818
130.727722
Control Period
132.353546
126.914879
126.644608
126.374878
127.532860
126.601410
131.010345
131.010590
Control Period
128.997726
129.333023
128.735657
127.885086
127.050720
127.035172
130.817825
129.080643
Control Period
128.524506
128.485794
129.122528
129.537476
130.059647
129.513306
129.892639
Control Period
134.177979
128.506332
128.311905
132.235291
128.395676
129.088486
131.939606
129.275299
130.664734
Control Period
129.035172
129.090057
130.105469
126.432159
126.727295
130.634918
128.215744
Control Period
128.772766
126.401245
129.139297
128.733826
128.751587
126.387619
130.558441
127.851517
Control Period
129.076797
129.084549
128.705780
128.190689
128.946716
128.857849
128.948898
128.990936
Control Period
128.481918
128.998947
129.013794
128.739227
129.060455
128.793503
129.104309
Control Period
128.385086
130.263397
128.978790
129.024963
129.086914
128.638748
130.212128
129.307648
Control Period
128.512833
128.812134
129.098755
130.827652
129.124863
128.922424
129.079681
129.238022
Control Period
129.598343
130.616165
129.156982
128.904312
129.002747
128.664963
128.850311
128.822723
Control Period
128.947006
129.009918
129.151367
128.645081
128.780991
129.595551
128.779770
Control Period
134.072510
128.920166
128.602203
128.535034
128.878754
128.828033
128.516418
128.601761
Control Period
129.057571
130.652405
127.129311
130.411972
128.561279
128.553558
128.746017
128.281250
128.746246
Control Period
126.628510
128.282043
128.701141
128.503525
128.518936
126.430557
128.490402
Control Period
129.759583
130.211365
130.810944
127.181984
128.920288
128.498718
128.883392
128.665314
Control Period
128.971100
129.633377
130.452484
128.510376
129.034653
128.790985
129.149506
Control Period
134.083908
128.737534
130.230042
131.178848
128.662659
128.731934
133.782303
128.730988
Control Period
130.860229
130.371964
128.774841
128.781662
128.998978
130.697357
128.941437
Control Period
129.379074
130.990463
128.451553
128.788300
128.879578
128.570038
129.202499
129.574005
Control Period
129.057953
128.306519
130.968735
126.221313
128.911942
128.601593
128.797119
Control Period
129.013184
130.179352
128.993790
128.544647
128.674316
128.891006
128.809845
128.408066
127.893112
Control Period
134.194366
129.233566
129.058136
128.883942
128.792130
128.871399
129.333435
126.715874
Control Period
128.588959
126.480194
128.755737
128.889130
128.615906
126.643448
128.767334
128.380737
Control Period
129.059555
128.915710
129.078430
128.546173
126.601151
126.609283
129.166214
Control Period
134.105896
127.274658
128.609955
131.459106
128.513702
128.813019
128.222015
130.833862
Control Period
130.359009
131.077347
128.349792
128.751190
128.825348
128.605759
130.936707
Control Period
128.653152
133.005432
128.819321
131.079254
129.246597
129.006012
129.365021
Control Period
129.105286
133.959549
128.631744
130.791840
129.149048
132.585052
128.645416
128.737823
128.831482
Control Period
134.041534
128.686462
129.073975
128.446594
128.411621
127.511963
127.579712
128.762939
Control Period
126.575653
128.585251
128.738434
129.197418
128.705658
128.871902
126.173187
Control Period
128.225632
129.691620
128.601791
130.636536
128.983047
130.685028
128.726196
128.176773
Control Period
132.036102
128.957306
132.995300
128.639496
129.238815
131.291260
129.077286
128.089371
Control Period
128.748611
131.380249
128.913666
128.796356
128.738113
128.824478
130.857376
129.673538
Control Period
128.859558
128.357468
128.707642
129.023712
128.174942
129.006073
128.897308
129.020126
Control Period
129.034592
130.248535
129.658432
128.472031
129.228638
130.371841
Control Period
128.912781
128.740631
131.017029
132.546143
133.011459
128.841675
129.773575
133.229889
Control Period
128.194977
129.173035
128.839706
129.528778
128.877731
131.842743
128.800095
133.461563
Control Period
129.346497
128.212509
128.160187
127.194748
130.891556
129.048416
128.765533
Control Period
129.065125
130.688736
126.536163
128.911072
129.384094
129.247131
129.016479
128.723038
Control Period
134.189789
128.951843
128.242844
128.691071
129.262909
128.672760
128.473694
Control Period
129.922653
130.821503
128.084610
128.790436
128.669159
130.477127
129.782745
128.704346
128.253891
Control Period
128.760742
129.247971
128.561371
128.991425
128.556870
129.328857
128.143295
Control Period
128.980194
127.186951
125.859039
126.506561
127.138596
126.156006
128.863556
Control Period
128.780182
130.790909
126.305923
128.692093
129.157120
128.775391
Control Period
129.065445
129.297287
132.806427
133.949188
131.963394
129.387390
134.082153
129.852570
128.852798
Control Period
128.857086
131.725464
128.985092
128.729126
128.683197
128.527557
130.353516
128.678009
Control Period
130.688538
130.373383
130.202789
130.534149
128.285217
128.228363
126.865021
127.572678
Control Period
128.939133
128.880737
128.909729
130.430817
130.414368
126.638077
129.906891
Control Period
128.684738
130.758728
130.756577
127.995682
128.861755
130.394272
128.840485
128.724701
Control Period
128.939880
128.724060
130.698975
127.884384
128.794617
128.346924
128.501511
131.306793
Control Period
128.651871
128.647049
130.432922
129.142090
128.663773
129.828888
131.119781
Control Period
129.187515
128.820541
130.638748
128.773560
128.590240
128.595901
130.465881
130.435944
Control Period
128.641724
129.085754
129.213028
128.854980
129.007477
130.801346
128.845276
Control Period
128.709091
129.362244
129.143738
128.756989
129.231491
131.115906
128.926147
128.835495
Control Period
134.020538
128.797348
128.501312
129.667557
130.446594
128.392059
128.183899
128.795486
Control Period
128.750244
129.947586
126.711166
130.115784
128.680420
129.193283
128.914429
Control Period
134.188019
128.790939
128.929184
128.765503
131.000610
129.862823
130.259430
Control Period
129.260605
133.109055
129.075043
133.090759
129.071075
128.435181
128.174911
129.348038
Control Period
129.887070
130.592636
128.382843
129.155075
128.468124
131.704254
130.631866
128.142975
Control Period
128.543289
128.928925
128.834534
128.479431
128.912292
129.014008
127.636604
128.304565
Control Period
128.258453
128.957016
128.966812
130.563782
129.287811
128.592896
128.820251
128.976898
Control Period
133.483429
128.721054
126.516640
126.353088
128.871750
128.968674
129.040894
127.711517
127.727684
Control Period
126.540771
127.772034
128.952484
128.948441
127.077629
128.401093
129.179077
127.428604
Control Period
128.763947
127.468124
127.243073
128.725433
126.703712
128.581833
127.284348
128.816635
Control Period
129.159424
126.958374
127.351715
129.017410
128.464218
126.848221
129.030594
Control Period
134.257538
128.651520
129.030746
128.421509
128.833984
128.612808
129.719040
129.255264
Control Period
131.154022
128.682373
128.826721
128.702789
128.751495
128.883301
128.846039
129.264923
129.192795
Control Period
132.927139
126.714813
128.351303
126.615204
127.605667
129.127426
127.069885
128.443542
126.841408
Control Period
130.670303
127.629761
129.088196
129.243042
128.811966
126.450081
130.461853
128.890686
Control Period
128.750717
129.002625
129.034363
128.993851
128.861847
128.492966
131.160706
126.460251
Control Period
131.450241
129.022079
128.642975
129.062759
130.712799
130.544220
127.496414
128.073883
Control Period
128.714996
125.907074
128.302368
128.410629
126.638596
128.757156
129.082748
128.144440
126.279617
Control Period
128.918304
128.912506
126.613953
128.755417
128.749847
128.923264
126.440674
Control Period
129.593628
131.102722
129.324219
128.926208
129.164444
129.076004
128.730377
Control Period
128.130432
132.978058
128.671295
132.737793
128.859329
130.352127
128.196930
130.518494
Control Period
132.998810
128.850372
128.815460
128.383133
131.443649
128.501984
128.780579
128.531158
Control Period
128.423065
129.964966
129.492004
130.049057
130.784836
128.914490
128.585754
128.671494
Control Period
128.995773
129.038971
128.721695
130.397705
125.923813
130.945892
128.967529
Control Period
131.955353
130.874756
128.756714
128.645142
132.552551
128.570755
130.276459
128.746796
Control Period
128.904861
128.885498
128.562881
128.644867
130.644867
130.001862
128.752319
Control Period
134.028763
128.866211
131.341339
129.116547
129.047424
128.951294
128.232193
130.319321
Control Period
134.095840
128.914017
128.905273
128.935074
128.807526
128.437119
129.110748
129.480774
Control Period
119.999420
134.106979
134.105087
134.044418
134.045288
133.998505
134.161697
134.081421
134.099518
134.024033
134.060516
134.132446
133.992386
134.115173
133.990753
135.115051
134.000641
