918
918
918
983.586
995.401
984.417
984.176
987.674
984.119
979.428
978.333
974.37
980.472
984.441
983.373
982.74
980.497
981.38
985.538
981.95
982.147
984.219
984.359
986.243
982.962
980.274
982.381
986.363
989.368
987.657
984.725
985.627
983.32
981.518
979.175
975.136
979.09
979.132
977.595
977.884
980.128
980.644
986.544
989.411
991.909
989.081
980.878
980.878
979.491
980.482
983.261
978.661
977.736
975.149
974.224
979.213
981.763
981.45
982.529
985.726
985.215
981.374
981.753
983.025
981.377
980.941
981.919
981.917
982.424
982.104
981.474
979.367
974.786
977.637
976.171
978.895
981.121
978.878
978.025
973.436
973.861
979.1
978.922
973.664
975.444
977.744
979.042
980.765
981.138
981.963
981.4
977.805
972.1
975.079
972.902
976.259
976.917
977.067
977.474
977.276
979.617
982.022
978.253
979.333
977.894
980.029
973.436
974.668
983.042
982.656
980.445
978.369
972.191
978.631
979.375
971.458
974.398
976.693
