-1201.92
-1434.84
-1493.22
-1486.44
-1426.88
-1444.62
-1522.94
-1476.47
-1454.31
-1505.91
-1490.47
-1524.09
-1433.62
-1444.72
-1498.47
-1542.66
-1400.38
-1387.44
-1503.78
-1470.72
-1276.97
-1479.81
-1442.22
-1355.97
-1478.29
-1457.03
-1459.16
-1449.12
-1442.22
-1401.94
-1443.5
-1499.12
-1460.84
-1440.97
-1520.34
-1443.84
-1492.62
-1457.06
-1439.75
-1450.94
-1442.31
-1445.94
-1439.81
-1441.03
-1450.91
-1526.59
-1445.94
-1481.5
-1403.19
-1390.19
-1382.47
-1458.62
-1425.97
-1547.19
-1428.66
-1437.45
-1432.41
-1450.91
-1432.38
-1443.47
-1446.42
-1436.09
-1359.94
-1447.91
-1518.52
-1438.56
-1449.59
-1493.88
-1437.68
-1447.12
-1404.44
-1434.81
-1455.84
-1330.84
-1424.91
-1443.5
-1448.44
-1441
-1484.81
-1401.66
-1447.19
-1498.78
-1445.97
-1444.69
-1397.03
-1444.75
-1439.75
-1448.44
-1447.12
-1490.19
-1462.03
-1454.56
-1443.5
-1414.62
-1435.31
-1436.03
-1439.78
-1425.5
-1478.72
-1447.19
-1442.56
-1348.09
-1443.44
-1546.66
-1486.66
-1405.97
-1560.59
-1421.97
-1485.5
-1428.03
-1329.34
-1484
-1451.12
-1444.66
-1442.58
