56.7446
58.5945
58.6235
58.597
58.603
58.5988
58.6004
58.589
58.6083
58.6119
58.6176
58.6114
58.6154
58.6094
58.6068
58.6148
58.603
58.6068
58.6214
58.6262
58.6267
58.6239
58.6225
58.618
58.6185
58.6185
58.6236
58.6156
58.5984
58.6009
58.6023
58.5997
58.6079
58.6142
58.6258
58.612
58.6068
58.6129
58.608
58.5974
58.5885
58.6069
58.5979
58.6001
58.6261
58.6114
58.6123
58.6192
58.6027
58.6243
58.6145
58.6057
58.6199
58.5957
58.6075
58.6081
58.6029
58.6067
58.6043
58.6027
58.6129
58.606
58.5844
58.6052
58.624
58.6138
58.6137
58.6067
58.6067
58.604
58.5964
58.6123
58.6165
58.6256
58.6033
58.6117
58.6128
58.6042
58.6026
58.6132
58.6139
58.5808
58.5956
58.5902
58.5963
58.5874
58.5971
58.602
58.6003
58.6182
58.6198
58.6141
58.6175
58.6073
58.6169
58.6006
58.6076
58.618
58.6084
58.6105
58.6005
58.6042
58.6058
58.6181
58.6026
58.6035
58.6066
58.6054
58.617
58.6126
58.6133
58.6207
58.608
58.6114
58.6137
