57.8368
59.8772
59.8761
59.8879
59.8758
59.8662
59.8816
59.8632
59.8838
59.8947
59.9027
59.8931
59.8998
59.8788
59.8894
59.8775
59.8695
59.887
59.8743
59.8871
59.8864
59.8972
59.8971
59.8887
59.8917
59.882
59.8919
59.8704
59.8784
59.868
59.8677
59.8722
59.8764
59.8785
59.8758
59.8683
59.8877
59.8803
59.8812
59.8783
59.8677
59.8872
59.8811
59.8846
59.913
59.8847
59.8806
59.8992
59.8949
59.8897
59.8975
59.8939
59.8889
59.8849
59.8779
59.889
59.8824
59.8868
59.891
59.8804
59.8869
59.881
59.8802
59.8889
59.9023
59.8974
59.9021
59.8957
59.8836
59.9009
59.8818
59.8959
59.8974
59.8899
59.8958
59.8796
59.873
59.8786
59.8794
59.8865
59.8813
59.8718
59.8721
59.8579
59.8617
59.8652
59.8789
59.8744
59.8707
59.8927
59.8954
59.8935
59.8973
59.893
59.8854
59.8803
59.8857
59.8918
59.8939
59.891
59.8987
59.9013
59.8921
59.8858
59.8819
59.8836
59.893
59.8902
59.8984
59.8812
59.8998
59.8918
59.9009
59.8936
59.9014
