0.709307
0.739974
0.7417
0.742479
0.743522
0.744301
0.745041
0.745495
0.746287
0.746751
0.747173
0.747381
0.747705
0.747853
0.748053
0.748366
0.748399
0.748632
0.748963
0.749145
0.749239
0.749284
0.749336
0.749347
0.74943
0.7495
0.749645
0.749593
0.749456
0.749579
0.749683
0.749725
0.749894
0.750019
0.750199
0.750037
0.750011
0.750112
0.750074
0.749972
0.749906
0.750203
0.750094
0.750149
0.750498
0.750265
0.750292
0.750395
0.750171
0.750463
0.750327
0.750212
0.750408
0.7501
0.750292
0.75032
0.750268
0.750341
0.75032
0.750306
0.750448
0.750359
0.750098
0.750402
0.750643
0.750468
0.750446
0.750339
0.75034
0.750315
0.750217
0.750443
0.750481
0.750575
0.750271
0.750386
0.750409
0.750311
0.750307
0.750449
0.750453
0.750019
0.750263
0.750212
0.750334
0.750241
0.750385
0.75044
0.7504
0.750621
0.750591
0.750469
0.750483
0.750316
0.750424
0.750197
0.750305
0.750435
0.750284
0.750302
0.750163
0.750208
0.750217
0.75037
0.75016
0.750184
0.750235
0.750214
0.75036
0.750271
0.750283
0.750363
0.750183
0.750215
0.750239
