80
79.1845
79.0394
78.9208
78.8181
78.7299
78.6539
78.5908
78.5333
78.4893
78.4524
78.4223
78.3937
78.3702
78.3458
78.3237
78.3045
78.2851
78.2702
78.2575
78.2484
78.2399
78.2326
78.2254
78.2174
78.2102
78.2019
78.1966
78.1878
78.1784
78.1695
78.1616
78.1548
78.1504
78.147
78.1455
78.1413
78.1388
78.1364
78.1328
78.1278
78.1213
78.1208
78.118
78.1163
78.1209
78.1194
78.1177
78.1192
78.1176
78.1185
78.1188
78.1174
78.1172
78.1129
78.1108
78.1094
78.1067
78.1057
78.1051
78.1038
78.1039
78.1024
78.0984
78.0984
78.103
78.1051
78.107
78.1068
78.1058
78.1059
78.1037
78.1053
78.1076
78.1095
78.1087
78.1077
78.1066
78.1049
78.1042
78.1048
78.1058
78.1001
78.0982
78.0935
78.0915
78.0894
78.0902
78.092
78.0929
78.0981
78.1032
78.1063
78.1102
78.1117
78.1136
78.1117
78.112
78.115
78.1159
78.117
78.1174
78.1185
78.1189
78.1202
78.1188
78.1177
78.1182
78.1186
78.1218
78.1217
78.1231
78.1249
78.1261
78.1267
