5701.92
5934.84
5993.22
5986.44
5926.88
5944.62
6022.94
5976.47
5954.31
6005.91
5990.47
6024.09
5933.62
5944.72
5998.47
6042.66
5900.38
5887.44
6003.78
5970.72
5776.97
5979.81
5942.22
5855.97
5978.29
5957.03
5959.16
5949.12
5942.22
5901.94
5943.5
5999.12
5960.84
5940.97
6020.34
5943.84
5992.62
5957.06
5939.75
5950.94
5942.31
5945.94
5939.81
5941.03
5950.91
6026.59
5945.94
5981.5
5903.19
5890.19
5882.47
5958.62
5925.97
6047.19
5928.66
5937.45
5932.41
5950.91
5932.38
5943.47
5946.42
5936.09
5859.94
5947.91
6018.52
5938.56
5949.59
5993.88
5937.68
5947.12
5904.44
5934.81
5955.84
5830.84
5924.91
5943.5
5948.44
5941
5984.81
5901.66
5947.19
5998.78
5945.97
5944.69
5897.03
5944.75
5939.75
5948.44
5947.12
5990.19
5962.03
5954.56
5943.5
5914.62
5935.31
5936.03
5939.78
5925.5
5978.72
5947.19
5942.56
5848.09
5943.44
6046.66
5986.66
5905.97
6060.59
5921.97
5985.5
5928.03
5829.34
5984
5951.12
5944.66
5942.58
