117.827103
117.334106
117.286530
117.323875
117.296829
117.304611
117.320961
117.308899
117.343002
117.316322
117.303650
117.306595
117.307358
117.342590
117.337692
117.341629
117.382874
117.365753
117.324860
117.311035
117.325920
117.290367
117.309792
117.317627
117.326050
117.344772
117.354050
117.338562
117.342209
117.320740
Control Period
117.315781
117.295197
117.300034
117.297028
117.291580
117.283417
117.283707
117.280319
Control Period
117.297882
117.307877
117.309021
117.295906
117.302109
117.314178
117.295006
117.306274
Control Period
117.311905
117.316772
117.308830
117.309982
117.280479
117.289024
117.340637
117.286880
Control Period
117.291397
117.277954
117.280579
117.287323
117.268829
117.276001
117.300606
117.286362
117.266556
Control Period
117.312027
117.270561
117.264740
117.291046
117.264992
117.317093
117.290085
117.298630
117.295296
Control Period
117.272446
117.277374
117.291367
117.301468
117.307457
117.318047
117.296288
117.295647
Control Period
117.242630
117.297150
117.288315
117.280960
117.271393
117.280380
117.297279
117.286682
Control Period
117.297440
117.336098
117.311394
117.321243
117.301567
117.337662
117.317337
117.320740
Control Period
117.327873
117.340378
117.317886
117.331100
117.303268
117.308929
117.297089
117.320541
Control Period
117.357887
117.318909
117.327393
117.355392
117.339233
117.321533
117.343842
117.351425
Control Period
117.355103
117.319008
117.317726
117.343582
117.313278
117.302460
117.318588
117.330307
Control Period
117.351776
117.364288
117.351227
117.356293
117.315643
117.335907
117.331841
117.332573
117.321312
Control Period
117.343292
117.297249
117.283005
117.298492
117.324577
117.314117
117.332191
117.321342
Control Period
117.309441
117.292702
117.290977
117.268448
117.276703
117.293594
117.286591
117.307098
117.298782
Control Period
117.296997
117.281952
117.306686
117.287201
117.300613
117.285919
117.306717
117.316414
Control Period
117.282333
117.262337
117.275841
117.288452
117.291679
117.273247
117.320190
117.309860
Control Period
117.409248
117.268707
117.291748
117.288773
117.293503
117.297119
117.286179
117.292610
117.291939
Control Period
117.290398
117.275269
117.324188
117.278656
117.296928
117.298241
117.311417
117.319901
Control Period
117.310883
117.290688
117.336128
117.333473
117.310463
117.325920
117.338211
117.329567
Control Period
117.328156
117.310364
117.312546
117.332832
117.318016
117.293602
117.303711
117.328224
117.346176
117.335205
Control Period
117.333374
117.323746
117.312866
117.327621
117.313278
117.316544
117.356445
117.311966
Control Period
117.339996
117.338593
117.312256
117.306885
117.328064
117.320862
117.344162
117.332222
Control Period
117.337570
117.305252
117.328995
117.331551
117.314209
117.330750
117.361725
117.349594
117.288063
Control Period
117.318176
117.329536
117.340767
117.333244
117.333313
117.340416
117.318207
117.276512
Control Period
117.273468
117.295135
117.299553
117.289276
117.301056
117.303238
117.314880
117.326401
117.333374
Control Period
117.313278
117.346497
117.316605
117.317314
117.310112
117.327904
117.364197
117.306496
Control Period
117.287842
117.251266
117.315323
117.279037
117.325500
117.303802
117.314468
117.315430
117.289764
Control Period
117.292801
117.301208
117.317406
117.329056
117.288452
117.298340
117.285660
117.269600
Control Period
117.315742
117.286751
117.279449
117.272995
117.317413
117.301315
117.285698
117.307709
117.281982
Control Period
117.258942
117.293121
117.298172
117.311935
117.311714
117.303169
117.290749
117.282333
Control Period
117.300194
117.301285
117.298370
117.281723
117.330818
117.303329
117.284958
117.290909
Control Period
117.298340
117.297852
117.313759
117.326752
117.269028
117.315422
117.332443
117.285797
Control Period
117.273956
117.294403
117.300644
117.301147
117.280800
117.311584
117.321594
117.305313
117.315742
Control Period
117.310684
117.324287
117.322273
117.325027
117.303391
117.315201
117.296799
117.301376
Control Period
117.300446
117.302628
117.323364
117.282425
117.276474
117.294464
117.309830
117.326019
Control Period
117.299202
117.311325
117.329697
117.314079
117.274277
117.346588
117.318939
117.347717
Control Period
117.318436
117.344894
117.292381
117.285439
117.314178
117.309662
117.309250
117.320030
Control Period
117.288445
117.292892
117.290337
117.280991
117.280930
117.298340
117.311966
117.282532
117.331871
Control Period
117.332764
117.320320
117.306427
117.283997
117.281158
117.272186
117.259071
117.262238
Control Period
117.278755
117.270782
117.272125
117.286819
117.294624
117.274849
117.294754
117.301376
117.310333
Control Period
117.325378
117.306435
117.321182
117.312897
117.387230
117.305504
117.295074
117.297379
Control Period
117.305405
117.318756
117.295044
117.294022
117.299484
117.323265
117.334686
117.303650
117.303520
Control Period
117.333115
117.327614
117.337723
117.290939
117.301277
117.319649
117.298309
117.320450
Control Period
117.332062
117.347328
117.336517
117.335587
117.338364
117.347870
117.344162
117.324829
117.321411
Control Period
117.293182
117.323715
117.300606
117.323364
117.322754
117.282745
117.316925
Control Period
117.312767
117.306625
117.303299
117.321381
117.299072
117.306396
117.286819
117.302818
117.344513
Control Period
117.301025
117.326843
117.340736
117.325241
117.313538
117.325989
117.331650
117.353180
Control Period
117.381287
117.326912
117.349701
117.329529
117.301407
117.311584
117.305145
117.295715
117.290497
Control Period
117.300674
117.324097
117.318687
117.305405
117.329147
117.331451
117.339554
117.348991
117.321281
Control Period
117.326912
117.341408
117.347679
117.362106
117.335037
117.337471
117.284378
117.331909
Control Period
117.321983
117.320862
117.316193
117.334503
117.355042
117.320801
117.317825
117.338913
117.337181
Control Period
117.310913
117.346558
117.307617
117.330017
117.310150
117.301727
117.325249
117.333023
Control Period
117.321854
117.322174
117.300323
117.281250
117.281219
117.331100
117.297920
117.287994
Control Period
117.295654
117.275871
117.313408
117.303802
117.344452
117.324219
117.309021
117.351929
117.329826
Control Period
117.327972
117.316833
117.313187
117.305252
117.278015
117.277473
117.296188
117.302429
Control Period
117.301025
117.290649
117.300926
117.310593
117.260223
117.303650
117.294334
117.289276
117.315674
Control Period
117.298950
117.303871
117.296707
117.289986
117.307297
117.312836
117.311745
117.338142
Control Period
117.319107
117.286880
117.319229
117.315613
117.294273
117.305252
117.329567
117.314331
117.328255
Control Period
117.304962
117.335777
117.325699
117.323868
117.332703
117.322624
117.303009
117.306335
Control Period
117.311676
117.313568
117.325409
117.308128
117.272293
117.328896
117.290367
117.284576
Control Period
117.308640
117.277344
117.298782
117.318306
117.307709
117.306747
117.283325
117.306625
117.275101
Control Period
117.311234
117.283493
117.305344
117.275101
117.312637
117.313919
117.311035
117.297089
117.287392
Control Period
117.284927
117.317184
117.315041
117.307709
117.277725
117.269150
117.315842
117.305344
Control Period
117.329178
117.308258
117.321213
117.340027
117.349411
117.304382
117.355392
117.337921
Control Period
117.341797
117.307198
117.315651
117.321091
117.333694
117.316071
117.357925
117.345093
117.329285
Control Period
117.337471
117.335297
117.314148
117.325409
117.311714
117.306915
117.322174
117.339676
Control Period
117.332191
117.333221
117.314499
117.321281
117.313156
117.302429
117.324356
117.306496
Control Period
117.306816
117.295586
117.330978
117.323074
117.320992
117.323555
117.323906
117.315521
Control Period
117.322815
117.320992
117.325058
117.311356
117.310974
117.304703
117.315742
117.323456
117.313728
Control Period
117.290436
117.298721
117.315781
117.334755
117.314972
117.335419
117.325279
117.339043
Control Period
117.314499
117.355423
117.335487
117.313690
117.328003
117.329758
117.336159
117.326630
117.317345
Control Period
117.355904
117.325890
117.312546
117.339005
117.313339
117.342049
117.338531
117.365601
Control Period
117.328384
117.320511
117.318016
117.327362
117.316956
117.330948
117.313797
117.309151
117.301819
Control Period
117.306015
117.374367
117.335556
117.322594
117.335205
117.313438
117.291901
117.274918
Control Period
117.314209
117.320831
117.281342
117.296066
117.318497
117.319710
117.311584
117.338882
117.322273
Control Period
117.344643
117.308578
117.310432
117.326599
117.320740
117.299873
117.297470
117.275551
Control Period
117.307205
117.322372
117.300194
117.297630
117.303940
117.298782
117.331909
117.296036
117.302689
Control Period
117.324768
117.297569
117.351486
117.313766
117.343010
117.333282
117.343552
117.295937
Control Period
117.323395
117.313118
117.314880
117.292641
117.299133
117.284317
117.302048
117.296288
117.316635
Control Period
117.306435
117.305183
117.321342
117.349564
117.324989
117.336121
117.313789
117.325668
Control Period
117.277153
117.254364
117.285950
117.289093
117.279907
117.268188
117.278625
117.316513
Control Period
117.312958
117.328796
117.303452
117.283783
117.313187
117.290207
117.308128
117.276581
Control Period
117.256958
117.253311
117.267105
117.258362
117.261627
117.259109
117.294022
117.258430
117.275711
Control Period
117.248932
117.242844
117.255997
117.274979
117.283844
117.272354
117.290146
117.294846
117.360382
Control Period
117.290367
117.304291
117.300293
117.287552
117.277786
117.270882
117.301956
117.273727
Control Period
117.279137
117.284866
117.292740
117.296898
117.314117
117.303871
117.295776
117.294846
117.284126
Control Period
117.331650
117.283997
117.292000
117.302849
117.316994
117.312668
117.333023
117.341568
Control Period
117.342682
117.293793
117.309601
117.328926
117.317413
117.297920
117.288704
117.300674
117.312195
Control Period
117.328964
117.307007
117.325439
117.334717
117.306625
117.309372
117.344353
Control Period
117.347519
117.332863
117.345215
117.342117
117.304092
117.325058
117.331589
117.323967
117.303329
Control Period
117.343170
117.329247
117.349251
117.332993
117.318176
117.277855
117.294373
117.323456
Control Period
117.333954
117.344223
117.333893
117.348389
117.337982
117.326279
117.318497
117.348221
117.321182
Control Period
117.330627
117.333466
117.337440
117.337181
117.343781
117.344353
117.312897
117.328156
Control Period
117.320221
117.326622
117.345886
117.327545
117.338623
117.323936
117.350845
117.344063
117.309731
Control Period
117.320770
117.311325
117.292252
117.297089
117.298302
117.288315
117.298431
117.305664
117.315643
Control Period
117.329025
117.320320
117.352356
117.311676
117.331039
117.290077
117.282303
117.298340
Control Period
117.324036
117.330750
117.330429
117.338112
117.361343
117.348419
117.371750
117.338593
117.319328
Control Period
117.351196
117.307137
117.262848
117.323837
117.320000
117.353058
117.322273
117.344223
Control Period
117.312195
117.308960
117.340515
117.299965
117.330910
117.339645
117.345345
117.344574
117.350624
Control Period
117.347076
117.326553
117.327873
117.343262
117.317123
117.345985
117.320160
117.342079
Control Period
117.342468
117.326752
117.321312
117.345856
117.351295
117.332443
117.326523
117.348351
117.344894
Control Period
117.363419
117.328766
117.343994
117.336861
117.314049
117.336479
117.331680
117.325600
Control Period
117.317764
117.314148
117.295265
117.337471
117.337830
117.370850
117.349274
117.348030
Control Period
117.339363
117.305435
117.298561
117.327072
117.321152
117.315781
117.353859
117.323936
Control Period
117.344452
117.328896
117.339645
117.303741
117.300125
117.298080
117.314041
117.319389
Control Period
117.314209
117.331100
117.342819
117.315712
117.329346
117.332901
117.308350
117.326210
Control Period
117.330368
117.340347
117.331451
117.312035
117.313217
117.314331
117.351105
117.350113
Control Period
117.331200
117.356094
117.326691
117.348831
117.498428
117.344353
117.320930
117.335327
117.304062
Control Period
117.318367
117.304611
117.300964
117.313950
117.319778
117.351654
117.299583
117.339172
117.379547
Control Period
117.308640
117.321663
117.305824
117.318497
117.343201
117.336258
117.341759
117.330307
117.331558
Control Period
117.341568
117.330460
117.317825
117.320679
117.322914
117.322655
117.344803
Control Period
117.345856
117.322174
117.343903
117.327393
117.338791
117.370560
117.370087
117.366432
117.332932
Control Period
117.378693
117.346588
117.349472
117.341370
117.337219
117.340866
117.296890
117.316513
Control Period
117.334213
117.345345
117.334778
117.310753
117.349922
117.342468
117.360252
117.356094
117.332092
Control Period
117.336548
117.324036
117.331520
117.352570
117.312698
117.329346
117.328125
117.319328
117.331970
117.316956
117.297630
117.307518
117.276863
117.291428
117.307205
117.312607
117.302658
117.307236
117.300865
117.336227
117.306747
117.309509
117.288605
117.299683
117.287582
117.308029
117.289124
117.289703
