60.194786
59.885376
59.883904
59.889633
59.872482
59.899811
59.871361
59.886368
59.892353
59.895683
59.855263
59.904991
59.897312
59.900223
59.891712
59.892189
59.883423
59.907745
59.878143
59.882881
59.892193
59.867264
59.919136
59.897888
59.912094
59.889885
59.915905
59.906849
Control Period
59.918976
59.853951
59.881599
59.874947
59.866207
59.889122
59.871616
59.861408
59.876030
Control Period
59.868446
59.860928
59.854530
59.859810
59.888641
59.918495
59.886913
59.871201
Control Period
59.890945
59.887424
59.908607
59.867294
59.884995
59.884834
59.914879
59.864159
Control Period
59.874046
59.879745
59.866783
59.880577
59.874786
59.873215
59.881664
Control Period
59.854462
59.859615
59.857246
59.858627
59.877502
59.887936
59.880928
59.853664
Control Period
59.890305
59.887390
59.868641
59.878304
59.877052
59.887619
59.880287
59.877411
59.887295
Control Period
59.827263
59.884956
59.879265
59.851105
59.864449
59.841026
59.877342
59.880035
Control Period
59.874557
59.879551
59.889088
59.877312
59.897827
59.883648
59.891235
59.877216
Control Period
59.919071
59.906975
59.897667
59.864449
59.896576
59.896896
59.901760
59.890846
59.877983
Control Period
59.880257
59.900803
59.902145
59.913536
59.899330
59.928925
59.895203
59.897823
59.906143
Control Period
59.895168
59.870499
59.887009
59.927490
59.904224
59.894142
59.870625
59.893311
59.895168
Control Period
59.928894
59.876385
59.919426
59.902592
59.920158
59.897598
59.871651
59.881470
Control Period
59.885406
59.898209
59.874592
59.867264
59.849792
59.883423
59.876801
59.894753
59.887230
Control Period
59.909439
59.879486
59.892223
59.860641
59.898338
59.874527
59.913597
Control Period
59.874718
59.898720
59.865501
59.878719
59.861153
59.862335
59.882175
59.884384
59.889694
Control Period
59.865471
59.843422
59.858978
59.864128
59.849983
59.873119
59.882847
59.918434
Control Period
59.891071
59.917213
59.852287
59.904579
59.854240
59.907265
59.877792
59.895775
59.882431
Control Period
59.876350
59.864769
59.891232
59.866657
59.856094
59.872643
59.897667
59.876030
59.866882
59.873695
Control Period
59.889568
59.890400
59.894463
59.891586
59.867134
59.909439
59.891487
59.875904
Control Period
59.876991
59.887680
59.874466
59.859489
59.910049
59.893150
59.894592
59.895103
Control Period
59.887390
59.928223
59.904831
59.890335
59.892509
59.853600
59.901726
59.897438
59.914944
59.901344
Control Period
59.885952
59.918465
59.904705
59.911167
59.884769
59.870689
59.906208
59.895042
59.886623
Control Period
59.855583
59.885376
59.912064
59.885475
59.893856
59.885727
59.894882
59.898560
Control Period
59.899712
59.896481
59.923042
59.901600
59.875107
59.889343
59.874336
59.873695
Control Period
59.855648
59.896286
59.884960
59.874752
59.872833
59.869438
59.886497
59.915421
59.898945
Control Period
59.882431
59.903168
59.877567
59.904160
59.892609
59.892097
59.878975
59.897503
Control Period
59.868607
59.864319
59.860001
59.875359
59.885216
59.861374
59.880638
59.867393
Control Period
59.878525
59.873600
59.874752
59.891518
59.908897
59.847969
59.858208
59.859138
59.895073
59.895966
Control Period
59.880096
59.867744
59.846718
59.857475
59.866653
59.865215
59.872482
59.887871
Control Period
59.854336
59.854496
59.863358
59.880001
59.878914
59.871521
59.888767
59.850014
Control Period
59.873089
59.876640
59.870815
59.872608
59.867489
59.848160
59.878143
59.871937
59.894753
59.868511
Control Period
59.893341
59.881310
59.883423
59.871391
59.880928
59.839874
59.892960
59.868320
Control Period
59.881119
59.877728
59.872643
59.866211
59.884605
59.883648
59.864449
59.897949
59.879456
Control Period
59.867744
59.895073
59.892319
59.870464
59.867645
59.882782
59.859329
59.867554
Control Period
59.836800
59.874687
59.891037
59.879135
59.848740
59.858078
59.863201
59.894814
59.872288
Control Period
59.860611
59.903393
59.875107
59.900513
59.911201
59.865601
59.889183
59.906815
59.892670
Control Period
59.863998
59.884514
59.858658
59.892353
59.894753
59.893696
59.869438
59.885117
Control Period
59.875679
59.883968
59.884003
59.863007
59.882240
59.865025
59.883167
59.881378
59.912735
Control Period
59.923935
59.903839
59.876225
59.871872
59.854622
59.869278
59.866528
59.859840
Control Period
59.854561
59.840321
59.869568
59.883648
59.859871
59.876255
59.867393
59.889664
59.902336
Control Period
59.874977
59.873375
59.904640
59.904030
59.866783
59.883297
59.885246
59.889763
Control Period
59.879875
59.863041
59.871136
59.880672
59.885345
59.911331
59.890720
59.866879
Control Period
59.900864
59.875904
59.870560
59.870399
59.883392
59.902946
59.873409
59.878944
59.904610
Control Period
59.903423
59.926529
59.902496
59.920128
59.909470
59.926624
59.909023
59.906048
Control Period
59.884449
59.887650
59.878464
59.872353
59.879326
59.892097
59.880478
59.911293
59.876610
Control Period
59.870529
59.894272
59.892387
59.853920
59.853310
59.903103
59.872574
59.904739
Control Period
59.860767
59.911648
59.927010
59.898529
59.886818
59.905441
59.910912
59.892799
Control Period
59.912800
59.930687
59.912064
59.937984
59.865536
59.865341
59.875710
59.886528
59.867554
Control Period
59.875263
59.890305
59.885056
59.889153
59.868637
59.902401
59.880127
59.926529
Control Period
59.893185
59.921150
59.889023
59.926048
59.877087
59.868637
59.885727
59.901440
59.915039
Control Period
59.901123
59.885246
59.900162
59.884384
59.917568
59.899071
59.874115
59.889153
Control Period
59.889725
59.880508
59.879326
59.884094
59.898239
59.886017
59.904160
Control Period
59.904320
59.882912
59.894623
59.866112
59.882591
59.894592
59.887680
59.872063
59.879166
Control Period
59.867905
59.884415
59.876350
59.868671
59.878174
59.900993
59.879486
59.867203
Control Period
59.917664
59.881470
59.912384
59.888893
59.886337
59.866692
59.880352
59.877026
59.890465
Control Period
59.860096
59.895485
59.898849
59.854652
59.868866
59.904099
59.883072
59.894173
Control Period
59.868927
59.878849
59.867393
59.874496
59.877342
59.893089
59.907806
59.896511
59.917183
Control Period
59.883423
59.900253
59.873215
59.915970
59.898495
59.892544
59.858398
59.905376
Control Period
59.875648
59.891712
59.870049
59.861313
59.897823
59.891998
59.876541
59.878433
Control Period
59.878368
59.881695
59.888416
59.868000
59.889442
59.891712
59.918594
59.892349
59.873440
Control Period
59.857346
59.896736
59.882111
59.884800
59.884575
59.892834
59.883488
59.866432
Control Period
59.851070
59.859039
59.880066
59.900417
59.886017
59.878403
59.896736
59.889633
59.861374
Control Period
59.896160
59.917603
59.880898
59.909698
59.881248
59.919998
59.864609
59.868641
Control Period
59.868832
59.920864
59.915298
59.884766
59.885216
59.924286
59.910851
59.908257
59.893631
Control Period
59.912319
59.890816
59.887936
59.889442
59.885281
59.912834
59.904961
59.899391
Control Period
59.900002
59.910305
59.892479
59.900543
59.894432
59.880157
59.908417
59.930305
59.865791
Control Period
59.923393
59.925346
59.902657
59.898430
59.888767
59.898849
59.896160
59.867714
59.889633
Control Period
59.890594
59.879391
59.867104
59.894943
59.867744
59.874783
59.921440
59.872803
Control Period
59.882561
59.896225
59.917023
59.900734
59.915680
59.883934
59.917534
59.893150
59.858559
Control Period
59.854050
59.883553
59.895008
59.885918
59.887585
59.872322
59.898750
59.899010
59.883232
Control Period
59.884800
59.894688
59.901985
59.895485
59.869598
59.904736
59.896675
59.919231
Control Period
59.896832
59.900288
59.877502
59.919617
59.881470
59.921440
59.882690
59.894722
59.902466
Control Period
59.887295
59.878845
59.890274
59.884895
59.896832
59.917953
59.882210
59.880863
59.894943
Control Period
59.920673
59.883263
59.912994
59.868736
59.917213
59.905731
59.894878
59.863518
Control Period
59.894493
59.894882
59.881184
59.872322
59.859264
59.871681
59.889919
59.873024
Control Period
59.884094
59.875839
59.877728
59.889568
59.885857
59.857246
59.881664
59.854656
59.850368
Control Period
59.854370
59.896896
59.854176
59.902786
59.879326
59.910305
59.862591
59.868095
Control Period
59.895615
59.868225
59.880672
59.872929
59.881569
59.899490
59.870750
59.866051
Control Period
59.891869
59.880257
59.903358
59.894623
59.883522
59.854782
59.881344
59.890240
59.898655
Control Period
59.865055
59.882401
59.864098
59.929089
59.882462
59.892864
59.885120
59.864479
59.866463
Control Period
59.890881
59.863838
59.867359
59.861603
59.867168
59.857216
59.861183
59.892544
59.884384
Control Period
59.880157
59.851517
59.891136
59.869026
59.868160
59.893856
59.869438
59.853310
Control Period
59.871841
59.870785
59.870049
59.838654
59.868896
59.836544
59.863998
59.856705
59.843647
Control Period
59.849953
59.838593
59.865150
59.876030
59.878273
59.863552
59.860256
Control Period
59.861313
59.866013
59.860641
59.862274
59.859585
59.856480
59.901474
59.855263
59.863457
Control Period
59.882210
59.884960
59.852928
59.902752
59.891682
59.879074
59.873375
59.864418
Control Period
59.869568
59.867805
59.877663
59.849953
59.858784
59.882656
59.870941
59.883423
59.908607
Control Period
59.861534
59.867554
59.877762
59.886497
59.876480
59.872963
59.868000
59.854847
Control Period
59.891998
59.886398
59.900192
59.889603
59.886589
59.901344
59.892769
59.885120
59.899967
Control Period
59.916992
59.879906
59.903267
59.895329
59.900223
59.899933
59.884224
59.883232
59.893696
Control Period
59.927551
59.902657
59.899101
59.873760
59.892769
59.859520
59.898338
59.894016
Control Period
59.894653
59.894016
59.892097
59.914909
59.909309
59.877823
59.895134
59.900703
59.903839
Control Period
59.875904
59.870110
59.909599
59.878113
59.889729
59.895008
59.898720
59.909889
59.899139
Control Period
59.846397
59.895489
59.900452
59.890881
59.896255
59.882721
59.881439
Control Period
59.906113
59.903107
59.871647
59.876736
59.867874
59.876289
59.871902
59.868065
Control Period
59.889854
59.877090
59.885277
59.885986
59.897827
59.875488
59.887230
59.887039
Control Period
59.886818
59.889694
59.899361
59.880386
59.884575
59.895073
59.906624
Control Period
59.899231
59.888130
59.875267
59.857792
59.896317
59.907326
59.901985
59.924896
Control Period
59.884575
59.873283
59.882050
59.873566
59.900322
59.913857
59.886307
59.913792
59.887936
Control Period
59.874817
59.865822
59.901665
59.901665
59.870880
59.885216
59.923649
59.930401
59.948189
Control Period
59.901665
59.876064
59.888062
59.917473
59.899742
59.912735
59.901440
59.906143
59.895073
Control Period
59.899742
59.925983
59.880768
59.886879
59.891197
59.865696
59.914497
59.892193
59.871613
Control Period
59.890495
59.881859
59.852066
59.872929
59.890015
59.923935
59.889759
59.885632
59.893120
Control Period
59.882462
59.857826
59.877762
59.859711
59.883522
59.890400
59.889122
59.866402
59.918880
Control Period
59.912449
59.902077
59.877823
59.890785
59.869698
59.859711
59.883102
59.884514
59.872192
Control Period
59.909149
59.897408
59.892128
59.901375
59.884384
59.877407
59.881535
59.901279
59.892189
Control Period
59.881699
59.877441
59.888351
59.894531
59.899551
59.871296
59.907936
59.901024
59.889694
Control Period
59.914303
59.881599
59.921410
59.889439
59.906689
59.912834
59.875458
59.885536
Control Period
59.905762
59.868095
59.883648
59.867165
59.876930
59.883011
59.866051
59.899330
Control Period
59.935646
59.889633
59.893120
59.897186
59.885155
59.907681
59.885727
59.904190
Control Period
59.874207
59.901215
59.893505
59.884384
59.877693
59.888992
59.892990
59.916611
59.896637
Control Period
59.876736
59.902206
59.895164
59.922081
59.919807
59.867233
59.929314
59.911743
59.883743
Control Period
59.915070
59.888802
59.899647
59.905857
59.886879
59.879677
59.895485
59.877312
Control Period
59.883453
59.912254
59.882179
59.908737
59.909023
59.924065
59.911362
59.880127
Control Period
59.898304
59.855293
59.946304
