0.723832
0.755091
0.717968
0.685735
0.662178
0.652712
0.649431
0.641585
0.634965
0.635546
0.641309
0.648099
0.654121
0.651352
0.670378
0.667417
0.677164
0.65914
0.663493
0.693069
0.679498
0.680731
0.677259
0.688843
0.685081
0.685974
0.695432
0.69907
0.7063
0.695524
0.694218
0.697359
0.689213
0.691052
0.703012
0.704036
0.692884
0.700882
0.695671
0.694172
0.712965
0.709886
0.702444
0.693817
0.700693
0.712766
0.695421
0.708807
0.702073
0.701864
0.693434
0.699305
0.692861
0.706688
0.696896
0.696889
0.698457
0.689012
0.702444
0.695291
0.693123
0.706478
0.713981
0.697854
0.696308
0.702994
0.71604
0.688562
0.701368
0.693012
0.698931
0.696291
0.693318
0.704643
0.691298
0.700631
0.705416
0.698425
0.695494
0.695974
0.69209
0.694085
0.703681
0.706145
0.702607
0.699147
0.701876
0.692796
0.705581
0.690878
0.704802
0.686446
0.690206
0.709015
0.71262
0.706726
0.705623
0.705084
0.698307
0.693564
0.706222
0.698687
0.701512
0.693424
0.686271
0.706027
0.704284
0.704449
0.704854
0.709079
0.702972
0.699354
0.698756
0.69552
