57.9066
59.419
59.2788
58.9836
58.7513
58.951
59.4689
59.2167
59.2032
59.287
59.9026
60.4562
60.4262
59.9014
60.8816
60.8265
61.5849
59.885
59.8927
62.2374
60.9644
61.1499
61.0382
61.6883
61.2835
61.048
61.6904
61.7115
62.5713
61.93
61.7734
61.9554
61.6135
61.6744
62.2987
62.3858
61.6193
62.1241
61.6146
61.4131
62.3474
62.2766
61.8318
61.3207
61.4489
62.5171
61.3282
62.5802
62.2908
62.3916
61.5896
62.0358
61.7159
62.3027
61.4633
61.4448
62.3407
61.5313
62.5466
62.118
61.6557
62.5059
62.7154
62.2215
61.7989
61.6751
62.8883
61.4078
61.9273
61.3686
62.1533
61.9572
61.5464
62.2199
61.2733
62.2825
62.6456
62.1057
61.99
61.93
61.7701
61.3901
61.9227
62.1614
62.2674
62.0157
62.1965
61.39
62.5284
61.6184
62.7377
61.8049
61.5993
62.2812
62.8371
62.325
62.6016
62.4689
61.9553
61.7695
62.3516
62.1913
62.5379
61.717
61.1789
62.6937
62.0456
62.0216
62.0091
62.4107
62.16
61.8949
61.8171
61.5309
