160
158.744
163.016
166.383
168.857
170.755
171.88
172.474
173.509
174.009
174.298
174.265
173.319
173.289
172.865
173.161
173.079
172.88
173.689
174.487
173.54
174.461
174.83
174.446
174.106
173.952
173.737
173.317
173.816
173.616
173.394
173.573
173.649
173.67
173.405
173.297
173.761
173.683
173.653
173.815
173.064
173.211
173.197
173.545
173.205
173.059
173.323
173.505
173.469
173.453
173.205
173.44
173.807
173.033
172.786
173.013
174.324
173.988
173.903
173.956
173.558
173.35
172.608
173.651
173.34
172.567
172.882
173.681
173.206
173.617
174.022
173.901
173.648
173.424
173.541
174.16
173.749
173.557
174.082
173.989
174.325
173.52
173.44
173.453
173.844
173.767
173.66
173.482
173.735
174.044
174.102
174.772
174.227
173.116
173.609
173.126
173.672
173.208
173.27
173.62
173.17
173.684
173.814
173.573
173.884
173.98
172.823
173.087
173.066
173.375
173.48
173.683
173.607
173.526
