59.476288
58.704514
58.521313
58.538979
58.660511
58.594269
58.566658
58.568321
58.546112
58.524799
58.540382
58.535999
58.571617
58.692253
58.560543
58.519775
58.557983
58.547134
58.558014
58.558594
58.550785
58.574081
58.674179
58.571903
58.561440
58.559296
58.581184
58.552673
58.523682
Control Period
58.734146
58.727615
58.829121
57.660255
58.811584
58.727165
58.700993
58.734657
58.702530
Control Period
58.727585
57.204674
58.833153
58.711327
58.775391
58.643326
58.786335
58.730019
Control Period
57.602207
58.699554
58.730080
58.736927
58.751617
58.721123
58.548386
56.353313
58.775009
57.388416
Control Period
58.671776
57.905056
56.723709
56.553886
58.304993
58.751808
58.751137
58.754593
Control Period
58.724895
58.055389
57.035263
56.475967
58.718018
58.739006
58.800674
58.754688
Control Period
58.790207
58.540417
56.447838
58.727039
58.829887
58.757698
58.971489
56.902592
Control Period
57.602562
58.700798
57.145664
58.750916
58.734688
56.416351
58.753181
58.728767
58.047424
Control Period
58.754242
58.795967
56.537567
58.701118
56.960320
58.734749
57.453758
58.743488
58.271584
Control Period
58.768829
58.826561
58.757469
58.705376
58.764992
58.737793
58.724895
58.799553
58.725761
Control Period
58.744865
58.713856
58.799744
58.720161
58.763680
58.715553
58.777569
58.699234
Control Period
58.753151
58.722466
58.741951
58.714592
58.726559
58.706688
58.762753
Control Period
58.911171
58.724991
58.735970
58.717377
58.774624
58.756481
58.761089
58.789921
58.750046
Control Period
58.745918
58.747360
58.733505
58.728127
61.283615
58.776222
58.702461
Control Period
58.741890
58.697056
58.711586
61.627712
58.792927
58.766945
58.699135
58.811039
Control Period
62.180893
58.719391
58.739838
61.527779
58.713150
58.770973
58.746269
62.040802
58.707939
Control Period
58.687553
60.602654
61.983391
58.752640
58.730080
58.810528
58.713661
60.045731
Control Period
61.060898
59.182205
59.076481
58.744225
58.705246
58.729824
58.753345
58.709602
58.705215
Control Period
58.747581
58.780769
58.736992
58.733536
58.748898
58.704575
58.727009
58.749634
Control Period
59.946690
58.749054
58.768288
59.123581
61.996574
61.330719
59.657410
60.752991
Control Period
61.361763
58.764896
58.744926
58.797600
58.731262
58.721664
58.730656
59.833504
Control Period
61.070560
58.771233
58.730881
60.062847
60.930847
58.837311
58.706558
60.589729
60.178658
Control Period
61.843361
58.752800
60.728256
62.432255
58.732193
58.742046
62.095615
58.727554
Control Period
58.846912
62.206627
58.712929
58.728672
62.267712
58.729984
58.713791
61.801151
58.763969
Control Period
59.765919
61.561024
58.717602
59.912354
60.979614
62.275169
58.717026
58.872768
58.722046
Control Period
62.403969
58.721603
62.288673
59.644897
60.030914
60.658241
58.717506
62.432541
Control Period
58.716995
62.149311
58.715805
62.105282
58.752960
60.424576
58.756226
Control Period
62.054626
58.730240
61.546364
59.769920
59.849342
58.759583
59.985855
60.990559
58.752449
Control Period
60.969566
58.738754
62.234978
58.743233
60.446209
58.712898
62.377090
58.749794
61.414627
Control Period
60.321571
58.743328
60.515999
58.800575
62.143681
58.710495
62.268799
58.774784
62.201469
Control Period
61.209923
58.760094
59.815651
59.405792
58.714493
60.256577
58.762207
62.200768
Control Period
58.728317
62.569183
58.737823
62.310432
58.871231
62.217117
59.310368
61.737152
61.963074
Control Period
58.768097
59.609440
59.674335
61.254337
60.701309
58.777443
62.502335
58.689857
62.430176
Control Period
58.723328
59.548065
62.356514
58.725761
60.849953
59.740543
58.697182
58.715363
Control Period
60.493824
58.707775
62.163780
59.966656
58.741730
62.285759
58.743614
59.364319
Control Period
58.748383
61.848286
59.211807
58.693535
58.721283
59.058304
60.630333
58.746368
Control Period
61.501854
58.710754
62.194656
60.162529
58.736481
62.189056
58.689117
61.269409
61.301826
Control Period
62.258625
58.901505
58.992447
62.219170
58.746239
59.284000
59.702145
58.777855
Control Period
58.703423
58.713120
61.036480
60.007648
62.145985
59.143967
61.386337
60.529602
Control Period
62.215263
59.020897
60.416256
58.809341
60.975937
62.259872
58.860252
Control Period
58.714176
59.201088
62.436096
59.360767
58.806656
60.474976
58.734592
61.273151
Control Period
61.660637
60.688511
58.929985
60.700256
58.937790
59.688446
61.322433
58.734497
Control Period
63.165215
58.806591
61.697281
58.690624
62.337662
58.706558
59.248447
58.751038
58.745506
Control Period
61.968033
59.638496
61.177505
62.356483
58.767647
62.387299
58.751266
Control Period
60.268990
62.109886
58.753410
60.129761
58.765213
62.176926
60.303841
61.114815
Control Period
61.529343
58.756832
60.737793
58.761215
59.838177
58.717312
58.794655
60.131233
58.712288
Control Period
61.910049
61.312992
60.511806
61.752865
58.938690
62.233089
58.732544
59.059837
Control Period
58.911873
62.568031
58.768478
61.088032
58.738243
60.267776
59.737728
58.731583
Control Period
61.191071
58.753632
60.082397
59.012352
58.825058
60.486946
58.769409
62.004799
Control Period
58.742813
59.017921
60.944031
58.708927
62.875587
58.745342
60.379745
58.737473
Control Period
58.732224
59.925667
58.769409
59.199966
59.283905
61.922302
60.010109
61.068127
58.697186
Control Period
58.824448
59.866081
58.726494
62.258335
59.213665
61.530945
61.149311
58.748734
Control Period
62.254272
59.762913
58.750626
61.917252
58.742432
62.156670
58.962112
Control Period
61.283745
61.329376
58.796993
62.323746
59.253056
58.762623
61.500160
58.747009
62.328255
Control Period
61.728577
61.367073
58.760353
62.499519
58.741890
62.319138
61.316639
58.726723
Control Period
62.969215
62.235615
58.711807
62.434082
58.811935
60.646500
59.096066
58.721695
62.123138
58.788609
Control Period
62.419327
58.711391
61.005600
58.770847
59.468288
59.296352
58.752098
61.579136
Control Period
58.766754
60.570881
62.128899
58.950401
62.096897
58.767071
60.405056
62.010689
59.126434
Control Period
58.713215
59.567871
59.244576
58.713024
61.245506
58.835808
60.616737
60.810368
Control Period
62.091774
58.750145
58.737694
62.104637
61.040577
58.816963
62.258110
58.745152
Control Period
60.773952
58.707230
62.155457
59.755234
58.723389
61.825249
62.025826
60.144001
Control Period
58.990883
58.727165
58.754623
62.280800
59.368195
58.794849
62.399902
Control Period
61.875389
58.741695
60.109535
58.858177
58.734177
58.746304
59.627457
62.789185
58.764030
59.572159
Control Period
60.779808
61.601341
58.842529
61.072830
59.403263
60.913696
58.843807
Control Period
62.315296
58.748928
58.849693
62.323074
58.849697
59.493568
61.868515
Control Period
62.662529
59.839874
58.730850
61.313408
61.413025
58.740669
62.295006
58.731873
Control Period
58.774239
59.830078
58.779297
58.722656
60.443359
60.169472
62.103230
58.733505
62.346783
58.751106
Control Period
61.518913
61.073730
58.736771
62.423969
58.852322
58.735619
62.259491
58.728672
Control Period
62.412704
58.740387
58.778561
60.152191
58.771133
61.452034
58.743073
62.469086
58.768448
Control Period
61.963009
59.881439
60.523743
62.058399
58.765503
62.102783
58.747360
59.418465
Control Period
60.620255
61.732132
58.786335
62.346336
59.488380
60.677917
61.841793
58.727009
Control Period
64.050880
58.775490
59.839043
59.211647
58.759937
62.525406
58.756706
62.763359
59.568031
Control Period
59.990398
62.347198
58.695358
59.247040
62.254463
58.725502
62.426208
Control Period
61.086273
58.756546
61.857536
60.719391
60.303070
61.830814
58.696579
59.048897
59.833954
Control Period
64.613892
58.762657
60.345375
61.929794
58.803745
62.168190
58.858559
58.722466
60.267235
Control Period
60.214783
61.810303
58.720863
62.262207
59.734467
58.749054
62.161186
58.732353
Control Period
60.005058
58.717278
62.371040
59.310528
58.725731
60.459839
58.751007
60.977631
Control Period
58.741440
58.838051
59.578720
62.385441
59.204544
58.717087
62.418816
58.737503
Control Period
61.888065
58.737312
62.195232
58.775330
58.730019
62.405602
58.732800
59.159325
58.724258
Control Period
61.992928
58.733280
60.165123
61.909409
58.706947
62.726368
58.996994
58.770401
62.179169
Control Period
62.290207
62.235840
58.706047
59.956894
62.182915
58.729218
58.774624
Control Period
60.342464
61.643135
59.361763
62.457184
58.733921
62.525215
59.185535
58.723137
62.208321
Control Period
59.837025
58.719711
59.256958
62.643967
58.744511
58.848095
62.404640
60.012672
Control Period
58.761696
62.341187
58.748413
59.148865
62.206913
58.806236
60.709888
61.690109
58.757950
Control Period
58.732639
60.353119
62.015583
58.743584
60.370499
61.505249
58.738049
59.596893
Control Period
62.318718
58.849281
59.706398
62.428513
58.752991
59.773247
62.175297
58.749409
60.474594
Control Period
61.300545
60.406303
58.986912
61.423485
61.252991
58.808224
60.457535
61.993469
58.769379
Control Period
62.185791
59.708130
58.780640
61.780865
61.144287
58.795395
61.590046
60.914368
Control Period
60.090622
58.738655
60.847424
61.520767
58.735073
59.482239
58.959232
58.767361
62.476158
Control Period
61.877151
58.756607
59.231808
62.306877
58.728321
62.325790
59.381504
58.751358
Control Period
59.336510
59.623970
58.732254
59.435104
58.847328
60.327168
58.738560
62.049026
58.744865
60.790367
Control Period
61.119423
60.193665
58.754013
58.769344
62.321182
60.330910
60.603905
59.946465
Control Period
64.537567
58.715168
62.735199
62.186943
58.751839
59.052258
62.335106
Control Period
58.884193
58.810593
62.163200
60.745117
58.899872
58.793728
62.396866
58.751457
61.410145
Control Period
60.650238
58.842304
61.418880
60.449821
58.738304
61.049759
60.681694
62.102882
Control Period
61.082016
58.784992
61.107105
61.368797
58.771423
61.510113
58.820290
60.327007
58.768158
Control Period
59.361313
60.366241
61.792381
58.755745
58.739037
60.217186
61.880768
Control Period
58.746178
58.757217
61.104637
61.634209
58.762306
60.759937
60.580353
58.758881
61.510498
Control Period
62.584190
58.859230
58.731934
62.326210
58.774078
61.754143
60.658142
58.714211
61.572739
Control Period
60.562336
58.915581
58.734688
62.468193
59.758591
58.729919
61.779648
Control Period
62.077698
62.629921
58.766525
59.341858
59.310593
58.752544
62.388451
59.237503
58.744225
Control Period
59.093761
58.790848
61.902977
60.508736
58.731297
58.747581
60.535488
61.739101
Control Period
58.701569
59.865662
58.810719
59.843971
58.739647
61.390144
61.529026
58.712318
59.922752
Control Period
61.118687
61.680737
58.734177
61.127136
58.712513
60.835167
61.054558
58.756577
Control Period
61.279518
62.279808
60.544609
60.387169
62.237122
59.608093
58.800224
62.245567
Control Period
62.300735
58.725693
58.740673
58.744125
60.840225
62.291008
58.716896
Control Period
58.873184
62.399101
58.805344
58.741631
62.096802
60.614304
58.766144
61.805664
Control Period
62.138748
60.550240
58.725662
58.749405
62.250435
58.705376
61.126434
59.509277
Control Period
59.516930
62.413155
59.278336
58.725216
62.445633
58.955296
60.288929
58.720577
Control Period
58.731201
62.304287
60.535137
58.965919
62.130302
58.696960
60.284355
58.916893
58.737534
Control Period
58.751839
60.633858
61.935715
58.754784
60.344097
58.786079
58.734943
62.392227
Control Period
60.274784
62.187775
58.754528
59.830048
59.039455
58.746239
62.561634
60.900799
Control Period
60.923744
58.770653
62.041603
60.126434
60.699551
61.722626
58.777855
60.355293
59.409760
Control Period
64.994751
58.737984
60.736416
60.611008
59.771553
62.185089
58.741760
58.863392
Control Period
58.614494
64.763550
64.747070
64.752098
64.735260
64.768539
64.735519
64.745987
64.693314
64.718208
64.693283
64.691330
64.723808
64.758301
64.707649
64.733185
64.759521
64.721024
64.733093
64.757027
64.760605
64.732483
64.753250
64.683487
64.661697
64.635262
64.638817
64.705475
64.716095
