56.6607
56.4213
55.9346
56.586
56.4663
56.5429
56.4633
56.709
56.5219
56.6414
55.9689
56.5017
56.8677
56.3544
56.436
57.1258
56.5517
56.1212
56.5556
56.5889
56.3349
56.4743
56.3771
56.3799
56.9931
56.5296
56.8584
56.3357
56.5849
56.6609
56.9404
57.0923
57.4477
56.7861
56.4311
56.0393
57.1888
57.3894
56.2822
56.6683
56.478
56.4663
56.1482
56.2258
56.5343
55.9543
55.9458
56.6715
56.2193
56.9001
57.1521
57.132
56.9426
56.6182
56.7377
56.6343
56.5783
56.8889
56.5252
56.8134
56.4323
56.3774
56.9783
55.9511
56.8765
56.0704
56.5813
56.6321
57.016
56.8429
56.915
56.8428
57.4756
56.8101
57.0702
56.4019
57.0897
56.8041
57.3183
56.2174
56.7485
56.7514
57.0882
55.8163
57.343
57.7373
56.6033
56.3812
56.427
57.2201
57.0265
56.9041
56.7927
56.9424
56.8272
57.2478
56.8852
56.4616
56.5497
57.3312
56.7602
57.1333
56.3123
56.8885
56.3046
56.4553
56.3775
56.7198
56.7123
57.135
56.6472
57.0679
56.9711
56.5266
