918
918
918
982.658
994.177
990.108
985.776
982.699
980.224
970.976
971.504
975.107
978.219
977.198
978.582
987.855
985.85
987.965
990.772
987.253
987.981
980.556
972.335
977.839
981.759
973.273
975.323
970.931
977.091
980.818
976.853
973.584
971.097
971.274
973.239
975.161
971.838
973.641
973.661
974.821
975.041
976.436
974.388
981.809
983.964
984.451
979.743
978.034
970.879
967.884
973.921
984.188
979.173
971.555
974.481
978.13
982.054
982.054
984.524
982.327
976.167
981.482
976.823
976.628
975.565
982.346
978.191
976.55
983.498
981.673
979.78
977.47
977.182
979.17
979.607
982.229
984.648
981.349
980.318
984.054
978.606
973.481
975.029
979.526
981.159
983.649
982.63
986.29
987.878
981.175
979.233
975.471
977.408
977.343
972.122
973.768
976.24
979.661
976.666
976.579
977.209
981.238
979.846
978.914
971.502
979.927
977.363
975.223
974.458
971.593
973.235
976.188
979.012
975.739
976.534
979.884
977.991
971.685
