3887
5932
5971.5
6421
7155
6988.5
6831
6969
7220
6890
7062
6884.5
7002.5
6969
7194.5
7008.5
6963
7135
7008.5
7002.5
6949
7081.5
7219.5
6924
6910
7003
7101.5
7175
7081.5
6969
6969
7155
7121.5
7022.5
6983
6969
7002.5
7101.5
7022.5
6969
6989
7062
7214
7312
7135
6830.5
7042
7022.5
7062
7028.5
7036.5
6949.5
7022.5
6884.5
6811
6949
7312.5
6850.5
6989
7121
6909.5
7062
6771.5
7220
6850.5
7121.5
7062
7008.5
7121.5
7042.5
6949
7121
6949.5
6969
7081.5
6830.5
7042
7194
6870
7174.5
6910
7141
6929.5
7042.5
7121
6929.5
6870
7234
7062
7141
6929.5
7042
6870
7042
7062
7141
6969
7081.5
6963.5
7068
6969
6969
7234
7141
7121.5
6850.5
7042
7082
6890
6632.5
