113.43
110.824
109.161
109.572
110.047
110.099
110.483
110.964
111.276
110.872
110.191
111.23
110.459
109.907
109.77
109.852
109.23
109.607
109.501
110.282
111.06
110.442
110.366
110.786
110.429
111.712
111.441
110.474
111.055
112.212
111.904
111.032
111.497
110.612
110.589
111.395
110.904
111.251
110.781
110.48
111.026
110.811
109.84
110.26
110.411
110.776
111.279
112.485
111.056
110.112
110.456
111.111
110.812
111.21
110.02
110.246
109.665
110.881
110.41
111.001
111.403
110.947
110.006
110.136
110.866
110.407
110.045
110.569
111.432
110.468
110.523
110.446
109.999
109.373
110.369
110.029
109.521
111.286
110.728
111.427
109.783
110.648
110.325
110.024
109.585
109.57
110.456
110.358
110.953
111.323
110.978
111.386
111.149
110.141
109.975
110.419
111.247
111.123
110.571
110.448
110.067
111.181
110.144
110.05
110.926
111.084
111.657
111.237
110.783
110.247
110.752
110.138
109.796
110.251
