59.264511
58.587807
58.551582
58.568893
58.606819
58.617470
58.632481
58.582462
58.584961
58.568832
58.579712
58.553406
58.602623
58.624321
58.630302
58.552483
58.625984
58.553345
58.602562
58.612991
58.568672
58.599487
58.658497
58.606625
58.579582
58.585281
58.558880
58.580894
58.579330
Control Period
56.160736
55.483009
57.994270
57.795135
56.228352
55.268192
55.276222
55.707390
57.878559
Control Period
56.162464
55.344353
56.704319
57.631073
55.642944
55.305119
55.337761
55.300003
56.211136
Control Period
58.703522
56.851265
55.298306
56.723907
56.580894
56.730400
55.328545
56.471134
55.625793
Control Period
55.317440
56.739326
55.344063
55.327934
56.786942
57.446655
56.057217
58.131714
57.885857
Control Period
57.984543
55.361248
55.360001
57.498558
55.350880
56.510143
57.761024
55.344864
57.714848
Control Period
56.430786
56.420227
55.357376
57.132641
56.456673
58.066624
55.439423
56.207905
55.289986
57.831230
Control Period
55.975105
56.299103
56.319618
56.250526
57.801537
57.694435
57.913216
55.418751
55.862656
Control Period
56.695869
57.319614
57.386047
55.964321
55.345184
56.215839
56.663551
56.620800
57.145119
Control Period
57.684544
55.816605
55.439713
57.160866
57.478493
56.366978
56.437569
56.746239
Control Period
57.604416
55.543648
55.841152
55.866302
56.147614
56.147934
55.804802
55.350594
55.413345
Control Period
56.389984
56.788254
55.334335
57.551743
56.704384
56.849663
55.363869
55.561089
57.971680
Control Period
58.775841
56.756287
55.326656
55.274338
56.122177
57.936958
57.733505
56.855011
57.028862
Control Period
55.377533
55.279488
56.683327
56.020191
57.842239
58.202946
56.030304
56.424545
55.328960
Control Period
55.286110
55.298691
55.340607
57.391617
57.987427
57.944351
55.505375
55.308510
57.035263
57.261635
Control Period
57.257217
56.097343
58.206787
58.003105
57.849888
56.091011
56.538849
56.962048
57.328194
Control Period
55.963997
58.261696
55.965149
55.309601
57.304256
56.748703
55.416897
57.851166
55.367294
Control Period
56.724258
55.318817
56.125919
55.624771
55.283325
57.121792
55.607422
56.420959
56.863266
Control Period
57.240257
57.310337
57.753216
55.634113
56.068127
56.230270
55.318272
56.890560
Control Period
56.976032
55.303421
55.482430
55.852509
57.400734
55.297665
56.810623
57.927841
58.248672
Control Period
57.897888
56.760033
55.245602
56.809631
57.120705
56.908447
55.316383
55.506912
55.448769
Control Period
56.600769
55.260384
55.973373
58.489983
56.065952
57.214401
56.949150
55.290592
56.424511
57.655197
Control Period
55.594238
55.320862
56.633118
56.220093
57.799683
57.999939
55.640320
55.418911
55.488960
Control Period
56.302559
56.049313
56.058880
56.184067
55.380192
55.304256
57.770401
57.989182
56.871681
Control Period
57.025955
57.601921
57.026146
57.321728
55.266754
57.120670
57.710209
Control Period
57.528160
56.428673
55.284351
57.106144
57.154751
57.492737
55.341888
55.899872
Control Period
58.431072
56.463745
57.371902
57.093597
56.688515
55.298370
55.533951
57.985729
55.677727
Control Period
56.817184
55.326721
55.973885
58.168705
55.341248
57.449570
55.277729
55.356991
57.966942
Control Period
57.843361
55.641056
55.327328
57.015228
57.427551
57.170242
56.932480
55.321953
Control Period
57.013794
56.721153
57.897633
55.283745
55.779427
58.370499
55.668350
55.359135
57.854752
Control Period
57.845631
57.755165
56.424000
56.841087
55.296387
56.416702
56.294785
57.874176
57.715233
Control Period
57.363136
57.267197
56.891712
56.617470
57.888542
57.777504
58.053055
55.784546
56.164608
57.115395
Control Period
57.305695
57.685440
57.546303
57.642208
57.534561
57.722878
57.981087
57.898109
56.811234
56.799553
Control Period
57.341667
55.284866
57.851200
57.871841
55.951904
56.231873
57.134529
56.620644
Control Period
56.806976
57.173569
57.132736
57.346752
57.182785
57.198753
55.871971
55.728287
55.287102
55.349983
Control Period
57.101791
55.322048
55.267776
55.267807
55.250786
55.324158
55.750881
55.991325
57.210114
57.906563
Control Period
57.865410
56.587936
56.494816
57.815422
57.929024
57.855488
57.404736
57.409760
55.336388
Control Period
57.269379
56.684383
56.661507
57.588417
57.742847
57.808384
57.734879
57.682495
57.331902
Control Period
57.275520
56.937309
57.115295
57.635582
55.440224
55.438721
55.608318
55.324512
55.764030
Control Period
56.201504
57.356159
57.556831
56.709122
56.898304
56.135811
55.820511
Control Period
57.696190
57.099648
55.325439
57.300224
55.352608
55.266174
56.892513
56.891426
Control Period
56.771137
57.578529
55.887230
57.849922
55.327072
55.314400
56.535774
55.338882
Control Period
57.536255
56.206787
55.351936
57.729439
55.317215
56.052223
55.382912
56.418526
57.571808
Control Period
56.839905
55.249153
57.336544
55.313919
57.661983
55.776543
55.372223
55.297150
56.047615
56.017376
Control Period
58.702816
55.367966
56.937408
56.290718
56.111710
55.817375
55.329086
56.978142
57.273857
Control Period
57.133152
57.098274
56.360382
55.692062
55.425598
55.318111
55.321854
55.285343
55.278912
Control Period
55.586880
56.010979
56.287422
57.125248
56.598145
55.965538
55.318527
55.340286
Control Period
56.542366
57.232704
55.906403
57.843136
57.528831
56.872353
57.189377
55.317154
56.468704
55.813828
Control Period
57.886143
55.324478
55.280319
55.286049
58.069984
55.329536
55.558685
56.226051
57.012291
Control Period
58.707489
56.393215
56.101570
55.780640
57.782494
57.505280
56.981697
56.735901
56.171486
56.043137
Control Period
58.782913
56.203903
56.150719
57.876862
56.900513
56.838722
57.358849
57.511490
56.744831
Control Period
58.746658
56.013760
55.720894
58.090336
58.251137
56.843807
56.929024
56.666145
56.926018
Control Period
56.343422
56.502144
56.830849
57.912384
56.855648
57.354145
57.037025
56.705441
Control Period
56.399651
56.632866
56.474815
55.299522
55.339680
57.398975
58.093376
57.964863
55.960064
Control Period
55.946144
55.727806
57.875809
57.908833
57.909088
55.810593
56.395844
56.327522
Control Period
56.485825
55.389568
57.713440
55.657951
56.006496
56.735970
57.716705
56.727390
57.275040
Control Period
57.854942
55.568161
55.329857
57.276608
56.923904
55.276894
56.921791
57.474243
55.265217
Control Period
57.788834
56.068287
57.296001
57.391552
57.423103
55.311996
55.936001
57.789246
57.797855
Control Period
57.788960
57.363201
55.323135
57.398369
57.244320
55.286369
55.290592
56.506271
Control Period
56.903648
56.437248
56.623070
57.360130
57.811073
57.844353
55.950912
56.422943
55.967072
Control Period
57.707710
57.354370
57.016190
57.225281
55.300831
55.325859
55.328770
55.347549
57.283966
Control Period
57.146751
56.811264
56.441887
55.329117
56.142208
55.865921
57.076637
57.211075
55.372162
Control Period
58.465790
57.912094
57.777374
57.883743
55.375679
57.033600
56.667393
56.405571
55.283325
55.261440
Control Period
56.863518
56.812992
57.034622
56.114754
55.272034
55.270370
56.006241
55.534813
55.340031
Control Period
57.735390
56.463104
56.772289
56.261314
55.588638
57.809250
57.551041
56.830818
Control Period
56.172447
55.379105
56.872322
56.907745
55.286175
55.305534
56.197472
56.086433
56.425949
Control Period
55.320831
55.327583
56.828003
56.565086
57.264000
57.082752
57.353985
57.819229
55.670082
56.203743
Control Period
58.751839
57.360893
56.243874
55.290848
55.304611
56.690048
57.885857
56.344353
56.245247
Control Period
56.526112
57.204033
55.905632
56.044670
56.704674
56.407104
57.196320
57.697823
58.277664
58.196095
Control Period
56.078690
56.133698
57.739998
58.072830
56.653568
56.932449
57.229919
57.263103
56.711552
Control Period
56.757343
57.073921
57.115105
56.890751
56.525406
56.495361
57.862686
57.929794
55.584896
Control Period
57.657410
57.830910
55.305473
56.954239
57.704895
58.031296
56.346401
56.399651
55.354622
Control Period
57.706207
57.719650
57.871742
57.834240
57.929123
57.252579
57.423328
56.815681
56.728065
57.769341
Control Period
55.375839
55.505119
57.017216
57.130402
56.676800
56.471519
57.520351
57.824032
57.908035
Control Period
56.138016
56.202591
56.836128
56.565697
56.406364
57.346817
57.515297
57.865501
57.917728
Control Period
56.136032
56.384480
56.505760
56.511265
57.035488
56.050941
56.151520
55.974434
55.391838
57.876961
Control Period
57.767357
56.498878
57.312992
56.922722
57.121857
56.946014
56.607391
56.472061
58.157921
Control Period
57.823166
55.551521
55.781055
57.806240
57.001152
56.325665
55.468353
57.823837
57.656227
Control Period
56.591583
56.325729
57.144447
57.540672
58.042751
58.375298
57.664734
56.903488
57.197472
57.396355
Control Period
56.250401
56.178528
56.530785
56.667839
56.413120
56.573502
56.073311
55.877888
55.391006
Control Period
56.907486
57.175362
55.301697
57.064095
56.636608
56.197632
57.518017
57.510941
56.425026
Control Period
58.407871
55.975521
56.148319
56.358017
56.267776
57.253056
55.307938
57.179169
57.381248
Control Period
58.461853
55.324768
55.410110
57.016129
57.029217
57.470016
57.465858
57.928513
57.687328
Control Period
58.050079
55.381660
55.597439
56.131683
55.767677
55.431488
55.343842
55.328003
55.314880
Control Period
56.864830
57.424641
57.022591
56.824703
57.193089
57.042847
57.593792
57.884926
58.235970
Control Period
58.101219
57.930275
58.056641
57.637955
57.576000
57.144638
57.242241
57.871552
58.074883
Control Period
57.848896
58.064003
57.995487
55.331970
55.696289
56.048958
55.397312
55.331490
57.715263
Control Period
57.899456
57.021984
57.222496
55.308128
55.339935
56.128830
56.275490
55.975136
55.420029
57.220093
Control Period
57.107841
57.334465
56.059200
56.206783
56.936447
56.693985
56.201920
55.851746
56.032639
55.844929
Control Period
58.746979
57.528610
56.059807
57.789089
57.544960
56.815010
56.669022
56.271999
57.555168
Control Period
58.187233
56.143806
56.671520
57.590271
56.881855
57.812637
57.786495
55.306561
56.910240
56.973953
56.552864
Control Period
56.231613
57.786720
55.722115
56.015587
58.021503
57.802464
56.112419
57.891647
57.784576
Control Period
56.408001
55.336384
57.596096
57.680607
58.040802
55.375427
56.356735
57.396160
55.952354
Control Period
58.094498
55.347969
56.954273
57.751167
58.064415
57.906815
55.353760
56.448544
56.560509
Control Period
57.307297
55.327904
58.040291
57.980446
57.354977
57.657310
55.313152
55.332291
57.216415
56.742081
Control Period
57.961502
57.371170
55.341503
55.309441
57.872894
57.956894
57.787262
57.941727
57.687454
Control Period
57.263233
57.080925
57.427967
57.524673
55.882210
55.664001
57.597919
57.649475
55.876770
Control Period
57.956928
55.851871
56.139679
56.188034
55.983200
56.473473
56.289886
56.809982
Control Period
56.600479
56.748482
56.644066
57.796097
55.337502
56.201153
56.098846
55.833054
57.687714
Control Period
58.731201
57.860737
57.618111
57.991776
57.851616
57.118496
56.823906
56.017891
55.967327
Control Period
55.910210
56.402367
56.451714
56.540962
56.598946
56.864128
56.942272
57.406368
57.725281
Control Period
58.324417
57.919426
57.429249
56.150497
56.514400
56.662529
56.992512
57.072960
57.021919
Control Period
56.796383
56.257153
55.342850
55.344513
55.357185
57.311043
56.176193
56.917854
56.597885
56.369858
Control Period
56.106750
57.721119
57.407104
57.249695
57.776833
55.890560
55.761795
57.712547
Control Period
55.380672
56.952225
57.006527
56.503681
56.470718
56.775009
55.464767
55.883423
56.034527
Control Period
55.328064
56.580223
55.938145
57.876575
57.508129
56.759808
56.625763
55.310211
56.591583
Control Period
58.187042
56.242527
56.679649
55.287296
57.347809
55.327969
55.429504
56.518143
56.255043
Control Period
55.857952
55.631645
58.090431
55.480160
57.129696
57.601570
57.748417
57.079422
56.323555
Control Period
56.695713
57.087936
57.377022
57.757183
58.219360
55.705791
55.339645
56.895615
55.332672
Control Period
57.833855
56.072350
57.482910
57.957954
56.318272
57.362045
57.910049
56.142242
Control Period
58.298111
56.099617
56.351746
57.118431
56.757919
57.184288
56.025406
56.031487
55.957985
Control Period
56.105663
55.966370
57.509727
56.354401
56.856255
57.301086
57.253506
57.624352
57.890945
57.816288
Control Period
58.457439
57.987583
56.364578
57.277794
55.350174
57.485794
56.213184
57.727360
55.875809
Control Period
56.113853
57.962814
55.303261
56.279839
56.440193
57.059425
56.620960
54.977505
Control Period
55.029343
54.973568
54.966686
54.972961
54.975266
54.969601
54.943230
54.960609
