3982
5992
5912.5
6110
5695
5367.5
5169.5
4971
5343.5
5189.5
4872
5050.5
5090
4876
4951.5
4995
4896
5050.5
5149.5
5129.5
5050.5
5030.5
5050.5
5034.5
4856.5
5169
4951.5
5090
5011
4916
5070.5
5110
5031
5090
5130
5050.5
5110
5070.5
4932
4971.5
4757
5050.5
5169.5
5090
5070.5
4896
5050.5
5150
5030.5
4991
5130
5070.5
5189
5050.5
5169.5
5011
5169.5
4896
4991
4912
4856
4892.5
4892
4971.5
5209
5050.5
5090
4876
5070.5
5050.5
4781
4896
5130
5110
4935.5
4876
5090
5150
4931.5
4912
5050.5
5050.5
5011
4856
4951.5
5050.5
5130
5090
5130
5011
4876
5070.5
5129.5
4971.5
5130
5090
5050.5
4991.5
4991.5
4915.5
5050.5
4936
5070.5
4975.5
5130
4951.5
5011
5031
5150
