0.709011
0.765607
0.813105
0.839415
0.838521
0.854079
0.863824
0.863182
0.863094
0.863236
0.864338
0.870243
0.87297
0.873903
0.868569
0.867032
0.870096
0.873728
0.868992
0.869336
0.873305
0.868372
0.879934
0.873077
0.87719
0.876453
0.870475
0.863718
0.866372
0.867615
0.870026
0.872313
0.864
0.865409
0.866379
0.865458
0.865792
0.868107
0.869136
0.873228
0.871474
0.866547
0.873767
0.869554
0.865366
0.869305
0.870841
0.871724
0.874039
0.864577
0.862687
0.856295
0.860266
0.867537
0.867749
0.871462
0.871626
0.8739
0.869773
0.870431
0.866113
0.873616
0.866864
0.86846
0.868536
0.865203
0.868748
0.861117
0.863246
0.864648
0.86591
0.871896
0.860389
0.866147
0.865965
0.865405
0.86664
0.870157
0.865925
0.8808
0.883244
0.87788
0.871557
0.871089
0.873111
0.88324
0.882257
0.874685
0.876427
0.875116
0.872229
0.872095
0.868497
0.86425
0.873075
0.865011
0.872008
0.882785
0.87265
0.87084
0.865054
0.873308
0.870271
0.87046
0.870858
0.870397
0.873918
0.868492
0.867268
0.86468
0.876488
0.874971
0.873506
0.870865
