5659.69
5958.79
5612.31
5253.44
5028.44
5004.75
5204
5057.26
4982.52
4973.22
4961.74
4972.22
4973.56
5057.22
4920.71
4947.33
4999.37
5032.92
5062.74
5018.41
4982.81
5049.89
5018.37
4944.07
5057.26
4961.77
4954.3
4910.26
4928.85
4998.19
5098
5003.48
5010.35
5028.5
4962.08
4909.15
5097.89
5050.15
4974.37
4971.93
4910.85
5005.89
5008.78
5070.14
5007.56
4989.04
4922.96
5016.15
5011.74
4991.78
4983.74
5018.11
5059
5001.48
5006.67
4988.19
5001.36
5121.65
4927.33
5081.85
4972
4962.89
4902.41
4950.85
5024
5033.63
5106.74
4990.78
5060.04
4955.89
4965.3
5025.22
4930.3
4904.74
5083.85
5146.04
4950
4957.67
4967.3
4978.08
4996.21
4990.74
4992.52
4992.26
5047.3
4947.67
5003.19
4937.63
5074.41
5037.42
4963.3
4998.44
5007.75
5000.81
5018.86
4993.88
4954.25
4921.19
4994.67
5017.59
5050.15
5017.63
4952.11
5048.67
4964.31
5010.3
5057.22
4984.46
4954.74
5051.59
4969.11
5067.78
4996.15
5000.83
