0.723809
0.78093
0.831934
0.869981
0.887055
0.872347
0.876777
0.882915
0.887867
0.896774
0.891444
0.880086
0.861364
0.900877
0.902436
0.887611
0.881682
0.884498
0.887818
0.898573
0.906946
0.904593
0.888893
0.882051
0.889727
0.890193
0.860187
0.901252
0.872283
0.875813
0.88864
0.882227
0.893373
0.881549
0.868811
0.872838
0.88432
0.882081
0.895274
0.893324
0.877394
0.890959
0.871578
0.894797
0.887725
0.888333
0.880606
0.879536
0.888646
0.885759
0.884952
0.893647
0.877904
0.883873
0.885061
0.879826
0.89293
0.877783
0.888626
0.860168
0.905241
0.884046
0.897682
0.887544
0.881688
0.883426
0.88715
0.896289
0.904005
0.905261
0.859454
0.896512
0.873495
0.884762
0.882041
0.880931
0.887494
0.908102
0.890795
0.893366
0.875717
0.888689
0.895328
0.884117
0.881703
0.896553
0.88259
0.878424
0.886691
0.883271
0.885227
0.880307
0.882763
0.878292
0.890508
0.886591
0.883088
0.88182
0.878272
0.881168
0.886064
0.881346
0.890684
0.877097
0.879075
0.880064
0.884301
0.889106
0.882849
0.884162
0.8825
0.882392
0.894035
0.889424
