918
918
918
885.015
837.076
806.461
793.789
792.366
792.129
781.929
779.066
779.94
781.279
783.192
784.581
785.903
783.042
787.006
789.639
789.671
788.025
784.888
783.967
784.827
782.332
781.414
784.21
781.347
783.258
785.544
790.031
793.588
793.679
788.779
788.605
788.087
786.662
788.559
793.101
788.207
785.699
786.981
788.385
792.842
792.547
792.109
792.109
788.601
788.224
788.772
792.624
791.816
791.229
791.64
792.453
791.548
788.598
788.524
788.19
788.781
788.713
782.631
786.264
782.171
783.571
785.427
790.307
792.764
791.564
789.882
784.545
785.007
782.005
784.21
785.945
784.684
788.169
792.932
788.74
781.438
783.938
786.055
787.69
788.786
788.976
789.438
789.813
790.2
787.835
790.451
790.292
793.411
789.69
787.819
789.654
789.732
789.345
789.304
788.361
788.667
790.955
794.895
795.162
794.282
791.775
790.893
793.288
790.854
792.639
792.124
789.263
790.04
792.303
789.723
791.268
787.879
788.071
788.03
