117.846718
117.335426
117.355011
117.319939
117.338364
117.316734
117.338783
117.324829
117.355072
117.333893
117.355865
117.379395
117.353638
117.348129
117.331482
117.343170
117.394562
117.332474
117.346176
117.352325
117.319458
117.312286
117.327774
117.309631
117.281822
117.322304
117.351227
117.304794
117.321251
Control Period
117.328735
124.205536
122.959869
122.187653
122.977760
124.020996
123.222809
123.073700
Control Period
126.004135
131.722778
134.303650
129.600616
129.192703
132.411926
129.159103
128.379242
Control Period
134.874146
134.101837
134.071838
134.002502
134.095428
134.151093
134.213867
134.940460
Control Period
134.167267
133.989502
134.235382
134.220001
134.154755
134.237061
134.139496
Control Period
138.606400
135.053253
138.580826
138.102753
134.154236
134.127197
137.943710
Control Period
142.285049
138.600098
138.356384
138.482819
136.348801
138.442810
138.341919
134.836426
Control Period
137.315842
138.584808
138.519455
137.716278
138.395782
138.283875
137.947647
Control Period
138.405792
138.323776
138.279648
138.528442
138.322632
138.492126
136.878784
137.529480
Control Period
137.733185
136.533981
138.510040
138.372833
138.744568
138.565918
138.363388
Control Period
138.339005
138.502197
138.733063
137.251465
138.021881
138.669067
138.541473
Control Period
141.682175
140.371109
138.736221
138.675079
138.466309
138.393066
138.347870
Control Period
142.128571
141.457947
138.588348
138.360092
140.274445
138.258026
138.658463
Control Period
141.104279
141.623718
138.297516
138.572479
140.659882
140.151367
138.213699
139.973282
Control Period
143.021317
138.354111
138.210114
138.305634
138.547806
138.242722
138.115234
Control Period
138.357376
140.444550
138.629395
138.259766
138.511841
138.148132
137.806076
Control Period
138.412292
141.376740
138.586182
140.712189
138.181061
140.281021
138.366669
Control Period
141.630524
141.077988
138.717621
138.470215
139.976807
139.500549
137.808517
141.189301
Control Period
138.724167
138.515320
138.405945
138.803360
140.843109
138.621033
139.358551
Control Period
137.841980
138.930557
138.445892
138.339233
141.739227
137.745972
140.613983
Control Period
138.496353
138.093857
140.908478
142.060730
140.439133
138.374664
138.177765
Control Period
138.522919
139.228195
138.247772
139.761856
138.385986
140.252472
Control Period
139.844513
138.663452
142.253479
140.639328
141.090851
142.776825
140.258148
Control Period
139.227264
139.227173
138.552765
141.183655
138.675552
140.246750
140.733276
Control Period
139.589630
141.320648
142.006851
139.104156
139.118164
140.963333
Control Period
141.821960
138.716278
139.950714
138.320374
141.731232
138.915619
141.855743
140.547806
Control Period
138.546234
140.844727
137.273895
138.568665
138.441895
142.031433
139.225159
Control Period
138.988586
137.298248
137.035202
138.238556
138.354889
138.589142
138.859528
138.227051
Control Period
138.456940
138.597961
138.811172
138.793671
138.264511
137.215820
140.588348
Control Period
141.494308
137.406464
141.274750
136.750183
140.680542
137.555450
137.296143
138.089859
Control Period
138.125565
138.160706
138.523392
141.610107
140.152069
138.653320
138.749817
Control Period
142.192535
139.131165
139.359100
138.653214
138.464020
140.126373
141.101288
138.353821
Control Period
138.333374
138.580673
138.469177
137.828476
137.255875
138.521530
138.691223
Control Period
138.793976
138.716034
138.743835
138.633881
137.639618
138.390747
138.340424
Control Period
138.424866
138.748840
138.335266
138.737503
139.092957
138.707245
138.297882
Control Period
138.971100
137.571289
138.777084
138.894470
138.426117
138.419266
138.373383
138.353531
Control Period
138.716324
138.646622
138.364578
138.771240
138.323608
138.541992
138.322144
Control Period
141.297058
137.822174
138.615204
138.626297
138.950394
138.536606
138.432129
Control Period
142.958344
138.554718
138.511353
137.495651
136.923096
138.141418
140.847992
Control Period
142.131744
140.999146
140.773758
138.638336
138.382462
138.642563
138.447327
Control Period
143.129730
138.578186
138.571869
138.452759
139.460068
139.669632
138.188705
Control Period
139.917725
138.872406
138.260712
138.294708
138.511383
138.243134
138.432602
Control Period
142.475327
138.399323
141.727448
141.222015
138.584991
138.869659
138.291199
138.851959
Control Period
141.526016
137.586395
137.674042
138.009399
141.172668
136.665924
141.266541
Control Period
138.459290
138.614777
138.031387
138.527283
138.669373
138.323975
138.583420
Control Period
141.728790
141.486298
137.541718
137.257599
138.223328
138.294678
Control Period
142.312744
138.270569
141.182404
138.469879
138.544388
137.472794
139.088699
Control Period
138.138687
141.434723
138.522430
138.435577
141.369629
140.818497
138.431305
138.656387
Control Period
142.302856
138.376617
138.928604
141.914551
140.345856
138.325439
138.729340
Control Period
138.832031
138.780182
138.435745
138.500244
138.350311
138.716217
137.603485
137.440674
Control Period
142.654846
138.818451
138.089310
138.269791
134.161530
138.380005
138.717819
134.539612
138.638123
Control Period
138.460693
134.115509
138.434875
135.448929
138.186951
135.701996
138.701080
Control Period
137.887070
138.457825
138.091980
134.114594
138.497635
138.196671
138.252090
Control Period
142.337799
138.663681
137.342438
137.068604
138.447998
138.974731
Control Period
138.339783
138.916412
138.701218
138.482880
138.368073
140.290878
138.779572
Control Period
138.885773
140.615845
138.281219
140.208984
138.811066
140.087204
139.147964
Control Period
138.324615
140.037720
138.803284
140.181473
141.184326
138.381378
139.308777
141.670502
Control Period
140.120132
140.902100
140.685089
138.252060
138.627716
138.509888
Control Period
140.944733
138.612427
138.713684
140.451080
138.608124
138.590973
138.224609
139.997818
Control Period
141.989380
140.176636
138.803802
138.325134
138.368164
138.294525
138.196198
Control Period
138.884354
138.742310
138.574280
138.816956
140.569244
137.570984
136.888763
Control Period
141.708572
141.520996
140.552795
138.934570
138.453094
138.555420
138.724762
Control Period
142.088226
137.986053
138.734238
138.797913
138.397003
137.507446
137.377274
Control Period
141.858307
137.323547
138.058472
140.670502
137.935837
138.592407
138.447083
138.743164
Control Period
138.901306
138.580109
138.751434
138.230820
140.188766
138.117432
139.990601
Control Period
139.231003
137.894745
137.392487
138.771103
138.872681
138.391998
138.473450
Control Period
140.081314
141.347519
138.576508
138.224960
138.399048
139.393951
137.902008
138.071991
138.884735
Control Period
138.581512
134.385803
138.541595
138.617126
136.937698
137.995010
138.286652
Control Period
138.232864
138.609924
138.483154
136.930237
138.044830
138.844772
137.689606
Control Period
140.316193
137.627350
137.546082
137.481049
138.558411
138.449982
138.427124
138.491821
Control Period
138.624969
138.514740
138.841980
138.471298
138.249146
138.515228
138.655396
Control Period
142.873825
138.663422
138.508286
138.606201
138.882294
139.689316
138.236359
140.566620
Control Period
138.367432
138.282944
138.433380
139.082825
135.343170
138.244797
135.880890
Control Period
141.367035
137.140137
138.971100
138.714294
137.329498
138.338348
138.287811
138.519836
Control Period
138.843292
138.653381
138.262817
138.913467
139.119385
137.599457
138.488617
Control Period
138.977280
138.709473
138.648895
138.375610
138.655106
138.520065
138.618500
137.213150
Control Period
138.274567
138.557190
138.273987
139.926590
137.672150
138.051514
139.880707
Control Period
141.884491
137.305420
138.057404
138.395966
138.464386
140.001831
140.466187
Control Period
139.344574
138.283875
138.684189
138.098495
138.472748
138.433762
138.518005
Control Period
141.856064
138.463959
141.688766
141.716385
138.476990
143.365402
Control Period
142.048447
142.881088
140.792297
143.082977
140.496582
139.380493
142.204834
139.665558
Control Period
138.989731
141.431335
142.189819
140.246429
138.392960
140.515381
141.460358
Control Period
138.589859
139.529663
138.358276
141.639191
138.248352
141.518723
138.259979
Control Period
141.496490
139.830139
139.201691
137.412567
138.641312
140.689941
138.347168
Control Period
141.901825
138.249146
140.897858
138.240829
138.370605
140.525787
Control Period
141.171753
141.568451
141.544220
139.887741
142.036072
142.417236
140.603638
Control Period
142.595520
139.194214
138.546982
143.505569
142.149857
141.002350
141.132965
Control Period
141.990204
140.147781
138.127548
140.411011
141.433502
138.820389
140.411224
138.254700
Control Period
141.288544
138.526398
138.512070
142.448349
138.234436
142.359772
Control Period
141.492889
138.176575
142.345444
139.586121
138.100067
140.638306
141.064758
138.744415
Control Period
139.253479
138.335068
141.240051
140.012604
141.471771
138.247162
138.336319
Control Period
144.323776
139.097534
138.065063
139.239517
140.118240
138.195648
138.230957
139.011398
Control Period
142.622818
138.126846
138.775452
138.490341
138.186554
138.503937
138.010620
Control Period
139.233643
137.068390
140.839294
137.110840
137.607880
137.835876
138.264313
Control Period
140.036606
140.877121
141.328186
138.671936
138.279144
140.341766
138.308899
Control Period
138.920959
139.709045
138.326324
138.471649
136.917984
138.399551
138.335144
138.133270
Control Period
140.509064
139.938141
139.919678
137.990021
138.689316
140.081635
Control Period
142.656158
139.979553
141.738937
142.680191
138.553925
140.104889
143.006042
141.540039
Control Period
139.680862
138.334595
139.978592
138.103485
140.254303
141.001099
138.099106
Control Period
139.063843
138.457596
141.002533
138.469421
138.807068
141.425919
138.114655
Control Period
138.585846
139.631485
138.022720
136.989197
141.331635
137.760620
136.538849
Control Period
141.582794
138.429214
139.686279
141.808472
138.274399
138.387543
141.375916
138.290070
Control Period
138.979233
139.803131
138.739655
140.327515
139.914688
138.643768
138.295197
Control Period
140.758148
138.965149
138.238373
138.353287
138.200546
140.708862
139.690582
138.352798
Control Period
141.380707
141.110779
139.470123
139.153503
138.342651
138.574081
138.313187
Control Period
142.010345
138.557663
138.345428
138.222809
140.562775
138.403458
138.741730
Control Period
142.239838
141.518005
138.217682
138.360199
140.052063
140.826172
138.222336
139.179108
Control Period
139.637482
138.291779
138.376709
138.490265
138.564224
138.736130
140.614243
141.479004
Control Period
138.496674
138.296478
138.418121
138.040985
138.365662
138.243103
Control Period
138.429260
138.503571
138.504425
137.710297
138.535797
138.090515
138.667206
Control Period
142.157730
141.023834
138.739624
141.288452
138.296631
141.513916
138.646301
Control Period
141.251892
138.184906
141.136078
138.140030
141.545380
138.307709
141.401031
140.684067
Control Period
141.050720
138.562347
141.413910
138.272919
138.579163
141.257111
138.266907
Control Period
139.137909
138.493225
139.610367
138.322845
141.645279
138.820984
134.001022
Control Period
147.930618
150.656128
150.669571
150.631714
150.655197
150.678406
150.629242
150.626175
150.661346
150.688293
150.643219
150.646057
150.611420
150.631134
150.636383
150.625244
150.647964
150.608551
150.603821
150.648071
151.465347
