5679.1
6569.32
6728.44
6643.25
6604.19
6597.67
6420.11
6499.07
6507.22
6487.44
6441.5
6384.26
6543.56
6522.14
6601.3
6552
6572.32
6442.62
6421.75
6475.3
6705.96
6474.68
6421.63
6430.33
6545.37
6415.7
6503.81
6524.7
6509.67
6508.63
6469.07
6399.7
6516.59
6545.39
6520.19
6566.5
6474.19
6334.32
6579.41
6566.59
6586.67
6476.46
6453.41
6557.85
6430.7
6462.15
6518.78
6573.81
6498.86
6419.07
6550.15
6454.93
6501.71
6431.44
6519.56
6519.52
6604.46
6511.04
6474.56
6606.41
6379.15
6436.22
6544.96
6488.36
6542.15
6437.33
6489.93
6530.44
6563.37
6480
6553.82
6500.44
6376.96
6456
6557.48
6535.56
6473.89
6547.67
6460.37
6514.89
6504.89
6459.59
6544.29
6476.15
6500.89
6560.33
6486.56
6476.78
6483.43
6568.78
6438.7
6496.22
6624.67
6496.89
6554.15
6548.33
6352.15
6493.26
6409.52
6565.93
6510.74
6437.96
6544.07
6495.44
6483.7
6579.64
6465.48
6393.81
6505.89
6657.85
6624.63
6385.56
6252.21
6536.25
