5663.05
6455.93
6242.07
6063.32
6066.85
6050.36
6012.56
5979.15
5980.7
5998.37
6023.19
5898.59
6006.74
6067.52
6056.93
5993.14
6014.33
5981.04
6101.81
5915.04
6019.85
5964.3
5977.57
6014.5
6040.33
5947.86
6032.96
6022.07
6117.22
5947.46
5975.52
5896.07
5898.48
6077.37
6142.33
5976.3
5946.96
5964.59
6011.85
6008.21
6018.33
5995.3
5969.39
6038.56
5888
5929.44
5978.15
6088.63
6008.85
6056.81
6013.04
5943.22
6026.11
5971.89
6060.85
6110.39
5951.41
5982.11
6033
5969.26
5990.85
5980.26
6021.41
6002.67
5985.96
6067.78
6032.25
5956.07
5925.33
5992.79
6020.27
6004.07
6050.59
5980.36
5979.22
5971.93
6025.33
5962
5998.3
6060.48
5947.26
6007.04
6024.22
5936.63
6018.39
6128.19
5883.52
5999.74
5975.19
5985
5947.63
6043.63
6017.96
6029
6016.93
6024.63
5995.86
5972.19
5973.41
6018.5
6024.67
6119.85
5820.11
5921.37
6021.7
6094.3
6004.11
6014.25
5993.81
6029.71
6078.04
6022.07
5947.54
5918.5
