57.9625
58.1599
61.1586
64.3316
62.3221
62.1666
62.5326
62.3631
61.6782
62.4484
61.8688
62.3894
61.3189
60.4911
61.6119
62.272
61.0039
61.8114
61.6914
62.4315
62.866
62.0725
61.6172
62.2508
61.8662
61.4722
62.1951
62.713
62.1492
62.797
62.6337
63.4167
62.0221
60.9536
62.3677
63.3418
62.3088
62.8824
62.3835
63.0526
62.41
62.4409
62.392
62.1766
62.8241
61.6074
61.9876
63.9333
61.4947
62.2522
61.8295
61.839
61.8626
62.4639
62.0611
61.8569
61.2228
62.3384
62.3402
62.0654
61.9057
62.0224
61.5122
61.8943
62.8361
61.078
63.7138
62.2313
62.1541
61.7913
62.399
62.9487
61.6614
62.9499
61.3997
62.5952
61.1933
62.215
62.2295
62.1001
63.5023
61.9362
61.9656
62.4825
62.436
61.436
62.7995
62.4838
62.3588
62.2878
62.2678
61.3929
62.4907
61.5613
62.3239
62.0288
62.3654
63.2559
62.1829
61.6642
62.9331
62.2813
63.1662
61.3006
62.6532
61.7304
62.5754
61.7307
61.4485
61.7884
61.8014
62.5447
62.3806
62.7077
