0.708942
0.750222
0.760619
0.768803
0.776064
0.781958
0.786723
0.790609
0.79375
0.796187
0.79813
0.799656
0.800972
0.802066
0.802771
0.803473
0.80415
0.804414
0.805169
0.805001
0.804942
0.805221
0.805087
0.805304
0.805064
0.805163
0.804966
0.804937
0.804764
0.805172
0.805058
0.805008
0.804842
0.804695
0.804707
0.804484
0.804411
0.8045
0.804524
0.804406
0.80416
0.804256
0.804254
0.804033
0.803831
0.803855
0.803849
0.803573
0.803794
0.803778
0.803489
0.803389
0.803311
0.803384
0.803323
0.803257
0.803099
0.802731
0.803175
0.803021
0.802779
0.80251
0.802719
0.802748
0.802392
0.802456
0.802485
0.802427
0.802486
0.802318
0.802221
0.802211
0.802224
0.802229
0.802131
0.801872
0.801979
0.801747
0.801721
0.801673
0.801563
0.801764
0.801781
0.801609
0.801786
0.80178
0.801515
0.801488
0.801632
0.801551
0.80139
0.801361
0.801345
0.801484
0.801164
0.801441
0.801428
0.801102
0.801122
0.801353
0.801339
0.801162
0.801141
0.80107
0.800956
0.800943
0.800992
0.800963
0.800782
0.800994
0.800889
0.80098
0.800677
0.800631
0.800708
0.801103
