160
158.085
157.008
156.102
155.335
154.687
154.138
153.67
153.268
152.925
152.623
152.356
152.118
151.904
151.712
151.536
151.376
151.228
151.088
150.961
150.841
150.726
150.617
150.511
150.41
150.305
150.208
150.111
150.017
149.924
149.841
149.76
149.683
149.605
149.528
149.453
149.378
149.306
149.238
149.175
149.112
149.046
148.984
148.923
148.863
148.806
148.754
148.702
148.649
148.598
148.55
148.502
148.453
148.407
148.363
148.32
148.279
148.236
148.193
148.157
148.123
148.086
148.05
148.014
147.981
147.945
147.91
147.876
147.847
147.818
147.789
147.76
147.732
147.704
147.681
147.658
147.631
147.607
147.579
147.553
147.524
147.496
147.475
147.452
147.429
147.409
147.389
147.369
147.351
147.334
147.318
147.3
147.282
147.265
147.25
147.23
147.217
147.206
147.189
147.173
147.161
147.151
147.14
147.128
147.115
147.101
147.087
147.076
147.066
147.052
147.043
147.033
147.024
147.013
146.999
0
