57.9189
63.7859
66.704
69.7769
70.7485
70.0703
70.1364
70.8932
70.412
71.276
69.2238
71.793
71.2952
68.6531
69.5423
70.771
71.1796
70.8994
70.1099
70.232
70.9254
70.1176
69.9959
70.0945
70.1014
70.1803
70.402
71.3312
70.9333
71.0204
71.4492
71.0621
70.3396
71.0948
69.664
71.2878
71.0455
70.9018
71.479
70.3355
71.3004
69.7792
71.3184
71.0564
70.3863
69.7171
71.9192
70.7828
72.5852
70.4727
71.9354
70.3918
72.5522
71.8716
71.888
71.5286
70.7678
70.929
71.1094
70.6466
70.8189
71.1018
71.5532
71.6494
70.7566
71.8533
69.9925
71.6857
70.9002
71.4107
71.1571
71.3975
71.2432
69.7025
72.1999
70.7428
71.6247
70.5235
71.476
70.9222
71.6076
71.9643
70.6762
71.6756
71.0058
70.9963
70.7652
72.8181
71.3208
70.493
72.6815
71.1176
70.6971
71.8524
70.9298
70.98
71.3953
71.2619
70.7188
71.4127
71.2671
71.4016
71.0625
72.1186
71.5534
70.4159
70.1145
71.325
72.3236
71.6112
71.2024
71.3572
71.8415
71.8228
