0.723986
0.720802
0.675543
0.672158
0.663356
0.649351
0.647489
0.654665
0.647207
0.656178
0.634156
0.667415
0.652318
0.627027
0.64864
0.659169
0.658313
0.654221
0.643221
0.647631
0.655295
0.64497
0.647148
0.649974
0.649998
0.650368
0.652303
0.659177
0.650193
0.650734
0.652375
0.647877
0.642779
0.653701
0.639037
0.658237
0.651196
0.650034
0.655753
0.641876
0.655437
0.638859
0.657813
0.650239
0.645772
0.642823
0.667605
0.648249
0.665648
0.635898
0.657616
0.638966
0.665861
0.650359
0.64935
0.646699
0.642778
0.645955
0.648728
0.6459
0.650969
0.653231
0.655719
0.654462
0.642646
0.65745
0.636062
0.659676
0.645241
0.652629
0.648786
0.651901
0.650323
0.636561
0.667709
0.644028
0.654225
0.642497
0.653198
0.646327
0.655147
0.654054
0.639311
0.654286
0.647221
0.650099
0.648609
0.669067
0.644437
0.640479
0.665721
0.641346
0.642066
0.658644
0.644538
0.648709
0.650297
0.64958
0.645887
0.653688
0.650254
0.653531
0.649352
0.659404
0.645633
0.638466
0.643425
0.658406
0.66271
0.648062
0.644604
0.648317
0.65593
0.652425
