60
80.5404
94.1794
100.672
101.691
101.664
102.279
103.357
102.743
103.383
102.953
104.123
102.592
102.542
104.092
104.495
102.837
102.758
102.818
102.87
103.243
103.148
102.994
103.18
103.174
102.991
102.95
102.942
102.622
102.434
102.754
102.884
102.379
103.176
103.319
104.495
103.356
103.154
102.69
103.232
103.114
103.077
104.264
103.681
103.448
103.207
104.107
101.866
102.671
101.762
102.855
101.803
102.633
101.178
101.658
101.969
101.412
103.111
103.057
102.831
103.128
103.056
102.765
101.417
101.585
101.991
101.522
102.901
102.408
102.476
102.64
103.02
103.144
103.5
103.902
102.334
103.407
102.362
103.773
104.024
103.5
103.663
103.701
103.888
103.122
102.988
102.342
102.295
101.598
101.918
102.665
101.68
102.092
102.694
102.093
102.368
103.355
102.918
102.584
103.4
103.681
102.29
102.146
102.513
102.258
102.346
103.277
102.976
103.117
102.714
102.575
102.81
102.555
102.061
