80
88.493
98.7413
103.81
106.652
107.908
108.32
108.289
108.794
108.623
109.159
107.569
109.295
109.49
107.213
107.364
108.124
108.372
108.998
108.445
108.234
108.715
108.161
107.842
107.849
107.909
107.928
108.213
109.096
109.139
109.522
109.685
109.431
108.757
109.014
108.301
109.1
109.074
109.003
109.578
108.783
109.225
108.417
109.277
108.996
108.455
107.727
109.191
109.044
110.824
109.388
110.165
108.96
110.511
110.708
110.606
110.097
109.805
109.614
109.377
108.79
108.846
109.122
109.478
110.102
109.291
110.04
108.668
109.882
109.42
109.677
109.522
109.55
109.499
108.131
109.844
109.48
109.765
109.425
109.731
109.3
110.028
110.551
109.548
109.709
109.208
109.103
108.835
110.671
110.063
109.177
110.888
110.109
109.091
110.048
109.417
109.789
109.705
109.491
109.246
109.599
109.255
109.436
109.369
110.827
110.289
108.971
108.33
109.133
110.5
110.459
110.065
109.526
110.086
