59.322365
58.573021
58.559521
58.567841
58.652000
58.562782
58.583389
58.528221
58.558846
58.559837
58.543167
58.571232
58.540096
58.597633
58.752670
58.574211
58.573441
58.557343
58.540543
58.571426
58.557442
58.672318
58.558624
58.555614
58.556190
58.570496
58.539490
58.566048
Control Period
58.714752
60.145313
61.057281
58.718910
59.849503
62.018368
60.381119
58.813633
60.284065
Control Period
64.955299
63.741154
64.383682
64.931747
63.682274
63.339584
64.902657
61.050369
Control Period
66.099487
65.871582
64.945152
64.927460
64.923393
64.929886
65.630402
Control Period
64.903198
66.792961
65.408417
64.976799
67.205597
64.995300
68.575867
65.922211
Control Period
68.538910
64.951141
64.973251
65.762909
64.923553
68.483330
64.944702
65.409058
Control Period
68.681503
68.527229
67.050049
64.989883
66.176315
67.947388
67.881760
Control Period
67.212128
65.427780
65.123009
67.371780
66.717056
65.310272
67.841507
Control Period
68.696350
67.872414
68.820992
68.387711
68.563614
65.524864
64.911835
65.779587
Control Period
68.250557
65.694275
64.942528
64.984772
67.077148
68.116837
68.825150
Control Period
68.308380
67.174591
68.646530
68.302849
68.448166
68.741348
68.720764
67.625763
Control Period
65.929245
67.300705
65.777573
67.027649
65.022781
65.605286
64.960159
Control Period
65.717827
65.458237
66.807777
68.076256
66.110077
68.202621
66.426109
Control Period
68.560028
68.705124
68.399071
68.309433
67.447998
68.559776
68.526138
68.672066
Control Period
68.793884
68.738335
67.542557
68.429977
66.703354
67.358170
64.924316
65.291397
Control Period
65.343323
66.151871
68.461380
66.594208
64.906944
67.400574
Control Period
65.066818
66.720222
68.668549
68.800827
67.951714
68.822113
68.513092
Control Period
65.825600
65.938240
64.931808
68.617508
64.963455
64.972412
68.381630
65.168640
Control Period
65.352608
66.772766
68.345024
68.890755
68.098465
66.050598
64.936096
Control Period
68.699417
68.215324
67.488510
65.855331
68.339005
66.898819
65.186401
Control Period
65.127617
64.954239
68.505829
67.420258
68.496414
67.067650
66.780228
68.174591
Control Period
65.365631
66.482788
68.453758
68.868736
67.142181
65.508194
Control Period
67.603874
68.638176
68.411591
67.128601
66.073921
67.701790
64.940704
Control Period
68.458405
64.919937
64.923134
65.750717
68.111359
68.525475
68.632706
Control Period
64.934784
64.893478
65.848740
68.121094
68.666214
68.589981
67.351074
65.702431
Control Period
68.331131
68.517822
65.968674
67.187164
68.592133
64.952545
64.925919
Control Period
65.904541
64.982437
66.641472
68.757538
68.647072
67.483078
65.281792
Control Period
67.175201
68.566940
67.694946
65.778976
65.004669
66.721695
65.165215
65.023590
Control Period
64.975494
64.989410
65.058563
66.895462
68.223648
68.731712
67.758881
Control Period
67.366211
68.631485
64.997375
64.971100
66.555420
65.061089
66.498146
67.390144
Control Period
68.339035
66.703934
66.987808
64.997696
65.865479
67.937439
68.525757
Control Period
65.011459
67.264000
68.451172
68.346558
65.682915
64.992867
64.963966
Control Period
68.526779
65.040253
66.557541
68.723175
66.601601
68.593948
68.519073
66.286530
Control Period
68.134689
68.564484
68.503296
67.438400
65.903969
65.393860
67.834976
68.380768
Control Period
68.595612
69.056351
67.551041
68.393692
67.047806
65.516281
67.712997
68.449188
Control Period
68.790817
64.984833
67.193314
66.775833
65.001724
69.063103
64.955292
Control Period
67.533829
68.483650
68.565094
66.084732
68.601501
65.002045
66.071007
Control Period
67.892448
64.934341
68.252769
68.469727
66.294785
64.927612
65.843903
Control Period
67.741058
65.008743
68.624954
68.883553
66.822586
67.754684
68.624252
65.039520
67.513985
Control Period
68.500671
64.967293
65.003006
66.161118
67.470596
68.407677
68.150688
Control Period
66.185318
68.010788
68.271973
68.961891
66.811615
65.317566
65.017502
68.508453
Control Period
68.506210
66.812576
65.894051
67.932419
68.354591
68.553635
68.656967
67.943329
Control Period
68.238625
65.996544
68.349922
66.326721
68.439583
66.524155
64.983871
Control Period
68.304733
65.738785
68.571938
68.160606
67.097855
68.305504
67.221085
Control Period
64.966949
66.448059
68.372894
68.576866
68.597565
67.249695
66.009308
Control Period
68.562332
68.592987
68.776321
68.542908
67.263901
68.254402
66.797028
Control Period
65.132477
65.040482
67.927391
66.127296
65.044991
65.017281
64.988129
Control Period
67.114113
68.388580
68.636703
67.896255
65.426781
64.989059
66.945984
Control Period
65.013283
64.954048
64.949379
67.008636
65.984322
64.932289
65.020126
64.997505
Control Period
66.376450
65.108734
67.488190
68.526848
68.660225
68.571938
66.938911
Control Period
68.479233
66.080574
64.995300
64.990784
64.977859
65.143845
64.958847
Control Period
64.926178
67.689857
68.552734
67.507996
68.604706
68.510788
64.988319
Control Period
66.050400
65.053223
64.937378
64.966751
64.977722
64.997787
64.946564
Control Period
68.484070
68.320930
65.068542
65.034302
65.514656
64.984924
65.016861
65.848389
Control Period
68.311935
68.708420
65.922943
64.940125
64.975006
65.511932
68.020035
65.455521
Control Period
64.958206
67.205505
68.725792
64.960419
64.991615
64.874786
Control Period
71.268509
68.402466
68.821381
65.848221
67.578850
64.937500
64.972443
64.963745
66.205246
Control Period
65.410271
67.637535
68.544739
65.284767
67.797661
67.078209
64.935547
66.695648
Control Period
64.914238
68.427811
65.512863
68.483002
66.845024
68.444931
65.780197
Control Period
68.619232
68.340485
68.660126
64.932991
66.722076
68.462524
66.476929
Control Period
68.325630
66.093246
64.972801
64.930939
68.461823
68.489471
67.848381
Control Period
65.983871
68.848129
68.804031
68.267265
66.956863
64.998627
65.015747
65.013283
Control Period
65.962624
65.034653
65.778305
65.042435
64.980576
67.091782
Control Period
67.129593
65.071747
66.641022
65.184219
66.635330
65.030174
65.006752
64.992737
Control Period
64.925789
66.125664
68.334457
68.819199
65.000031
67.820961
66.798370
Control Period
65.184319
64.968544
64.966049
66.112701
64.933411
65.587097
68.558174
Control Period
64.954651
68.571198
68.567902
68.293411
68.119293
66.720543
68.217186
66.407455
Control Period
64.973152
64.950111
64.966339
64.962944
64.964897
68.779938
67.851135
65.830078
Control Period
65.123932
68.156097
66.118332
64.998398
67.593727
68.470428
66.665405
Control Period
68.809761
64.972221
68.506180
68.512863
65.067650
67.508255
66.018875
64.977371
Control Period
66.740860
65.092606
68.406723
67.793793
65.078278
68.603264
68.614594
Control Period
67.896835
68.781219
65.050339
67.621338
68.782242
68.342621
65.040253
Control Period
68.698242
66.201981
65.003265
67.374527
68.539169
68.501785
68.683746
Control Period
68.160797
66.551422
68.487427
68.452835
68.664154
67.528770
66.407104
67.933533
Control Period
66.237984
67.832733
65.120377
65.074242
65.046913
65.046692
66.540314
Control Period
68.642334
65.042725
67.887268
68.529922
67.715195
68.452286
65.027870
Control Period
64.976349
65.588486
65.089149
66.066559
68.425026
68.700165
65.111298
Control Period
68.370239
68.621887
66.588516
68.553604
66.645187
65.490845
67.093155
68.114975
Control Period
68.849632
68.577148
65.849411
68.370819
68.376221
66.285698
67.191452
68.472672
Control Period
65.337021
68.594116
64.972900
68.556511
68.070694
66.772545
67.796097
67.054886
Control Period
64.953247
68.629501
66.499779
67.231964
65.469986
68.482269
68.446945
66.054214
Control Period
66.967491
66.901535
68.729660
68.395844
65.887619
68.430557
66.349312
67.375290
Control Period
67.671646
67.010300
68.109024
66.608826
68.406754
66.176132
67.331009
68.698181
Control Period
65.568893
65.840866
68.510818
68.562302
68.196930
66.050629
67.037308
Control Period
68.157501
68.683716
65.168610
68.319298
65.353027
68.490082
65.229019
68.548187
Control Period
65.544800
67.375870
67.369919
64.950821
68.107582
66.551231
65.010468
Control Period
68.755615
67.935455
66.054466
64.977280
64.920029
68.617371
65.503067
Control Period
66.863098
64.968803
66.850655
64.970398
65.646210
64.976898
65.272507
66.817123
Control Period
64.991684
65.231033
66.134560
65.126877
67.379646
68.765915
67.681732
Control Period
68.857697
68.075073
68.627136
66.204094
64.913757
66.044037
64.956223
68.059746
Control Period
67.109726
65.092255
64.963425
64.915009
65.500511
64.900864
65.288101
Control Period
66.185349
67.308380
64.913956
64.979103
66.981537
64.942459
67.486946
68.401634
68.213470
Control Period
66.287003
66.980125
68.654144
68.610596
64.891136
68.079330
Control Period
65.713028
67.775681
66.013474
67.517380
65.047867
64.922363
64.939011
65.466721
Control Period
65.812035
65.873535
66.798813
68.467934
68.280128
67.421829
64.954758
Control Period
66.263489
68.735970
68.439804
66.188675
64.939453
64.978271
66.910530
68.111038
65.950470
Control Period
67.270340
65.196770
68.978241
65.401886
68.455681
65.009338
68.792000
Control Period
65.715424
68.606812
65.095840
66.110687
67.936356
67.162048
67.021919
Control Period
67.814911
67.388222
65.207047
65.920837
68.521378
66.625763
68.400162
68.642715
Control Period
67.613472
68.501793
66.102303
68.631485
67.172195
67.001854
66.660385
68.632477
65.264511
Control Period
65.911263
68.621857
65.031937
67.377823
66.519135
Control Period
67.670563
65.030785
67.995621
65.017181
68.425438
68.713661
64.995552
64.972702
Control Period
64.889153
64.934845
68.572098
68.204384
68.622047
65.307137
67.092346
Control Period
64.982368
64.909210
64.927002
66.125954
64.920830
67.659325
65.009247
66.081535
Control Period
68.741821
65.482437
64.926048
68.679260
65.040413
66.507713
68.328796
Control Period
68.634918
66.637726
68.374649
66.871353
68.206017
68.268066
67.746338
68.328606
Control Period
65.065155
67.137314
68.720192
68.483932
66.474304
65.115707
64.943649
Control Period
68.046143
68.775269
68.520386
66.809601
65.352188
64.986496
67.394814
Control Period
67.940994
64.998947
65.290688
68.653214
64.994492
64.944962
66.276611
68.123871
Control Period
66.425446
65.226112
68.523682
67.159744
64.962692
66.139297
67.467171
65.007202
Control Period
66.745377
67.387741
67.130272
65.052193
68.613861
64.947647
65.186020
68.506042
Control Period
64.950813
67.878304
67.425987
67.187012
67.056160
68.375137
66.433151
Control Period
68.187012
68.475105
64.970245
64.950272
64.934784
65.167488
66.182014
67.319359
Control Period
67.912224
68.643707
64.979904
68.274628
65.970146
64.971710
64.940475
64.893341
Control Period
71.560837
71.591003
71.575905
71.586853
71.578461
71.567291
71.557602
71.560837
71.571327
71.567169
71.582718
71.547935
71.565216
71.564453
71.576294
71.561340
71.576706
71.562241
71.582108
71.557602
71.567970
71.542084
71.565918
71.586243
71.577919
71.629951
72.084160
