80
80.3412
81.1583
81.8426
82.4164
82.8987
83.3049
83.6452
83.9325
84.1778
84.3842
84.557
84.7021
84.8268
84.9347
85.0278
85.1067
85.174
85.2333
85.2784
85.3187
85.3532
85.381
85.4045
85.4263
85.4504
85.4675
85.4858
85.5018
85.517
85.5301
85.5439
85.5546
85.5605
85.5668
85.5728
85.577
85.5843
85.5927
85.5974
85.6026
85.606
85.6088
85.6092
85.6115
85.6155
85.6147
85.6159
85.6177
85.6192
85.6218
85.6248
85.6266
85.6327
85.6379
85.6424
85.6451
85.6455
85.645
85.6404
85.6385
85.6358
85.6345
85.6331
85.632
85.6308
85.6301
85.6274
85.6253
85.621
85.6181
85.6148
85.6122
85.6147
85.6113
85.6094
85.6064
85.6048
85.6068
85.6068
85.6048
85.6071
85.6103
85.6113
85.6129
85.615
85.6152
85.62
85.6211
85.6183
85.6173
85.6179
85.6175
85.6161
85.6166
85.6209
85.6227
85.6221
85.6205
85.6199
85.62
85.6204
85.6243
85.6244
85.6244
85.6266
85.6276
85.6293
85.6305
85.6335
85.6311
85.6337
85.6323
85.6285
85.6282
