80
76.9751
75.0352
73.4665
72.2154
71.2208
70.4403
69.8311
69.3608
68.9986
68.7233
68.5145
68.3568
68.2424
68.1616
68.1046
68.0666
68.0426
68.0233
68.0157
68.0127
68.0108
68.0107
68.0161
68.0245
68.0363
68.0489
68.0615
68.0775
68.0942
68.1098
68.1284
68.1453
68.1598
68.1793
68.2027
68.2198
68.2378
68.2538
68.274
68.2903
68.3043
68.3163
68.3318
68.3438
68.3582
68.3712
68.3851
68.4027
68.4172
68.4308
68.4389
68.4509
68.4645
68.4769
68.4896
68.499
68.5064
68.5151
68.5228
68.5305
68.5396
68.5475
68.5587
68.567
68.5743
68.5848
68.5897
68.5987
68.6064
68.6167
68.6276
68.6362
68.6421
68.6517
68.6577
68.6631
68.6705
68.6784
68.6857
68.6936
68.6995
68.7059
68.7141
68.7209
68.7318
68.7355
68.7408
68.7416
68.7447
68.7467
68.7486
68.753
68.7574
68.765
68.7699
68.7711
68.7734
68.7773
68.7799
68.7811
68.782
68.7848
68.7869
68.7828
68.7866
68.7879
68.7952
68.8011
68.803
68.8036
68.8076
68.8143
68.8197
68.8209
0
