-1152.04
-1350.87
-1380.12
-1444.91
-1348.47
-1399.81
-1427.38
-1480.44
-1486.03
-1523.81
-1431.09
-1434.81
-1386.22
-1432.41
-1372.28
-1419.97
-1390.91
-1495.38
-1448.44
-1443.5
-1386.28
-1496.31
-1444.69
-1444.66
-1537.38
-1470.34
-1387.44
-1389.59
-1488.03
-1445.94
-1437.55
-1441.06
-1446
-1438.47
-1483.94
-1445.91
-1529.06
-1477.38
-1447.16
-1433.53
-1445.97
-1515.41
-1515.06
-1491.94
-1379.97
-1415.34
-1395.78
-1482.69
-1452.12
-1419.59
-1430.38
-1415.25
-1433.56
-1445.94
-1383.5
-1380.03
-1482.41
-1459.47
-1434.81
-1447.12
-1438.5
-1458.22
-1321.81
-1417.03
-1523.22
-1462.36
-1450.84
-1447.19
-1468.25
-1480.59
-1460.81
-1430.12
-1340.69
-1388.44
-1436.03
-1434.81
-1466.76
-1409.06
-1498.75
-1441.06
-1412.19
-1440.76
-1470
-1460.75
-1438.56
-1447.16
-1443.5
-1449.66
-1444.69
-1503.06
-1521.68
-1452.09
-1402.58
-1445.65
-1405.03
-1438.62
-1338.56
-1431.12
-1497.59
-1447.22
-1520.34
-1436.09
-1442.22
-1442.25
-1379.38
-1434.7
-1403.25
-1441.26
-1441
-1397.41
-1393.41
-1411.66
-1450.56
-1475.48
-1382.19
-1511
