4064.5
5719.5
5913
5952
5893
6011.5
5798.5
5932.5
5952
5912.5
5912.5
6031.5
5932
5932
5912.5
5971.5
6011
5932
5952
5972
5952
5991.5
6110.5
5972
5932
5972
5972
5932
5952
5972
5972
5992
5992
5992
5992
5971.5
6130
5991.5
5952
5932
5952
5972
6263.5
5992
5893
5932.5
5912.5
6011.5
6051
5972
5952
5952.5
5952.5
5932.5
5892.5
6189.5
6011.5
5972
5992
5992
5794
6011
5932
6051
6011.5
5991.5
5991.5
5991.5
5952
5932.5
5892.5
5912.5
5991.5
6011.5
5932
6011
5952
5952
5991.5
5991.5
5972
5972
5952
5932.5
5932.5
5952
6011
6091
5952
5873
6105
5952.5
5699.5
5932.5
6091
5972
5912.5
5952.5
5972
5972
6031.5
5972
5892.5
5972
5972
6051
5952
5932.5
6090.5
5991.5
