0.707258
0.76097
0.780708
0.79763
0.811192
0.822648
0.831637
0.838928
0.844515
0.849127
0.852433
0.854938
0.857042
0.858757
0.859759
0.860387
0.861023
0.861012
0.861515
0.86146
0.861388
0.861168
0.861152
0.861137
0.861208
0.86091
0.860771
0.860566
0.860609
0.860246
0.860162
0.859951
0.859472
0.859566
0.859436
0.858856
0.858846
0.858485
0.858443
0.85803
0.857761
0.857637
0.857698
0.857324
0.857197
0.856956
0.85674
0.856859
0.856534
0.856406
0.855867
0.855916
0.85588
0.855664
0.855549
0.855255
0.855107
0.855104
0.854885
0.85465
0.854755
0.854493
0.854556
0.854291
0.854289
0.854351
0.853811
0.853989
0.853826
0.85383
0.853777
0.853429
0.853348
0.853519
0.853086
0.853113
0.853095
0.853143
0.852932
0.852807
0.852652
0.852703
0.852732
0.852488
0.852726
0.852171
0.852269
0.852021
0.85207
0.851985
0.851969
0.851979
0.851991
0.852208
0.851854
0.851683
0.851663
0.851768
0.851654
0.851621
0.851421
0.851542
0.851453
0.851187
0.851623
0.851209
0.851625
0.851567
0.851285
0.851136
0.85128
0.851495
0.851243
0.850972
0.851164
0
