117.597733
117.338974
117.345917
117.332932
117.320282
117.348640
117.325569
117.332001
117.348389
117.342560
117.350082
117.338745
117.319519
117.341217
117.314690
117.345093
117.354599
117.348572
117.352478
117.358688
117.319489
117.380127
117.353119
117.362076
117.305855
117.337372
117.372452
117.380325
117.355873
117.318848
Control Period
117.365311
117.320259
117.328735
117.355682
117.377441
117.357697
117.396545
117.343552
117.332291
Control Period
117.333984
117.320480
117.333282
117.378014
117.382370
117.333435
117.323837
117.314560
117.321503
Control Period
117.339844
117.334015
117.338943
117.353600
117.349312
117.373444
117.374687
117.357498
Control Period
117.371262
117.352066
117.337379
117.387619
117.347778
117.372284
117.357574
117.354691
117.339455
Control Period
117.358208
117.361282
117.359230
117.357727
117.328156
117.351715
117.348671
117.310944
Control Period
117.348251
117.766685
117.321472
117.318306
117.337021
117.344574
117.335449
117.346527
117.344742
Control Period
117.323105
117.333084
117.331619
117.342209
117.356064
117.366013
117.372635
117.362213
Control Period
117.373306
117.352257
117.340485
117.343872
117.380989
117.422821
117.358780
117.361221
Control Period
117.386459
117.357056
117.333252
117.350914
117.344002
117.357857
117.382141
117.376068
Control Period
117.370148
117.373123
117.357407
117.346786
117.371201
117.387970
117.381859
117.351135
117.342911
Control Period
117.335587
117.353500
117.348740
117.349182
117.389603
117.365280
117.389404
117.346016
Control Period
117.369949
117.385986
117.357887
117.366592
117.399422
117.374969
117.377022
117.387268
Control Period
117.384033
117.371552
117.387970
117.399582
117.355232
117.372345
117.402817
117.389191
117.351837
Control Period
117.382629
117.436417
117.379295
117.390884
117.377350
117.377182
117.392769
117.401024
117.359871
Control Period
117.404510
117.412834
117.415520
117.408829
117.398048
117.416290
117.432640
117.405060
Control Period
117.408539
117.406113
117.402336
117.361954
117.405762
117.378586
117.370819
117.378304
117.368515
Control Period
117.354782
117.372742
117.353439
117.367355
117.377594
117.368774
117.376038
Control Period
117.389862
117.375809
117.369347
117.375107
117.372452
117.370461
117.381699
117.386688
117.380676
Control Period
117.393501
117.401695
117.418213
117.383072
117.365311
117.362274
117.357635
117.366470
Control Period
117.346695
117.351868
117.353729
117.320770
117.350975
117.363937
117.316864
117.346336
117.319107
Control Period
117.369858
117.331970
117.353317
117.330849
117.323166
117.310043
117.339172
117.325729
Control Period
117.313599
117.328125
117.342430
117.316605
117.356445
117.387070
117.365150
117.374466
Control Period
117.372673
117.354401
117.382942
117.344604
117.302078
117.310432
117.327103
117.321182
117.321152
Control Period
117.313950
117.299911
117.332321
117.341118
117.329216
117.335419
117.347328
Control Period
117.384644
117.333473
117.342911
117.350784
117.324219
117.328354
117.364960
117.342850
117.308960
Control Period
117.308800
117.330276
117.326431
117.293182
117.320801
117.332642
117.320480
117.348351
117.339935
Control Period
117.335808
117.373123
117.349792
117.363617
117.357857
117.347931
117.352127
117.325180
Control Period
117.347900
117.345345
117.340546
117.368195
117.317055
117.333794
117.325821
117.316032
117.319359
Control Period
117.332291
117.332413
117.350082
117.327263
117.298241
117.355362
117.312286
117.349243
Control Period
117.331650
117.355423
117.364258
117.334976
117.346725
117.320068
117.388580
117.365952
117.346687
Control Period
117.327301
117.330528
117.355202
117.353348
117.341187
117.321121
117.302979
117.305283
Control Period
117.300415
117.309761
117.314941
117.377312
117.352997
117.339905
117.343903
117.369125
Control Period
117.497757
117.319687
117.335709
117.341087
117.373062
117.349884
117.344284
117.371643
117.334976
Control Period
117.346497
117.377563
117.391006
117.406052
117.398399
117.372353
117.354523
117.341309
Control Period
117.349953
117.343582
117.346695
117.352097
117.358749
117.371002
117.367523
117.370789
117.341248
Control Period
117.341789
117.361572
117.325760
117.343643
117.367554
117.383591
117.386078
117.363419
Control Period
117.374847
117.362175
117.356705
117.350845
117.362305
117.385117
117.362946
117.350052
Control Period
117.382050
117.365509
117.376801
117.347717
117.378143
117.414139
117.413345
117.332062
117.378052
Control Period
117.393982
117.360092
117.365601
117.368958
117.356674
117.407364
117.387680
117.351776
Control Period
117.379807
117.360764
117.349602
117.365440
117.396416
117.355911
117.355103
117.330177
Control Period
117.331902
117.331772
117.325699
117.354240
117.361343
117.343521
117.323776
117.364639
Control Period
117.318787
117.344833
117.346527
117.365181
117.353439
117.340286
117.346909
117.348450
Control Period
117.331329
117.378403
117.349663
117.333534
117.348450
117.320572
117.326881
117.332794
117.313187
Control Period
117.349281
117.337189
117.335709
117.328575
117.332260
117.346146
117.389214
117.339104
117.335007
Control Period
117.310432
117.342758
117.368225
117.348221
117.341599
117.327072
117.366882
117.352577
Control Period
117.336060
117.345695
117.381027
117.391037
117.390213
117.400734
117.339615
117.327682
117.336960
Control Period
117.374115
117.372391
117.357498
117.363327
117.404037
117.375458
117.407867
117.334816
Control Period
117.368385
117.339844
117.396545
117.380157
117.364929
117.378944
117.350876
117.353027
Control Period
117.341797
117.367714
117.362213
117.363968
117.356415
117.377571
117.342758
117.339104
117.345123
Control Period
117.330276
117.320610
117.345566
117.346558
117.400703
117.328796
117.311134
117.321632
117.348251
Control Period
117.331161
117.349472
117.348572
117.360733
117.410301
117.384155
117.363777
117.347488
Control Period
117.359879
117.375809
117.331070
117.360382
117.387360
117.371078
117.381088
117.391106
117.351486
Control Period
117.385185
117.376419
117.363167
117.338531
117.383904
117.355553
117.370789
117.325348
Control Period
117.382111
117.532867
117.397186
117.357315
117.364670
117.375046
117.357956
117.377983
117.373795
Control Period
117.329468
117.338432
117.361221
117.346115
117.360321
117.324829
117.341118
117.342979
Control Period
117.336090
117.340607
117.376350
117.351585
117.344673
117.319260
117.327591
117.331421
Control Period
117.295296
117.352898
117.324066
117.365982
117.329758
117.322586
117.349312
117.317085
117.348801
Control Period
117.359909
117.297699
117.331100
117.334595
117.317413
117.323074
117.330429
117.320953
Control Period
117.343933
117.357948
117.362625
117.353638
117.330276
117.329468
117.349792
117.323105
117.316353
Control Period
117.311386
117.335808
117.343903
117.352097
117.324509
117.298630
117.295967
117.342209
Control Period
117.319328
117.318115
117.348862
117.320221
117.338753
117.358978
117.352768
117.329918
Control Period
117.361252
117.367004
117.356613
117.344742
117.315422
117.437119
117.339493
117.374336
117.352539
117.316345
Control Period
117.341019
117.322433
117.336060
117.317345
117.300156
117.350204
117.373947
117.339905
Control Period
117.333023
117.334717
117.332825
117.318657
117.311073
117.348480
117.309631
117.319580
Control Period
117.344925
117.311485
117.315002
117.344193
117.354179
117.323326
117.327072
117.333054
117.285339
Control Period
117.326752
117.314682
117.298241
117.316673
117.316643
117.325920
117.339172
117.323967
Control Period
117.371460
117.306915
117.306496
117.292641
117.357887
117.330658
117.331619
117.366043
Control Period
117.319580
117.329178
117.348419
117.323715
117.333435
117.322556
117.348030
117.311584
Control Period
117.310272
117.340897
117.306976
117.333725
117.373055
117.380539
117.310364
117.343330
Control Period
117.335197
117.316574
117.337860
117.351936
117.333633
117.378654
117.359451
117.394562
117.345474
Control Period
117.366623
117.336899
117.365219
117.357956
117.357086
117.353249
117.327972
117.343582
Control Period
117.343140
117.355453
117.322685
117.346405
117.330849
117.331390
117.343460
117.332321
117.342850
Control Period
117.331299
117.331070
117.374527
117.361404
117.352798
117.346115
117.339035
117.358078
117.363617
Control Period
117.356094
117.373886
117.352898
117.364838
117.333153
117.311165
117.291039
117.314270
Control Period
117.315842
117.318237
117.324829
117.350945
117.351044
117.325310
117.300644
117.341888
117.325027
Control Period
117.346306
117.379135
117.340988
117.341377
117.346237
117.344704
117.355904
117.330338
117.361183
Control Period
117.322594
117.317444
117.321953
117.372223
117.339935
117.345215
117.354874
117.368454
Control Period
117.341698
117.350304
117.377563
117.360733
117.337723
117.365860
117.369278
117.364731
Control Period
117.391197
117.396385
117.353409
117.379684
117.349121
117.358948
117.379074
117.346939
117.341698
Control Period
117.346588
117.359039
117.373444
117.344452
117.347397
117.333084
117.358559
117.367584
Control Period
117.346146
117.375549
117.340096
117.342430
117.342972
117.357567
117.343781
117.357605
Control Period
117.354172
117.313728
117.391006
117.373726
117.371490
117.380928
117.369125
117.371613
117.365692
Control Period
117.360062
117.401695
117.378464
117.384384
117.385376
117.377983
117.378372
117.368034
Control Period
117.352005
117.376572
117.392418
117.395775
117.406815
117.374023
117.387589
117.373306
117.374969
Control Period
117.368484
117.360130
117.352547
117.355362
117.334885
117.352608
117.353180
117.375839
Control Period
117.375107
117.378052
117.367523
117.366112
117.341095
117.338852
117.354462
117.397659
117.378815
Control Period
117.365189
117.381409
117.352509
117.310143
117.334564
117.328964
117.377022
117.340767
Control Period
117.352928
117.369659
117.327873
117.343430
117.332832
117.358948
117.344452
117.344284
117.363739
Control Period
117.367355
117.330276
117.330780
117.327042
117.328514
117.335739
117.333572
Control Period
117.334244
117.351585
117.322914
117.328384
117.331329
117.331551
117.345345
117.341446
Control Period
117.376068
117.344002
117.314720
117.332062
117.367111
117.358276
117.321274
117.330559
117.348923
Control Period
117.332130
117.355232
117.338432
117.357437
117.301819
117.359802
117.373154
117.364189
117.361763
Control Period
117.340927
117.364319
117.372131
117.340446
117.352737
117.335495
117.364670
117.368805
Control Period
117.364868
117.397507
117.367325
117.363907
117.394562
117.389084
117.330338
117.335999
117.330368
Control Period
117.333405
117.344925
117.339424
117.352386
117.342880
117.315231
117.366432
117.332794
Control Period
117.345505
117.347198
117.366043
117.301476
117.317764
117.292740
117.328224
117.356934
117.341827
Control Period
117.330948
117.318527
117.345978
117.336128
117.325279
117.370178
117.335709
117.328705
117.324287
Control Period
117.328285
117.330177
117.339905
117.344803
117.349213
117.320000
117.318268
117.305344
Control Period
117.334305
117.335526
117.312157
117.313728
117.319748
117.305786
117.323105
117.312195
Control Period
117.352066
117.347008
117.319809
117.339523
117.314178
117.333252
117.333755
117.316956
Control Period
117.330429
117.329758
117.312805
117.324577
117.356926
117.333954
117.317825
117.313339
117.311905
Control Period
117.316963
117.319778
117.357376
117.338364
117.311356
117.310822
117.312515
117.327423
Control Period
117.268578
117.294273
117.291046
117.272064
117.292313
117.311905
117.249084
117.295616
Control Period
117.300644
117.285347
117.310364
117.331299
117.325348
117.311394
117.321342
117.303040
117.328506
Control Period
117.334496
117.318657
117.339355
117.304260
117.338081
117.341789
117.317345
117.330017
117.317986
Control Period
117.329758
117.333084
117.302460
117.323997
117.302811
117.340797
117.346016
117.341660
117.343491
Control Period
117.322556
117.341347
117.349503
117.321503
117.337112
117.317215
117.324097
117.300293
Control Period
117.309601
117.327263
117.304550
117.336060
117.305756
117.307358
117.322975
117.335587
117.324318
Control Period
117.347748
117.320961
117.312927
117.280991
117.292130
117.301636
117.313469
117.335617
117.330078
Control Period
117.311462
117.321632
117.318085
117.321411
117.315781
117.333313
117.323364
117.316574
Control Period
117.297249
117.320129
117.333282
117.343170
117.323235
117.324417
117.330910
117.354752
Control Period
117.378014
117.348923
117.400223
117.341248
117.318298
117.317764
117.343781
117.326912
Control Period
117.354309
117.325851
117.324829
117.333504
117.337952
117.328033
117.323997
117.342880
117.311707
Control Period
117.339874
117.354561
117.349731
117.305313
117.325989
117.343643
117.320862
117.293533
117.318817
Control Period
117.281281
117.271835
117.330170
117.296997
117.325821
117.289215
117.336098
117.315582
117.293182
117.284836
117.284637
Control Period
117.303169
117.290558
117.290298
117.285599
117.283813
117.292252
117.281281
117.290970
117.288284
117.294434
117.267998
117.268639
117.314209
117.281372
117.309662
117.294876
117.301697
