59.359745
58.579296
58.549728
58.552193
58.533859
58.566177
58.584255
58.558369
58.546753
58.550690
58.595871
58.587360
58.630527
58.555229
58.585182
58.549313
58.592766
58.570976
58.561470
58.588478
58.600513
58.645950
58.528416
58.551361
58.575008
58.613602
58.544640
58.581726
Control Period
58.596893
58.566017
58.584770
58.575264
58.591393
58.572319
58.543617
58.570911
Control Period
58.569534
58.597122
58.634460
58.593472
58.593506
58.559486
58.582077
58.524834
Control Period
58.578274
58.582592
58.575199
58.614944
58.569504
58.594849
58.588768
58.688801
Control Period
58.563808
58.597824
58.584801
58.603935
58.570465
58.578018
58.565121
Control Period
58.673664
58.576286
58.570210
58.578621
58.651520
58.550240
58.559486
58.557407
Control Period
58.560703
58.574493
58.577023
58.591454
58.560673
58.615486
58.566849
58.599518
58.564674
Control Period
58.575806
58.583839
58.573441
58.565277
58.582397
58.621796
58.573120
58.609089
Control Period
58.558849
58.556767
58.587746
58.572769
58.556801
58.580223
58.567581
58.579102
58.626144
Control Period
58.586494
58.564705
58.566753
58.591583
58.605598
58.600128
58.566719
58.579742
58.616768
58.607712
Control Period
58.563774
58.572895
58.555073
58.581245
58.585922
58.612801
58.567776
58.616577
Control Period
58.558304
58.578178
58.599457
58.566944
58.574173
58.566593
58.589890
58.571297
Control Period
58.634689
58.570591
58.552734
58.602974
58.571617
58.568481
58.587391
58.588608
Control Period
58.695648
58.612865
58.579613
58.594818
58.577057
58.602818
58.601471
58.564766
58.582558
Control Period
58.665344
58.622559
58.603104
58.570274
58.557953
58.621086
58.597374
Control Period
58.614113
58.606018
58.590687
58.593151
58.600769
58.559391
58.616417
58.599361
58.586239
Control Period
58.607361
58.595390
58.600674
58.607841
58.580833
58.647614
58.608608
Control Period
58.606720
58.589470
58.540672
58.575325
58.590141
58.591934
58.599487
58.604225
58.571426
Control Period
58.602051
58.591614
58.575104
58.601120
58.624161
58.603775
58.598625
58.628227
Control Period
58.609154
58.588768
58.597889
58.599998
58.579391
58.587997
58.604546
58.556862
58.610626
Control Period
58.590691
58.587006
58.564705
58.672832
58.572289
58.556610
58.552895
58.579166
Control Period
58.579491
58.534431
58.567329
58.571457
58.619682
58.566528
58.557442
58.542877
Control Period
58.563965
58.581635
58.568893
58.535934
58.541729
58.592609
58.580803
58.574814
58.572319
Control Period
58.550179
58.624222
58.585281
58.529152
58.554592
58.548607
58.579521
58.596573
Control Period
58.537888
58.535362
58.604706
58.589539
58.595840
58.573792
58.550049
58.679619
58.575745
58.589790
Control Period
58.591808
58.558403
58.561951
58.553185
58.558559
58.579330
58.596252
58.585663
Control Period
58.541603
58.557182
58.576897
58.666206
58.548927
58.559586
58.579617
58.566429
58.589985
Control Period
58.546654
58.557823
58.593826
58.567551
58.565632
58.564766
58.576866
58.579521
Control Period
58.564415
58.557537
58.590141
58.571327
58.700127
58.570717
58.559105
58.591522
Control Period
58.570816
58.558784
58.551842
58.603519
58.565346
58.636513
58.555168
58.580383
58.577663
Control Period
58.559006
58.622658
58.570114
58.567741
58.551582
58.624130
58.581535
58.607136
Control Period
58.673439
58.558594
58.582657
58.578560
58.564034
58.535969
58.669697
58.577248
58.543617
Control Period
58.545822
58.516129
58.557697
58.549728
58.557663
58.562271
58.678978
58.583233
Control Period
58.548607
58.596447
58.540131
58.592415
58.562531
58.599358
58.584991
58.677986
58.632416
Control Period
58.585407
58.580353
58.572578
58.609409
58.579170
58.596802
58.581886
58.575584
58.643711
Control Period
58.582401
58.574654
58.584862
58.563553
58.574242
58.571648
58.590721
58.568291
Control Period
58.658848
58.570946
58.573441
58.567009
58.571518
58.626114
58.550945
58.589310
58.604225
Control Period
58.564415
58.584641
58.549057
58.576000
58.571712
58.595169
58.674782
58.562210
58.552734
58.571678
Control Period
58.596992
58.610111
58.591362
58.583710
58.580608
58.632317
58.567360
58.594498
Control Period
58.562016
58.595264
58.582207
58.536995
58.598755
58.560799
58.659424
58.553535
Control Period
58.548927
58.582977
58.607491
58.574848
58.595295
58.595936
58.564545
58.561440
58.558784
Control Period
58.570175
58.583168
58.569023
58.579201
58.602463
58.599682
58.596607
58.562721
58.559200
Control Period
58.572029
58.575134
58.599747
58.580643
58.633629
58.558434
58.586433
58.584702
58.588226
58.668545
Control Period
58.591904
58.591648
58.592289
58.571487
58.579041
58.576797
58.582561
58.574432
Control Period
58.647774
58.563683
58.591423
58.589024
58.526176
58.600418
58.571198
58.583519
Control Period
58.574242
58.615456
58.565792
58.574402
58.552895
58.583649
58.602207
58.571423
58.557182
Control Period
58.583588
58.568096
58.580574
58.612579
58.595779
58.566849
58.545952
58.558655
Control Period
58.586945
58.652000
58.589630
58.584831
58.587585
58.582115
58.642048
58.583649
Control Period
58.602688
58.581120
58.607166
58.573151
58.606590
58.572098
58.576736
58.607170
58.576225
Control Period
58.573181
58.604767
58.653824
58.604958
58.582497
58.582336
58.558655
58.593281
58.583168
Control Period
58.575073
58.567230
58.558334
58.557663
58.573250
58.570560
58.565216
58.574017
Control Period
58.546402
58.584480
58.575680
58.604416
58.615681
58.567841
58.585503
58.543839
Control Period
58.606239
58.586369
58.573250
58.591999
58.609631
58.574913
58.560959
58.582237
Control Period
58.579613
58.615040
58.579903
58.592575
58.577698
58.600929
58.560448
58.593567
58.543938
Control Period
58.545471
58.610527
58.570206
58.609505
58.580448
58.591488
58.589470
Control Period
58.615585
58.593277
58.613091
58.565121
58.573631
58.549438
58.546753
58.551682
Control Period
58.575680
58.583267
58.549187
58.570465
58.545536
58.560158
58.569794
58.666527
58.544579
Control Period
58.563522
58.574112
58.560768
58.580254
58.552994
58.562206
58.584129
58.663296
Control Period
58.587681
58.526016
58.571518
58.576191
58.586082
58.552483
58.544930
58.560993
58.647072
Control Period
58.575874
58.564125
58.562847
58.582111
58.567455
58.569153
58.553314
58.529022
Control Period
58.699871
58.554657
58.609726
58.564514
58.578239
58.517216
58.555393
58.534847
Control Period
58.571327
58.674339
58.522881
58.553345
58.559105
58.564064
58.551201
58.530910
58.572353
Control Period
58.589985
58.603840
58.560287
58.557693
58.569569
58.593311
58.569088
Control Period
58.563488
58.575203
58.615616
58.540577
58.559231
58.550816
58.543808
58.601151
58.571777
Control Period
58.599457
58.615135
58.546494
58.554657
58.547295
58.571198
58.581791
58.566879
58.601120
Control Period
58.552834
58.609123
58.608513
58.719009
58.528770
58.576546
58.565952
58.531487
Control Period
58.557442
58.526943
58.533665
58.543747
58.639748
58.584770
58.572639
58.528961
58.538368
Control Period
58.561378
58.552734
58.554592
58.552765
58.675808
58.570721
58.568962
58.561600
Control Period
58.579327
58.540993
58.558720
58.559006
58.573761
58.656960
58.551487
58.557663
58.564064
Control Period
58.675011
58.534496
58.537537
58.566303
58.579811
58.577118
58.601440
58.553726
Control Period
58.548798
58.576225
58.600670
58.607681
58.567745
58.592575
58.600704
58.571999
Control Period
58.572159
58.553280
58.571072
58.589375
58.557919
58.589600
58.551872
58.565247
Control Period
58.563263
58.581600
58.581886
58.552002
58.570305
58.562977
58.581886
58.539970
Control Period
58.562817
58.614655
58.610016
58.583199
58.554947
58.566307
58.584991
58.669281
Control Period
58.572639
58.566177
58.578239
58.579330
58.581375
58.526016
58.553314
58.569183
Control Period
58.629250
58.585503
58.544895
58.560387
58.564926
58.564545
58.583038
58.549377
58.534687
Control Period
58.659874
58.555710
58.594337
58.562561
58.567169
58.555073
58.574974
58.584385
58.572224
Control Period
58.604797
58.566143
58.546337
58.590401
58.566078
58.707420
58.558048
58.546848
Control Period
58.571358
58.555428
58.601151
58.551102
58.593601
58.562271
58.593792
58.592285
58.581055
Control Period
58.586845
58.583073
58.588257
58.579777
58.533630
58.563965
58.603199
58.566879
Control Period
58.594978
58.559711
58.585922
58.560959
58.587616
58.546528
58.556862
58.581665
Control Period
58.587997
58.547520
58.578144
58.657375
58.588768
58.559296
58.556862
58.566429
Control Period
58.555870
58.585377
58.575424
58.574883
58.669121
58.582592
58.582367
58.597794
58.566177
Control Period
58.571198
58.560387
58.565918
58.593666
58.574112
58.639904
58.560638
58.578400
58.557152
Control Period
58.583424
58.595295
58.597443
58.594112
58.587551
58.641632
58.608929
58.592319
Control Period
58.554718
58.595459
58.575455
58.587425
58.521152
58.564163
58.577633
58.597725
58.568031
Control Period
58.551777
58.581635
58.598080
58.563614
58.573502
58.567230
58.624802
58.588158
Control Period
58.584225
58.570175
58.556061
58.554527
58.600349
58.531166
58.544228
58.628223
58.548225
Control Period
58.596832
58.578018
58.564831
58.561825
58.557888
58.555519
58.565475
58.600578
Control Period
58.573280
58.556671
58.588543
58.566624
58.535713
58.572639
58.576000
58.576866
58.578781
Control Period
58.556030
58.564926
58.583939
58.557632
58.640064
58.565918
58.537247
58.562241
58.562622
Control Period
58.586655
58.550751
58.580322
58.584702
58.566208
58.560257
58.560001
58.589695
Control Period
58.581566
58.687614
58.543938
58.549088
58.556961
58.575073
58.586399
58.534943
Control Period
58.543999
58.567776
58.615234
58.563168
58.570816
58.571838
58.591934
58.735550
58.600544
58.557182
Control Period
58.567360
58.584225
58.621376
58.598080
58.604095
58.547394
58.570435
58.549408
Control Period
58.562302
58.577278
58.572128
58.573471
58.552254
58.554081
58.566879
58.603043
Control Period
58.554398
58.578655
58.587040
58.546753
58.553474
58.554337
58.613823
Control Period
58.585342
58.595871
58.573730
58.546688
58.597183
58.589088
58.565598
58.578529
58.577377
Control Period
58.570335
58.554111
58.566818
58.573570
58.658783
58.545502
58.573921
58.549919
Control Period
58.543903
58.574463
58.569885
58.572670
58.554688
58.657791
58.546402
58.584450
58.565472
Control Period
58.586082
58.552734
58.561665
58.574593
58.564224
58.578880
58.549667
58.543327
58.543873
Control Period
58.574081
58.602207
58.559456
58.562782
58.572224
58.558113
58.595776
58.541279
Control Period
58.563614
58.556610
58.621887
58.548832
58.563713
58.551743
58.529854
58.592255
58.574432
Control Period
58.515869
58.541920
58.599678
58.569214
58.570976
58.497631
58.545921
58.562531
Control Period
58.562496
58.542686
58.560192
58.603043
58.557152
58.544991
58.568928
58.676289
Control Period
58.544704
58.525986
58.567425
58.560959
58.557922
58.548096
58.532288
58.576607
Control Period
58.657181
58.584641
58.562752
58.550240
58.560547
58.593311
58.579487
58.564163
Control Period
58.552383
58.720322
58.564545
58.560513
58.543648
58.605537
58.580608
58.566307
58.559166
Control Period
58.529633
58.579842
58.568993
58.561859
58.548607
58.612289
58.578430
58.575264
Control Period
58.555779
58.535454
58.561024
58.538338
58.551071
58.551712
58.635521
58.556416
Control Period
58.583839
58.543518
58.662498
58.525085
58.565598
58.555069
58.579552
58.553921
Control Period
58.545471
58.589218
58.594624
58.662304
58.606144
58.550850
58.586079
58.580128
Control Period
58.539551
58.571808
58.616158
58.636253
58.566467
58.534531
58.559555
58.551807
58.623039
Control Period
58.567200
58.561985
58.558529
58.557121
58.574783
58.569725
58.595901
58.523457
Control Period
58.596031
58.543198
58.543076
58.572510
58.654175
58.566208
58.577538
58.570240
Control Period
58.540993
58.434593
58.435104
58.424545
58.451263
58.409088
58.414268
58.435200
58.429825
58.393375
58.431358
Control Period
58.440994
58.429153
58.418976
58.399296
58.401985
58.417534
58.403904
58.417248
58.408226
58.423904
58.415840
58.404419
58.412159
58.404385
58.425888
58.402878
58.442528
59.426720
59.199455
