60.249855
59.907005
59.884483
59.911873
59.880001
59.891167
59.870911
59.858337
59.902687
59.926945
59.912193
59.885921
59.881729
59.864544
59.896416
59.920258
59.908096
59.910656
59.900448
59.896576
59.949986
59.915108
59.912159
59.861504
59.919678
59.937439
59.932575
59.919075
59.896320
Control Period
59.901665
59.873375
59.921982
59.899071
59.916351
59.922722
59.909248
59.874687
Control Period
59.900993
59.911362
59.907234
59.904030
59.929535
59.872833
59.927071
59.878525
Control Period
59.950050
59.929153
59.919838
59.890785
59.928894
59.904320
59.953793
59.911842
59.917408
59.912930
Control Period
59.917824
59.924736
59.917183
59.893791
59.873825
59.906654
59.887390
59.922081
Control Period
59.901279
59.909218
59.920349
59.935680
59.897919
59.909439
59.885246
59.889633
59.903969
Control Period
59.924606
59.883263
59.893059
59.880833
59.861633
59.892609
59.894753
59.900322
Control Period
59.889793
59.889984
59.911171
59.904736
59.892418
59.994591
59.915039
59.941406
59.917503
Control Period
59.937538
59.897057
59.923042
59.895844
59.917313
59.897217
59.936989
59.893410
59.919552
Control Period
59.892738
59.909950
59.906593
59.907806
59.903072
59.893410
59.918209
59.924446
Control Period
59.919872
59.899841
59.882240
59.916607
59.930046
59.917854
59.921761
59.910465
Control Period
59.907967
59.919968
59.900959
59.900063
59.898464
59.924831
59.909184
59.931328
59.933697
Control Period
59.915390
59.922722
59.935295
59.942848
59.923679
59.905441
59.913857
59.911743
59.926624
Control Period
59.915871
59.925056
59.919006
59.901440
59.920895
59.944511
59.897026
59.931488
Control Period
59.907295
59.961056
59.916927
59.932610
59.888191
59.924034
59.922401
59.935165
Control Period
59.915329
59.918049
59.947075
59.932449
59.942272
59.895264
59.957569
59.957184
59.972672
Control Period
59.946114
59.919041
59.949059
59.969055
59.931263
59.947361
59.914749
59.949505
59.930271
Control Period
59.936447
59.920990
59.918049
59.921761
59.910175
59.923935
59.933727
59.923904
59.910431
Control Period
59.938145
59.911011
59.919617
59.920319
59.913315
59.928062
59.921024
59.914848
59.911201
Control Period
59.898720
59.941856
59.942909
59.912769
59.897377
59.887489
59.915329
59.915459
Control Period
59.913601
59.913597
59.895523
59.903744
59.873760
59.907681
59.909470
59.890560
59.885155
Control Period
59.901726
59.905342
59.867615
59.917919
59.863937
59.886559
59.902046
59.902496
59.891197
Control Period
59.888863
59.884323
59.903358
59.895714
59.921600
59.912544
59.910530
59.902878
59.901215
Control Period
59.909538
59.917664
59.944256
59.890594
59.870781
59.893021
59.878174
59.881149
Control Period
59.902561
59.876862
59.898079
59.876030
59.901695
59.889088
59.909504
59.907455
Control Period
59.889442
59.893345
59.855808
59.910561
59.906368
59.892193
59.910431
59.905693
59.873405
Control Period
59.875198
59.869347
59.890785
59.873856
59.885666
59.898273
59.918785
Control Period
59.880512
59.905537
59.912128
59.903778
59.930977
59.907425
59.881504
59.896095
59.903709
Control Period
59.879200
59.905663
59.881760
59.895775
59.868546
59.885761
59.904831
59.867584
Control Period
59.907681
59.880833
59.903393
59.890915
59.870110
59.899490
59.876930
59.872513
59.909184
Control Period
59.885857
59.903008
59.884926
59.886429
59.869667
59.904800
59.917854
59.893059
Control Period
59.867008
59.894562
59.908287
59.904865
59.877632
59.893890
59.881950
59.853344
59.863487
Control Period
59.851807
59.865410
59.876961
59.898785
59.902397
59.871140
59.913280
59.910912
Control Period
59.882942
59.868576
59.873249
59.927422
59.896641
59.876225
59.906849
59.905537
Control Period
59.899937
59.942078
59.933537
59.913666
59.928833
59.917793
59.961887
59.922142
Control Period
59.911842
59.938591
59.919037
59.916767
59.917023
59.916962
59.901825
59.910461
Control Period
59.909599
59.904770
59.917053
59.912094
59.881920
59.927101
59.893379
59.907745
59.916382
Control Period
59.937790
59.889343
59.883583
59.896130
59.912960
59.909344
59.893311
59.913887
Control Period
59.928288
59.914146
59.924095
59.914818
59.934784
59.944061
59.949089
59.932510
Control Period
59.957283
59.914658
59.939743
59.934143
59.909889
59.913345
59.898590
59.921822
59.898880
Control Period
59.919201
59.909729
59.907486
59.927071
59.918175
59.908127
59.914146
59.912479
Control Period
59.903839
59.886208
59.886623
59.904861
59.921600
59.888577
59.880096
59.877182
59.913475
Control Period
59.917664
59.892159
59.898689
59.919327
59.896515
59.897697
59.908257
59.903488
Control Period
59.921822
59.883713
59.873955
59.905727
59.895584
59.892929
59.881248
59.889854
Control Period
59.915298
59.892639
59.920544
59.883072
59.889954
59.906464
59.949310
59.920258
Control Period
59.889919
59.893150
59.906082
59.905823
59.908993
59.904099
59.904705
59.926369
59.899582
Control Period
59.892830
59.903137
59.908546
59.938015
59.901249
59.906883
59.940514
Control Period
59.876385
59.922722
59.899551
59.910851
59.919106
59.946144
59.941917
59.950623
59.922337
59.920929
Control Period
59.914078
59.895485
59.917694
59.920033
59.925087
59.905376
59.938496
59.902397
Control Period
59.903553
59.901535
59.921761
59.918720
59.910080
59.896896
59.922050
Control Period
59.895523
59.936897
59.907646
59.916801
59.904320
59.893791
59.877151
59.890625
Control Period
59.886944
59.890881
59.898209
59.902336
59.943104
59.937027
59.917473
59.901283
59.918720
59.913441
Control Period
59.918205
59.877762
59.897438
59.945408
59.939938
59.930786
59.913471
59.906399
Control Period
59.923840
59.916832
59.922653
59.909630
59.897728
59.944382
59.920097
59.913792
Control Period
59.896320
59.886593
59.910240
59.929695
59.885155
59.908928
59.926785
59.921921
59.914242
Control Period
59.937309
59.908546
59.918625
59.913406
59.930275
59.898750
59.928322
59.875137
59.927231
Control Period
59.919807
59.928192
59.871262
59.874847
59.862846
59.906815
59.904289
59.888641
59.917057
Control Period
59.879234
59.904930
59.902592
59.902527
59.867393
59.897343
59.886307
59.936386
Control Period
59.901154
59.925632
59.864574
59.902687
59.913406
59.902241
59.877502
59.887936
59.905312
Control Period
59.907265
59.914146
59.884094
59.890816
59.905857
59.920830
59.899712
59.895233
Control Period
59.890751
59.906464
59.906593
59.899231
59.886589
59.919231
59.885597
59.905823
59.902786
Control Period
59.923363
59.889759
59.896065
59.897598
59.879555
59.906975
59.911331
59.880577
Control Period
59.919456
59.899456
59.905823
59.905342
59.883297
59.914143
59.907040
59.910400
Control Period
59.891586
59.894012
59.913696
59.888542
59.882240
59.910690
59.920479
59.930431
Control Period
59.905441
59.905472
59.893761
59.851456
59.886047
59.881149
59.889568
59.875648
59.912834
Control Period
59.920479
59.906334
59.903427
59.903839
59.894913
59.909950
59.887230
59.872864
Control Period
59.896385
59.885471
59.852638
59.904480
59.898209
59.908512
59.872257
59.919041
59.921535
Control Period
59.926819
59.897186
59.884483
59.905151
59.894592
59.878178
59.899681
59.877411
Control Period
59.908035
59.875359
59.894592
59.903423
59.852608
59.897217
59.898209
59.908638
59.920929
Control Period
59.903072
59.916862
59.922241
59.882111
59.895329
59.901794
59.925983
59.938465
59.923489
59.887871
Control Period
59.878334
59.910370
59.911297
59.934753
59.883682
59.922176
59.926689
59.921856
59.892513
Control Period
59.929760
59.866463
59.950783
59.914303
59.937920
59.920990
59.913506
59.935486
59.918274
Control Period
59.889057
59.894848
59.898590
59.893219
59.899040
59.889984
59.905251
59.885666
Control Period
59.896000
59.921185
59.893150
59.889824
59.903328
59.904060
59.911808
59.928833
Control Period
59.929089
59.893822
59.940224
59.907967
59.944736
59.862400
59.898304
59.900703
Control Period
59.902718
59.885918
59.893345
59.898624
59.911774
59.896034
59.894081
59.901855
Control Period
59.897438
59.902946
59.908928
59.902016
59.882271
59.903679
59.923809
Control Period
59.902016
59.899841
59.863392
59.890366
59.905823
59.905472
59.919136
59.898979
59.907425
Control Period
59.893375
59.898689
59.926430
59.902145
59.912575
59.859039
59.900513
59.925793
59.906593
Control Period
59.923615
59.905251
59.934563
59.909824
59.904736
59.905441
59.923553
59.901184
Control Period
59.928162
59.896767
59.903488
59.915199
59.936417
59.916897
59.904961
59.895874
59.897793
59.924767
Control Period
59.902397
59.895554
59.926819
59.921791
59.888100
59.896515
59.895168
59.902878
Control Period
59.897953
59.897469
59.915489
59.913376
59.927490
59.914558
59.902882
59.898975
Control Period
59.890911
59.925858
59.911808
59.898144
59.934113
59.926750
59.903198
59.899841
Control Period
59.897438
59.926369
59.936386
59.954304
59.936737
59.946625
59.914688
59.897793
59.907936
Control Period
59.915329
59.910622
59.900482
60.024479
59.880512
59.911362
59.885921
59.932930
Control Period
59.917793
59.937759
59.914688
59.924385
59.889763
59.893501
59.907520
59.932480
Control Period
59.907616
59.907555
59.885567
59.885376
59.898079
59.876350
59.886623
59.913311
59.897789
Control Period
59.924355
59.918400
59.896225
59.898529
59.887775
59.896545
59.909344
59.917694
Control Period
59.915489
59.917213
59.895008
59.894623
59.891747
59.879234
59.892704
59.906494
59.904671
Control Period
59.879200
59.894882
59.888416
59.875969
59.879807
59.906944
59.886147
59.919426
59.904961
Control Period
59.958305
59.899872
59.917923
59.897537
59.910622
59.907040
59.885952
59.888161
59.912735
Control Period
59.888031
59.920578
59.885441
59.882851
59.899456
59.908863
59.898689
Control Period
59.912319
59.888542
59.922974
59.868095
59.893505
59.900608
59.936386
59.892319
Control Period
59.931328
59.927902
59.904030
59.923424
59.894623
59.880032
59.903938
59.889503
Control Period
59.887585
59.891552
59.896675
59.902367
59.893059
59.900448
59.876545
59.875233
Control Period
59.903618
59.906208
59.891777
59.900925
59.871967
59.899422
59.897888
59.916031
59.929726
Control Period
59.900352
59.903709
59.891907
59.883904
59.930237
59.922337
59.884254
59.884480
Control Period
59.886147
59.908127
59.918880
59.877953
59.881409
59.886848
59.903870
59.902206
59.901409
59.872322
Control Period
59.911774
59.891266
59.880386
59.875809
59.832832
59.876190
59.912033
59.890816
Control Period
59.881474
59.878654
59.899490
59.914879
59.866913
59.899487
59.881950
59.879517
59.891266
Control Period
59.884895
59.901566
59.892704
59.898369
59.886559
59.904610
59.890755
59.867004
Control Period
59.889793
59.899647
59.917248
59.893089
59.886719
59.855423
59.891518
59.887871
Control Period
59.858208
59.866016
59.860542
59.848930
59.883583
59.883167
59.827682
59.846878
59.892258
Control Period
59.881470
59.870430
59.849121
59.872608
59.880993
59.880638
59.875938
59.892258
Control Period
59.885506
59.874786
59.898529
59.873634
59.889023
59.881470
59.866302
59.896637
59.891743
Control Period
59.905251
59.921600
59.889984
59.893570
59.890846
59.894337
59.887489
Control Period
59.889599
59.905632
59.890114
59.890720
59.877663
59.899742
59.889214
59.893890
59.877151
Control Period
59.873856
59.887840
59.874561
59.874947
59.864670
59.893986
59.894112
59.878815
Control Period
59.892159
59.857632
59.887264
59.858879
59.881027
59.857567
59.899200
59.910782
Control Period
59.892258
59.894497
59.874557
59.872257
59.897667
59.909378
59.910912
59.892128
59.888481
Control Period
59.886719
59.897633
59.887970
59.887840
59.880417
59.897057
59.911137
59.909309
59.900959
Control Period
59.881889
59.927521
59.933537
59.887970
59.881538
59.889023
59.875648
59.898495
59.922592
Control Period
59.904129
59.875618
59.905090
59.890114
59.890144
59.900063
59.893311
59.879200
Control Period
59.884285
59.905182
59.894173
59.915871
59.885120
59.888222
59.895935
59.887775
Control Period
59.870110
Control Period
59.862625
59.937183
59.897312
