0.723301
0.7887
0.818548
0.843736
0.864985
0.881685
0.894842
0.904689
0.912409
0.917524
0.921134
0.923809
0.925517
0.926284
0.926861
0.927106
0.927019
0.926484
0.926155
0.925244
0.92475
0.92422
0.923662
0.922951
0.922191
0.921537
0.921036
0.920271
0.919561
0.918873
0.918302
0.917722
0.917233
0.916814
0.916119
0.915606
0.914889
0.914327
0.914279
0.913714
0.913416
0.912755
0.912304
0.911944
0.911646
0.911051
0.910617
0.910255
0.90995
0.909927
0.909676
0.9093
0.908988
0.908724
0.908328
0.908202
0.908157
0.907588
0.907277
0.907118
0.906998
0.906787
0.906225
0.906254
0.906256
0.905814
0.905608
0.905253
0.905104
0.90499
0.904804
0.904754
0.904577
0.90429
0.904275
0.904232
0.904271
0.903704
0.9036
0.903804
0.903607
0.903576
0.903448
0.903322
0.903568
0.902841
0.902807
0.902843
0.902771
0.902555
0.902499
0.902604
0.902561
0.902377
0.902448
0.902175
0.902193
0.901949
0.90195
0.901799
0.901965
0.901837
0.901869
0.901594
0.901669
0.901297
0.901612
0.901462
0.901157
0.901118
0.901158
0.901019
0.901049
0.901327
0.901126
