56.732
58.5841
58.587
58.5844
58.5958
58.5978
58.605
58.5921
58.5892
58.6011
58.5783
58.5837
58.5741
58.5962
58.595
58.5924
58.5948
58.5872
58.5975
58.5762
58.5869
58.5901
58.6025
58.5991
58.5889
58.593
58.5913
58.5885
58.5843
58.5864
58.5902
58.5796
58.5903
58.5896
58.5945
58.5959
58.5842
58.5764
58.595
58.5974
58.5976
58.5837
58.5943
58.5841
58.596
58.5895
58.5987
58.5789
58.5757
58.583
58.5705
58.5851
58.5758
58.5831
58.583
58.592
58.613
58.598
58.5836
58.5754
58.5974
58.5867
58.5914
58.6004
58.6028
58.6049
58.5859
58.5811
58.595
58.5741
58.5763
58.5785
58.5856
58.5761
58.5638
58.5725
58.5869
58.5854
58.5739
58.5909
58.5981
58.5877
58.5902
58.5862
58.5843
58.58
58.5802
58.6009
58.5944
58.5819
58.5804
58.5855
58.607
58.5989
58.6094
58.6056
58.6134
58.5959
58.6022
58.5917
58.6061
58.6027
58.6099
58.5977
58.5974
58.5983
58.6077
58.6126
58.6034
58.575
58.5883
58.5935
58.5917
58.5992
58.5945
