57.9219
63.7359
69.3123
72.7305
74.966
76.3165
76.3488
78.065
80.2919
78.775
82.1196
77.2168
77.9296
78.5238
78.4008
82.581
79.8886
76.9244
76.895
78.1905
77.8811
77.9366
79.1418
76.8872
76.8895
77.1871
77.3197
78.3996
78.097
78.947
79.6132
78.4213
76.8991
79.8379
78.6085
80.1696
77.1353
77.5539
77.8548
79.6682
78.3514
77.866
77.9169
82.4291
82.5323
78.9204
77.7397
80.5942
79.1281
79.7288
79.3155
80.1693
80.3031
80.0296
79.4382
80.4934
79.0741
79.1214
77.336
77.1454
79.3697
80.323
83.9368
80.7697
78.9843
79.2181
79.2519
79.9377
79.2679
76.8862
79.2628
80.9048
77.3124
76.9141
84.9977
80.5707
77.8327
79.0917
77.6273
77.1177
77.3503
77.8985
78.4602
78.8633
85.8133
80.2069
78.101
79.3897
82.9571
78.1413
78.1284
77.2359
78.944
79.0148
78.5339
79.6339
78.4475
83.0597
79.0093
80.2644
77.9061
82.8726
84.4648
78.524
78.3713
80.3375
78.4322
79.6278
79.788
81.5804
83.258
78.5181
79.2189
80.2702
