918
918
918
858.473
796.213
760.268
737.051
722.532
716.983
706.745
702.626
697.497
701.679
701.332
702.167
704.025
703.539
700.509
703.325
704.937
707.812
705.812
707.8
707.835
707.303
707.403
709.999
710.765
709.288
706.931
706.328
704.84
705.474
708.202
708.173
708.118
705.482
708.933
710.178
707.653
706.501
705.965
707.524
706.922
706.044
702.741
704.325
702.919
700.645
694.433
693.286
698.274
702.161
696.087
696.087
693.772
695.703
696.933
694.731
697.934
703.993
702.241
702.048
703.019
703.587
703.799
700.901
701.416
700.22
699.531
700.724
699.206
702.141
697.228
698.198
702.04
702.156
702.031
702.666
704.938
702.941
704.526
707.588
706.896
708.891
710.456
703.54
702.662
704.42
705.529
705.41
702.902
704.502
703.022
703.462
705.995
709.143
709.704
709.217
706.672
700.046
699.505
702.653
700.641
701.696
704.094
703.506
696.88
700.036
700.871
700.264
699.757
700.061
697.53
699.183
699.623
700.494
702.855
