-1190.54
-1245.21
-718.9
-464.345
-290.379
-110.967
-204.759
-82.3794
-102.586
83.6333
-6.93115
16.6895
37.1724
-9.7334
-60.5864
56.3105
32.2334
57.5171
-40
39.7588
0.700195
-10.6553
2
51.9312
15.3105
-29.5332
-47.1377
-12.0688
-29.7588
12.6895
54.5669
-0.586426
-1.10352
-52.7241
69.0332
24.8965
-50.5
-23.0347
-10.7241
31.1665
-12.0347
-17.5518
-66.0669
31.6895
-28.1333
-45.4829
-124.241
-22.9312
99.7666
77.7241
-121.467
-46.3105
38.6206
24.6001
-44.0347
64.0669
121.172
-35.0347
-3.8623
19.4136
11.3667
4.24121
-57.9668
10.3105
-23.9312
-13.7666
23.8569
-30.3667
58.6895
-98.2412
19.3999
76.8276
2.3335
-2.51709
12.7002
45.4482
-39.9331
31.6895
61.2334
-13.8335
39.8965
31.3105
-138.333
-17.5518
35.1665
22.1724
-2.37939
-50.1665
32
-29.5864
8.7998
50.6553
62.9653
11.207
-9.7334
-50.8965
-132.517
-10.8335
62.9653
-40.2412
21.1001
47.9653
-11.7588
-132.533
63.1377
16.6895
-12.1333
-10.1377
6.06689
-50.6206
33.0688
8.7998
17.4136
47.231
