4080
5972
5952.5
5813.5
5581
5090
4971.5
4562.5
4796.5
4582.5
4543
4523
4443.5
4483.5
4463.5
4543
4523
4523
4424
4523
4444
4697.5
4463.5
4542.5
4344.5
4463.5
4523
4638
4523
4562.5
4364
4463.5
4503.5
4503
4424
4384
4523
4542.5
4503.5
4463.5
4523
4523
4444
4443.5
4598.5
4681.5
4737
4523
4424
4444
4662
4404
4542.5
4483
4519.5
4288
4483
4543
4463.5
4503
4562.5
4677.5
4443.5
4622
4503.5
4543
4444
4387.5
4543
4325
4523
4483
4483.5
4443.5
4562.5
4463.5
4443.5
4503
4483
4523
4698
4543
4443.5
4483.5
4662
4444
4563
4463.5
4483.5
4404
4503
4523
4813
4638.5
4523
4483
4582.5
4582.5
4463.5
4463.5
4562.5
4444
4483
4443.5
4523
4678
4483
4443.5
4364.5
4423.5
