56.6318
62.1383
66.096
68.0161
70.2784
70.402
71.6878
71.9412
71.6632
73.5745
71.8823
72.155
74.1384
72.5981
72.9759
73.441
71.9404
72.8056
73.5757
71.6703
73.493
73.7724
71.6596
71.6439
71.6693
72.2587
72.8366
72.509
72.4737
72.3488
72.4106
73.1019
71.651
71.6379
72.268
71.7299
73.1256
71.6406
72.5227
72.4289
73.5516
72.3568
73.1212
72.068
72.2266
75.0028
74.0855
72.879
73.9171
73.2983
71.6444
72.7744
73.7702
74.1656
73.4094
74.0831
73.5108
72.4112
71.6442
76.5608
73.3715
72.1552
72.5152
73.5707
75.8054
73.0121
72.4322
73.5284
73.4018
73.6019
73.3187
73.122
71.6288
76.6296
71.6265
71.6227
72.9137
72.4965
71.9758
71.6255
72.6822
71.8008
71.6483
72.0204
71.7989
72.0519
73.4719
71.8068
72.3097
72.088
73.9443
72.516
72.5099
71.6363
71.6612
71.6487
71.8919
73.1243
72.9438
71.6393
72.729
72.5117
73.1675
73.2892
73.5365
73.3956
71.6477
72.0385
73.0867
72.7578
73.8709
72.8475
73.2669
72.0017
