0.709846
0.796472
0.852257
0.895066
0.912071
0.934119
0.942223
0.957223
0.962443
0.96939
0.955937
0.973768
0.956583
0.957794
0.958437
0.950266
0.960939
0.964407
0.948913
0.95952
0.951351
0.941796
0.952944
0.962276
0.957227
0.945227
0.947279
0.951449
0.951671
0.959012
0.951778
0.94718
0.961958
0.943643
0.956697
0.946019
0.941591
0.962822
0.952998
0.956793
0.944468
0.952144
0.953124
0.948648
0.960436
0.941926
0.957638
0.975034
0.979024
0.96699
0.966115
0.972658
0.970627
0.962934
0.966979
0.973127
0.96783
0.955913
0.976782
0.941776
0.952176
0.954991
0.948141
0.950723
0.944143
0.965541
0.968015
0.949595
0.968826
0.962224
0.96656
0.963991
0.976831
0.943108
0.945811
0.976237
0.956216
0.957978
0.960301
0.964902
0.953879
0.950854
0.941777
0.962495
0.943836
0.96307
0.955662
0.954608
0.944307
0.962028
0.957881
0.964111
0.948067
0.95094
0.94748
0.947862
0.955401
0.962025
0.967209
0.955588
0.973785
0.955146
0.950346
0.954654
0.966904
0.963914
0.976409
0.974547
0.962444
0.956194
0.962199
0.968519
0.962475
0.961466
