0.724024
0.796699
0.866404
0.909131
0.937075
0.953956
0.95436
0.975813
1.00365
0.984687
1.0265
0.96521
0.97412
0.981548
0.980011
1.03226
0.998607
0.961555
0.961188
0.977381
0.973514
0.974207
0.989273
0.961091
0.961118
0.964839
0.966496
0.979995
0.976213
0.986837
0.995165
0.980267
0.961238
0.997973
0.982607
1.00212
0.964191
0.969424
0.973185
0.995853
0.979393
0.973325
0.973961
1.03036
1.03165
0.986505
0.971746
1.00743
0.989101
0.99661
0.991443
1.00212
1.00379
1.00037
0.992977
1.00617
0.988426
0.989018
0.9667
0.964317
0.992122
1.00404
1.04921
1.00962
0.987303
0.990226
0.990649
0.999221
0.990848
0.961077
0.990784
1.01131
0.966405
0.961426
1.06247
1.00713
0.972909
0.988647
0.970341
0.963971
0.966878
0.973731
0.980752
0.985792
1.07267
1.00259
0.976263
0.992372
1.03696
0.976767
0.976605
0.965448
0.9868
0.987685
0.981673
0.995424
0.980594
1.03825
0.987616
1.00331
0.973826
1.03591
1.05581
0.98155
0.979641
1.00422
0.980402
0.995347
0.997351
1.01976
1.04072
0.981476
0.990236
1.00338
