117.612793
117.339493
117.316383
117.422012
117.324356
117.343040
117.321854
117.343933
117.337151
117.361633
117.368546
117.345123
117.332611
117.358147
117.369598
117.338531
117.387100
117.376251
117.345985
117.347687
117.352768
117.338684
117.344704
117.337662
117.336800
117.382561
117.361824
117.374786
117.366653
117.349533
Control Period
125.515869
129.238266
127.650406
127.098747
126.676163
127.281189
128.587387
124.993347
Control Period
138.262619
138.542328
138.562683
138.432343
136.850983
138.569611
136.675232
Control Period
143.326462
145.830627
141.776993
140.879913
141.413239
146.036163
141.838409
Control Period
146.357086
146.288422
146.761856
148.282654
145.955261
146.035522
Control Period
150.710022
146.189438
150.704773
150.706879
146.387939
150.745667
150.768250
Control Period
150.732452
150.751099
150.767639
150.766388
150.760895
Control Period
155.454269
150.772034
156.588226
150.724457
150.737061
154.657990
Control Period
151.186310
153.817352
150.729950
155.969696
156.093109
156.149109
156.418076
Control Period
156.250854
157.003555
156.165222
154.799713
150.715805
156.150024
153.315842
Control Period
150.711258
150.728958
156.018616
156.116150
150.734909
153.389954
Control Period
156.515686
156.058502
156.535843
156.251251
156.013153
156.051453
153.194077
Control Period
150.770142
150.756546
150.774048
150.804672
156.154755
156.091339
156.021637
Control Period
150.732025
156.257385
156.142715
154.954346
150.702454
150.693604
Control Period
152.325409
156.425507
156.141754
153.752228
150.724030
150.730682
150.724487
Control Period
150.802887
156.490875
154.058334
150.731262
150.755463
150.734787
155.683777
Control Period
150.729126
150.685181
153.293594
155.916672
156.425125
156.540314
150.727905
Control Period
150.744812
156.329224
154.838562
156.394241
150.705780
156.818085
Control Period
152.224609
150.712585
151.103622
150.730591
150.721161
150.677795
156.612122
Control Period
156.433228
150.722565
156.256226
150.676483
150.691528
156.359314
156.508453
Control Period
150.722687
150.716492
150.707581
150.982178
150.659576
150.646698
156.785660
Control Period
150.701508
150.677948
150.698669
150.671051
150.696869
150.677856
150.680801
Control Period
150.675262
156.376480
150.690628
155.784927
150.652420
152.436539
Control Period
156.566177
150.695969
156.221222
150.715271
156.728577
150.659073
156.163361
Control Period
156.481476
150.663116
150.657898
156.507172
150.736389
150.686722
156.361237
Control Period
154.575516
150.667267
150.674850
150.678680
150.677948
150.692902
150.687256
Control Period
150.686752
150.691269
155.870880
150.705765
150.771942
150.661652
Control Period
155.902206
150.679321
150.660645
150.712387
150.640961
156.349152
150.678375
Control Period
150.675446
155.501663
150.676697
155.354614
150.699799
150.695801
Control Period
158.366364
150.696533
150.687286
157.019562
155.946503
150.662476
150.714478
Control Period
150.948761
150.687332
150.668243
156.431107
150.731995
150.695801
155.828354
Control Period
156.577469
150.694595
150.723236
150.694275
150.720642
150.717346
150.713867
Control Period
155.938873
150.734436
156.185059
150.663910
156.897629
150.677734
156.295486
Control Period
151.839996
150.637665
151.494904
150.628937
150.647766
150.648315
Control Period
156.017853
156.442047
150.844116
156.204956
150.638626
150.669586
150.683685
150.704163
Control Period
150.693024
150.693512
156.063416
150.673569
150.678757
150.684265
150.713501
Control Period
150.681641
150.630920
150.652161
150.635590
150.673431
150.653183
Control Period
157.162781
150.664490
156.116089
150.685059
156.690796
150.693176
156.347748
Control Period
156.433289
150.692932
150.678940
156.790924
150.654999
151.411163
150.695679
Control Period
150.675201
156.427094
150.625336
156.428375
150.680634
150.652374
156.119705
Control Period
153.332794
150.699554
150.671265
150.658508
150.662598
150.664352
150.659973
Control Period
150.644638
156.296570
150.695068
156.766357
150.634277
150.704376
Control Period
156.122131
150.700470
150.678101
150.685486
156.127655
150.685181
Control Period
156.066742
152.876526
150.701874
150.723999
150.699402
150.715332
150.701859
Control Period
155.525452
156.204742
153.694305
150.716217
150.726044
152.223083
156.598587
Control Period
150.750122
150.701508
150.746017
150.730011
150.660889
150.660156
Control Period
150.684189
152.381439
150.675110
156.315643
156.054016
Control Period
160.142273
155.868195
155.766754
151.415619
156.311401
156.528442
Control Period
162.084030
158.417557
155.324768
156.240326
156.606049
151.712646
156.121979
Control Period
156.243805
156.030090
150.681564
156.364777
156.761322
150.689697
156.257980
Control Period
156.845703
156.321533
152.753052
150.639618
156.331772
Control Period
157.516190
156.178802
151.872650
156.252106
155.937378
155.994598
Control Period
155.595123
156.210327
156.177643
151.578156
156.213867
156.026917
Control Period
154.594788
156.083527
153.291656
156.535141
151.410080
155.885696
150.685760
Control Period
156.197311
152.680237
156.434143
155.863068
150.708603
156.416412
Control Period
161.249634
157.179688
152.244003
156.051483
150.667175
155.920441
155.924011
156.366699
Control Period
156.202393
157.129944
152.782074
155.937531
156.343582
150.721024
Control Period
155.895081
156.244934
150.684418
150.700256
153.467422
150.684326
Control Period
156.598267
156.115784
155.887177
156.298218
156.292099
156.380554
156.423462
Control Period
150.715485
150.663452
150.704895
150.708801
150.665955
150.646362
Control Period
156.510498
155.535004
151.629211
150.684601
150.646454
150.685944
150.745575
Control Period
153.083466
155.908707
155.791611
150.683105
150.674377
150.649857
150.656708
Control Period
150.699265
150.663391
150.641113
156.025452
150.683365
152.548767
Control Period
150.733124
153.065308
151.327744
155.472031
152.943710
150.628479
150.639038
Control Period
150.619049
150.616318
150.633499
150.615143
151.736694
152.156982
Control Period
150.653351
152.620544
154.396393
156.381058
156.490433
156.377289
Control Period
156.815948
155.847198
156.063232
150.673798
152.015137
156.639267
156.122437
Control Period
152.589813
150.656647
150.693817
150.669510
150.680389
156.321030
Control Period
154.331573
150.719421
156.217285
155.990601
155.890411
156.003326
155.932892
Control Period
156.081726
150.695892
150.622040
156.101120
156.278717
156.246521
Control Period
156.070923
156.116898
150.646912
156.314651
155.988037
151.163452
Control Period
155.884766
153.268158
151.709991
155.715714
150.641891
155.926392
156.522690
Control Period
156.138275
156.131226
156.381592
155.987198
156.515320
156.679169
156.218079
Control Period
150.665604
150.615295
150.642792
150.657471
150.638977
152.163849
Control Period
152.525970
153.488922
150.639450
150.682404
150.673889
150.676514
150.621445
Control Period
156.091278
156.448364
155.969467
156.097260
156.443237
156.138184
156.319138
Control Period
153.547714
150.630249
150.627167
155.910980
153.295959
150.630341
Control Period
150.638947
150.631866
150.775711
155.824585
155.851395
155.936356
Control Period
156.244537
150.641724
156.002533
156.372986
150.628799
150.663269
154.983612
Control Period
159.964676
150.672928
156.141083
150.632996
156.420700
150.662811
156.195419
Control Period
155.986023
150.680328
150.649445
153.263138
150.660309
156.467682
150.637283
Control Period
150.667099
150.687317
155.032776
150.709442
156.447739
150.710297
150.702332
Control Period
150.694885
150.688232
150.695709
150.659851
150.683258
Control Period
155.979355
156.141403
156.087265
154.466049
150.688232
150.632736
151.014236
Control Period
150.666245
150.674744
150.710495
150.707901
150.667938
152.654327
Control Period
160.906006
154.966095
150.686951
150.702911
154.814621
155.827393
150.734818
Control Period
150.693848
156.592667
150.705750
150.686615
155.819458
152.937088
Control Period
155.446014
150.690826
150.682816
150.682709
156.177307
152.744202
Control Period
150.687927
150.716797
150.674805
150.691162
150.695099
150.658844
153.498932
Control Period
156.241791
156.755524
150.703308
150.665756
156.016251
156.231018
150.857758
Control Period
150.690659
150.665894
151.377350
154.834656
156.055069
155.942276
Control Period
156.247070
153.857635
150.627548
156.120575
156.094452
156.150024
150.707001
Control Period
150.811035
150.664917
152.229462
151.528961
155.248413
150.679108
150.673004
Control Period
155.349518
150.647812
150.615692
156.301819
150.715576
150.711746
150.710236
Control Period
156.226181
150.696808
150.708923
151.468353
150.720963
150.690460
150.665833
Control Period
150.685181
150.709061
156.538589
150.687256
150.666016
150.661575
Control Period
156.114014
150.683258
150.643494
150.640732
156.239227
150.684021
Control Period
151.704346
156.116455
156.519104
156.449158
155.298462
150.696320
Control Period
156.122238
155.986969
152.232697
150.677094
155.673737
156.265625
156.316254
Control Period
156.672455
156.216385
152.437027
150.669693
150.672424
150.696320
Control Period
158.908600
156.548035
156.101151
156.070312
156.297501
156.012161
150.701447
Control Period
156.208801
155.867493
151.591583
150.691895
151.444702
151.135284
Control Period
150.688354
150.667572
150.658844
154.921753
156.081482
150.669739
150.699936
Control Period
156.274811
150.642395
155.831909
150.679962
150.665283
152.372955
Control Period
156.121979
156.317078
153.254791
153.935745
156.400742
156.250366
150.651550
Control Period
150.666931
154.087936
156.516876
156.394012
155.871368
151.820511
Control Period
156.349854
156.102570
156.318054
156.312927
156.294495
155.974335
Control Period
159.197998
156.546402
156.300354
155.986526
151.196503
156.337372
Control Period
156.314026
156.329849
155.823914
156.464737
150.649506
150.666138
151.688965
Control Period
155.737503
152.884674
150.724121
156.297409
151.636566
150.665924
Control Period
156.312286
150.659134
155.901703
154.225632
150.707977
155.904327
154.621185
Control Period
155.241699
156.171417
155.400665
156.260193
150.688797
156.357452
Control Period
156.052887
156.413055
154.307556
150.692871
153.339355
156.456100
150.710083
Control Period
155.985184
156.842941
156.148834
152.612000
150.721222
150.697311
150.719711
Control Period
175.032349
190.038940
205.063141
220.106750
235.138855
250.167816
265.190491
280.216827
295.247040
310.274933
325.298645
340.331665
355.360077
370.398865
385.416809
400.444519
415.472870
431.374451
