0.707605
1.05647
0.909628
0.877462
0.885142
0.899697
0.883434
0.909968
0.894109
0.901058
0.902075
0.90133
0.895555
0.902114
0.891611
0.894595
0.893067
0.908005
0.909593
0.913397
0.886598
0.89902
0.905043
0.905948
0.8948
0.902496
0.891277
0.899807
0.903247
0.907313
0.891675
0.901144
0.916834
0.893981
0.896498
0.902083
0.911564
0.886344
0.896527
0.89741
0.895128
0.900893
0.897488
0.910016
0.892168
0.899865
0.901628
0.904479
0.912137
0.8803
0.912254
0.895356
0.904792
0.892518
0.898702
0.917964
0.903738
0.898162
0.881112
0.894466
0.892568
0.911058
0.903323
0.901495
0.89393
0.909286
0.891694
0.907803
0.900603
0.898813
0.910681
0.870813
0.903028
0.897885
0.903711
0.903296
0.892793
0.906403
0.904706
0.900617
0.895591
0.897958
0.907888
0.901299
0.915278
0.885369
0.889098
0.908774
0.904167
0.900336
0.903644
0.890853
0.897108
0.900165
0.901117
0.904267
0.898731
0.893708
0.904061
0.908542
0.90214
0.903909
0.893132
0.891087
0.896605
0.909563
0.91503
0.886304
0.905639
0.891998
0.896009
0.903533
0.896164
0.90245
