57.9762
59.9094
59.9082
59.8896
59.8957
59.8946
59.8862
59.9171
59.8965
59.8964
59.9012
59.8957
59.8868
59.8852
59.8945
59.8659
59.8788
59.8833
59.8741
59.8808
59.8893
59.886
59.8781
59.8831
59.8933
59.8997
59.8883
59.8951
59.8922
59.8922
59.9115
59.8947
59.8889
59.8852
59.8953
59.8882
59.8787
59.9033
59.9057
59.9007
59.9001
59.8927
59.8856
59.8799
59.897
59.8738
59.8905
59.8926
59.8812
59.8934
59.8817
59.8864
59.8987
59.9052
59.9121
59.8867
59.8833
59.895
59.8955
59.8896
59.8911
59.8956
59.8939
59.9004
59.876
59.8822
59.8928
59.8952
59.8928
59.8971
59.8819
59.9082
59.8926
59.8851
59.9035
59.9102
59.9004
59.8958
59.8939
59.8805
59.8691
59.8823
59.901
59.8831
59.8719
59.8694
59.8998
59.903
59.8877
59.885
59.8885
59.8936
59.8868
59.8954
59.887
59.8725
59.8748
59.8758
59.876
59.8699
59.8884
59.8874
59.8752
59.882
59.8864
59.8876
59.8748
59.8776
59.8941
59.8824
59.8829
59.8829
59.8751
59.8735
59.8963
0
