0.70835
0.761097
0.781021
0.79757
0.811598
0.822458
0.83187
0.839061
0.844616
0.849398
0.852534
0.855215
0.85685
0.858357
0.859878
0.860217
0.861001
0.861148
0.861415
0.861589
0.861727
0.86164
0.861745
0.861469
0.861391
0.86129
0.860703
0.860613
0.860562
0.860454
0.860156
0.85972
0.859388
0.85932
0.859317
0.85901
0.858864
0.858628
0.858354
0.85789
0.857738
0.857724
0.857725
0.857429
0.857323
0.856731
0.856719
0.856684
0.856444
0.856439
0.856217
0.855846
0.856066
0.855804
0.855712
0.855415
0.855333
0.85548
0.855005
0.854911
0.854742
0.854543
0.854544
0.854518
0.854096
0.854171
0.854182
0.853919
0.853908
0.853839
0.853476
0.853633
0.853484
0.853187
0.853392
0.8533
0.853137
0.852973
0.852883
0.852708
0.852618
0.852677
0.852699
0.852381
0.852487
0.852248
0.852608
0.852504
0.852222
0.851962
0.852051
0.852031
0.851806
0.851773
0.85179
0.851883
0.851642
0.851704
0.851882
0.851821
0.85155
0.851692
0.851413
0.851473
0.851332
0.851359
0.851041
0.85143
0.851281
0.851187
0.851204
0.851319
0.851225
0.850737
0.851261
0
