56.6176
58.6325
58.6267
58.6179
58.6128
58.6232
58.6126
58.6143
58.6054
58.6043
58.6071
58.6059
58.6041
58.5958
58.6104
58.6034
58.608
58.6146
58.6018
58.6021
58.6064
58.6142
58.6084
58.5984
58.5972
58.6061
58.6123
58.614
58.6004
58.6135
58.6078
58.6018
58.6033
58.6031
58.6022
58.6123
58.6033
58.6133
58.6019
58.5942
58.5907
58.5927
58.6006
58.613
58.6158
58.6217
58.6159
58.6052
58.6058
58.6102
58.6257
58.6223
58.6202
58.6098
58.6167
58.606
58.6114
58.6128
58.5897
58.5942
58.598
58.6046
58.6097
58.6031
58.6189
58.612
58.5873
58.5875
58.6056
58.5928
58.6081
58.5926
58.5891
58.5887
58.617
58.5937
58.5993
58.588
58.6057
58.5909
58.6099
58.6108
58.6035
58.6187
58.6027
58.604
58.5966
58.5981
58.5974
58.6003
58.6047
58.6022
58.6119
58.6116
58.6158
58.6045
58.6029
58.5935
58.5994
58.6085
58.6022
58.5984
58.6023
58.6133
58.5955
58.6053
58.6121
58.5945
58.6015
58.606
58.6084
58.6191
58.5952
58.6049
58.6151
0
