160
156.988
154.994
153.333
151.947
150.797
149.834
149.03
148.355
147.777
147.281
146.849
146.467
146.123
145.811
145.532
145.267
145.024
144.796
144.58
144.377
144.187
144.002
143.826
143.656
143.494
143.339
143.183
143.034
142.892
142.755
142.625
142.493
142.363
142.238
142.119
142.001
141.886
141.778
141.672
141.566
141.463
141.364
141.269
141.172
141.083
140.99
140.903
140.821
140.738
140.659
140.582
140.507
140.439
140.373
140.309
140.242
140.177
140.117
140.057
140
139.941
139.885
139.832
139.782
139.728
139.678
139.631
139.586
139.543
139.501
139.456
139.418
139.377
139.335
139.3
139.268
139.233
139.198
139.163
139.128
139.09
139.058
139.031
139
138.969
138.938
138.917
138.896
138.871
138.845
138.821
138.799
138.773
138.751
138.729
138.706
138.684
138.663
138.644
138.625
138.608
138.593
138.574
138.558
138.543
138.529
138.512
138.498
138.486
138.472
138.459
138.448
138.435
138.419
0
