0.238296
0.405896
0.462975
0.463206
0.471687
0.506336
0.519907
0.545007
0.546724
0.571431
0.600617
0.635291
0.653518
0.700256
0.736091
0.954255
1.21589
1.05985
0.811291
0.718273
1.10745
1.52162
1.09758
0.850187
0.888571
0.952976
0.975685
0.974166
0.939366
0.94206
0.936605
0.937001
0.92306
0.950505
0.954131
0.950023
0.966422
0.958798
0.969139
0.953885
0.933388
0.945342
0.929312
0.930659
0.927504
0.937818
0.949823
0.952934
0.961178
0.963712
0.938912
0.961111
0.947782
0.94396
0.936569
0.94602
0.955754
0.943545
0.954408
0.944376
0.953135
0.945319
0.956136
0.92481
0.929364
0.917548
0.92676
0.928674
0.9417
0.953306
0.962014
0.958905
0.954868
0.945905
0.92755
0.927223
0.933893
0.947455
0.954123
0.957211
0.950109
0.964134
0.951381
0.939208
0.938918
0.9241
0.922251
0.923067
0.926935
0.936867
0.926082
0.940468
0.947932
0.940902
0.917143
0.937273
0.940966
0.932333
0.928172
0.937569
0.953446
0.941259
0.947252
0.894205
0.818508
0.927576
1.00597
0.978823
0.964261
0.949347
0.888348
0.837395
