10.9749
18.0665
17.9526
19.0961
19.1607
20.0318
20.4605
20.3786
21.9558
26.0241
27.1643
28.8958
29.618
30.5823
33.5113
38.9889
41.3995
40.7501
35.4382
32.8669
40.2521
41.4086
35.8978
34.3108
35.7012
40.4732
41.0874
41.7503
40.198
40.5667
40.3213
40.4669
39.1486
40.011
40.0962
40.0869
39.6677
38.864
39.8423
39.2702
39.5978
40.1871
39.3086
39.1959
39.7171
39.6417
39.6003
40.1537
39.6146
38.949
37.7885
39.8173
38.6521
39.6709
39.4593
39.4141
39.4807
39.0092
39.025
37.5335
38.6857
38.2472
39.665
39.2362
39.6242
38.5509
39.5625
39.1042
39.4743
39.894
39.4834
39.5183
40.4463
39.8261
39.446
39.0374
38.2886
39.324
39.5027
39.378
38.0402
39.6861
38.6748
39.2159
39.6794
39.3783
38.8201
39.1753
39.3791
39.3197
37.8812
38.7847
39.5255
40.5545
38.8485
40.4542
40.3969
40.386
39.8527
40.2644
40.8018
40.4283
40.8799
38.1504
34.8753
39.7444
41.6782
41.6098
40.927
41.3852
38.186
36.925
