38.1274
64.9434
74.0761
74.1129
75.4699
81.0138
83.1852
87.2011
87.4758
91.4289
96.0988
101.647
104.563
112.041
117.774
148.869
162.531
152.599
129.807
114.924
159.293
163.424
139.228
136.03
142.171
152.191
155.372
155.519
150.299
150.73
149.857
149.92
147.69
152.081
152.661
152.004
154.627
153.408
155.062
152.622
149.342
151.255
148.69
148.905
148.401
150.051
151.972
152.469
153.788
154.194
150.226
153.734
151.46
151.034
149.851
151.363
152.921
150.967
152.705
151.1
152.352
151.251
152.982
147.97
148.698
146.808
148.282
148.588
150.672
152.529
153.922
153.425
152.779
151.345
148.408
148.356
149.423
151.593
152.66
153.154
152.017
154.261
152.221
150.273
150.227
147.856
147.56
147.691
148.31
149.899
148.173
150.475
151.669
150.544
146.743
149.964
150.555
149.173
148.508
150.011
152.551
150.601
151.56
143.073
130.961
147.655
159.5
155.103
154.094
151.896
142.136
133.983
