77.970436
11.850752
8.134657
8.137728
8.136703
16.404480
8.139776
8.136703
13.437952
11.859968
8.137728
8.137728
8.142848
11.900928
8.138752
8.139776
13.425664
11.867136
8.136703
8.134656
8.136703
17.514496
8.135680
8.139776
13.433856
11.857920
8.140800
8.139776
8.136703
17.524736
8.135680
8.137728
13.003489
11.868160
8.138752
8.158208
8.138752
17.524736
8.138752
8.140800
15.265791
13.009920
8.139776
8.137728
8.139776
17.538048
8.141825
8.143871
13.031424
13.016064
8.137728
8.142848
8.136703
17.539072
8.136703
8.135680
13.008896
13.009920
8.139776
8.137728
8.139776
17.537024
8.138752
8.139776
12.999680
13.007872
8.140800
8.142848
8.135680
16.661503
8.137728
8.137728
13.003777
13.002752
8.142848
8.138752
8.145920
16.672768
8.140800
8.139776
13.016064
13.016064
8.140800
8.138752
8.137728
16.655361
8.142848
8.138752
12.316672
11.761663
8.143871
8.143872
8.137728
16.397312
8.139776
8.143840
12.328960
11.765760
8.144896
8.138752
8.146944
17.537024
8.139776
8.135680
12.332031
11.772928
8.137728
8.138752
8.136703
15.422464
8.136703
8.138752
10.573824
11.772928
8.139776
8.135680
Control Period
8.135680
29.822975
10.759169
10.759169
25.228287
20.508671
13.232128
15.746048
10.758144
29.658112
10.688512
10.689536
25.228289
20.530174
15.751167
17.723392
10.757120
29.788158
10.689536
10.688512
25.225216
20.290560
15.801344
15.743999
10.758144
29.819904
10.688512
10.689536
24.918015
20.171776
18.165760
17.946625
10.756096
28.903423
Control Period
10.700800
10.991615
23.736320
16.380928
25.705471
21.013504
10.908672
26.064896
10.911744
10.985472
23.738369
16.381952
25.655296
21.032959
10.908672
26.018816
10.907648
10.906624
23.487488
16.616447
25.713665
19.422207
10.905600
28.072960
10.907648
16.007168
23.472128
16.390144
25.637888
19.885056
10.987520
28.113920
10.906624
10.910720
Control Period
21.949440
17.126400
25.928703
20.625408
11.148289
28.879871
13.698049
11.067392
23.994368
17.097729
28.248064
20.632576
11.149312
27.589632
13.694977
11.079679
23.987200
17.074177
28.231680
17.979391
11.157504
28.733440
17.275904
11.069440
23.000065
16.229376
28.227585
18.079744
11.146240
28.646400
13.614080
11.146240
23.550976
16.208897
Control Period
28.234753
16.393215
11.419647
29.365248
13.914112
11.324416
24.562687
16.416767
27.924480
16.415745
11.324416
29.059071
13.885440
11.324416
24.636415
16.468992
28.039167
16.420864
11.325439
29.325312
16.303104
13.895679
24.536064
16.423935
27.803648
16.288769
11.370496
29.426687
16.532480
13.878273
24.547329
16.407553
27.816959
16.288769
11.325439
Control Period
29.338623
16.422913
16.729088
23.242752
15.461376
26.939392
16.613377
11.511808
29.970432
16.743423
16.713728
22.852608
15.233025
26.958847
16.721920
11.510784
29.786112
16.711679
16.704512
22.871040
15.235071
28.777473
21.823488
11.603968
30.024704
16.627712
16.616447
23.076864
15.455233
29.590527
12.429312
11.513856
30.054399
19.214336
Control Period
19.173376
23.305216
15.966208
29.186047
16.339968
11.792383
30.564352
16.932863
19.485695
23.593985
15.961088
28.823551
13.270016
11.785215
30.581760
19.383297
22.018047
25.911297
13.289472
29.175808
13.680640
11.815936
30.544895
19.382271
11.695105
23.607296
13.295616
29.089792
13.778944
11.792383
30.548992
19.485695
24.333313
23.364609
13.048832
30.573568
Control Period
24.365055
12.089344
31.266815
19.564545
14.570496
23.908352
11.994112
31.325184
12.473344
11.986944
31.114241
19.536896
17.141760
23.898113
13.788160
30.862335
12.713984
11.988993
31.119360
19.598335
24.615936
24.124416
13.800447
31.121407
11.987968
11.986944
31.105022
21.543938
24.606720
24.131584
13.686784
30.877697
11.986944
11.988993
Control Period
30.822399
22.389759
20.063232
27.264000
17.014784
31.695871
12.194817
12.198912
31.718399
22.400000
24.851456
24.719360
12.195841
31.807487
12.305408
12.307456
27.037697
22.396927
25.009151
24.717312
12.197887
31.673344
12.194817
12.197887
30.358528
22.439938
19.947521
27.237377
14.635008
29.853695
23.639040
12.197887
30.359552
22.453247
Control Period
24.853504
27.742208
13.062144
40.157185
12.419072
15.025152
35.594238
26.167297
34.201599
30.684160
13.047808
40.164352
12.420095
15.026176
35.558403
26.158081
34.110466
27.660290
12.422144
40.341507
12.536832
20.326401
38.010880
26.148865
34.103294
27.673599
12.432384
40.098816
12.421120
20.313087
38.909950
26.156033
31.694847
27.177982
Control Period
12.423168
38.548481
12.665855
20.349953
39.469055
26.887169
33.049599
18.994175
12.663808
40.848385
12.661664
17.885183
39.465984
26.836992
32.986111
29.806593
12.665855
40.876030
12.662785
23.072769
38.559746
28.260351
35.260418
36.190208
29.215744
40.853504
12.663808
30.594048
38.537216
28.269567
35.266560
26.045441
12.664832
40.849411
12.699648
Control Period
25.674751
39.282688
28.592129
34.529282
36.904961
16.504833
41.291775
15.973376
20.747265
39.276543
28.596224
34.327553
36.571136
13.765633
42.613762
16.222208
20.768768
35.478531
28.427265
33.943550
36.386818
14.088192
41.247742
12.791807
23.374847
39.247871
28.590080
37.385216
29.344767
12.795904
42.610687
12.923904
23.372799
39.099392
28.602367
Control Period
36.276222
37.771263
17.547264
42.774529
13.059072
26.153984
39.662590
27.767807
34.856960
37.514240
14.464001
42.786816
13.058048
26.135551
37.335037
27.763712
38.122498
35.203072
13.060096
41.986046
13.057024
26.149887
37.335041
27.765759
38.128639
35.173378
13.097984
42.895363
13.200384
28.761087
39.665665
27.755520
31.108097
Control Period
32.615425
13.066240
43.177986
15.980544
28.804096
37.760002
29.944832
38.408192
36.222977
14.826496
43.181053
13.343744
28.804096
37.977089
30.052353
38.526978
38.800385
14.826496
42.867714
35.148800
28.892159
37.563393
29.329407
36.303871
37.087234
13.202433
42.871807
15.822848
28.805120
38.160385
30.136320
37.829632
36.111359
13.347839
Control Period
42.885117
16.137215
31.674368
36.242432
33.574913
37.716991
38.145023
31.106049
41.349121
31.660030
29.322239
38.584320
31.000576
37.314560
40.508415
28.770304
43.278336
31.229952
31.671295
38.207489
30.350336
38.501373
40.386559
20.889599
43.411453
18.765823
31.483906
38.155266
28.994560
37.315582
38.126595
20.877312
43.124737
18.623489
Control Period
29.420544
41.680897
27.463680
36.262913
41.280510
31.578112
41.401344
30.252033
26.756096
41.166847
35.461121
36.576256
41.701378
37.451775
39.699455
41.566208
41.031681
43.031555
41.606144
41.499649
40.775681
42.978302
41.632767
41.638908
39.747581
41.360382
43.234306
41.017342
39.730179
41.133057
43.249664
41.612289
41.635841
Control Period
41.647102
39.746559
43.498497
41.645058
41.663490
41.243645
43.233280
41.385986
43.528191
41.276417
43.234306
41.018368
39.768066
41.107456
43.288574
41.547775
41.400322
43.108353
40.471550
39.497726
41.601021
39.020546
40.887299
41.646080
41.351166
40.540161
41.093121
41.634815
39.731201
39.735298
41.162750
43.235329
41.063423
41.569283
Control Period
40.876030
42.755074
43.241470
40.891392
38.642689
40.912895
42.688511
40.880127
38.424576
41.801727
42.343422
40.881153
38.669312
42.760193
42.438656
40.503296
38.491135
42.572800
40.109055
38.543358
41.004032
42.663937
42.186752
38.090752
38.447105
42.322945
40.032257
38.530045
38.650879
42.174465
41.438210
40.544258
38.363136
42.627071
Control Period
39.987198
38.566910
38.658047
42.434559
41.453568
38.458366
35.956734
41.653248
35.920895
36.322304
38.468609
36.862976
42.796032
38.089729
31.008766
43.071487
32.271358
34.677761
38.670334
31.513599
42.819584
30.091263
29.266945
40.899582
30.125057
34.352127
37.082115
13.339647
43.253761
13.360128
29.078527
40.895489
29.144064
34.347008
Control Period
37.754879
24.036352
41.427967
21.280769
29.266945
40.878082
29.148159
35.105793
38.070274
28.942337
43.240448
22.918144
29.270016
40.884224
29.258751
31.645695
32.835583
23.575552
43.251713
13.493248
29.283329
43.131905
29.134848
35.430401
38.660095
29.274113
43.267071
27.951103
29.285378
43.118591
29.148159
35.414017
38.659073
29.430784
Control Period
41.617409
33.123329
29.661184
41.780224
30.253056
36.538368
41.621506
39.747585
39.768066
41.655296
41.649155
41.659393
41.628670
43.525120
41.619453
43.502594
41.625603
39.764992
39.773186
41.664513
40.372223
40.687614
41.641983
39.740417
39.755775
41.661438
41.617409
41.616383
41.605122
41.611263
39.758846
41.625599
43.564034
39.748611
41.639938
Control Period
41.637886
41.656319
39.764992
43.531265
39.311359
43.258881
41.545731
41.501698
40.698883
43.150337
41.610237
41.399296
38.164482
43.416576
41.601025
39.224319
40.430592
41.659393
39.667713
39.780354
41.601021
41.003006
43.268097
41.668610
41.596931
43.230209
42.858498
41.636864
39.623680
40.603645
43.290623
41.654274
41.438210
Control Period
40.392704
43.109375
42.592255
37.625854
40.430595
40.427521
43.123711
36.099072
40.426498
40.460289
40.113152
37.023743
32.336895
36.197376
43.138046
15.972352
28.053505
34.469887
40.269821
37.007362
31.997952
35.768318
43.136002
15.963136
27.862015
31.835136
40.247299
37.686272
35.374077
36.084736
43.101181
22.717440
32.399361
37.083138
Control Period
40.141823
37.486591
35.731457
36.115456
43.133949
22.732800
32.393215
37.065727
40.132607
37.009407
32.161793
33.394688
42.749954
15.969280
27.964417
31.847424
42.478592
37.092354
32.577538
36.311043
42.762238
14.889984
34.786304
34.491390
42.466305
37.112831
32.001022
30.058495
43.121666
18.591743
32.342018
33.118210
42.022911
Control Period
36.902912
27.898880
33.867775
43.222015
18.756607
31.140863
34.509823
42.245121
37.493759
30.795776
36.300800
42.920959
18.591743
32.657410
40.422401
42.701824
37.644287
30.541824
36.099072
43.256832
25.814016
35.759102
40.720383
42.106880
37.109760
28.313601
33.424385
43.212799
35.530750
37.075966
38.553600
42.806274
40.000511
35.440639
Control Period
38.091774
42.896385
28.004353
35.739647
40.911873
42.808319
39.990273
35.739647
38.535168
43.226112
35.833855
38.063103
40.903679
43.003906
40.229889
40.411137
40.868866
43.213825
40.401920
40.421379
40.890369
43.230209
40.916992
40.882175
40.890366
42.748928
42.568703
43.228157
40.888321
42.799103
40.439808
40.896515
40.885246
42.758141
43.243519
Control Period
43.226112
41.033730
42.801151
40.403969
43.243523
40.408066
42.742783
40.868866
43.227135
40.436737
42.806274
40.877056
43.243519
40.446976
42.655743
40.883202
40.880127
40.401920
42.768383
40.916992
42.755074
38.559746
43.232254
40.915970
42.759171
38.086655
43.239426
43.272194
40.487938
35.788799
43.224064
43.241470
31.262718
35.873791
Control Period
43.253761
43.224064
40.227840
40.426498
43.237373
43.274239
40.211456
40.428543
43.243523
43.004929
39.553024
39.952385
43.223038
43.234303
40.304642
40.418304
43.253761
42.765312
39.411713
40.311806
43.116543
43.244545
40.403969
40.413185
43.105278
42.801151
40.564735
40.887299
43.092995
43.235329
40.897537
40.876030
43.242493
40.670208
Control Period
39.604225
38.534142
43.112450
40.901634
42.788864
38.535168
42.750977
38.322174
38.037506
38.463490
42.432510
43.254784
38.533119
38.437889
40.567810
38.548481
38.083588
38.645760
43.162624
42.783745
40.532993
38.649857
42.781696
38.102016
37.066750
38.668289
42.910721
42.768383
38.176765
38.648834
43.134975
40.893440
37.841919
38.424576
42.827774
Control Period
43.230209
38.537216
38.641663
43.128830
40.896511
37.914627
38.429695
42.819584
43.230209
40.780800
38.447105
42.828800
40.901634
37.864449
38.446083
42.637314
43.242496
40.098816
38.444031
42.797058
40.889343
37.606400
38.427647
43.099136
43.204609
38.540287
38.530048
42.420223
40.768509
38.098946
38.492161
42.414078
43.206657
40.251389
Control Period
38.435837
42.641407
40.867840
38.594559
38.466560
42.667007
43.239426
40.411137
38.454269
42.473473
40.999939
35.771393
38.454273
42.713089
43.238400
40.410110
39.571457
42.432510
41.017342
35.844097
38.456322
42.703873
43.245567
40.160255
37.075970
42.826752
40.987648
35.427330
39.417854
43.057152
43.224064
39.911423
34.748413
42.978302
Control Period
40.991745
35.812351
40.441856
42.622974
43.164673
40.819710
40.215553
42.428413
40.870911
36.332542
40.104958
42.423294
43.353088
40.416256
37.190655
42.698753
40.993790
38.560768
39.439362
40.424446
43.346943
40.376320
37.166080
42.687489
43.025406
36.163582
39.797760
40.898560
43.344894
40.290306
39.434242
40.777725
43.020287
36.239361
Control Period
39.836670
40.835072
43.359230
39.971840
39.455742
40.890366
42.896385
36.089855
37.396481
40.883202
43.130882
35.161087
37.908478
40.750080
42.563583
37.420033
38.071297
40.478722
43.132927
30.420994
36.302849
42.535934
42.580994
37.340160
37.076992
38.529022
43.005951
30.794750
37.276672
40.888321
42.773506
32.736256
35.998718
38.534142
43.174911
Control Period
35.209213
37.724159
40.876030
43.022339
37.995522
39.527424
40.773632
43.315201
35.466240
39.419903
40.912895
43.088898
37.701630
39.424000
40.910851
43.194366
35.236866
40.137726
40.856575
42.656769
37.412865
40.204288
40.904705
43.365376
40.197121
39.524353
40.752129
43.124733
37.916672
39.406593
40.871933
43.353088
35.552258
39.440384
40.906754
Control Period
43.121666
38.217728
40.168449
40.451073
42.910721
38.006783
39.988224
40.440834
43.129856
38.180862
39.602177
40.676353
43.252739
37.934082
39.393280
40.659966
43.132927
37.967873
37.149696
40.645634
43.271168
35.794945
39.483391
40.466431
43.132927
38.057983
37.251072
40.399872
43.237373
35.736576
37.143551
40.742912
43.232254
40.290302
Control Period
39.586815
40.483841
43.232254
40.212479
39.501823
40.713219
43.134975
39.888897
34.756607
38.563843
43.122688
39.668736
39.424004
38.552574
43.244545
39.854080
39.425026
40.475647
42.937344
35.609600
39.964672
40.444931
43.140099
40.299522
39.591934
40.546303
43.227135
40.203262
34.846718
39.415810
42.788864
39.468033
35.912704
40.717312
Control Period
42.763264
34.776066
40.892418
40.470528
42.800129
39.685120
35.914753
40.602623
42.780670
34.588673
40.429565
37.900291
43.214848
39.798782
39.447552
40.467453
43.104256
35.352577
40.581123
40.420349
43.262978
40.262657
40.433662
40.434689
42.763264
33.220608
40.883202
37.534721
42.766335
40.422401
36.777985
37.507072
43.215874
33.225727
Control Period
38.075394
35.070976
43.211777
40.639488
34.648064
37.070847
42.781696
33.242111
40.888321
37.840897
42.757118
40.427521
36.836353
37.377022
43.237373
38.067200
40.433662
37.071869
42.766335
40.420349
31.852545
35.550209
43.234306
37.787647
40.416256
37.097473
42.761215
40.864769
32.812035
37.196800
42.755074
37.833729
40.421375
37.927937
Control Period
43.249664
43.251713
40.255486
37.155838
42.759171
37.727234
40.549377
38.092800
43.169792
42.773506
34.450432
37.067776
42.760193
37.684223
40.515583
38.069248
42.878975
42.749954
34.486275
37.070847
42.745857
37.815296
40.615936
38.104065
42.971138
42.785793
34.451454
37.062656
43.043839
33.662979
42.041344
37.082111
42.779648
42.757118
Control Period
34.446335
35.380226
43.223038
37.846016
40.429565
37.053440
42.767357
42.753021
31.702017
35.071999
42.967041
38.258690
40.677376
39.428093
42.780670
42.761215
34.487297
37.432320
42.762238
37.750786
40.451073
39.940094
43.217918
42.843136
37.148670
35.087360
42.760193
37.813248
40.449024
39.405567
42.440704
43.202560
32.576515
37.872643
Control Period
42.793983
40.779778
38.541313
40.427521
42.418175
42.748928
34.713600
36.086784
42.428413
38.118401
37.087231
37.433342
42.908672
43.241470
37.758976
37.444611
42.411011
40.451073
38.095871
37.438461
42.465279
42.764290
34.626560
35.111935
43.100159
40.463364
38.075394
37.423103
42.766335
42.767361
36.982784
35.092480
42.451965
40.425472
38.079487
Control Period
37.417984
42.915840
43.206657
40.473602
37.437439
42.428413
42.777603
38.092800
37.421055
42.422272
42.946560
40.105984
38.139904
42.434559
42.783745
38.104065
37.420033
42.403839
42.786816
37.003265
37.434368
42.429443
43.233280
38.385666
40.446976
42.431488
42.756096
34.629631
34.721790
42.413055
40.414207
38.091774
37.430275
42.819584
Control Period
43.212799
37.947395
38.664192
42.701824
40.422401
37.098495
38.435837
42.449921
42.792961
34.648064
37.092354
42.465279
40.436737
37.127167
38.450176
42.416126
43.124737
34.612225
37.513214
43.120640
40.410110
37.070847
38.447105
42.444801
42.780670
29.679615
34.740227
40.440834
40.434689
37.070847
38.425598
42.415104
42.780670
34.617344
Control Period
37.088257
42.971138
40.877056
37.469185
38.439934
42.441727
42.756096
34.703362
37.055489
42.409985
40.415234
36.101120
39.428093
42.687489
43.236351
40.414207
37.063679
42.425346
43.129856
36.109314
37.435394
40.438782
42.785789
29.678593
34.758656
32.465919
43.119614
36.175873
35.819519
42.967041
43.113472
40.409088
37.073921
Control Period
42.407936
43.151360
36.325375
40.314880
42.447872
43.129856
39.425026
37.088257
42.442749
40.763393
36.091904
37.667839
40.883202
43.024384
39.497726
37.071873
42.427391
43.140099
36.079617
37.061630
40.647682
43.236351
32.898048
37.091328
40.444927
43.109375
36.105217
37.096447
40.442879
43.153408
32.565247
38.081535
42.501122
42.564606
Control Period
36.099072
39.456768
40.891392
43.230209
39.630848
37.046272
40.433662
42.565632
36.102142
39.434242
40.455170
43.346947
35.319809
37.262337
42.428417
42.667007
36.102142
32.113663
41.533440
43.224064
30.467072
37.266434
42.423294
43.131905
38.097923
37.443584
42.435585
43.378685
40.383488
39.589890
42.423294
43.143169
36.075520
39.428093
42.427391
Control Period
43.112450
32.123905
38.073341
42.577919
42.670082
36.093952
39.455742
42.417152
43.228157
32.775169
37.970943
42.434559
43.109375
37.403648
39.410686
40.427521
43.308029
35.734528
39.739391
40.463360
43.143169
37.435390
39.428097
40.441856
43.105278
32.472065
40.372223
42.993664
43.141121
37.445633
39.424000
40.438782
43.280384
32.453632
37.905411
Control Period
43.110401
43.346943
38.072319
39.500801
42.415104
43.136002
35.078144
37.107712
40.465408
43.130878
37.849091
40.398849
42.473473
43.105278
35.077122
39.443459
40.432640
42.654720
37.441536
39.719936
40.888321
43.194366
35.184639
39.411713
40.420349
42.759171
37.412865
39.386112
40.416256
43.209728
35.772415
39.995392
40.426498
42.787842
Control Period
37.437439
40.256516
40.652802
43.132927
35.106815
39.445503
40.425472
42.751999
37.409790
39.408638
40.423424
42.749954
32.439297
39.995392
40.879105
42.890240
37.512192
39.405567
40.424446
42.762241
32.461823
37.098495
40.430592
42.783745
37.465088
39.461887
40.424446
43.209728
38.147072
39.604225
40.438782
42.804222
37.440510
Control Period
39.447552
40.782848
43.213821
37.886978
39.389183
40.416256
42.789886
37.445633
39.440384
40.452095
42.754047
29.849602
38.074368
39.447552
42.814465
39.442429
39.431168
40.434689
42.471424
28.243967
38.126595
34.455551
42.780670
37.415936
37.788673
37.087231
43.211777
33.277954
38.281216
39.438339
42.767357
40.435715
37.883904
37.088257
Control Period
42.808319
33.145855
38.553600
39.792641
42.783745
40.475647
34.470913
37.081089
42.785789
33.216515
38.094849
34.460670
42.757118
40.422401
34.451454
37.053440
42.754047
33.201153
38.092800
34.451458
42.784767
40.424446
26.860544
35.108864
42.771454
35.818497
39.409664
34.461697
42.759167
40.441856
29.425663
35.087360
42.786816
35.813377
Control Period
39.397377
37.453823
43.257858
40.615936
39.582718
37.075966
42.753021
40.445953
37.097473
37.073921
42.793983
43.133949
26.825729
35.109886
42.770432
42.777599
39.412735
39.409664
42.857471
43.240448
37.453823
37.073921
42.760193
42.771454
39.415810
39.418877
42.786816
42.819584
34.377728
37.054466
42.759171
42.803200
39.391232
Control Period
37.041153
42.748928
43.226112
40.433662
37.305344
42.774529
37.694466
40.440834
37.080063
42.784767
42.785789
31.715328
35.078144
42.775551
37.838844
40.422401
39.409664
42.431488
42.766335
26.786816
35.100674
42.777599
37.742592
40.443905
39.444481
42.442753
42.773506
29.400063
35.094528
42.431488
33.124352
35.095551
37.440514
42.434563
42.777599
29.410305
Control Period
35.134464
43.116547
40.722431
38.105087
37.422081
42.765312
42.773506
36.994049
35.078144
42.420223
40.457214
38.074368
37.428223
42.766335
42.759171
36.978687
35.097599
42.419197
35.848190
41.744385
37.403648
42.412033
42.793983
36.964352
35.092480
42.434563
40.453121
38.102016
37.912575
43.235329
42.801151
40.435711
37.425152
42.442753
40.467457
Control Period
38.090752
37.922813
43.071487
42.802177
40.441856
37.456894
42.425346
42.775551
38.112255
37.433342
42.426369
42.795006
34.758656
37.444611
42.428413
42.758144
38.100990
37.451775
42.427391
42.790913
32.288769
32.780289
42.444801
43.130878
36.111359
37.441536
42.430466
42.787842
32.019455
37.119999
40.441856
43.152382
36.092926
Control Period
39.442432
42.627071
43.245567
35.303425
37.236736
37.072895
43.157505
36.105217
39.450623
42.420227
43.119614
32.026623
37.086208
40.463360
43.123711
37.446655
39.413757
42.428417
43.115520
32.012291
37.073921
40.435715
43.123711
37.422081
39.408638
40.426498
43.122688
32.487423
39.456768
40.446976
43.111427
37.415936
39.413757
40.436737
Control Period
43.136002
32.505856
40.347649
42.846207
43.128830
37.438461
39.443459
40.418304
43.116543
32.471039
39.433216
40.449024
43.114494
37.410816
39.441406
40.409088
43.115517
32.449535
39.402496
40.419327
43.123711
37.423103
39.418880
40.443901
43.141121
32.479233
39.440384
40.450050
43.106304
37.431297
39.420929
40.439808
43.116547
32.453632
39.438335
Control Period
40.427521
43.220993
38.201344
39.697411
40.436737
42.759171
37.433342
39.448578
40.436737
42.686462
37.431297
39.385086
40.424446
43.127808
27.407360
37.098495
40.432640
42.687489
37.342209
37.101566
40.444931
43.124737
27.375616
34.732033
39.418877
42.792961
37.430271
37.102592
40.417282
42.790909
32.482304
39.414787
40.423424
42.767361
37.415936
Control Period
37.041153
40.898560
43.157505
37.723137
34.749439
36.774914
42.777599
37.427200
39.461891
40.421375
42.771454
29.850624
38.090752
39.401474
42.776577
37.422081
39.459839
40.414207
42.768387
29.838335
38.091774
39.422974
42.792961
37.444607
39.419907
40.444927
42.763264
29.828096
38.092800
39.449600
42.767357
39.450623
39.458817
40.443901
42.777603
Control Period
28.248064
38.352898
40.419327
42.750977
39.406593
35.467262
37.046272
42.766335
28.237823
38.120449
34.454529
42.769409
37.416962
37.789696
37.088257
42.789886
28.246016
38.112255
34.444290
42.767361
40.427521
34.471939
37.107712
42.764290
33.193985
38.085632
34.486275
42.786816
40.452095
34.476032
37.094398
42.773506
33.204224
38.120445
Control Period
34.556931
43.225090
40.872963
39.906303
39.418880
42.769409
35.821568
39.447552
34.477055
42.776577
40.452095
29.391872
35.112961
42.773506
35.876865
39.432190
37.095425
42.806274
40.444927
29.498367
37.086208
42.783745
40.438786
40.041473
40.306686
42.797058
42.770432
34.454529
37.058559
42.916862
33.203201
38.070274
34.452480
42.775551
Control Period
40.435715
26.966015
35.844093
42.969086
37.804031
40.440834
37.072895
42.777599
40.449024
29.389824
35.107841
42.801155
37.783550
40.449024
37.110783
42.773506
42.825729
31.747072
35.089409
42.771454
37.804031
40.452095
38.033409
43.081726
42.764290
32.101376
35.079170
42.763264
33.198082
40.436737
37.086208
42.762241
42.757118
29.475840
Control Period
35.076096
43.106304
35.900414
38.194176
37.088257
42.773502
42.765312
34.468864
35.081215
42.779648
37.814270
40.424446
37.083138
42.894333
43.260929
40.309761
37.073921
42.784767
42.768387
40.455170
37.441536
42.761215
42.768387
34.337791
37.439487
42.466305
40.404991
38.085632
37.769218
43.241470
43.019264
39.675903
37.429249
Control Period
42.447872
40.645630
38.522881
40.503296
42.421249
42.760193
35.773438
36.119553
42.425346
38.140930
37.075970
37.410816
42.429440
42.761215
34.609154
34.738174
42.463234
38.068222
37.090302
38.443008
42.452995
42.774529
34.631683
34.745346
43.022339
40.838142
40.445953
32.392193
42.801151
42.787842
32.382977
37.055489
42.421249
40.430595
Control Period
37.109760
38.435841
43.056129
43.165695
38.122498
38.451199
42.446846
40.446976
37.095425
38.427650
42.434559
42.785789
34.661377
37.257217
42.446846
40.897537
38.091774
38.484993
42.443779
42.801155
37.081085
38.125565
42.427391
40.453117
37.064705
38.461441
42.421249
42.770432
29.651968
38.074371
42.858498
40.453117
37.090302
38.434814
42.417152
Control Period
42.795006
30.295040
37.951488
42.451965
40.427521
36.080639
37.428223
42.406914
42.805248
29.689857
34.731010
42.452991
40.929283
35.817471
38.664192
42.479614
42.766335
37.057537
38.088703
40.435715
40.795135
35.087360
37.063683
40.422401
43.234303
32.971775
37.152767
42.432510
40.798210
35.064831
37.099522
40.386559
42.775551
29.690880
Control Period
34.741249
43.013123
40.995842
35.434494
39.420929
40.427521
43.176960
40.092674
37.807106
42.452991
40.802303
36.118530
37.038078
40.426498
43.373569
30.578686
37.271553
40.427521
43.153408
36.210690
40.438782
42.716164
43.124733
39.418877
37.088257
40.452095
42.631168
36.338688
40.428543
42.615807
43.130882
39.445503
34.769920
Control Period
42.447872
42.753025
36.299774
40.208382
40.436737
43.140099
27.177984
40.348671
42.832893
42.584064
37.315586
37.078014
40.865791
43.261951
29.991936
34.744320
40.436737
42.586113
37.843967
40.400894
40.465408
43.105278
35.085312
34.738174
43.111423
43.010048
37.544960
37.060608
40.420349
43.261955
28.112896
37.904385
40.421375
42.547203
Control Period
37.323776
39.797760
40.887295
43.197441
35.214336
37.228546
40.913921
42.897408
37.431297
39.401474
40.430595
43.201538
27.973631
37.415936
40.463360
43.128830
38.130688
39.500801
40.422401
43.121666
35.211266
38.100990
40.478722
42.658813
37.551105
40.413185
40.628223
43.132927
35.082241
39.430145
40.637444
43.127808
38.117378
Control Period
39.489536
40.689663
43.339775
40.097794
39.450623
40.714241
43.111423
37.984257
39.450623
40.889343
43.234306
37.954559
39.403519
40.439808
42.717186
37.823486
37.908482
40.440834
42.816513
35.472382
37.945343
40.431618
42.768387
37.464066
37.266434
40.919041
42.943489
35.215359
37.738495
40.769539
42.766335
42.805248
33.211391
40.721405
Control Period
43.235329
30.495745
38.553600
39.655426
42.788864
37.813248
42.770432
40.433662
42.761215
37.419006
39.458817
40.889343
41.587711
42.781696
34.460670
37.066753
43.129856
33.272831
40.487938
37.079041
42.750977
42.759171
35.019775
38.069248
43.024384
33.196030
40.435715
37.052418
43.231232
43.220993
39.791618
37.072895
42.804222
37.864449
Control Period
40.893440
40.407040
43.223038
42.795006
40.462337
37.093376
42.780670
33.326080
40.899582
39.745537
42.766335
42.754047
34.461697
38.056961
43.158527
35.471359
38.103043
37.071873
42.785789
42.784767
27.139072
35.833855
42.800129
37.814270
40.470528
37.090305
43.253761
40.651779
41.966591
37.079041
42.743805
37.792770
40.427521
40.226814
Control Period
43.231232
43.225090
40.409088
39.606270
42.777599
37.835777
40.425472
39.411713
42.645504
43.242493
32.645119
37.433346
42.780670
37.806080
40.455170
39.408638
43.070465
43.205631
39.728127
37.079041
42.761215
40.441856
38.105087
37.464066
43.230209
43.063293
39.628799
39.417854
42.458115
40.443905
38.093826
37.841919
43.224064
42.798080
Control Period
37.130241
38.168575
43.126785
40.422401
35.083263
39.452675
42.795006
42.801151
36.953087
35.054592
42.405888
40.425472
38.049789
38.162434
43.127808
42.783745
40.425472
37.406719
42.417152
40.434689
38.088703
37.433342
42.756096
42.750977
37.714943
37.951488
42.438656
40.428543
38.095871
37.453823
42.773506
42.789886
36.958206
Control Period
37.414913
42.842110
43.239426
40.721405
38.467583
42.402817
42.788864
34.757633
38.423553
42.418175
40.449020
37.095425
38.445053
42.417152
42.774529
34.633728
37.921791
43.136002
40.421375
37.066750
38.446083
42.434559
42.782722
29.670401
34.738174
42.449921
40.429565
37.113853
38.454273
42.456062
42.757118
29.640703
37.877762
43.079681
40.442879
Control Period
37.066753
38.673409
43.128830
42.753025
34.709503
37.062656
42.424320
40.446976
36.104191
37.429249
42.420223
42.776577
29.664255
37.937153
42.945534
40.810493
35.092480
37.103615
40.428543
42.797058
29.664257
34.726913
42.441727
43.132927
36.097023
37.499905
43.151360
43.044865
39.568382
37.068798
42.452991
43.125763
36.093952
37.428223
Control Period
42.452991
43.209728
32.988159
37.617661
42.421249
43.117569
36.111359
37.424126
42.427391
42.909698
27.849728
37.975040
40.434689
42.552322
34.980865
32.099327
40.431618
43.143169
22.457344
35.479553
40.387581
42.701824
37.415936
39.393280
40.435711
43.150337
27.406336
34.737152
40.014847
43.138046
37.786621
39.437309
40.439808
43.107330
32.464897
Control Period
37.079041
40.701950
43.123711
38.090752
39.474174
40.454144
43.127808
35.383293
40.437759
40.480766
42.674175
37.411839
39.444481
40.679424
43.227135
35.703808
39.464958
40.442879
42.660866
37.336063
24.821760
38.544384
43.063293
32.696320
37.092354
40.439808
43.252735
38.167553
39.548927
40.420353
43.122688
35.078144
39.422974
40.457214
42.811394
Control Period
37.933056
42.787842
40.871933
43.031555
37.583870
39.420929
40.432640
43.025406
38.064125
42.140671
40.446976
42.777603
35.090431
37.067780
40.507393
43.159554
38.039551
37.214211
40.427521
42.772480
35.256321
38.098946
40.600578
42.745857
37.428223
37.089279
38.109184
42.728447
30.259201
37.803009
40.431618
42.803200
37.439487
Control Period
40.231934
40.885246
43.255806
40.139778
39.578621
40.415230
42.788864
37.445633
39.435265
40.430592
43.229183
35.489792
39.602177
40.445953
42.788864
39.339008
33.148926
38.386688
43.232254
35.236862
33.403904
39.101440
42.774529
39.335938
35.480576
37.959679
43.151360
35.088387
40.442879
37.093376
42.763264
39.405567
35.708927
38.073341
42.940414
Control Period
34.823166
40.714241
38.076416
42.817535
39.518211
35.489792
37.070847
42.757118
28.212223
38.108162
34.606079
43.238400
40.219650
40.468479
37.107712
42.765312
33.204224
38.124542
34.450432
42.756096
40.870911
37.696510
37.357567
42.764290
33.192959
38.104065
29.834240
42.770432
40.431618
29.520897
38.085632
43.084801
35.705856
39.419907
Control Period
34.441216
42.911743
40.899582
40.355843
37.122047
42.753021
37.785599
38.071297
34.446335
43.245567
40.693760
39.656448
37.067776
42.819584
37.789696
40.438782
37.149696
43.225090
43.011070
39.599106
37.062656
42.781696
37.813248
40.446976
37.113857
42.770432
43.249664
32.683006
37.475327
42.785789
37.788673
40.420349
37.107712
42.800125
43.232254
Control Period
32.687103
35.831810
43.171837
37.795841
40.427521
37.119999
42.780670
42.784767
31.708160
35.074047
42.746880
37.795837
40.621056
40.418304
42.846207
40.424446
36.773888
37.065727
42.771454
37.785599
40.432640
37.084160
42.451969
42.780670
27.164673
35.837952
42.848259
37.812225
40.433662
37.082111
42.789886
42.764290
31.743999
35.085312
Control Period
42.788864
37.904385
40.888321
40.119297
42.766335
43.130882
36.996094
35.088387
42.791935
35.470337
38.086655
39.393280
42.433537
43.232254
30.275585
35.378174
42.771454
40.426498
38.081535
39.401474
42.808319
42.785793
29.378559
35.090431
42.716160
40.919041
38.303745
40.417282
42.426369
42.786819
34.731007
34.774017
42.782722
38.123520
37.088257
Control Period
37.423103
43.089920
43.053055
37.374977
37.099518
42.804222
40.419327
37.411842
37.432320
42.793983
43.024384
37.812225
38.100990
42.449921
40.422401
38.070271
37.426178
42.789886
42.755074
37.023743
35.070976
42.412033
40.697857
38.538239
40.493057
42.439682
42.797058
38.110207
38.424576
38.098946
38.087677
37.050369
38.420479
Control Period
42.417152
42.981377
35.492867
37.444611
42.416130
40.404991
37.075966
38.425598
42.432510
42.749950
34.625534
37.073921
42.421249
40.667137
38.015999
38.521858
42.420223
42.774529
38.082561
38.427650
42.420227
40.437759
36.089855
37.408768
42.424320
43.220993
32.958466
37.128193
42.420223
40.425472
36.100098
37.440514
42.459137
42.783745
29.651970
Control Period
34.797569
43.152382
40.865791
35.125248
37.066750
42.405888
42.795006
29.673471
37.890049
40.742912
40.791039
35.107841
37.117950
40.440834
42.778625
29.660160
34.742271
42.560509
41.001984
35.764225
39.445503
42.422272
43.123711
34.753536
37.082111
42.427391
43.142143
36.339710
40.474625
42.451965
43.104256
34.726913
37.090302
Control Period
40.437759
40.901634
36.304893
40.028160
42.419197
43.126785
34.731010
37.047295
40.930305
40.930305
36.110336
37.455872
40.420349
43.188225
35.731457
37.701630
42.422272
42.559486
36.092926
37.684223
40.876030
43.112450
39.460865
37.088257
40.416256
42.571777
36.089855
37.625854
40.871933
43.116547
30.107647
34.711552
40.744961
43.046913
36.301823
39.700478
Control Period
42.433537
43.271168
40.266754
37.379074
42.421249
43.058174
36.317184
39.654400
42.428413
43.128830
35.109886
32.773121
40.030205
42.873856
37.423103
39.787521
40.875008
43.162624
35.169281
37.071873
40.450050
43.144192
43.130878
24.535040
35.076096
42.785789
35.796989
38.536194
40.031235
42.783745
43.061249
37.951488
38.132736
42.773506
35.442688
Control Period
38.095871
37.582848
43.232254
42.902527
29.835262
36.107265
43.237373
35.525631
38.102013
39.841789
43.244545
42.840065
34.788353
36.117504
42.818558
35.914753
38.516735
40.441856
42.523647
43.233280
38.088707
37.563393
42.832897
35.914753
38.482944
40.431618
42.431488
42.793983
34.913280
36.289536
42.626045
38.104065
37.370880
40.887299
42.555389
Control Period
42.775551
37.579777
38.183937
42.845184
38.082561
37.566463
40.871937
42.731522
42.772480
37.261311
38.207489
43.013119
38.083584
37.224449
35.863552
38.093826
42.763264
27.486210
34.761726
37.980164
42.951679
39.340034
28.148735
36.315136
42.935295
27.615231
37.847038
37.747711
42.198013
37.213184
33.556480
38.493183
42.763264
27.494400
37.074944
Control Period
37.357567
43.033600
40.123390
38.088703
38.529022
42.798080
35.099648
40.304642
38.432770
42.691582
39.454720
37.974014
38.194176
42.761215
32.524288
38.080513
40.460289
42.659843
39.799809
33.581055
38.550529
43.153408
32.772095
37.103615
37.703682
43.119617
39.569405
33.155071
38.541313
43.077629
30.852097
35.972099
40.422401
42.739712
Control Period
40.502274
32.835583
38.546432
43.265022
30.909439
37.500931
37.087231
43.017216
40.169472
38.174721
38.143997
43.238400
37.980160
40.421379
38.164482
42.786816
39.709694
38.529022
38.201344
42.798080
37.146626
40.303616
38.170624
42.807297
39.558144
38.537216
38.567936
43.232258
39.969791
41.791489
40.804352
43.257858
39.631874
38.106110
38.513664
Control Period
43.239426
40.342529
40.396801
38.539265
42.933247
39.503872
39.913475
40.871937
42.792961
39.315453
39.951363
40.905727
42.877953
41.612289
40.165375
37.935104
42.790913
39.614464
40.355839
40.861694
42.811394
41.562111
39.972862
40.886272
42.803200
36.921345
38.013954
38.551552
43.136002
41.991169
34.736130
40.889343
43.145218
Control Period
39.471104
37.337090
40.885246
42.673153
42.788864
35.910656
38.666237
43.021313
33.177601
35.550209
38.501377
42.221565
43.024384
27.820032
35.316734
42.771454
33.501183
38.088707
40.472576
42.363903
43.244545
35.654655
36.126720
42.727425
33.552383
37.634048
40.426495
42.916862
43.223042
35.211266
36.099072
43.060226
38.533119
37.281792
40.442879
Control Period
43.035648
43.229187
35.728386
38.655998
43.134975
38.299648
37.153793
37.710846
43.112450
42.799103
34.798592
36.288513
43.111427
38.547455
37.799934
38.109184
43.353088
43.180031
42.772480
40.560638
43.251713
37.847038
40.437759
40.925186
42.769409
41.565186
40.251392
40.769535
42.782719
39.218178
38.021118
40.882175
43.217918
42.122238
Control Period
39.394302
40.886272
43.232254
32.901119
43.196415
40.438782
42.863617
42.327042
40.140800
38.103039
42.959869
43.338753
38.522881
38.422531
40.705025
43.244545
40.401920
38.653954
42.573822
42.132481
36.317184
38.149120
42.438656
43.071487
35.474434
37.988350
42.429440
40.900608
35.760128
39.962624
42.397697
43.360256
40.408066
Control Period
40.420353
43.107330
41.027584
35.841022
40.412159
42.912766
43.110397
40.550400
40.410110
42.600449
40.777725
36.318207
40.341507
40.422401
43.112450
39.975937
38.033409
42.443779
43.284481
38.662144
40.827904
40.437759
43.380737
36.308990
40.466431
40.526848
41.004032
35.700737
39.447552
40.635391
43.337730
35.865601
38.542336
42.877953
Control Period
40.776703
38.580223
38.107136
40.922112
43.248642
38.438911
39.676926
40.913921
40.867840
37.479424
40.669182
40.892418
43.111427
36.102142
40.910851
40.715263
40.821762
38.490112
40.401920
40.472576
42.776573
36.320255
38.064129
40.460289
40.314880
38.663170
40.406017
40.437759
43.237373
35.686401
37.593086
40.439808
42.789886
37.975040
38.079491
Control Period
38.537216
43.234306
35.849216
38.102016
40.899582
42.710014
38.607872
40.300545
40.885246
43.039742
38.445057
39.776257
40.882179
43.122688
38.641663
40.041473
40.423424
42.980354
38.661118
39.958527
40.423424
43.020287
38.661121
39.613441
40.512512
43.223038
33.567741
38.100990
40.526848
42.657791
37.675011
42.560513
40.455170
42.893311
Control Period
37.979137
40.436737
40.875008
43.133949
38.650879
39.862274
40.432640
43.214848
38.629375
39.533569
40.463360
43.125759
40.046593
39.410690
40.609795
43.241470
40.417282
40.431618
40.507393
42.757118
38.471680
40.378368
40.696831
42.792961
38.451202
40.337410
40.896515
42.873856
40.424446
40.090622
40.903679
43.223042
40.906754
43.053055
Control Period
38.075394
41.887741
40.879105
42.855423
38.086655
41.989120
38.562813
38.141953
40.431618
40.907776
40.854530
40.457214
40.620033
43.255806
40.554497
39.416832
40.802307
40.883202
40.478722
39.455742
38.539265
43.148289
40.429569
39.744514
40.906754
42.586113
40.441856
40.029182
40.896511
42.294273
31.414272
42.656769
40.754173
42.091522
40.461311
Control Period
40.379395
40.867840
42.748924
40.477695
42.765312
38.552574
42.686462
40.424446
37.156864
40.895489
42.553345
40.438786
39.986176
40.904701
42.377216
40.452095
40.271873
40.877056
42.148865
40.441856
39.419907
40.444931
43.404289
40.920067
39.642113
40.434685
43.266048
40.651775
39.533569
40.663040
43.275261
40.571903
39.414787
40.867840
Control Period
43.239426
40.924160
40.341503
38.105087
41.802753
40.920067
39.942142
38.095871
41.749504
38.086655
40.608765
38.537216
40.664062
41.459713
39.462914
38.096897
43.259903
37.834755
37.177345
38.138878
40.814590
42.950653
37.223423
36.097023
42.776577
30.271488
33.494019
38.093826
35.722237
40.428543
24.513376
29.251583
43.198463
23.828480
Control Period
32.770050
35.818497
33.968128
43.235329
19.870720
29.070335
39.623680
23.876608
32.944130
35.083263
36.327423
43.243519
20.316160
29.266945
41.456642
35.737598
38.046722
38.464512
42.211327
39.483391
33.852417
36.121597
42.855423
31.221760
33.491970
40.898560
38.172672
42.777599
24.413185
29.262848
43.033600
30.776321
33.192959
Control Period
38.179840
36.827137
41.605118
36.043777
33.853439
43.096062
31.207424
35.887104
38.674431
39.298050
41.357311
35.916801
36.171776
43.215874
37.869568
35.856384
40.881153
41.157631
41.044991
41.487358
40.879105
43.235329
40.339455
40.425472
40.884224
43.374592
39.599106
41.547775
40.893440
42.778625
42.689537
40.890366
40.926208
43.214848
Control Period
42.685440
41.533440
39.605247
40.984577
43.227135
40.900608
40.437759
42.766335
43.254784
43.470848
39.732224
43.294720
40.881149
42.774529
38.086655
43.250687
41.001984
43.409409
39.165951
43.253761
40.411133
42.777599
38.540291
43.241470
40.742912
41.647102
41.262081
42.835968
40.427521
43.241470
40.868866
42.823677
41.168896
43.353088
Control Period
40.612862
42.765312
40.876030
43.224064
40.435715
42.780670
40.875008
43.241470
40.418304
42.745857
42.252289
43.238400
40.433662
42.685440
40.886269
38.560768
40.902657
42.780670
40.895485
42.663933
40.427521
43.204609
40.428543
39.359489
40.250366
43.210754
40.875008
42.660866
40.451073
43.248642
40.898560
42.745857
40.454144
43.242496
Control Period
40.922112
43.282433
40.878082
43.211777
40.309761
42.764290
38.296577
42.799103
37.451775
40.422401
40.919041
43.228161
40.356865
42.545151
38.076416
42.732544
37.744640
40.439808
38.513664
43.001854
41.741310
40.006653
40.884224
43.234303
40.307713
40.412159
40.667137
42.787842
39.731201
40.452095
43.279358
43.119614
41.814018
35.185665
Control Period
43.207680
43.226112
42.557442
40.412159
40.891392
42.950653
42.777599
40.535042
38.543358
42.924034
42.789886
40.745987
40.889343
42.774529
43.213821
40.442879
40.409088
42.140671
40.896511
40.119293
38.098946
43.229183
40.287231
41.070595
40.908798
42.501122
42.781693
40.785919
40.871937
42.152962
41.448448
37.988350
40.879105
40.897537
42.133507
Control Period
39.403519
38.387711
43.222015
42.578941
37.852158
38.067200
40.464386
42.306561
40.177666
38.081535
42.949631
40.035328
37.764095
40.451073
42.895359
42.360832
37.377022
36.129791
43.268097
37.687294
35.117058
38.589439
40.567810
41.806847
34.770943
33.695744
43.132927
28.442625
35.096577
36.317184
36.318207
42.841087
22.139904
28.025856
Control Period
40.221695
28.881920
35.849216
38.632446
38.563839
43.259903
33.391617
33.857536
42.989571
33.434624
35.151871
38.673409
36.311039
43.238400
30.638081
31.473665
42.829826
33.409023
35.380222
38.671360
38.550529
43.240448
33.279999
31.525888
43.125759
33.870850
35.856384
38.448128
38.092800
43.265022
30.560257
31.540222
43.115517
Control Period
36.189186
35.957760
41.618431
41.360382
41.494530
41.627647
41.628670
41.649151
39.718910
43.529217
41.645058
39.757824
41.614334
41.646080
41.622528
41.665535
41.636864
39.745537
39.736320
41.615360
39.743488
39.731201
41.635841
41.627647
39.718910
41.617409
41.615360
41.615360
43.532288
41.632767
41.634819
41.626625
43.535362
39.725056
39.785473
41.637886
39.777283
39.747585
41.660416
41.624577
41.834496
41.638912
41.635841
41.625603
41.624577
41.636864
39.740417
39.715839
41.636864
41.652222
39.742462
43.531265
39.734272
41.657341
41.614334
43.520000
41.639938
43.533310
41.637886
39.783424
41.631744
41.683968
39.720963
39.803905
41.618431
39.711746
39.763969
41.627647
41.637886
41.633789
41.631744
41.650177
43.537407
41.620480
43.534336
39.731201
41.668610
41.623550
41.651199
39.720963
