56.875008
34.442242
40.848385
41.499649
34.433025
29.417473
41.484287
34.430977
43.083775
41.489410
34.433025
43.097088
41.629696
34.435074
41.948158
42.209282
33.284096
41.967617
42.727425
33.298431
41.980927
42.708992
33.306625
41.962494
42.702847
33.288193
39.842815
42.696705
33.306625
39.856129
42.716160
33.286144
39.834625
40.591362
33.313793
39.760895
41.516029
34.448383
40.899582
41.523201
34.444286
40.995842
39.273476
34.441216
Control Period
61.563904
66.906113
61.841408
63.386627
66.847740
67.003387
63.394814
66.907135
64.424957
63.672318
63.883266
70.261765
64.171005
Control Period
72.373245
80.701439
69.118973
72.370178
83.319809
69.074944
71.580673
81.823746
66.241531
73.817093
82.180099
66.311172
Control Period
67.621887
84.679680
67.890175
71.383041
84.369408
69.198853
71.378944
81.765381
71.279617
69.479424
83.411972
70.531075
70.478851
Control Period
80.888832
73.892860
72.214523
79.418365
71.553024
74.202110
79.569916
73.281532
74.132477
76.834816
74.142715
74.147842
76.829697
Control Period
73.316353
83.493889
81.517570
75.867134
82.487297
82.008064
75.222015
85.326843
96.859138
76.254211
85.488640
76.407806
78.929916
Control Period
87.046143
81.980415
78.450684
89.359360
78.628860
81.075195
91.691010
79.379456
81.058815
79.197189
79.081467
81.045502
93.413376
Control Period
98.665466
84.441086
84.067322
85.370880
83.366913
86.601730
83.500031
83.345406
96.873474
83.705856
83.348480
96.860161
83.467262
Control Period
80.825340
98.984955
85.813248
85.863426
99.748871
81.837059
66.165756
99.774460
83.276802
81.103867
98.690048
93.992966
81.108994
Control Period
99.097595
84.477951
86.724609
101.736450
84.603905
86.712318
96.709625
81.825790
95.109116
96.707581
81.351685
97.627136
95.892479
Control Period
78.507011
96.412666
97.263611
86.541313
93.802498
102.189056
86.569984
100.060165
120.712189
96.152573
107.749374
99.461121
83.862526
Control Period
104.787964
112.811005
95.769600
99.987457
111.719421
96.793602
100.275200
107.420670
90.639359
103.354370
103.093246
91.805695
102.947845
Control Period
112.615433
93.204483
107.884544
111.806465
93.207550
108.243973
109.228027
93.210632
108.260353
109.240326
97.244164
110.609406
Control Period
105.400322
98.874367
121.296898
111.824898
96.154625
124.318718
114.656265
116.962311
123.726845
111.696899
94.588928
124.843002
112.188416
Control Period
96.328705
132.666367
125.551613
116.285439
129.849350
124.494850
114.495491
125.966339
118.465530
104.253441
122.636292
116.303879
103.771133
Control Period
123.317245
128.547836
123.601921
124.478462
151.240692
160.280579
165.705719
160.073730
166.798340
157.930496
158.974976
165.482498
Control Period
170.589172
162.958344
159.670273
160.182281
161.635330
159.869949
165.071869
161.213440
161.961975
165.621765
158.618622
162.982910
Control Period
151.640060
154.510330
159.470596
150.953979
159.037445
149.987335
151.944183
156.733429
147.107834
146.691071
153.912323
149.197830
Control Period
144.999420
154.235901
147.524597
137.124863
143.687683
140.984314
124.996613
126.885895
117.783554
123.708420
115.277817
92.170242
118.106110
Control Period
115.551224
101.069824
118.914047
115.136513
109.158401
118.904831
112.744446
96.037888
118.598663
126.461952
116.343811
118.597626
126.488571
Control Period
123.926529
133.463043
152.966141
159.938568
166.845444
169.103363
169.680908
167.651337
166.847488
162.247681
168.199158
170.650635
Control Period
165.069824
166.775818
162.209778
160.477173
159.742981
164.087799
164.783112
161.715195
164.277252
165.302277
161.543167
165.101562
Control Period
155.468811
152.965118
146.359283
141.373444
138.510330
132.604919
131.367935
138.494980
128.655365
124.705795
140.291077
140.498947
138.671112
Control Period
140.033020
140.707840
138.654724
138.387451
133.643265
126.727165
143.731720
141.719543
128.481277
143.360001
135.723007
121.190399
Control Period
137.921539
135.762939
137.659393
139.880447
139.768829
142.437378
139.935745
144.575485
144.774139
144.260101
147.610626
145.890305
147.749893
Control Period
146.710526
147.436539
147.932159
150.874115
147.026947
151.048187
156.653564
155.897858
157.505524
150.514679
163.710968
152.901642
150.266876
Control Period
163.849213
158.328827
154.753021
159.111176
156.341248
151.687164
162.822144
154.387451
156.730362
155.343872
146.928650
144.183289
Control Period
152.243195
153.794556
151.500793
159.886337
157.283325
153.752579
157.142029
163.536896
155.184128
152.161285
160.985077
153.271301
151.001099
Control Period
155.511810
150.190079
146.956299
151.959564
152.095749
144.689148
152.858627
149.137405
147.853302
151.229431
151.472122
146.282501
153.645050
Control Period
152.805374
146.332672
153.733124
150.459381
146.843658
153.698303
151.616516
146.896896
153.430023
153.241608
144.601089
154.517517
151.308289
Control Period
146.593796
154.052612
151.754761
146.844666
151.528442
151.795715
145.787903
151.677948
151.711746
146.369537
150.253571
152.094727
147.673096
Control Period
151.891968
151.581696
146.417664
151.016449
151.279617
146.551819
150.710266
151.687164
146.423798
152.778748
152.415237
146.286591
Control Period
153.012238
152.071167
146.886658
147.522552
149.417984
146.225159
149.251068
148.615173
146.046982
148.081665
137.553925
148.572159
146.707458
Control Period
153.463806
146.309113
151.853058
152.997894
150.137848
154.006531
153.057281
150.894592
153.871353
154.091522
150.674438
154.299377
153.450500
150.023163
Control Period
155.621368
152.107010
150.010880
154.906616
153.070587
149.479431
152.734711
153.133057
149.436417
153.060349
152.789001
152.454147
155.789307
Control Period
150.532104
150.635529
150.242310
151.215103
151.053314
152.836090
154.535934
149.992447
153.373688
155.254791
152.065018
152.307709
Control Period
155.071487
156.503036
152.662018
152.273926
154.753021
157.396988
155.101181
155.752441
155.860992
153.688065
155.597824
153.275391
152.220673
Control Period
152.183807
154.639359
150.606842
156.018677
153.321472
152.109055
156.717056
150.988800
151.156738
156.309509
152.187897
150.862854
157.197311
Control Period
157.920258
153.064453
157.549561
156.182526
150.577148
157.462524
155.542526
150.584320
157.792267
155.767807
151.482361
156.575745
155.308044
Control Period
151.052277
156.319748
150.616058
150.096893
157.501434
152.605698
149.039093
156.716034
153.993225
148.320251
156.325897
148.872192
Control Period
149.842941
156.461060
149.880829
141.688828
147.076096
151.975922
145.650696
151.715851
149.608444
145.215485
151.704575
152.245239
148.381683
Control Period
151.651337
154.927094
147.953674
154.006531
153.055237
149.241852
154.004486
152.267776
145.740799
158.566406
149.569534
143.645691
151.679993
Control Period
153.938950
145.520645
152.437759
149.621765
141.073410
152.481781
149.554169
142.625793
152.383484
147.325958
144.039948
152.413177
149.553162
Control Period
141.968384
153.287674
149.925888
143.256577
151.674881
151.739380
145.598450
151.601151
147.633148
141.016068
152.750092
156.413940
Control Period
145.577988
155.654144
149.974014
145.662964
147.139587
151.621643
145.613831
149.233673
149.441528
143.742981
149.261307
148.025345
148.259842
Control Period
146.782196
155.556854
145.935364
146.852859
152.518646
149.553162
151.542786
145.927170
147.212280
156.375031
153.947144
149.202942
149.256195
Control Period
150.678528
148.432892
151.612411
151.420929
148.014069
155.537415
152.381439
149.769226
155.633667
151.363586
153.583618
155.636734
151.567368
Control Period
151.233536
157.025269
151.040009
151.820282
157.246460
151.127045
149.060608
153.361404
153.079803
149.024765
155.530243
152.556152
149.997559
Control Period
156.412933
152.300537
149.066742
155.548676
151.358459
153.580536
154.233856
156.349442
149.467133
154.119171
157.636612
155.386871
Control Period
156.482559
158.162933
154.733566
156.455933
154.110977
153.353210
156.473343
151.479294
148.746246
154.073090
151.752701
154.968063
153.730042
Control Period
150.728699
155.565063
153.071625
148.290558
151.661560
153.283585
147.135498
151.623688
150.989822
144.672760
155.585541
148.311035
142.018555
Control Period
155.869186
156.134399
151.720963
156.429306
146.446335
147.450867
160.270340
152.955902
154.052612
160.258057
151.490570
151.726074
Control Period
162.593781
156.781555
153.521149
156.216324
150.684662
149.365753
156.324860
147.971069
147.058685
156.302338
147.977219
145.973236
141.668350
147.999741
Control Period
147.261444
152.113159
152.291321
148.302856
151.707642
152.258560
148.335617
155.540482
152.259583
148.362244
152.349701
154.528778
148.124664
Control Period
152.382477
154.145782
148.014084
154.028046
152.656891
145.700867
154.011658
152.286194
136.754181
151.624695
149.992447
147.171326
149.294083
Control Period
152.422394
149.064697
149.360641
150.672394
147.135498
155.617279
150.670349
147.079163
155.567108
151.374847
151.828476
155.565063
Control Period
151.417847
153.293823
155.608063
151.357437
151.804932
155.607040
151.333893
151.740417
155.592712
151.458817
151.774200
155.577347
151.402496
Control Period
151.745544
157.537292
151.348236
149.084167
153.144318
148.884491
147.151886
151.333893
148.754425
146.340866
154.131454
151.372803
151.744507
Control Period
154.007553
153.115646
139.436035
154.062836
154.104828
150.991882
154.089478
154.049530
150.995972
156.425201
154.062851
153.399292
156.427277
Control Period
151.461884
152.625153
154.049530
150.580231
148.740097
154.061829
150.644745
148.759552
152.963074
148.305908
151.655426
153.376770
147.078140
Control Period
151.705597
155.446274
152.983551
155.610107
148.366333
141.993988
155.670532
152.147964
147.043335
161.940491
155.348999
150.747131
151.576569
Control Period
150.996994
148.756470
156.309509
148.339722
144.717834
156.350464
150.723572
147.041290
157.440002
153.140228
145.921021
153.971710
152.554504
Control Period
147.927032
152.497162
155.298813
149.371902
156.319733
157.232132
152.997894
156.386292
152.237061
149.084167
152.015869
154.413055
Control Period
147.988480
156.439545
150.643707
141.764618
147.058685
149.531647
143.721466
150.121475
149.606400
144.707581
147.690491
153.372681
140.958710
Control Period
152.458237
152.486908
143.746048
152.449020
149.647369
141.201416
154.610687
150.002686
141.391876
152.511490
147.261444
142.836731
152.472565
Control Period
147.709961
142.235657
149.303299
147.305466
143.706116
152.470520
149.978119
141.682678
146.931702
149.021698
143.647736
146.941956
147.564545
Control Period
143.183868
150.241272
150.807556
146.760712
144.611328
148.816895
141.882370
150.542328
154.011642
145.996796
148.747269
153.777145
Control Period
146.820099
153.383942
150.330368
148.529144
148.060165
149.339142
142.478333
149.839874
151.603195
147.988480
148.813828
146.186249
148.270081
Control Period
148.306946
153.158661
145.836029
150.793213
149.565430
147.883011
154.665985
151.347198
146.298874
154.420227
152.261627
149.502975
154.695679
Control Period
153.213959
150.521851
154.406921
153.460739
149.063690
153.140228
151.771149
153.001984
154.156036
153.106430
153.460724
151.043060
Control Period
153.083893
152.859650
155.706360
151.865341
156.111877
152.650757
151.641083
154.704895
155.657227
152.365051
153.895935
157.394943
153.052155
Control Period
158.417923
152.390656
153.042938
155.933701
152.591370
152.387589
151.670776
148.086792
148.454407
156.396545
155.068420
152.945663
157.135864
Control Period
155.152390
150.757385
156.331009
149.466110
149.104645
156.327942
154.528778
152.940552
151.776245
154.416138
150.331390
152.214539
Control Period
153.759735
147.501053
155.648010
152.336395
148.286469
152.761353
154.020859
147.920898
151.688187
152.779770
146.744324
151.749634
152.285187
Control Period
146.391052
158.322693
149.908478
143.673340
152.497147
149.580795
142.943237
152.397827
147.307526
143.734772
152.471558
147.275787
142.798843
Control Period
153.366516
151.158783
143.304703
149.379074
147.261444
142.687225
146.955261
147.641357
143.682556
151.604218
154.380280
145.640442
151.562241
Control Period
151.388153
144.191498
151.586823
148.301819
148.392960
150.365189
148.028412
145.909760
153.136139
148.749313
146.866180
154.200073
151.380981
Control Period
149.995514
154.586121
151.523315
151.014404
153.161728
153.140228
149.115906
148.248566
152.720383
149.459961
157.301758
151.382019
149.057526
Control Period
153.437180
155.484161
149.052414
153.234436
153.759735
152.038391
152.991745
151.419891
153.891846
154.029053
149.840897
150.534149
154.861572
Control Period
156.713989
150.072327
154.090500
155.336700
155.279358
151.448578
151.069702
147.394562
151.422974
154.938370
154.066956
154.291199
154.872833
Control Period
155.566071
154.269699
150.603775
151.121918
155.804672
153.032715
151.663605
154.235901
151.244812
149.307388
150.989822
146.368515
Control Period
155.446274
155.067383
151.807999
153.945099
155.094009
151.792633
156.334076
156.976135
152.982529
156.421127
151.711731
151.510010
156.309509
Control Period
151.818237
151.660553
156.340210
150.673401
149.316620
157.742081
150.733826
150.590454
156.302338
148.105225
148.590607
156.322815
150.676483
Control Period
149.433350
158.220291
152.282104
148.384766
151.650299
148.917252
146.635773
154.014709
148.012024
146.488312
155.850754
149.951492
143.712250
Control Period
147.090424
151.754761
146.824188
153.249786
153.224182
146.907135
151.643143
152.280060
148.306946
156.526596
150.711304
144.372742
150.059021
Control Period
150.476807
141.683716
152.380402
149.572601
141.129730
154.389496
150.646790
143.657990
149.312500
148.646912
143.524872
149.381119
147.325958
Control Period
145.026047
147.191803
147.295227
143.050751
146.994171
147.630066
143.969284
150.718475
149.953537
143.328247
155.643906
149.919739
Control Period
143.685638
150.970367
149.917694
144.825348
147.533829
148.855804
146.604034
147.296265
151.591934
145.953796
147.256317
149.095428
145.274872
148.809723
Control Period
154.302460
146.271225
148.830200
151.072769
134.952957
148.703232
152.948730
144.472061
146.500610
145.286148
154.051590
153.638916
146.993164
Control Period
152.060928
154.098694
140.578827
152.087555
154.051575
144.797699
154.017792
151.546875
146.396149
153.914368
150.013947
143.443970
151.675903
Control Period
150.458374
147.044342
151.843842
150.469635
147.368958
148.408325
149.064697
145.009659
146.618378
147.984375
148.088837
146.835449
147.055618
Control Period
146.553864
150.809601
150.694916
151.413757
152.005646
147.423233
153.377792
150.099976
151.518204
151.603210
149.621765
148.526077
152.525818
Control Period
148.260864
149.361664
151.807999
153.294846
150.498306
152.141830
152.685577
149.811188
151.819275
152.428543
151.721985
157.915131
149.951492
Control Period
151.318527
152.837128
149.753860
152.728577
154.268677
149.505020
150.680573
154.713089
151.472137
145.018890
149.451782
147.144714
148.183044
Control Period
151.642120
146.188293
143.173630
144.103424
143.019012
143.797241
151.293945
148.692993
142.471161
150.325256
149.257217
142.867462
150.825989
Control Period
149.707779
144.019455
147.682312
151.292923
143.789062
148.979706
154.807281
152.568832
155.095047
149.426178
149.806091
152.389633
Control Period
149.917694
150.874115
155.665405
152.808441
144.674820
155.875336
152.145920
147.592194
150.273026
150.450165
144.542725
151.176193
151.213058
Control Period
147.802124
151.938049
151.501831
146.817017
150.884354
150.648834
146.909180
158.905334
147.792908
142.190582
150.671356
147.009537
146.182144
Control Period
148.450302
150.961151
149.801987
153.221130
147.563507
145.832962
150.507523
152.316925
145.110016
148.390915
148.862976
141.882370
147.696640
Control Period
148.148224
146.145294
152.640503
153.050110
149.856262
153.895935
152.385529
149.224442
153.379852
141.796356
147.888123
151.896057
149.835785
Control Period
150.888458
153.757690
152.760315
148.911102
154.167297
152.313858
155.156494
152.675323
150.221817
153.289734
154.756104
151.718903
Control Period
155.012085
153.764862
147.842041
145.114105
151.604218
150.856705
149.094406
150.212616
151.159805
154.863617
149.846008
145.614838
152.833023
Control Period
149.934082
151.496704
154.989563
147.741699
151.321594
155.049988
149.924866
150.155273
151.125000
153.462784
150.625275
151.755768
152.700928
Control Period
151.277557
154.715149
152.981506
146.704376
148.773895
147.827713
144.786438
144.670715
141.800446
135.596039
138.640381
125.857788
126.313477
Control Period
132.769791
120.001541
113.721344
132.178940
125.206528
122.016769
147.872772
139.590652
136.387573
142.734344
130.655243
128.400391
Control Period
138.653687
135.118851
136.033279
142.824448
137.285629
141.127686
147.388412
150.874115
154.032135
156.728317
165.738495
158.360580
155.355133
Control Period
159.887360
156.473343
165.202942
153.082886
157.805573
155.355133
163.358719
161.382401
154.435577
163.325958
157.517822
166.170624
Control Period
159.713287
153.959427
152.529922
165.179382
147.147781
148.223999
156.748810
154.021881
153.022461
154.595337
156.423157
156.843002
157.934601
Control Period
162.250763
156.322815
150.014969
155.253754
156.306427
147.152893
152.036346
154.490875
154.005508
153.861115
154.274811
153.159668
Control Period
153.081848
155.116547
152.832001
151.009277
155.267075
151.343109
154.486786
150.963196
146.175995
156.906494
150.306824
146.361343
150.791168
Control Period
148.945923
147.545090
149.915649
149.302277
141.515778
149.730316
147.416061
144.805878
142.360565
134.802429
133.221375
133.881851
124.320763
Control Period
114.763779
138.014725
137.566208
133.315582
139.038727
130.159607
133.408768
139.343872
137.178116
133.971970
139.502594
131.533829
133.958649
Control Period
149.705734
155.151367
165.912567
164.509705
166.791168
168.273926
167.324677
162.204681
166.779907
169.120773
170.610687
168.248322
165.963776
162.190338
169.383942
165.929993
168.247284
164.529144
164.529144
169.132019
170.627075
165.980164
166.823944
162.186249
169.195526
168.256500
165.052414
148.825089
