113.403
122.116
131.535
135.402
136.616
135.963
137.226
138.791
138.307
138.5
138.581
137.487
139.032
138.58
137.379
136.927
136.724
137.173
137.183
136.349
137.222
137.485
137.9
138.564
138.981
139.414
138.988
137.667
137.474
138.863
138.185
139.345
138.881
138.359
138.332
138.49
138.159
138.612
139.33
139.238
138.984
137.948
138.497
137.811
138.47
137.55
138.282
137.865
139.203
138.86
138.071
138
138.914
139.492
138.908
138.291
137.799
138.366
138.425
138.54
139.119
138.454
139.141
138.567
138.587
138.284
138.277
138.324
137.991
138.845
138.909
139.26
139.97
138.833
139.352
138.683
137.957
139.164
138.178
139
139.242
138.376
138.707
139.576
138.511
138.673
138.057
138.28
139.091
138.829
139.257
138.993
139.185
138.52
139.464
138.733
138.506
137.929
137.716
139.377
138.48
138.991
139.99
139.23
138.954
138.81
139.072
138.763
138.46
138.693
139.064
140.275
139.461
139.644
