56.6589
60.817
63.8295
65.4301
66.1584
66.3572
66.7938
66.2329
67.4141
66.8498
66.4313
66.4453
65.5969
65.0191
66.6329
66.9185
66.1452
65.9172
65.6738
65.5037
65.5713
66.1051
66.0328
66.4152
67.8429
67.3959
67.8335
66.1251
65.958
66.4713
66.8992
66.7522
66.5016
66.026
66.5526
65.7846
67.7369
67.2743
67.585
66.8169
65.5612
66.483
65.7526
66.404
67.1929
66.1635
66.0703
67.0753
66.2933
67.8561
67.3168
65.6113
66.2916
67.0853
67.1479
66.7553
66.406
65.7578
66.0707
67.0815
65.5122
67.5763
68.2142
66.5349
66.2627
66.9576
66.9107
66.7485
65.808
66.9899
67.5398
67.2396
66.8815
65.9743
66.6288
65.7222
66.7839
66.975
66.8721
67.3361
67.1547
67.0055
65.3612
66.2178
67.5679
65.9589
66.7134
67.0759
67.4022
65.9742
67.1733
65.9864
66.5003
66.9202
66.5487
66.5786
65.668
65.7942
65.8076
65.8182
64.8942
66.9489
66.9629
67.3767
66.8013
66.7332
67.3949
66.4835
66.4048
65.9193
66.8064
66.4635
67.3967
67.1491
