918
918
918
883.872
832.067
807.77
799.628
798.118
793.675
790.616
789.891
791.536
795.015
793.208
789.494
790.905
796.015
800.025
798.718
798.593
798.352
800.955
799.469
800.281
796.294
789.389
786.551
783.193
787.844
794.744
794.366
791.641
786.986
784.394
785.996
791.953
790.954
789.938
789.321
787.331
781.092
785.92
788.13
793.258
792.509
792.376
792.052
794.411
792.318
792.218
788.492
787.768
790.071
789.607
788.666
787.374
787.683
788.354
788.354
794.335
790.02
790.487
790.013
789.462
789.3
789.228
792.937
791.595
790.713
790.334
790.559
791.306
789.042
788.118
783.766
783.254
787.204
785.913
787.703
791.793
787.116
786.818
788.042
784.659
787.042
787.947
785.876
787.99
787.826
793.478
791.738
789.091
787.331
786.814
788.118
786.223
786.68
785.658
787.639
792.703
797.073
792.638
786.793
788.425
787.726
781.983
783.138
784.793
785.704
786.255
790.577
790.542
789.664
785.593
782.554
783.997
781.367
782.417
