57.8966
62.4914
65.6554
69.5604
70.117
70.8211
70.5036
70.751
70.054
70.2572
69.7868
71.0548
71.6546
71.8763
69.9747
69.3481
70.0163
70.1994
70.3898
70.2432
70.4523
69.722
69.9318
70.6875
70.2002
71.1106
70.1083
70.5815
70.6282
70.3377
71.6163
71.4563
71.7012
70.714
70.5003
71.2491
69.8484
70.8566
71.5224
71.0942
71.6748
70.4894
71.1055
70.854
69.7202
70.3433
70.9819
70.1886
70.9538
69.67
70.2247
72.4184
70.5513
70.1183
70.3605
70.9228
70.4237
71.8385
71.3662
70.4791
72.0104
69.4864
68.9309
70.3539
70.5836
70.4862
70.6932
70.5682
71.7662
70.2686
69.9113
71.139
70.9008
71.877
71.4409
72.051
70.7125
70.2186
71.4839
70.0934
70.975
71.2274
72.7146
71.4205
69.9579
71.4268
69.892
70.063
69.628
71.6007
70.2852
71.469
70.2567
71.3156
71.1623
71.4625
71.3019
70.5793
71.0414
71.4594
72.7044
70.1978
71.307
70.9977
71.5626
71.6584
70.7552
70.392
70.6672
71.9805
70.9692
71.3753
71.0939
71.0143
