59.392899
58.588512
58.544544
58.598976
58.627106
58.571136
58.572544
58.591072
58.557793
58.533821
58.547234
58.531075
58.602112
58.596802
58.565567
58.583389
58.596928
58.540703
58.597984
58.596992
58.561985
58.606369
58.579140
58.546463
58.578049
58.519199
58.546398
58.591232
58.570877
Control Period
60.224030
58.659714
63.068386
60.888161
59.399200
62.976227
61.574181
62.430176
Control Period
64.761314
61.892418
62.202339
64.817825
64.757309
64.572990
60.143517
Control Period
64.512802
64.799454
64.784035
64.827805
64.790047
66.084930
64.889404
64.797600
Control Period
64.830750
64.856064
64.810722
69.202881
69.354912
67.573853
64.832062
Control Period
68.997185
64.820740
66.557854
68.185638
64.831329
66.678146
67.132355
64.853310
Control Period
68.006302
64.765060
67.965698
64.868896
67.284386
64.860001
64.766235
Control Period
64.907043
69.381851
64.857925
66.680641
67.505920
64.866623
68.946465
64.765915
Control Period
65.829086
64.773148
67.709053
69.094849
67.420700
64.867584
64.921440
Control Period
68.382019
69.010399
64.938721
64.728798
67.863907
68.592064
65.942589
Control Period
64.805603
64.772003
65.257339
69.105377
64.792282
64.801605
65.132256
65.223526
65.251877
Control Period
64.729919
68.965881
67.042938
64.765923
66.022430
65.032700
64.794174
66.773987
Control Period
64.791901
64.792221
65.087326
66.663559
67.255325
68.738083
69.060516
Control Period
67.466209
68.946625
69.374718
65.902016
66.383392
66.681763
Control Period
71.611237
69.178818
67.609085
64.787643
68.330528
69.286118
67.394943
68.772675
Control Period
65.809250
65.505341
64.814369
67.176224
68.925278
64.838211
64.790726
Control Period
66.695999
64.750717
66.746658
66.371361
64.801987
66.793533
68.952896
Control Period
66.753540
69.018654
64.748901
64.757538
69.093025
69.167557
64.852676
Control Period
71.584030
64.817154
65.028671
68.904251
64.827301
65.802719
68.265244
64.667007
Control Period
64.901474
68.699356
65.849594
64.838303
67.864769
64.762939
64.863235
Control Period
68.757278
64.866943
69.211998
68.349442
64.759773
64.787231
69.139908
Control Period
65.717247
68.346085
69.093216
64.826561
67.616257
69.173370
64.783104
Control Period
65.294655
64.841629
68.674622
65.080032
64.798080
68.646561
65.279388
64.843292
Control Period
67.643837
64.792702
67.231964
65.233124
64.817055
68.933571
64.796326
Control Period
66.669601
66.891525
64.797440
64.767166
65.109856
69.095200
Control Period
69.333122
64.694527
65.233376
64.817245
64.793594
65.197723
64.830017
64.811523
Control Period
67.862625
64.857285
67.879425
64.836899
64.822906
66.554047
64.861664
Control Period
64.799011
66.957245
66.836899
64.792671
67.878525
64.832962
Control Period
71.506882
64.848289
64.928101
69.210114
64.802528
65.524063
67.998627
Control Period
64.795616
67.414497
66.438049
64.790817
69.225159
65.275360
64.808289
68.925537
64.751968
Control Period
65.326782
65.810371
68.307487
64.830368
69.202011
64.866562
66.675964
Control Period
65.638657
64.860672
67.120804
68.640480
65.848640
67.288704
69.036804
Control Period
69.574875
66.748253
67.560127
65.479645
64.795616
64.849564
67.218277
Control Period
66.222305
69.054535
68.635681
64.790848
64.749252
67.379166
64.829468
Control Period
66.943810
67.980034
68.948929
64.838913
64.742592
65.790016
68.315994
64.869370
Control Period
70.860733
64.854561
69.093887
68.802567
65.691589
64.904541
68.033470
69.049316
Control Period
66.569344
67.669250
68.977310
66.557571
67.499680
65.058434
67.483330
65.070656
Control Period
68.217278
69.069023
64.755035
66.004547
68.530014
66.724762
67.715836
Control Period
67.051331
65.190399
67.831009
65.615173
68.474915
67.228317
69.049927
Control Period
66.203041
64.785217
66.877731
69.481087
69.318176
66.154915
67.887558
68.762405
Control Period
66.727356
69.020996
68.835999
64.787582
68.603897
65.980835
64.916641
66.899261
Control Period
66.661728
66.148224
67.604218
69.100800
66.225922
64.812668
64.825409
66.053406
Control Period
70.898399
67.003235
65.417084
64.859901
64.734558
65.926369
69.452866
68.272095
Control Period
67.321953
67.598755
68.019012
66.104767
67.419807
68.574783
66.072418
Control Period
69.372955
68.932350
67.467682
66.350273
69.196030
66.597595
68.937668
Control Period
69.170784
64.788162
64.944382
67.927963
65.409531
64.799515
67.191299
69.306076
Control Period
68.199005
68.808548
65.224831
64.828255
64.783424
66.241951
64.815613
64.806183
Control Period
64.782784
69.335838
68.243393
68.806847
69.374176
66.398468
64.864670
65.768387
Control Period
67.393410
69.044128
65.128960
68.283585
68.466812
66.816315
67.298111
Control Period
67.809540
69.026978
69.427933
69.338913
67.782753
65.970177
65.446716
Control Period
64.820259
65.150650
66.539742
65.145691
64.812225
67.553177
66.548927
69.152924
Control Period
64.866501
64.807388
64.761566
67.883270
69.414307
Control Period
69.076897
67.064163
64.811935
68.222885
64.822174
65.918655
64.811905
64.852188
Control Period
64.859131
67.145729
64.798370
68.044609
64.812317
68.045349
64.759331
Control Period
68.480164
64.854721
65.794785
67.668480
64.798813
68.872292
64.805115
Control Period
69.072388
64.743713
68.179520
64.811035
68.996735
64.830246
68.041985
65.861374
Control Period
66.652611
64.768646
68.434784
64.811295
68.279297
65.338501
64.837891
Control Period
68.326660
64.812706
68.429825
68.592896
64.776703
65.939713
64.857635
Control Period
69.283394
68.392868
65.843781
64.885536
67.804550
65.931038
67.616867
65.853600
Control Period
68.951202
66.442558
67.310043
65.150818
67.528763
65.647675
68.313087
68.095970
66.539322
Control Period
68.826462
66.791840
66.514236
67.799072
68.243591
67.492188
67.173477
Control Period
68.467842
64.775230
65.275650
67.235649
65.375900
64.748764
65.114655
67.761246
Control Period
67.419136
66.165573
69.041603
68.708160
66.647781
69.223648
66.722916
Control Period
65.034912
68.201088
65.050812
68.492737
69.216515
64.814972
67.323647
Control Period
64.825027
64.817055
68.582077
65.690781
64.789795
65.396347
68.803741
Control Period
68.199135
66.678085
64.736862
64.789055
68.836700
64.837219
64.796677
67.648987
Control Period
64.792160
69.008667
64.853210
64.861214
64.939163
64.786499
66.276512
67.520958
Control Period
68.928642
64.789948
69.011139
66.457703
64.753090
69.004517
64.785797
64.807198
Control Period
68.418625
64.751518
68.831039
64.828896
69.087845
64.806046
Control Period
69.164833
64.848389
67.411133
68.035553
64.829758
68.980164
64.807297
66.557892
Control Period
67.796387
65.253860
64.855202
65.660095
66.759682
68.621216
65.129631
Control Period
66.566818
64.858208
66.370560
66.851395
64.840485
66.010368
Control Period
67.734085
66.150177
68.134781
64.851807
68.980064
64.785278
67.257980
64.767807
Control Period
64.719330
66.045670
65.846176
64.771683
68.294403
64.828995
67.843361
66.239136
Control Period
67.042175
64.878624
69.153473
64.785507
67.804352
67.692993
64.781082
Control Period
69.182266
67.763359
64.752960
69.199997
64.815781
64.820290
68.849731
Control Period
68.504196
65.424774
65.219452
69.026596
66.072418
64.815582
68.767075
Control Period
65.782402
64.815201
67.544067
64.804573
65.302658
64.821915
Control Period
66.394333
69.471458
64.853920
64.857956
67.935455
64.844063
69.303299
Control Period
69.544189
64.838783
68.017181
64.760445
66.893402
66.791260
64.842850
Control Period
69.022141
66.703873
66.509979
67.019135
65.994659
68.560959
64.889542
65.938461
Control Period
64.855453
69.395493
66.525505
67.518204
67.867035
66.134209
64.874115
64.862656
Control Period
70.866783
69.194016
68.221924
65.506752
68.994492
68.211578
69.014526
64.877213
66.375259
Control Period
65.409210
64.830368
65.300766
65.291870
64.794975
69.235649
68.843582
Control Period
71.355331
65.237244
64.809052
64.846336
64.813309
68.864700
67.836319
68.428032
65.852509
Control Period
68.063965
64.768799
64.788994
64.800354
66.864227
64.813278
Control Period
67.029373
64.866302
64.822113
65.127548
67.760315
69.078430
67.113403
64.828545
Control Period
64.805786
65.560318
64.842049
69.008896
68.098305
64.813919
69.070908
64.784317
Control Period
67.386879
64.873657
66.042435
64.854019
64.803871
65.705696
64.807487
65.708832
68.251266
Control Period
65.596191
66.256287
67.068542
68.675522
69.076096
66.675751
Control Period
68.220192
68.775299
67.829857
65.775833
65.175613
64.849915
65.193504
66.481094
Control Period
65.038017
68.236771
69.260704
68.817215
69.063553
64.863388
66.309189
Control Period
67.012894
67.076035
64.778046
65.849762
69.088638
68.010750
65.251450
64.818115
Control Period
67.252289
64.857857
64.861504
66.749825
64.825500
65.802338
68.398750
64.880608
Control Period
65.494781
65.943039
68.089859
69.360413
69.067741
68.204033
66.053604
Control Period
67.881500
66.309280
64.880737
64.886559
64.857887
65.199173
64.822495
Control Period
67.167297
67.010849
64.840164
69.129501
67.484421
64.837219
69.130875
68.105789
Control Period
66.137314
68.995102
68.549469
66.056320
65.415451
67.953758
69.407013
Control Period
67.909149
64.859390
64.844734
68.215454
66.057983
64.905731
66.615555
Control Period
69.075554
67.589279
64.900833
65.213211
66.984001
65.616959
64.905693
Control Period
64.886948
65.676163
67.870369
66.425217
64.895706
69.217537
Control Period
67.192093
64.845123
64.807808
67.634430
64.849632
64.910629
68.136581
Control Period
65.225182
68.916061
64.831940
64.830338
65.804794
67.480415
66.367775
64.831711
64.841599
Control Period
68.777374
64.876709
64.794685
69.313339
65.228516
64.842300
69.164734
Control Period
64.837730
68.620956
64.909698
65.080643
64.874298
65.079391
64.840096
Control Period
67.167419
64.813980
69.325348
64.823044
69.389725
64.815903
Control Period
68.108826
64.814941
64.846306
67.727814
64.841446
66.307007
Control Period
65.430626
64.841217
64.825150
65.653122
67.657631
66.259521
64.866974
64.826279
Control Period
69.026749
64.830887
67.092995
64.813759
64.839325
68.732193
64.847427
64.834076
Control Period
64.855423
65.278214
64.874084
64.820000
65.228607
64.863327
68.804703
Control Period
68.165665
69.238785
64.763779
66.692894
64.826080
64.877670
69.315079
Control Period
68.701378
64.801437
66.943100
67.044289
64.806778
68.791039
64.790726
68.808380
Control Period
68.738785
64.779037
67.973633
65.206879
64.841248
68.975037
Control Period
67.965889
65.458237
65.019485
68.460541
64.898941
66.543488
64.668549
Control Period
71.944550
71.647903
