113.67
121.579
129.708
134.718
137.166
137.714
137.011
137.917
137.646
137.583
137.843
138.457
139.007
138.428
138.193
137.612
137.898
138.042
139.779
138.704
138.106
137.546
137.856
138.651
137.812
137.792
138.741
139.55
138.535
137.157
137.862
137.821
137.553
138.076
139.043
139.833
139.312
139.247
138.918
138.744
138.621
138.371
139.043
139.53
138.82
140.001
138.813
138.813
138.528
138.67
138.469
139.048
138.052
138.552
137.947
138.135
145.579
155.735
168.212
194.504
240.795
308.94
399.572
505.879
630.264
754.804
867.91
986.863
1113.58
1243.25
1362.86
1471.46
1587.71
1725.21
1860.69
1995.57
2123.82
2251.66
2392.6
2528.26
2668.17
2815.19
2950.55
3081.66
3223.77
3364.34
3489.17
3618.84
3747.18
3867.12
4002.84
4140.23
4268.32
4391.21
4506.53
4642.72
4784.98
4926.21
5072.5
5231.02
5373.81
5500.46
5626.21
5766.32
5892.68
6022.02
6157.28
6275.09
6408.05
6537.51
6682.15
6833.55
6988.63
7121
