60.468479
60.127197
60.105278
60.181313
60.169025
60.195969
60.146912
60.145248
59.859455
59.876545
59.843422
59.851871
59.858047
59.876415
59.878273
59.860863
59.889248
59.873215
59.867104
59.854691
59.889984
59.845856
59.881504
59.866432
59.874432
59.860287
59.891106
59.839489
Control Period
59.885887
59.863838
59.883617
59.892929
63.755234
64.665794
65.050400
64.244286
63.161728
Control Period
67.953056
68.366241
65.892418
62.951714
68.432892
66.475876
63.588322
68.377411
Control Period
68.498947
68.530563
68.564003
69.379898
68.541275
68.490692
Control Period
71.378815
68.478714
68.526527
68.563644
68.460800
68.437950
68.440613
68.444862
68.463837
Control Period
71.338913
68.457886
71.458786
68.499359
71.350555
68.474144
71.709793
Control Period
71.508415
72.436638
69.830238
68.519516
71.590561
68.480003
72.554878
68.453659
Control Period
72.630661
71.496933
68.761536
68.447037
68.386047
68.476318
68.437851
Control Period
70.998787
68.399200
68.616096
68.487717
72.354172
68.423904
71.746078
68.496544
Control Period
68.325287
68.343391
72.303970
72.412865
68.315742
68.335678
68.746239
Control Period
72.719200
71.486938
68.811325
69.105118
70.919678
72.606400
70.570023
69.650337
68.420227
Control Period
68.414917
69.412224
68.465569
69.629150
68.543968
71.092316
72.589409
Control Period
69.794144
68.658653
72.449951
70.329117
72.335999
72.875046
71.133408
71.979996
72.825119
Control Period
68.488831
68.418495
70.455261
70.202362
68.394753
72.379745
Control Period
70.303070
68.390915
72.376831
68.415581
68.406013
70.360641
68.543747
Control Period
72.190491
68.506592
72.828506
72.488068
68.454018
68.432831
72.678757
70.263329
Control Period
72.455780
72.538818
72.639778
72.085373
70.402367
68.349762
Control Period
74.868576
68.330879
68.273598
68.811005
68.317123
68.363098
69.644897
68.342178
Control Period
72.686203
71.847458
70.266983
68.394493
71.625885
72.646942
69.086685
Control Period
70.016571
72.189377
69.571838
71.749115
72.615105
72.877922
68.463043
Control Period
68.434814
70.160217
73.123459
72.819046
71.073952
69.276413
68.442459
Control Period
72.125381
70.340668
68.387871
72.655777
68.367615
68.395615
72.010590
71.572388
Control Period
72.134499
72.644058
68.334427
68.458557
72.382591
68.418495
70.631584
Control Period
68.454880
68.448898
72.584991
68.549759
69.796669
72.769630
68.401955
68.433151
Control Period
68.356766
72.168480
70.555618
68.489090
69.632187
72.736679
68.485413
Control Period
68.487427
72.702621
69.088898
70.174652
72.829758
68.496353
68.572250
Control Period
72.708511
72.906494
70.722527
71.826492
72.591034
72.718658
71.655518
Control Period
69.653442
72.680672
71.048828
68.568993
68.577377
68.485474
72.001793
70.202530
Control Period
72.591873
72.821663
72.231583
73.011398
72.629120
70.483963
Control Period
68.409119
70.567070
72.265694
68.396988
72.777405
69.096642
70.061539
Control Period
72.826660
70.059097
68.434052
72.560196
68.429245
68.471069
72.611328
Control Period
70.817986
69.009407
70.273598
71.160767
72.503677
69.401375
Control Period
71.711426
69.054916
68.466522
71.129791
73.227486
70.426331
68.416733
70.682144
Control Period
72.568283
68.531937
68.481766
68.655457
70.261215
71.819229
69.888641
68.835068
Control Period
70.153564
68.465088
69.706818
68.513733
68.545349
72.558464
72.472229
Control Period
72.696869
71.940544
72.569633
68.903008
69.011261
70.408737
72.774078
69.233444
Control Period
71.139908
71.535355
71.332191
71.352829
71.192673
69.170593
72.554947
Control Period
68.420029
72.721756
72.576004
68.875870
71.070206
72.845566
68.876709
68.425629
Control Period
70.974655
68.481125
69.709152
71.355263
70.986015
68.483170
68.445473
68.461380
Control Period
72.604675
71.848961
68.365120
68.977570
68.496704
Control Period
72.815643
72.741562
72.759430
70.402588
72.444611
70.710754
69.581406
71.748611
Control Period
70.177086
69.931709
68.431396
70.166077
69.394211
72.887329
72.659332
72.709534
Control Period
68.697311
71.235458
72.446655
70.110497
72.574493
68.966080
70.840164
Control Period
71.926147
68.450272
68.443108
68.963425
69.224579
70.915039
Control Period
72.120636
69.993317
68.458908
69.803360
72.556900
70.095749
68.823044
Control Period
71.212799
68.721542
68.594086
68.556992
70.182938
71.393051
69.315933
68.432739
Control Period
71.270111
68.478683
68.403267
72.785095
71.634018
72.817375
72.327263
Control Period
69.737183
72.441086
72.485725
72.109467
69.234718
68.571869
Control Period
68.593277
68.540863
71.892929
69.592773
71.468796
68.977440
68.523712
68.451935
Control Period
68.375076
69.516098
72.551132
72.750397
72.820831
72.647644
71.129959
Control Period
68.444733
71.056412
69.873024
71.590622
72.704773
72.415939
72.591644
Control Period
76.198593
70.439194
69.194847
72.431549
70.762817
72.406082
69.862778
71.937988
Control Period
69.426300
72.489212
72.677444
72.646210
71.589760
69.590851
72.558075
Control Period
68.427681
70.007996
72.059135
69.568161
68.493988
68.528320
Control Period
68.941696
70.680222
71.228867
68.444321
72.744507
72.057373
69.405952
72.600769
Control Period
72.790756
71.692764
70.348221
68.457733
72.707138
70.066010
68.549850
72.501923
Control Period
72.091812
76.895454
73.318817
73.104355
72.216446
75.252518
72.662910
72.427711
Control Period
80.229156
82.009918
82.146011
82.240257
82.606880
80.976196
78.266205
Control Period
82.372543
83.661697
82.857506
82.234146
82.683517
81.945251
Control Period
89.269348
83.185471
83.035004
84.199585
85.040314
85.345024
Control Period
84.380608
87.149414
89.240036
83.072006
89.270782
89.259583
Control Period
89.279167
86.956032
89.276321
89.276062
88.211075
89.271233
Control Period
89.272995
89.271904
89.252800
89.262787
89.269852
89.266846
Control Period
89.262558
89.272285
89.275162
92.788635
89.262115
Control Period
89.263359
89.256256
89.241089
89.272095
89.283707
Control Period
89.286499
96.146942
89.253151
92.759743
89.248795
95.686874
Control Period
89.270081
95.511040
89.270912
95.628998
89.281120
Control Period
89.259430
89.287552
89.280029
95.931229
95.446884
Control Period
89.282654
96.233215
94.630623
89.232925
90.804382
Control Period
89.257469
95.368347
89.264069
95.631012
Control Period
89.241280
93.093735
95.318977
89.336578
91.041443
Control Period
95.344833
89.233566
89.250435
95.439262
95.569984
95.498749
Control Period
95.611847
89.262367
96.012001
96.088448
95.504829
95.072479
Control Period
95.320129
95.535812
95.395035
89.285477
89.260773
Control Period
96.035744
90.206718
95.468765
95.958267
95.713882
96.089630
Control Period
95.814400
94.906944
89.253601
95.698944
95.764069
95.517059
Control Period
94.539581
95.563423
96.353119
89.264671
95.484032
Control Period
92.269600
93.726974
91.336830
91.021889
96.151169
95.539719
Control Period
91.710846
94.586243
95.271652
94.688507
95.507645
Control Period
92.754044
96.000900
96.143738
95.717926
95.695999
Control Period
96.021957
95.729980
95.927521
95.644417
96.302490
Control Period
94.240608
94.799904
94.181122
92.738693
91.612091
Control Period
95.892448
93.644287
89.262146
95.673950
95.302589
Control Period
92.509247
95.725601
89.282433
95.388893
93.876671
93.079651
Control Period
95.735748
91.345596
95.818657
94.511070
92.578941
Control Period
98.454010
96.180702
92.272446
91.774017
93.255646
Control Period
95.609474
94.025497
96.180130
90.753983
90.006302
95.630814
Control Period
89.267838
96.080902
95.845245
93.086403
95.438629
Control Period
95.111168
95.570404
91.578110
95.752930
93.057343
93.549667
Control Period
98.639297
92.526398
93.846497
95.664322
96.095650
89.277405
Control Period
95.701660
95.646912
95.497856
95.469788
89.252319
95.724411
Control Period
91.296387
95.758018
89.267906
96.360580
92.346947
93.695129
Control Period
92.825569
95.367462
90.024475
95.833023
89.261505
Control Period
97.815430
95.102943
89.239227
94.297318
93.060226
96.224770
95.402657
Control Period
94.674332
93.558464
95.444611
95.712257
94.397598
95.486206
Control Period
93.740326
95.542305
91.188583
95.482651
96.024323
Control Period
92.734367
96.011963
95.757889
94.770432
95.070816
96.065727
93.256836
Control Period
94.381218
95.633698
95.375008
95.352997
94.525146
95.202751
Control Period
93.596283
93.056931
93.551201
91.671204
91.829887
Control Period
90.707397
95.919937
89.265091
93.636765
95.917885
Control Period
94.119713
93.336548
96.380928
90.591171
Control Period
93.766434
95.913666
95.789444
92.131233
95.401665
95.690498
Control Period
89.270241
91.578590
95.322525
95.693542
89.241760
89.264740
Control Period
95.626053
94.180634
89.242203
95.523041
93.951523
Control Period
89.261826
95.159103
91.495331
93.693253
95.529343
90.384926
Control Period
94.656860
94.076859
91.264832
95.912285
89.260254
Control Period
93.871902
95.497818
90.151520
96.373306
90.271873
95.106850
Control Period
92.542046
95.307526
95.610176
96.487686
90.003998
90.279968
Control Period
99.474213
93.862656
95.964676
95.970337
95.781723
95.734016
Control Period
95.796860
91.789734
92.743965
92.675743
89.268738
92.922882
Control Period
95.445343
95.422241
92.467712
95.489151
95.406082
Control Period
95.547516
93.244965
89.272064
89.252029
Control Period
92.209984
90.115875
89.252380
89.267197
89.247841
95.192444
Control Period
95.616379
95.721024
93.496353
92.601120
89.731812
89.469254
Control Period
107.084763
107.112701
107.086395
