80
77.0466
75.169
73.6626
72.4721
71.5412
70.8191
70.2645
69.8452
69.5356
69.3304
69.1578
69.0423
68.9623
68.9152
68.8921
68.8834
68.8925
68.9076
68.9311
68.9568
68.9875
69.0181
69.0474
69.0755
69.1093
69.1469
69.1848
69.2225
69.2599
69.298
69.3314
69.3644
69.3983
69.4284
69.4592
69.4905
69.5217
69.5504
69.5754
69.6009
69.6242
69.6517
69.6738
69.6952
69.7121
69.7325
69.7497
69.7697
69.7902
69.8147
69.835
69.8535
69.8736
69.8906
69.9068
69.9232
69.9382
69.9581
69.9753
69.9894
70.0041
70.0216
70.0365
70.0453
70.0564
70.0668
70.0806
70.0951
70.1049
70.1155
70.1256
70.1356
70.1417
70.1493
70.1569
70.168
70.1764
70.1874
70.1947
70.201
70.212
70.2201
70.2296
70.2367
70.2423
70.2509
70.2596
70.2617
70.2654
70.269
70.2723
70.2795
70.2866
70.2933
70.2977
70.3049
70.3094
70.3116
70.3162
70.3184
70.3253
70.3291
70.3331
70.3357
70.3367
70.3404
70.3428
70.3478
70.3568
70.3608
70.3622
70.3641
70.3684
70.3716
