57.9114
59.8891
59.9032
59.8931
59.8958
59.8833
59.8856
59.8913
59.9024
59.8864
59.8839
59.8988
59.9021
59.8856
59.8949
59.8948
59.9
59.9002
59.8938
59.8823
59.8899
59.89
59.8861
59.8881
59.8972
59.901
59.8927
59.8858
59.8902
59.8861
59.9056
59.9093
59.8966
59.9079
59.9159
59.8836
59.8988
59.9071
59.8949
59.8924
59.894
59.9045
59.8895
59.8851
59.8866
59.8818
59.889
59.8956
59.8953
59.9081
59.8877
59.8883
59.9086
59.9027
59.9109
59.8935
59.8764
59.8855
59.9077
59.8912
59.8892
59.9105
59.9035
59.926
59.9059
59.8987
59.9105
59.9003
59.9027
59.9108
59.8934
59.8926
59.9039
59.8988
59.8999
59.8933
59.8977
59.8989
59.9022
59.9054
59.8994
59.8847
59.8992
59.9046
59.8852
59.8904
59.8998
59.903
59.8992
59.9056
59.8942
59.8922
59.8866
59.8896
59.8922
59.889
59.89
59.886
59.8968
59.9033
59.902
59.891
59.9042
59.8698
59.8767
59.8821
59.8857
59.8944
59.8945
59.8856
59.8876
59.8905
59.8858
59.8962
59.9062
