113.424
117.328
117.327
117.347
117.345
117.349
117.334
117.314
117.337
117.327
117.296
117.324
117.315
117.329
117.327
117.316
117.339
117.327
117.328
117.327
117.333
117.312
117.296
117.275
117.303
117.302
117.326
117.322
117.334
117.343
117.339
117.33
117.348
117.323
117.335
117.34
117.335
117.348
117.328
117.333
117.315
117.335
117.312
117.307
117.28
117.305
117.281
117.298
117.313
117.33
117.319
117.319
117.33
117.304
117.312
117.312
117.314
117.346
117.331
117.323
117.327
117.343
117.352
117.323
117.327
117.328
117.345
117.341
117.331
117.326
117.325
117.312
117.303
117.315
117.311
117.326
117.329
117.347
117.325
117.324
117.347
117.332
117.354
117.335
117.337
117.355
117.325
117.313
117.312
117.319
117.317
117.339
117.346
117.339
117.334
117.347
117.33
117.321
117.325
117.312
117.35
117.331
117.324
117.327
117.323
117.323
117.314
117.339
117.362
117.346
117.317
117.328
117.346
117.344
117.343
