56.6555
58.5927
58.5957
58.5708
58.5841
58.5706
58.5711
58.579
58.5764
58.5728
58.5792
58.5768
58.5774
58.585
58.5884
58.5825
58.5974
58.5876
58.5744
58.5627
58.5723
58.5871
58.5763
58.5802
58.5782
58.5867
58.5983
58.5793
58.59
58.5812
58.5794
58.5848
58.5801
58.6014
58.6061
58.576
58.5966
58.5869
58.584
58.5791
58.5774
58.5834
58.6373
58.5607
58.5726
58.5617
58.5719
58.5796
58.5922
58.5822
58.5798
58.5765
58.5827
58.5861
58.6017
58.5763
58.5695
58.5679
58.5779
58.5732
58.5746
58.5901
58.5983
58.5937
58.577
58.5807
58.5762
58.5844
58.5868
58.5914
58.5768
58.5791
58.5686
58.5774
58.5721
58.5753
58.5717
58.5803
58.5871
58.5974
58.5965
58.5576
58.5737
58.5757
58.5854
58.5884
58.584
58.5842
58.578
58.5945
58.5723
58.588
58.5781
58.5734
58.5715
58.5781
58.5595
58.5759
58.5766
58.5748
58.5846
58.5738
58.578
58.5571
58.5854
58.5582
58.5706
58.586
58.5767
58.5634
58.5736
58.5661
58.5671
58.5877
58.5874
