4064.5
5893
6011.5
6051
5754.5
6150
5932.5
6110
6071
6110
5833.5
5912.5
6091
5913
5912.5
5932.5
5972
5873
5972
5991.5
5991.5
5794
6090.5
5952.5
5932.5
5932.5
5991.5
5932.5
5932.5
6011.5
5991.5
5873
5972
5932.5
5932.5
5952
5897.5
5814
5952
5853
5971.5
5971.5
5971.5
6031
5991.5
5972
5972
5972
5952
5971.5
6071
5952
6011.5
5991.5
5992
5972
5932.5
5971.5
5971.5
5972
5912.5
5952.5
5972
5818
5972
5952.5
5952.5
5991.5
5952.5
5892.5
5873
6130.5
6011.5
6011.5
5992
5912.5
5952
5972
5952
5972
5952.5
5952.5
5759
5932.5
6011.5
5991.5
5813.5
5972
6031.5
5952
5952
5971.5
5952
5912.5
5932
5972
5972
5952
5952
5972
5991.5
5991.5
6011.5
6090.5
5932.5
5932.5
6110
5912.5
6011.5
5992
