0.708711
0.764247
0.810795
0.84485
0.857707
0.854657
0.859336
0.861897
0.860977
0.860633
0.862899
0.862148
0.862116
0.86046
0.863522
0.866754
0.87911
0.887597
0.877257
0.87637
0.868662
0.865276
0.86538
0.863377
0.86068
0.864724
0.870442
0.864784
0.864196
0.872705
0.863184
0.867428
0.862364
0.86735
0.864178
0.862529
0.863513
0.862645
0.863879
0.875233
0.867235
0.868078
0.866928
0.863593
0.869041
0.868207
0.864872
0.861707
0.861861
0.867421
0.872121
0.871644
0.868187
0.864583
0.867251
0.876173
0.87033
0.86375
0.866234
0.865021
0.866172
0.862255
0.865213
0.861925
0.862227
0.86445
0.863288
0.867245
0.866976
0.870848
0.86573
0.870712
0.866292
0.866698
0.86334
0.863645
0.865669
0.871317
0.866579
0.866332
0.870683
0.876673
0.874531
0.870834
0.870906
0.872108
0.864127
0.859801
0.861244
0.863818
0.863802
0.871285
0.870566
0.872284
0.873775
0.866167
0.860206
0.86546
0.865835
0.862038
0.858377
0.848451
0.863557
0.870471
0.864815
0.86439
0.868069
0.864649
0.86359
0.867827
0.866862
0.867139
0.863396
0.856362
