113.394
122.279
129.727
135.176
137.233
136.745
137.494
137.903
137.756
137.701
138.064
137.944
137.939
137.674
138.164
138.681
140.658
142.016
140.361
140.219
138.986
138.444
138.461
138.14
137.709
138.356
139.271
138.365
138.271
139.633
138.109
138.788
137.978
138.776
138.268
138.005
138.162
138.023
138.221
140.037
138.758
138.892
138.709
138.175
139.047
138.913
138.379
137.873
137.898
138.787
139.539
139.463
138.91
138.333
138.76
140.188
139.253
138.2
138.598
138.403
138.587
137.961
138.434
137.908
137.956
138.312
138.126
138.759
138.716
139.336
138.517
139.314
138.607
138.672
138.134
138.183
138.507
139.411
138.653
138.613
139.309
140.268
139.925
139.334
139.345
139.537
138.26
137.568
137.799
138.211
138.208
139.406
139.29
139.565
139.804
138.587
137.633
138.474
138.534
137.926
137.34
135.752
138.169
139.275
138.37
138.302
138.891
138.344
138.174
138.852
138.698
138.742
138.143
137.018
