0.708331
0.762178
0.783473
0.82472
0.825858
0.824738
0.82352
0.835646
0.825461
0.837702
0.825335
0.841191
0.835875
0.832098
0.833709
0.827558
0.844543
0.833883
0.842452
0.840788
0.823972
0.829101
0.849794
0.831664
0.843549
0.814736
0.825869
0.829806
0.843805
0.852013
0.841507
0.831767
0.832188
0.834505
0.83854
0.833023
0.830758
0.837394
0.823923
0.835671
0.841887
0.823257
0.828414
0.837715
0.851448
0.81786
0.854011
0.835647
0.826601
0.828772
0.839663
0.828926
0.835707
0.83222
0.839238
0.843633
0.838901
0.82643
0.816121
0.829301
0.831358
0.834305
0.841481
0.832666
0.833686
0.836597
0.838245
0.830459
0.828075
0.832511
0.835191
0.854116
0.843789
0.824055
0.840839
0.839547
0.834355
0.833313
0.826753
0.836507
0.840884
0.837031
0.838508
0.850566
0.85064
0.834212
0.831081
0.823482
0.828827
0.82335
0.838752
0.837548
0.837727
0.832585
0.827526
0.835456
0.829049
0.844377
0.824628
0.837418
0.821421
0.831285
0.823935
0.835428
0.826414
0.845863
0.831009
0.837543
0.84169
0.830215
0.832028
0.842429
0.824258
0.827797
