3942
5952
5952
5912.5
5838
5308
5110
5110
5129.5
4951.5
5031
4932
4991.5
5189.5
4816.5
5050.5
5050.5
5224.5
4971.5
4777
5050.5
5050.5
4932
4876
5051
4971.5
5090
5051
4876
5090
4836.5
5031
5130
4912
4816.5
4856
5050.5
5189.5
5050.5
5149.5
4931.5
5090
5030.5
4800.5
5011
5130
5090
5051
5189
5070.5
4777
5090.5
5343.5
5070.5
5031
5129.5
4915.5
5209
4955.5
4975
5185
4955
4991.5
5110
5110
5169.5
5149.5
5070
5011
4896
4892
4951.5
5090
4935.5
5169.5
4952
5189
4951.5
4991
4991.5
4955.5
4932
4836.5
4816.5
5015
5030.5
5030.5
4991
5050.5
4912
5050.5
4896
4932
5130
5110
4836.5
4915.5
5149.5
5189.5
4951.5
4952
5070.5
4816.5
5030.5
4991
4876.5
5209
5031
4856
4991.5
