0.723562
0.780181
0.836445
0.859287
0.860394
0.879248
0.876989
0.868316
0.880374
0.883171
0.886767
0.878221
0.876635
0.881922
0.879616
0.897964
0.875613
0.89368
0.889964
0.88014
0.896128
0.895641
0.868309
0.882601
0.883029
0.905905
0.891565
0.887281
0.881892
0.862239
0.862928
0.875709
0.888067
0.878591
0.875818
0.876331
0.881613
0.876068
0.901941
0.875631
0.86955
0.893576
0.890481
0.879813
0.859803
0.899312
0.863385
0.872257
0.887775
0.891278
0.887897
0.902227
0.87697
0.884728
0.889336
0.88282
0.870631
0.892823
0.895175
0.887205
0.885397
0.87084
0.880177
0.883611
0.877867
0.878003
0.870559
0.882765
0.897185
0.888923
0.899397
0.890328
0.875034
0.898043
0.88078
0.870834
0.884655
0.888223
0.903887
0.890281
0.882227
0.892075
0.89796
0.907135
0.894731
0.898207
0.879443
0.877754
0.880116
0.891107
0.885725
0.881998
0.901821
0.893881
0.89418
0.894538
0.883314
0.866317
0.89371
0.861107
0.872202
0.876848
0.890386
0.886661
0.902322
0.88532
0.884888
0.871247
0.876605
0.895993
0.877505
0.869335
0.890422
0.88281
