57.885
62.4145
66.9156
68.743
68.8315
70.3399
70.1591
69.4653
70.4299
70.6537
70.9413
70.2577
70.1308
70.5537
70.3693
71.8371
70.0491
71.4944
71.1972
70.4112
71.6902
71.6512
69.4648
70.6081
70.6423
72.4724
71.3252
70.9825
70.5514
68.9791
69.0343
70.0568
71.0454
70.2873
70.0654
70.1065
70.5291
70.0855
72.1553
70.0505
69.564
71.4861
71.2384
70.3851
68.7843
71.945
69.0708
69.7805
71.022
71.3022
71.0318
72.1781
70.1576
70.7782
71.1469
70.6256
69.6505
71.4258
71.614
70.9764
70.8318
69.6672
70.4142
70.6889
70.2294
70.2403
69.6448
70.6212
71.7748
71.1138
71.9518
71.2262
70.0028
71.8435
70.4624
69.6667
70.7724
71.0578
72.3109
71.2225
70.5782
71.366
71.8368
72.5708
71.5785
71.8566
70.3555
70.2203
70.4093
71.2886
70.858
70.5599
72.1457
71.5105
71.5344
71.563
70.6651
69.3054
71.4968
68.8886
69.7762
70.1478
71.2309
70.9329
72.1858
70.8256
70.791
69.6998
70.1284
71.6795
70.2004
69.5468
71.2337
70.6248
