56.5921
58.5807
58.578
58.5786
58.5822
58.5804
58.592
58.5865
58.5819
58.5933
58.59
58.5928
58.5845
58.5758
58.5882
58.5793
58.6085
58.5809
58.5805
58.5879
58.5892
58.6054
58.607
58.588
58.5911
58.5927
58.5936
58.5826
58.573
58.5772
58.5852
58.5802
58.5862
58.5753
58.5683
58.572
58.5882
58.5948
58.5792
58.5943
58.5919
58.5815
58.5844
58.5873
58.5854
58.5966
58.6125
58.5698
58.5974
58.611
58.5872
58.5842
58.6067
58.6061
58.5952
58.6011
58.6003
58.5963
58.5989
58.5973
58.5987
58.6113
58.5818
58.6071
58.5959
58.5854
58.5794
58.586
58.6077
58.5822
58.6162
58.5993
58.5969
58.5994
58.5882
58.6074
58.5887
58.5997
58.6071
58.6129
58.5973
58.5863
58.5796
58.5992
58.5961
58.5997
58.5894
58.5884
58.6142
58.5975
58.5872
58.59
58.5845
58.592
58.5836
58.5951
58.573
58.5779
58.6016
58.5992
58.5777
58.5927
58.6047
58.5886
58.5812
58.6054
58.5891
58.5805
58.5956
58.5889
58.5876
58.5804
58.5818
58.5894
58.5799
