160
160.279
161.049
161.698
162.247
162.714
163.11
163.452
163.746
164.002
164.225
164.419
164.592
164.741
164.872
164.991
165.097
165.194
165.28
165.355
165.427
165.495
165.558
165.618
165.671
165.721
165.767
165.811
165.851
165.89
165.926
165.963
165.998
166.033
166.063
166.092
166.123
166.153
166.184
166.213
166.245
166.275
166.302
166.329
166.356
166.383
166.41
166.438
166.459
166.483
166.508
166.53
166.55
166.575
166.6
166.621
166.644
166.664
166.684
166.706
166.726
166.746
166.764
166.778
166.798
166.815
166.828
166.84
166.853
166.872
166.886
166.903
166.918
166.932
166.945
166.958
166.972
166.983
166.999
167.015
167.03
167.042
167.052
167.063
167.074
167.083
167.093
167.103
167.113
167.126
167.137
167.145
167.153
167.161
167.169
167.177
167.185
167.189
167.193
167.201
167.208
167.212
167.222
167.233
167.24
167.248
167.256
167.263
167.267
167.273
167.279
167.283
167.288
167.294
167.301
