80
78.1389
77.1574
76.363
75.7267
75.2253
74.8266
74.518
74.2791
74.0975
73.962
73.8604
73.7917
73.7439
73.7111
73.6991
73.6928
73.6927
73.6995
73.7123
73.7288
73.7543
73.7795
73.8028
73.8243
73.8509
73.8748
73.9036
73.9344
73.9648
73.9922
74.0168
74.0436
74.0692
74.0924
74.1175
74.1387
74.1586
74.178
74.1964
74.2162
74.2351
74.2489
74.262
74.275
74.2882
74.3039
74.3173
74.3338
74.3492
74.364
74.3798
74.3918
74.4088
74.4226
74.4348
74.4471
74.4591
74.4708
74.4851
74.5013
74.509
74.5209
74.5309
74.5413
74.5518
74.5571
74.5619
74.571
74.581
74.5917
74.6002
74.6081
74.6145
74.6204
74.6213
74.6246
74.631
74.6344
74.6414
74.6447
74.6486
74.6528
74.6584
74.6668
74.6771
74.6859
74.6901
74.6937
74.6984
74.7023
74.7095
74.7149
74.7174
74.7229
74.7286
74.7276
74.7305
74.7304
74.732
74.7362
74.7347
74.7402
74.7471
74.7498
74.7524
74.7559
74.7545
74.7545
74.7587
74.7607
74.7648
74.7688
74.7716
74.7712
