56.6523
58.5788
58.5857
58.5679
58.5912
58.5758
58.577
58.5878
58.5775
58.5866
58.5765
58.5941
58.5818
58.5807
58.6018
58.5811
58.587
58.5893
58.588
58.5734
58.5994
58.5948
58.5771
58.5813
58.5869
58.5825
58.6039
58.6011
58.6147
58.6057
58.5905
58.6038
58.6018
58.5993
58.6108
58.589
58.6042
58.6017
58.5927
58.6018
58.6025
58.5793
58.5781
58.5685
58.5783
58.5896
58.5788
58.5904
58.5898
58.5837
58.5924
58.5819
58.5947
58.5823
58.5913
58.5985
58.5882
58.5941
58.6008
58.5938
58.5747
58.5913
58.5801
58.5972
58.6022
58.5912
58.5752
58.5873
58.5945
58.5982
58.5972
58.5941
58.5993
58.5957
58.5752
58.5614
58.5849
58.5761
58.5954
58.5784
58.5843
58.5764
58.5737
58.5843
58.5975
58.6027
58.5872
58.5757
58.585
58.5837
58.5816
58.5964
58.5797
58.591
58.6024
58.572
58.5959
58.5734
58.5655
58.5797
58.5657
58.595
58.59
58.5731
58.5747
58.5845
58.5653
58.5725
58.5846
58.5803
58.5799
58.5862
58.5827
58.565
58.5844
