-191.342
-438.531
-485.25
-428.656
-440.788
-439.781
-404.5
-446.903
-462.906
-548.5
-439.812
-444.656
-381.188
-472.812
-384.656
-442.219
-445.938
-431.125
-485.125
-387.219
-432.25
-496.312
-395.788
-443.774
-462.906
-442.25
-489.844
-441
-381.333
-441.193
-445.969
-433.594
-458.909
-485.188
-574.323
-559.625
-462.273
-521.936
-447.156
-488.812
-416.812
-429.906
-452.188
-495.375
-380
-496.25
-452.156
-437.25
-450.875
-437.281
-449.656
-383.375
-442.188
-440.938
-502.781
-539.871
-486.156
-540.182
-482.406
-443.438
-453.312
-439.545
-455.75
-447.645
-524.062
-472.812
-470.688
-450.906
-400.719
-450.333
-445.938
-462.156
-422.375
-425.188
-446
-440.938
-436.031
-589.75
-438.594
-448.438
-437.281
-535.188
-506.936
-406.594
-374.781
-414.094
-447.125
-472.812
-405.406
-444.75
-476.312
-493.594
-457.062
-465.156
-436.094
-449.688
-438.273
-447.645
-439.455
-422.75
-404.812
-494.156
-366.969
-429.875
-421.531
-427.193
-477.375
-456.333
-449.688
-525.839
-443.438
-475.312
-465.75
-407.355
-488.424
