0.723745
0.766385
0.775978
0.784169
0.790873
0.795942
0.800415
0.803657
0.806347
0.808337
0.809805
0.811051
0.81179
0.812086
0.812803
0.812763
0.812642
0.81266
0.812628
0.812524
0.812524
0.81228
0.811929
0.811396
0.811387
0.810961
0.810932
0.810774
0.810373
0.810004
0.80969
0.809488
0.80919
0.808855
0.808749
0.808456
0.807976
0.807775
0.807619
0.807521
0.807216
0.806848
0.806634
0.806523
0.806307
0.806323
0.806038
0.806023
0.805782
0.80567
0.805599
0.805196
0.805346
0.805126
0.804804
0.804663
0.804606
0.804429
0.804474
0.804585
0.803998
0.804131
0.803915
0.803786
0.803686
0.803288
0.803285
0.803441
0.803327
0.803295
0.803125
0.803034
0.802833
0.802705
0.802472
0.802628
0.802593
0.802424
0.802473
0.802275
0.802175
0.802179
0.802258
0.802329
0.802345
0.802158
0.801971
0.801882
0.801866
0.801825
0.801993
0.801758
0.80163
0.801668
0.801615
0.801326
0.80141
0.801323
0.801382
0.801484
0.801118
0.80135
0.801479
0.801291
0.80126
0.801242
0.800929
0.801013
0.80115
0.801017
0.801088
0.80108
0.800992
0.800827
0.800989
