160
158.079
157
156.091
155.324
154.68
154.131
153.666
153.266
152.921
152.621
152.355
152.122
151.913
151.721
151.552
151.392
151.241
151.1
150.968
150.843
150.731
150.621
150.513
150.407
150.309
150.212
150.121
150.037
149.955
149.874
149.792
149.716
149.641
149.566
149.495
149.423
149.353
149.284
149.217
149.152
149.09
149.024
148.96
148.897
148.837
148.78
148.723
148.671
148.62
148.57
148.522
148.474
148.431
148.386
148.342
148.3
148.258
148.218
148.182
148.148
148.108
148.073
148.038
148.004
147.971
147.934
147.898
147.867
147.838
147.811
147.783
147.755
147.726
147.698
147.666
147.637
147.612
147.584
147.561
147.535
147.511
147.488
147.466
147.448
147.433
147.417
147.397
147.377
147.359
147.34
147.326
147.31
147.291
147.277
147.263
147.243
147.228
147.209
147.193
147.18
147.162
147.151
147.142
147.129
147.116
147.104
147.089
147.075
147.065
147.054
147.046
147.037
147.027
147.015
