59.449760
58.559105
58.553856
58.534973
58.642494
58.553246
58.552963
58.568062
58.585533
58.563103
58.549629
58.545120
58.583775
58.658562
58.587776
58.573856
58.563999
58.571327
58.580608
58.572159
58.590622
58.536800
58.674080
58.590462
58.566433
58.582207
58.539169
58.572414
58.568542
Control Period
58.586464
58.567390
58.649345
58.560257
58.585217
58.567936
58.556000
58.558144
58.592033
Control Period
58.577633
58.580254
58.714561
58.605858
58.547329
58.549309
58.544384
58.577438
58.567936
Control Period
58.540482
58.556099
58.560993
58.649696
58.561821
58.530014
58.572800
58.571297
Control Period
58.588448
58.555138
58.588959
58.579681
58.654945
58.585373
58.602493
58.574722
58.554913
Control Period
58.589821
58.581886
58.559265
58.558689
58.631645
58.558495
58.591263
58.555939
Control Period
58.579391
58.551262
58.558365
58.591103
58.576225
58.625854
58.558784
58.575203
Control Period
58.558815
58.662178
58.579391
58.597343
58.582466
58.606079
58.605858
58.549152
58.548546
58.540512
Control Period
58.587585
58.604156
58.552834
58.576927
58.574974
58.590847
58.573730
58.586559
58.586433
Control Period
58.566338
58.583778
58.573696
58.597408
58.563679
58.589218
58.619293
58.605377
58.580353
Control Period
58.585247
58.572510
58.537827
58.580353
58.572670
58.588737
58.580673
58.594078
Control Period
58.564514
58.569214
58.600128
58.565666
58.581985
58.585793
58.591873
58.571297
58.716576
Control Period
58.570145
58.580002
58.576351
58.614208
58.596321
58.605408
58.567490
58.544289
Control Period
58.588097
58.556671
58.547615
58.552193
58.570877
58.624352
58.591011
58.590721
58.604446
Control Period
58.580002
58.595741
58.621952
58.624832
58.576126
58.638847
58.581951
58.595295
Control Period
58.595585
58.574142
58.595741
58.586273
58.574883
58.582207
58.607010
58.532898
58.590530
Control Period
58.579903
58.614464
58.573502
58.558945
58.596893
58.551167
58.633278
58.584480
Control Period
58.582207
58.558685
58.591808
58.571587
58.568928
58.578400
58.590401
58.672192
58.556450
Control Period
58.551682
58.557152
58.580223
58.710209
58.577026
58.567070
58.599903
58.571617
58.608513
Control Period
58.562653
58.574017
58.561699
58.635742
58.556416
58.525314
58.588226
58.582817
Control Period
58.603294
58.588097
58.570560
58.573215
58.653923
58.622719
58.618271
58.564926
Control Period
58.606339
58.597343
58.576321
58.581215
58.597534
58.627968
58.571999
58.607010
58.587646
Control Period
58.560066
58.570175
58.596832
58.604286
58.597923
58.520638
58.577599
58.589153
Control Period
58.593536
58.626045
58.570686
58.565407
58.574303
58.577377
58.554146
58.588608
Control Period
58.570686
58.575520
58.552063
58.604546
58.598686
58.586880
58.626434
58.580383
Control Period
58.581245
58.594658
58.590591
58.590847
58.543869
58.568542
58.589504
58.601059
58.562496
Control Period
58.594978
58.598976
58.587967
58.673824
58.591743
58.628513
58.589664
58.580383
58.630657
Control Period
58.615326
58.604576
58.568993
58.697121
58.597439
58.588867
58.577793
58.558754
Control Period
58.614655
58.603714
58.589184
58.586689
58.639038
58.604862
58.677246
58.602303
Control Period
58.638847
58.597214
58.631905
58.577312
58.626877
58.628288
58.587807
58.589378
58.573792
Control Period
58.618496
58.560318
58.573120
58.566177
58.560898
58.681053
58.579391
58.584129
Control Period
58.642143
58.589439
58.621567
58.570976
58.563843
58.599106
58.649567
58.593536
58.557922
Control Period
58.579773
58.596542
58.610752
58.593761
58.588577
58.586754
58.672703
58.629662
Control Period
58.593792
58.604355
58.594975
58.604767
58.586975
58.579552
58.605698
58.659393
58.563965
Control Period
58.596992
58.586975
58.626556
58.603489
58.603840
58.588799
58.587837
58.606590
58.696510
Control Period
58.589279
58.595905
58.592640
58.580704
58.569473
58.575714
58.606430
58.587872
58.619743
58.571938
Control Period
58.613888
58.602848
58.604736
58.615936
58.674591
58.561504
58.570656
58.593407
58.600227
Control Period
58.600861
58.588032
58.584255
58.570625
58.600735
58.681728
58.588608
58.598816
58.583744
Control Period
58.580162
58.607552
58.585442
58.584064
58.585281
58.640064
58.610207
58.557602
Control Period
58.589951
58.578911
58.692223
58.603584
58.564926
58.560577
58.598400
58.627167
58.600067
Control Period
58.552483
58.572990
58.686401
58.600449
58.572189
58.564896
58.676479
58.594467
Control Period
58.567650
58.557537
58.564865
58.588066
58.582306
58.579773
58.567970
58.626465
Control Period
58.575134
58.563843
58.573566
58.578979
58.578529
58.573891
58.588669
58.575233
58.595070
Control Period
58.568642
58.561569
58.567776
58.568096
58.550941
58.558559
58.559105
58.613281
58.666943
Control Period
58.588158
58.562141
58.597153
58.577183
58.531906
58.562210
58.564831
58.554436
Control Period
58.676926
58.581505
58.568928
58.602753
58.584129
58.585888
58.540096
58.576576
Control Period
58.587872
58.658272
58.560349
58.552704
58.557953
58.568928
58.569374
58.575359
58.578110
Control Period
58.558304
58.672226
58.577759
58.592800
58.587555
58.582146
58.573471
58.579071
Control Period
58.575294
58.562561
58.675297
58.563969
58.551010
58.561409
58.604897
58.610527
58.603424
Control Period
58.604767
58.553284
58.664413
58.598175
58.561569
58.560387
58.582497
58.544640
Control Period
58.553535
58.600319
58.585567
58.675362
58.583328
58.551712
58.605984
58.583008
58.611938
Control Period
58.559135
58.564224
58.587105
58.618301
58.565506
58.542625
58.602848
58.585728
Control Period
58.558079
58.570110
58.603519
58.564514
58.675743
58.588158
58.596226
58.601181
Control Period
58.580574
58.563072
58.566338
58.551968
58.581055
58.622467
58.603264
58.589855
58.590591
Control Period
58.581120
58.591232
58.583328
58.569153
58.555073
58.687134
58.572670
58.591042
Control Period
58.601151
58.605022
58.589825
58.594944
58.578209
58.585503
58.571487
58.690208
58.570274
Control Period
58.553665
58.570496
58.615646
58.585472
58.582878
58.570526
58.606369
58.601730
58.607361
58.569889
Control Period
58.587997
58.594784
58.599518
58.678177
58.580032
58.576385
58.567871
58.581535
58.604866
Control Period
58.583935
58.595585
58.567265
58.687038
58.616032
58.587105
58.577217
58.593437
58.599937
Control Period
58.592960
58.594978
58.578850
58.578495
58.609474
58.593857
58.611069
58.590496
Control Period
58.602402
58.554241
58.580929
58.609505
58.577919
58.581120
58.552288
58.558975
58.554878
Control Period
58.607903
58.602112
58.583584
58.601215
58.571423
58.586273
58.600063
58.578079
Control Period
58.597794
58.576767
58.586399
58.572960
58.576962
58.612930
58.582016
58.553921
58.560898
Control Period
58.589409
58.594143
58.599743
58.611618
58.583008
58.586048
58.628349
58.585281
Control Period
58.613441
58.585793
58.583809
58.732094
58.565697
58.594048
58.589859
58.579872
58.574814
Control Period
58.576225
58.598045
58.592640
58.673729
58.583584
58.568096
58.571327
58.560638
58.596130
Control Period
58.570335
58.578178
58.569824
58.624416
58.563553
58.563072
58.576897
58.555489
Control Period
58.602848
58.587234
58.620255
58.564865
58.604191
58.595680
58.564129
58.585152
58.561058
Control Period
58.606430
58.607456
58.582207
58.578018
58.594593
58.614655
58.578270
58.598431
Control Period
58.703808
58.575905
58.579552
58.585918
58.588127
58.636543
58.562050
58.553566
Control Period
58.589951
58.640961
58.580254
58.570786
58.565151
58.605537
58.573151
58.652161
Control Period
58.564224
58.541313
58.678017
58.617184
58.592194
58.583458
58.586815
58.586849
58.596733
Control Period
58.590656
58.584129
58.648415
58.632416
58.554943
58.573090
58.546494
58.683872
58.579330
Control Period
58.604256
58.583263
58.596001
58.593948
58.580608
58.592674
58.557056
58.657700
Control Period
58.573822
58.572544
58.554913
58.567902
58.526657
58.561409
58.578209
58.565826
58.675743
Control Period
58.536995
58.548546
58.558945
58.579651
58.572510
58.558975
58.564129
58.571678
Control Period
58.661217
58.579361
58.575073
58.565121
58.568481
58.603264
58.553314
58.581215
58.576736
Control Period
58.560127
58.670719
58.603935
58.533695
58.569023
58.545151
58.583584
58.576447
58.542526
Control Period
58.544384
58.651680
58.602753
58.608959
58.585793
58.588768
58.597855
58.582626
Control Period
58.590721
58.535103
58.673538
58.568642
58.582752
58.557823
58.561378
58.560349
58.575104
Control Period
58.569759
58.564194
58.713184
58.539585
58.561153
58.580254
58.580383
58.566143
Control Period
58.546944
58.558945
58.573311
58.667358
58.566589
58.542080
58.564640
58.577599
58.583904
58.582817
Control Period
58.528961
58.565567
58.558975
58.662910
58.555969
58.570084
58.558945
58.577377
58.584095
Control Period
58.592354
58.575359
58.535904
58.637726
58.554016
58.604736
58.589729
58.579071
Control Period
58.606689
58.619041
58.588799
58.589664
58.589825
58.578880
58.628067
Control Period
58.635071
58.684769
58.598526
58.580288
58.580002
58.565567
58.580482
58.593727
58.605858
Control Period
58.583714
58.576096
58.602657
58.573311
58.570847
58.567101
58.633247
58.590370
58.561920
Control Period
58.576672
58.584961
58.567841
58.568031
58.561058
58.604286
58.599552
58.557056
Control Period
58.572479
58.557888
58.558434
58.578625
58.578690
58.564800
58.586624
58.682144
Control Period
58.595520
58.565536
58.567551
58.574337
58.582111
58.553917
58.570335
58.578911
58.665344
Control Period
58.585602
58.574944
58.548256
58.578815
58.632000
58.594879
58.564194
58.575104
58.580353
Control Period
58.649406
58.588192
58.583969
58.557472
58.569759
58.629890
58.591808
58.600929
58.543106
Control Period
58.607552
58.561630
58.591297
58.608353
58.585663
58.566784
58.581280
58.571808
Control Period
58.584927
58.612160
58.570305
58.550976
58.597183
58.612541
58.638016
58.597153
58.555424
Control Period
58.568512
58.593948
58.607040
58.592514
58.578529
58.573410
58.707230
58.598335
58.568321
Control Period
58.568096
58.559837
58.564514
58.552193
58.588993
58.551231
58.637886
58.556961
Control Period
58.572128
58.614914
58.569473
58.532127
58.577824
58.638111
58.570625
58.691872
Control Period
58.539040
58.557663
58.534241
58.563263
58.554237
58.565826
58.576672
58.595871
58.673439
Control Period
58.570240
58.589600
58.551296
58.570114
58.591263
58.564384
58.543743
58.543167
Control Period
58.628258
58.571552
58.595901
58.550240
58.556961
58.575199
58.600609
58.559166
Control Period
58.539520
58.556450
58.561790
58.554913
58.559074
58.592255
58.573982
58.587681
Control Period
58.649315
58.536446
58.583969
58.590141
58.578049
58.588707
58.680191
58.547009
58.600800
Control Period
58.582466
58.611359
58.597313
58.611267
58.571136
58.613697
58.542755
58.554306
Control Period
58.555809
58.580448
58.590942
58.545376
58.572540
58.562622
58.632095
58.563969
Control Period
58.560352
58.591202
58.571201
58.585953
58.581635
58.548416
58.577122
58.581886
Control Period
58.583069
58.574753
58.593151
58.608513
58.596062
58.561760
58.578369
58.580605
Control Period
58.594307
58.548767
58.530945
58.593632
58.559391
58.577824
58.551933
58.561695
58.569408
Control Period
58.640419
58.589439
58.559040
58.551361
58.558754
58.566078
58.569214
58.575455
58.542976
Control Period
58.647934
58.570015
58.580193
58.582943
58.584160
58.566208
58.583870
58.561249
Control Period
58.609951
58.657890
58.546848
58.582527
58.573822
58.573120
58.549278
58.565086
58.564384
Control Period
58.579262
58.599297
58.575455
58.583900
58.612225
58.590462
58.550339
58.560417
58.567551
Control Period
58.612480
58.559841
58.654335
58.572575
58.593662
58.555901
58.567230
58.573341
Control Period
58.591171
58.557053
58.578079
58.611427
58.597855
58.573536
58.582787
58.570015
Control Period
58.603104
58.568611
58.558846
58.522079
58.599583
58.574532
58.542206
58.551422
Control Period
58.658913
58.584320
58.603745
58.539742
58.539776
58.596928
58.552322
58.576065
58.607361
Control Period
58.439293
58.433502
58.439392
58.449219
58.422432
58.438080
58.451202
58.417923
58.410400
58.431679
58.426369
58.436798
58.390720
58.463806
58.463486
58.440163
58.416222
58.456097
58.432541
58.425152
58.426750
58.446785
58.455616
58.429855
58.432190
58.459267
59.248257
59.435715
