117.452065
117.281540
117.289917
117.273987
117.272034
117.301697
117.276161
117.278564
117.340515
117.295105
117.282333
117.287964
117.303772
117.339394
117.314850
117.302048
117.311935
117.329918
117.343643
117.354309
117.335266
117.309753
117.280960
117.306366
117.295807
117.327293
117.309692
117.305763
117.311523
117.385376
Control Period
117.308319
117.314621
117.303802
117.297150
117.322975
117.307999
117.321274
117.317505
Control Period
117.374496
117.263580
117.291611
117.271233
117.285217
117.303101
117.291580
117.279587
Control Period
117.269310
117.311005
117.312515
117.318497
117.296799
117.298492
117.308800
117.287811
117.271011
Control Period
117.286118
117.337540
117.334396
117.319618
117.320129
117.349350
117.342239
117.304611
Control Period
117.331909
117.324638
117.323807
117.317154
117.299911
117.328705
117.328506
117.295898
117.293915
Control Period
117.312126
117.318878
117.310791
117.309952
117.315842
117.337723
117.351585
117.355682
117.323334
Control Period
117.321060
117.305725
117.299011
117.307556
117.328827
117.321312
117.289062
117.315361
Control Period
117.313087
117.323486
117.316452
117.309952
117.339073
117.337852
117.337601
117.329407
Control Period
117.288284
117.320251
117.322243
117.342911
117.327301
117.335526
117.360611
117.333755
Control Period
117.296928
117.285629
117.296158
117.300644
117.302750
117.302460
117.309761
117.326401
117.299774
Control Period
117.294655
117.300125
117.325470
117.386108
117.357597
117.338081
117.328705
117.346786
Control Period
117.322372
117.340866
117.338120
117.335526
117.332123
117.357857
117.327301
117.329727
117.331139
Control Period
117.345306
117.323517
117.334885
117.322464
117.307266
117.321762
117.324577
117.355743
117.342331
Control Period
117.337219
117.349823
117.376961
117.410019
117.358109
117.354660
117.364548
117.364838
117.380798
Control Period
117.359230
117.347519
117.374054
117.327934
117.333923
117.310043
117.306778
117.343933
Control Period
117.309830
117.324127
117.311356
117.330528
117.311035
117.310654
117.330399
117.329285
Control Period
117.307449
117.315933
117.310333
117.305054
117.326302
117.304863
117.313217
117.304192
117.313728
Control Period
117.296829
117.295395
117.297821
117.328613
117.318970
117.321922
117.323013
117.355972
Control Period
117.372704
117.355583
117.318329
117.334106
117.330139
117.314720
117.306534
117.325600
117.349251
Control Period
117.376389
117.369125
117.331589
117.338364
117.488770
117.358208
117.392838
117.409378
117.368256
Control Period
117.365601
117.376129
117.353630
117.384514
117.335777
117.337982
117.306305
117.342369
Control Period
117.321854
117.347488
117.368835
117.350594
117.348770
117.331520
117.342110
117.316483
Control Period
117.300674
117.333923
117.328934
117.318237
117.361664
117.315613
117.343781
117.327263
Control Period
117.323746
117.336418
117.324539
117.334175
117.369919
117.365891
117.408386
117.389725
Control Period
117.337151
117.329857
117.337509
117.346977
117.323166
117.345276
117.314972
117.334946
117.332321
Control Period
117.336899
117.334076
117.325470
117.330109
117.323936
117.362396
117.365730
117.344833
Control Period
117.387199
117.378021
117.403618
117.357376
117.351654
117.383713
117.402084
117.383652
117.375961
Control Period
117.386719
117.406143
117.379364
117.380287
117.389984
117.391525
117.381989
117.407013
117.383072
Control Period
117.390495
117.382462
117.360611
117.354279
117.375229
117.372894
117.406403
117.387878
Control Period
117.363235
117.392990
117.370438
117.385216
117.381851
117.332352
117.361755
117.353630
Control Period
117.355011
117.542465
117.398048
117.391647
117.352188
117.341248
117.359840
117.384445
117.395462
Control Period
117.380768
117.410950
117.380608
117.389664
117.389664
117.387039
117.401855
117.395744
Control Period
117.398239
117.399460
117.413467
117.405823
117.377121
117.338943
117.341797
117.341599
Control Period
117.348129
117.361633
117.382240
117.412895
117.410591
117.383484
117.357216
117.342590
Control Period
117.319649
117.360481
117.354340
117.374496
117.369858
117.384445
117.376160
117.379898
Control Period
117.374847
117.376060
117.376389
117.335617
117.332512
117.386169
117.368927
117.383804
Control Period
117.349594
117.343712
117.321350
117.363586
117.386398
117.400833
117.398758
117.357788
Control Period
117.347748
117.380478
117.373535
117.358780
117.337341
117.320992
117.355965
117.355804
Control Period
117.317535
117.326591
117.354111
117.322876
117.347107
117.358078
117.365982
117.382980
117.384644
Control Period
117.371391
117.372101
117.373695
117.365601
117.343613
117.347267
117.357605
117.368958
Control Period
117.338943
117.322784
117.350754
117.333084
117.304352
117.317535
117.351364
117.371460
117.359329
Control Period
117.310211
117.295654
117.315262
117.329788
117.316864
117.353790
117.302597
117.356384
Control Period
117.328575
117.333954
117.328033
117.309723
117.308228
117.312134
117.325699
117.342079
Control Period
117.334885
117.314240
117.296097
117.323425
117.321793
117.314751
117.323715
117.311172
117.303650
Control Period
117.312378
117.309082
117.346977
117.290726
117.313919
117.294205
117.303421
117.310112
Control Period
117.314941
117.311844
117.289017
117.287521
117.297279
117.308990
117.312958
117.348251
Control Period
117.359100
117.339424
117.349091
117.321953
117.335709
117.347076
117.296707
117.299294
117.299133
Control Period
117.317825
117.323235
117.357437
117.334686
117.316193
117.329376
117.340805
117.346146
Control Period
117.369568
117.349762
117.352188
117.310394
117.329147
117.310112
117.325729
117.295616
117.277794
Control Period
117.309021
117.321442
117.361855
117.332550
117.380417
117.312027
117.327652
117.294655
Control Period
117.323967
117.317505
117.351486
117.339935
117.306145
117.334816
117.318146
117.324478
117.342751
Control Period
117.335327
117.365189
117.349915
117.349823
117.340164
117.353958
117.374336
117.380890
Control Period
117.344833
117.373665
117.346558
117.339005
117.339455
117.341980
117.327362
117.319748
117.320831
Control Period
117.319397
117.342590
117.323997
117.304413
117.364319
117.342049
117.337372
117.370789
Control Period
117.329666
117.354874
117.324677
117.307419
117.339104
117.353249
117.317696
117.334625
Control Period
117.336868
117.314178
117.338715
117.355621
117.348862
117.323517
117.365692
117.343109
Control Period
117.357216
117.343933
117.324287
117.341827
117.358078
117.339203
117.328545
117.339355
Control Period
117.341629
117.388092
117.350082
117.358337
117.352539
117.354492
117.354843
117.345566
117.370911
Control Period
117.346817
117.355164
117.362564
117.409760
117.381729
117.432030
117.387199
117.354401
Control Period
117.360130
117.362305
117.343964
117.350403
117.335739
117.332542
117.316544
117.336868
Control Period
117.349411
117.355652
117.363136
117.318176
117.337799
117.352127
117.359230
117.358818
117.344704
Control Period
117.363419
117.385406
117.367363
117.356354
117.360893
117.382080
117.370850
117.316452
Control Period
117.350815
117.357056
117.351898
117.339615
117.354950
117.367683
117.338753
117.321854
117.327682
Control Period
117.358017
117.376740
117.346375
117.352997
117.357147
117.347458
117.317917
117.348831
Control Period
117.317856
117.314240
117.323166
117.327744
117.320099
117.318306
117.320221
117.300354
Control Period
117.346786
117.345123
117.320030
117.305466
117.325348
117.325562
117.312805
117.315361
Control Period
117.311905
117.337791
117.326721
117.356064
117.350906
117.350586
117.320099
117.335876
Control Period
117.337189
117.329567
117.360260
117.331841
117.357956
117.351616
117.361542
117.400452
117.363907
Control Period
117.358780
117.380676
117.374718
117.353539
117.354721
117.378021
117.349472
117.334366
Control Period
117.360130
117.345024
117.332764
117.333603
117.332832
117.365791
117.321953
117.360733
117.330238
Control Period
117.344772
117.321442
117.331902
117.345825
117.341156
117.353600
117.331421
117.347649
Control Period
117.337723
117.345444
117.325249
117.329887
117.330719
117.309662
117.312485
117.305504
117.358429
Control Period
117.342651
117.379005
117.357216
117.358307
117.326591
117.331589
117.311646
117.304131
Control Period
117.301575
117.286369
117.283997
117.284485
117.286751
117.310501
117.319199
117.312195
117.302879
Control Period
117.345795
117.314400
117.324646
117.323616
117.280769
117.319427
117.330811
117.320312
Control Period
117.304642
117.318016
117.341888
117.320389
117.348511
117.363968
117.330879
117.323547
117.330849
Control Period
117.293343
117.336700
117.298782
117.301407
117.299164
117.298302
117.303581
Control Period
117.311935
117.288452
117.342621
117.318115
117.302567
117.355042
117.329346
117.321503
117.324768
Control Period
117.300385
117.303009
117.327774
117.291290
117.308289
117.287521
117.287430
117.334335
Control Period
117.311142
117.331329
117.329117
117.305183
117.313507
117.324890
117.297531
117.304764
117.293152
Control Period
117.302277
117.322205
117.311707
117.334915
117.316513
117.330719
117.347328
Control Period
117.341408
117.295265
117.323807
117.335678
117.315140
117.339645
117.344131
117.320389
Control Period
117.338943
117.351265
117.338654
117.320450
117.328415
117.355331
117.344101
117.352737
117.387550
Control Period
117.365440
117.345444
117.384735
117.368515
117.362785
117.357788
117.351578
117.333954
117.349884
Control Period
117.345917
117.357315
117.356323
117.339615
117.365250
117.355362
117.357277
117.357819
117.368927
Control Period
117.332993
117.341919
117.337311
117.332123
117.280640
117.283485
117.317726
117.339485
Control Period
117.341087
117.333405
117.333374
117.332581
117.359940
117.339615
117.343964
117.341339
117.329887
Control Period
117.337479
117.326462
117.319397
117.359772
117.360352
117.329567
117.332512
117.330078
Control Period
117.347649
117.324768
117.302139
117.313797
117.310501
117.296227
117.340836
117.345314
Control Period
117.347900
117.343552
117.324829
117.342850
117.388702
117.399933
117.346527
117.355713
Control Period
117.332550
117.346466
117.341377
117.349792
117.319870
117.353119
117.332512
117.326340
117.296509
Control Period
117.316956
117.298721
117.304893
117.323647
117.334915
117.349030
117.325851
117.335297
Control Period
117.324829
117.318176
117.306305
117.324448
117.360123
117.493149
117.340065
117.349182
117.322845
Control Period
117.345535
117.344543
117.364288
117.380539
117.337250
117.323074
117.347366
117.338593
Control Period
117.300262
117.302979
117.311104
117.309792
117.327103
117.320160
117.310562
117.277344
Control Period
117.289505
117.304413
117.297409
117.313698
117.311165
117.334564
117.320770
117.324448
117.334305
Control Period
117.276863
117.304222
117.301285
117.324005
117.296097
117.304733
117.282715
117.315773
Control Period
117.329636
117.321732
117.355331
117.318207
117.348190
117.329758
117.317307
117.317345
117.311104
Control Period
117.316574
117.294174
117.345345
117.316864
117.325500
117.342117
117.343231
117.315033
Control Period
117.298172
117.304733
117.309792
117.313187
117.296509
117.283813
117.265182
117.291901
117.317917
Control Period
117.340385
117.309540
117.327232
117.342438
117.338531
117.332191
117.335037
117.347359
Control Period
117.335709
117.372131
117.368385
117.398109
117.293411
117.332832
117.335907
117.351486
117.324959
Control Period
117.316574
117.359650
117.330811
117.325890
117.289307
117.337791
117.332794
117.333313
Control Period
117.320251
117.328094
117.318756
117.345886
117.297729
117.328613
117.324928
117.319260
117.291168
Control Period
117.334427
117.322495
117.284737
117.321381
117.311584
117.325531
117.315933
117.333824
Control Period
117.331650
117.309952
117.305084
117.320068
117.311356
117.297699
117.309891
117.289444
117.298111
Control Period
117.307266
117.270020
117.281181
117.299515
117.285828
117.284737
117.301285
117.314529
Control Period
117.338211
117.294754
117.281372
117.322914
117.341568
117.341156
117.320480
117.342789
117.344925
Control Period
117.324928
117.337082
117.312805
117.296997
117.313217
117.284225
117.325180
117.337402
Control Period
117.347198
117.337120
117.331299
117.347870
117.373215
117.345055
117.318939
117.322754
Control Period
117.328224
117.338753
117.330307
117.337723
117.341248
117.291489
117.320160
117.312225
Control Period
117.329254
117.338623
117.341370
117.334435
117.308609
117.316353
117.314560
117.315361
Control Period
117.311646
117.324768
117.312958
117.325699
117.315811
117.314400
117.321060
117.302597
117.291168
Control Period
117.323975
117.355553
117.320930
117.292610
117.314148
117.341507
117.328857
117.324478
Control Period
117.282333
117.292641
117.318016
117.303520
117.307999
117.287842
117.313660
117.298630
117.296577
117.305954
117.323456
117.304092
117.305504
117.276703
117.298752
117.298302
117.300995
117.289795
117.309723
117.317635
117.306946
117.290848
117.293671
117.308258
117.330429
117.300385
117.294815
