0.70827
0.750344
0.760788
0.769076
0.776186
0.78216
0.786819
0.790672
0.793819
0.796285
0.798306
0.799967
0.801104
0.802075
0.802907
0.803436
0.80384
0.804038
0.80457
0.805079
0.80501
0.80513
0.805435
0.805275
0.80513
0.805107
0.805314
0.805076
0.805054
0.805071
0.804989
0.805076
0.804994
0.804807
0.805008
0.804488
0.804662
0.80452
0.804482
0.804543
0.804088
0.804
0.803817
0.803916
0.803923
0.803886
0.803756
0.803744
0.803722
0.803429
0.803406
0.803721
0.803126
0.803352
0.803238
0.802931
0.803296
0.803016
0.80281
0.802933
0.802878
0.802728
0.80267
0.802538
0.802584
0.802963
0.802625
0.802591
0.802553
0.802222
0.802256
0.802198
0.801954
0.802139
0.801987
0.801763
0.801749
0.801919
0.801926
0.801731
0.802088
0.801926
0.801823
0.801711
0.801661
0.801701
0.801552
0.801828
0.801656
0.801358
0.801433
0.801271
0.801362
0.801303
0.801296
0.801348
0.801308
0.801466
0.801077
0.801335
0.801039
0.801028
0.801109
0.800994
0.80087
0.801263
0.800838
0.800863
0.801047
0.800793
0.800839
0.800956
0.800536
0.800823
0.800767
