56.6084
57.5227
56.0693
56.1619
56.1924
56.9152
56.6583
56.764
56.7681
56.3873
56.4079
56.5735
56.5275
56.6609
56.4328
56.6865
56.8849
57.1212
56.0567
57.1162
56.6153
56.5868
56.6532
56.2221
56.378
56.6623
56.765
56.045
56.0853
56.1986
57.0012
57.0095
57.2494
56.2472
56.4263
56.1618
57.4256
56.7093
56.6409
56.5803
56.3213
56.4571
56.3694
56.7118
55.9873
56.5977
56.5978
56.4873
57.1777
56.1829
57.0348
56.5225
56.9856
56.6551
56.6648
57.2431
56.6322
57.0538
56.463
56.7568
56.7982
56.8139
57.1337
56.5819
56.418
56.7499
56.1836
56.8527
56.743
56.9542
56.6015
56.0714
56.5605
56.7538
56.5888
56.6576
56.6224
57.1613
56.9519
56.6301
56.7277
55.5436
56.4261
56.7651
57.1041
56.352
56.6864
56.5831
56.6253
56.315
56.8841
56.759
56.7109
56.4534
56.76
56.8719
56.5699
56.5827
56.8584
56.9708
56.8073
56.9737
56.7827
56.4795
56.6988
56.5941
56.7831
56.4893
57.2678
57.0273
56.6914
56.689
56.3252
56.5351
