-1210.43
-1228.77
-791.828
-461.233
-220.448
-115.793
-61.2759
-112.172
-53.4331
-20.0688
3.10352
-3.79297
-5.1377
-54.2002
0.51709
-14.8276
41.7666
-27.7241
22.207
17.9668
-5.24121
25.5332
27.6895
-15.9668
12.5171
-122.862
6.06689
-2.48291
-84.0688
4.31055
34.3447
89
32.5864
24.9653
-54.7998
41.2759
0.275879
-1.8335
-99.1724
-46.0347
30.0332
-51.7241
20.7241
18
30.3794
-22.7666
-62.5518
8.75879
37.2759
33.9668
41.3105
15.7002
28.9653
12.5518
-1.8335
-46.6895
117.104
0.207031
-21.4668
-65.5518
44.2002
-31.7588
-41.2334
118.517
0.310547
-9.17236
-20.3667
-8.82129
-2.41357
-9.20703
-100.067
122.724
60.1333
-10.2759
5.75879
-43.6895
-14.793
-69.2998
-38.8623
56.3999
-100.689
-43.3105
49.7334
29.9668
18
23.5864
25
24.4668
16.6206
-47.8623
8.93115
-5.20703
110.379
46.4829
-61.6206
-14.9312
-87.2412
57.1665
-67.8999
5.82764
-22.0688
57.6333
-1.1377
14
-10.6895
0.899902
5.75879
1.72412
9.27588
83.7002
76.6553
9.82764
-5.20703
-29.7588
