113.448
125.903
136.97
143.553
146.768
148.869
150.727
150.715
150.732
152.458
153.968
152.656
153.746
153.278
154.402
155.791
154.671
155.591
152.04
152.461
152.524
155.209
154.444
152.522
153.094
152.645
154.634
153.473
154.039
154.492
154.479
155.39
154.072
154.467
151.946
150.714
153.257
153.59
153.38
153.797
154.992
153.76
154.591
153.638
154.904
154.593
154.311
155.3
153.715
155.589
154.185
155.013
152.264
155.918
153.446
155.254
152.834
152.507
151.984
152.516
153.193
154.044
152.969
153.801
152.602
152.147
151.961
153.282
153.214
152.915
152.69
154.422
153.042
151.737
150.708
152.608
152.148
154.087
154.431
154.829
152.519
152.915
155.545
155.076
154.677
151.638
151.749
154.187
153.353
152.49
151.737
154.857
153.01
152.258
150.714
153.795
151.91
152.408
154.667
156.055
154.671
152.939
152.448
154.326
152.818
152.873
153.427
152.665
152.861
154.119
151.959
151.6
150.706
151.53
