5710.43
5728.77
5291.83
4961.23
4720.45
4615.79
4561.28
4612.17
4553.43
4520.07
4496.9
4503.79
4505.14
4554.2
4499.48
4514.83
4458.23
4527.72
4477.79
4482.03
4505.24
4474.47
4472.31
4515.97
4487.48
4622.86
4493.93
4502.48
4584.07
4495.69
4465.66
4411
4467.41
4475.03
4554.8
4458.72
4499.72
4501.83
4599.17
4546.03
4469.97
4551.72
4479.28
4482
4469.62
4522.77
4562.55
4491.24
4462.72
4466.03
4458.69
4484.3
4471.03
4487.45
4501.83
4546.69
4382.9
4499.79
4521.47
4565.55
4455.8
4531.76
4541.23
4381.48
4499.69
4509.17
4520.37
4508.82
4502.41
4509.21
4600.07
4377.28
4439.87
4510.28
4494.24
4543.69
4514.79
4569.3
4538.86
4443.6
4600.69
4543.31
4450.27
4470.03
4482
4476.41
4475
4475.53
4483.38
4547.86
4491.07
4505.21
4389.62
4453.52
4561.62
4514.93
4587.24
4442.83
4567.9
4494.17
4522.07
4442.37
4501.14
4486
4510.69
4499.1
4494.24
4498.28
4490.72
4416.3
4423.34
4490.17
4505.21
4529.76
