56.6781
62.3156
66.7066
68.9829
70.5718
71.5249
71.0549
72.3799
73.4528
72.5309
72.5471
72.8632
72.8317
73.0782
72.7194
71.6899
73.0883
71.6688
72.501
71.6695
73.6481
71.7361
72.0178
73.1705
72.4958
72.5322
72.6488
73.1112
72.8599
74.4922
73.7879
74.0617
72.594
73.4218
72.5129
73.3561
72.8268
72.8618
71.6662
73.3587
73.9955
73.9996
73.5215
75.0502
73.4682
72.9549
74.6065
73.475
74.4622
73.619
73.8649
72.3495
74.8558
71.9738
73.59
72.1906
75.6347
72.356
72.2292
72.4031
74.1835
71.9095
73.1523
72.0772
72.1624
72.6734
72.3319
73.0184
72.8733
72.2277
73.032
73.3102
72.4625
72.2781
73.0362
71.6609
72.8438
72.2905
73.1479
72.055
73.7189
73.3447
74.0611
72.2433
73.376
73.9263
71.6594
71.635
72.1396
73.6523
75.0361
72.76
72.5847
72.0033
72.5512
71.6477
72.3028
73.7922
72.6821
71.7851
71.6454
71.6455
72.7742
72.7187
72.201
73.4593
72.8419
72.7599
73.2444
72.5645
72.6157
71.6506
72.5283
71.6517
