57.9118
64.2808
69.9113
72.3951
74.6735
76.1642
76.9069
76.9101
78.1428
79.1006
78.0544
78.9206
77.4773
78.9264
78.7987
79.9389
77.7676
77.4335
85.4342
92.1623
82.1712
77.0806
78.2937
78.438
78.8791
78.2993
79.1256
80.3627
80.8135
79.4014
81.6125
78.0541
78.9412
76.9026
79.2084
84.1461
85.2495
78.0924
81.5771
79.2059
79.7234
80.3663
80.1386
79.9553
79.1596
79.0165
79.1758
81.7983
79.7071
79.1886
79.0523
79.2875
80.611
76.9344
78.4672
77.2454
76.9051
77.9404
78.4595
79.0529
76.9018
79.0545
79.6943
79.8005
78.3341
78.1078
78.6951
78.4579
77.9473
77.9923
77.8122
79.6086
77.822
78.3653
78.6274
78.6141
77.7283
78.5379
76.9036
80.1865
78.8381
83.5549
81.0183
79.8179
78.8188
80.7104
94.417
92.7269
83.4798
78.2339
77.7894
77.7893
80.6734
79.4627
78.5371
76.8971
78.512
78.0469
77.5223
76.8933
78.5474
85.4649
83.115
77.3285
79.0203
78.0111
77.4627
79.0251
78.4802
78.2134
77.2043
76.9036
76.9043
76.904
