0.723898
0.80351
0.873892
0.904939
0.933419
0.952052
0.961337
0.961376
0.976785
0.988757
0.975681
0.986507
0.968467
0.98658
0.984983
0.999236
0.972095
0.967919
1.06793
1.15203
1.02714
0.963508
0.978671
0.980476
0.985989
0.978741
0.989071
1.00453
1.01017
0.992518
1.02016
0.975676
0.986764
0.961282
0.990105
1.05183
1.06562
0.976154
1.01971
0.990074
0.996543
1.00458
1.00173
0.999442
0.989495
0.987707
0.989698
1.02248
0.996339
0.989857
0.988153
0.991094
1.00764
0.96168
0.98084
0.965568
0.961313
0.974255
0.980744
0.988162
0.961273
0.988181
0.996179
0.997506
0.979176
0.976348
0.983689
0.980723
0.974342
0.974903
0.972652
0.995107
0.972775
0.979566
0.982843
0.982676
0.971604
0.981724
0.961295
1.00233
0.985476
1.04444
1.01273
0.997724
0.985235
1.00888
1.18021
1.15909
1.0435
0.977923
0.972368
0.972366
1.00842
0.993283
0.981714
0.961214
0.9814
0.975586
0.969029
0.961167
0.981842
1.06831
1.03894
0.966606
0.987754
0.975139
0.968284
0.987814
0.981002
0.977668
0.965053
0.961295
0.961303
0.9613
