60.209282
59.919807
59.898911
59.888290
59.881760
59.929089
59.872097
59.888130
59.895454
59.887840
59.879105
59.893730
59.880768
59.899681
59.907391
59.864929
59.874271
59.905087
59.888577
59.881729
59.891968
59.891426
59.946335
59.922371
59.949982
59.893185
59.905537
59.892159
59.916576
Control Period
63.761696
64.531456
67.166748
62.649345
63.179871
64.395645
Control Period
69.218849
68.510780
71.324036
68.587265
71.028160
68.699463
68.622971
70.529861
72.680740
Control Period
72.446465
72.785309
72.057220
72.422050
72.534561
72.271393
72.248550
Control Period
72.871170
74.925308
73.507812
74.836548
76.948898
76.903580
72.721252
Control Period
76.906876
76.910561
76.884766
72.454689
76.913536
76.914490
Control Period
76.878021
76.896027
76.906982
76.923172
76.916893
76.928833
76.898682
Control Period
76.905731
76.887970
76.921219
76.890045
76.920166
76.907715
76.937950
Control Period
76.938080
76.913506
78.804993
76.919327
79.880959
76.945793
80.597183
Control Period
81.362717
76.935898
76.950912
76.932892
82.522079
76.965988
76.954437
Control Period
82.372925
76.941246
76.914078
76.941635
76.929344
76.942688
76.966278
Control Period
79.314331
82.381638
76.929344
76.957985
76.950684
76.911423
80.616928
Control Period
76.936287
76.923813
76.891586
79.718498
76.887390
76.889511
Control Period
82.380989
76.933731
82.605789
76.920609
76.919456
76.892227
76.898468
76.872993
Control Period
76.914917
76.888092
76.936707
76.926147
82.220734
80.684738
Control Period
81.658875
79.907425
76.939331
76.923325
76.954750
76.924347
76.911522
Control Period
76.916992
76.909760
76.933884
76.899521
76.877792
82.067642
Control Period
76.915199
76.851227
76.932098
76.884705
77.516861
Control Period
79.634239
82.586464
82.395966
82.314529
82.204575
79.101852
Control Period
81.876541
82.253792
82.444611
78.648354
80.229340
76.916862
76.915810
Control Period
76.930878
76.915009
76.906815
82.092926
82.334045
76.884735
76.872162
Control Period
76.899101
76.866463
76.895645
76.890465
76.924454
76.904480
Control Period
76.869057
78.086716
82.033630
76.927460
76.902267
76.909248
80.996002
Control Period
76.925415
76.936768
76.911362
76.933983
76.929634
82.437149
Control Period
82.191299
76.877632
76.903519
76.908127
76.899681
76.907196
76.894852
Control Period
76.873245
81.803711
76.900665
76.907227
79.995422
76.916862
76.894363
Control Period
77.363998
82.460037
79.633179
76.900284
76.921280
76.921829
Control Period
82.012573
79.721786
76.902176
76.894051
76.914078
82.638748
81.069702
Control Period
76.895233
76.926018
76.889404
82.245186
80.359200
82.404068
Control Period
76.882782
77.533630
80.700027
76.857315
79.957153
76.877853
Control Period
83.757126
76.913788
82.262909
76.867676
82.335266
76.900131
82.553406
Control Period
76.902496
80.300896
77.562469
76.904831
76.904129
76.895493
Control Period
81.700256
80.474113
76.910461
76.894402
76.903748
78.947845
76.882591
Control Period
76.877914
76.911522
76.912605
76.877350
76.901375
76.921341
76.916061
Control Period
80.232254
82.356644
76.937950
80.696411
76.911072
76.903366
76.903297
82.023041
Control Period
76.924225
76.899872
82.239395
82.946884
81.932640
82.323997
81.868607
Control Period
76.916962
78.366402
82.201050
76.930817
76.904961
76.887421
76.904251
Control Period
76.900955
76.899750
76.915741
77.816162
82.161636
76.886307
Control Period
82.219711
82.313797
77.783966
76.903038
82.134659
76.901917
Control Period
81.878723
76.901886
76.907303
76.914528
81.765793
77.222687
Control Period
76.915131
82.076447
76.899139
76.894302
82.100670
76.913826
82.087456
Control Period
82.348351
76.900993
76.891098
76.903549
82.197952
76.897919
Control Period
79.222565
76.890656
82.223488
76.894394
82.090363
76.876480
82.458557
Control Period
76.880737
82.566910
76.890785
76.898270
81.399292
76.908157
82.390045
76.893730
Control Period
76.903778
79.086853
79.643173
76.917953
82.762115
76.881599
76.876038
Control Period
82.172226
77.840698
76.892349
76.889053
82.726562
76.898399
76.925247
Control Period
77.417793
76.904671
82.618362
76.915489
76.905533
81.979492
76.891815
Control Period
82.164864
81.955322
76.903358
81.380539
76.874847
Control Period
77.252380
76.904350
82.022591
76.883011
82.468292
76.877533
81.050690
Control Period
76.886848
81.173088
76.938950
76.901062
82.075073
76.857597
Control Period
81.764801
80.315712
76.884064
76.891098
78.131012
80.371712
76.938591
76.904099
Control Period
76.900703
76.909027
76.902054
81.911591
81.902657
82.228577
Control Period
76.928673
76.907516
77.177628
80.354912
76.885376
Control Period
77.176605
76.893822
76.890083
76.870430
76.904419
76.902496
76.903008
Control Period
76.929062
81.311844
80.439011
76.889664
76.883232
76.866653
76.888351
Control Period
76.892448
76.877983
76.885857
76.896225
76.891777
76.877983
79.395554
Control Period
76.896065
76.910080
76.895264
76.925308
76.898590
Control Period
76.906525
76.924454
82.123650
76.869308
76.866653
76.895935
76.872353
Control Period
80.384445
76.871872
76.883522
76.849792
76.871040
82.020035
76.931259
Control Period
76.909027
82.508003
76.897980
76.930267
81.897186
76.908127
76.914658
Control Period
76.900703
76.907516
76.913666
76.898361
76.893631
76.896988
Control Period
76.889854
82.257217
76.880157
76.887131
76.869568
82.222176
76.895844
Control Period
76.897377
76.904709
82.615677
81.985413
76.924805
76.890045
76.899323
Control Period
80.016357
82.433693
76.886246
76.937218
80.262527
Control Period
78.563843
76.882530
76.889893
76.918625
76.908066
82.505051
76.902817
Control Period
76.890625
78.233406
76.868866
81.429886
76.913315
76.881088
Control Period
81.261024
76.877472
76.894333
76.908638
76.917503
81.904961
76.935715
Control Period
76.900162
77.661247
76.912865
76.918716
82.727707
76.898819
76.899872
Control Period
76.914627
76.918243
81.939903
76.907967
76.941505
77.169373
Control Period
79.663589
77.550308
76.908798
76.935333
80.546143
76.902756
76.892731
Control Period
76.924255
77.270142
76.937500
76.937149
80.943741
76.916611
Control Period
81.213150
77.897278
76.871742
76.903610
80.561981
82.300766
76.873566
Control Period
76.882492
76.878944
78.288284
76.900391
76.911621
81.070053
Control Period
80.987396
76.877411
78.477219
76.888733
76.926971
76.906525
Control Period
76.914528
76.894051
77.342781
76.868767
82.669693
76.892029
80.140350
Control Period
76.880737
76.904892
76.897537
82.668259
76.910278
76.897476
Control Period
76.927292
79.778015
76.924065
76.876892
79.783455
76.911232
Control Period
79.074783
76.907616
76.986687
82.624420
76.974564
76.867455
77.705566
Control Period
76.910461
76.910019
76.930237
76.907043
76.885147
76.870819
76.911232
Control Period
81.990494
81.552513
76.923325
76.909149
76.943771
76.918846
81.986336
80.281342
Control Period
81.109543
78.446213
76.899139
76.915588
76.898048
76.926720
77.203232
Control Period
86.789955
76.932770
76.936325
82.061157
82.184891
76.911934
82.453568
Control Period
80.948380
78.351334
79.235680
76.917183
79.427200
79.442818
76.939392
Control Period
76.899460
76.909920
80.892517
82.595680
76.940094
76.944931
82.794624
76.962204
Control Period
79.832191
76.925156
76.912354
76.943810
78.033470
82.314941
78.454430
Control Period
76.936577
76.933563
76.894402
81.856644
82.486526
82.185669
Control Period
82.111168
82.397537
81.083138
82.181915
81.674751
82.417503
82.051422
Control Period
76.859589
76.883743
76.912003
79.661987
82.305084
76.863518
Control Period
76.901154
76.895935
82.453888
78.292511
76.896667
76.912476
Control Period
82.444290
76.897766
76.874527
76.922943
76.899429
76.919968
Control Period
78.106430
76.948830
76.915878
76.897018
80.752701
77.230270
76.922333
Control Period
76.909119
76.927429
76.930405
76.919518
77.650879
81.398430
Control Period
82.121887
82.644516
76.913666
77.531906
76.886108
76.873665
76.969406
Control Period
85.105438
76.894852
76.920380
76.915298
76.910561
76.923714
Control Period
79.468292
76.884155
76.906845
82.071968
76.910492
76.909180
Control Period
76.945541
76.891739
76.900253
76.881989
76.859650
76.912064
76.888611
Control Period
76.862144
82.089722
76.869057
79.393059
76.863846
76.904289
76.871712
Control Period
76.878555
81.832092
78.208740
76.879906
76.877472
76.906784
Control Period
76.907295
80.652100
76.880646
76.924515
76.877632
76.864197
76.897659
Control Period
76.892097
76.893250
76.879326
76.878784
76.918106
76.898529
Control Period
78.438019
81.651901
78.608612
76.883904
76.926331
76.863068
Control Period
82.689568
82.537537
82.266235
77.527199
80.117981
82.081635
Control Period
79.961281
81.753792
76.892929
76.887589
76.894592
76.891808
80.642044
Control Period
76.900284
76.925217
77.122467
78.610947
76.884735
76.885376
Control Period
82.167168
76.880737
76.905602
76.876831
82.183578
76.895523
76.881821
Control Period
76.898819
76.907806
81.790627
76.890305
76.889534
76.899040
Control Period
76.908447
76.897476
76.904449
76.908295
80.049957
77.632126
76.888443
Control Period
76.890785
76.905602
81.883202
76.916702
76.897156
82.452866
76.893600
Control Period
76.900642
77.146271
76.901306
82.280640
76.891426
Control Period
76.891708
76.888382
82.413376
76.883972
76.906754
76.882881
Control Period
78.709023
76.887680
76.902046
76.876640
76.900131
76.950111
Control Period
76.924545
76.898300
76.911301
76.908356
76.898788
76.880325
Control Period
76.907745
76.912476
76.907715
76.886398
76.901917
76.903038
76.931458
76.883293
Control Period
76.893181
76.907364
76.920448
76.911942
76.902687
76.888512
Control Period
76.909348
89.252579
89.229767
89.239586
89.279236
89.236923
