117.827713
117.367172
117.375259
117.336670
117.336731
117.316803
117.354111
117.351837
117.351654
117.335907
117.322945
117.303070
117.322372
117.312866
117.324509
117.318787
117.353760
117.355904
117.343872
117.347809
117.329285
117.331772
117.351997
117.353210
117.357216
117.401505
117.345566
117.339676
117.364128
Control Period
117.346085
128.751831
126.769608
124.126846
128.411011
128.797211
123.231293
128.296448
127.396065
Control Period
136.279297
138.158691
135.445435
138.720734
136.338913
136.877472
Control Period
140.179962
145.497055
143.133575
142.152374
144.130524
146.022430
143.758179
Control Period
148.023468
146.281952
148.008026
146.017822
146.423523
146.576447
146.041351
Control Period
150.690826
145.780487
150.722015
150.701569
147.235168
149.263550
147.690125
Control Period
150.699188
150.729477
150.694687
150.752655
150.738617
150.747192
150.699707
Control Period
150.692032
150.692612
150.716995
150.713058
150.713013
150.778336
Control Period
150.784378
150.712280
150.682526
150.704605
150.730438
150.777374
Control Period
151.441833
150.748993
150.801987
156.355896
150.780548
150.773926
156.304352
Control Period
156.524414
150.800262
150.760406
156.639389
150.760162
156.046722
156.244156
Control Period
150.759232
150.776764
156.443848
156.446503
150.774368
150.737610
Control Period
157.920135
154.077301
150.755432
150.692230
153.848907
156.503006
152.427109
Control Period
150.743256
150.736191
150.853180
154.430878
156.027939
156.878403
Control Period
154.173706
150.760712
156.178711
156.101318
156.757248
152.442627
Control Period
156.076599
153.094208
156.340454
156.212219
156.720306
156.069946
156.024902
Control Period
156.250015
153.963928
153.263245
150.686279
156.088196
156.355743
156.091370
Control Period
156.162537
156.260925
156.056732
155.823517
155.998810
155.585983
153.251358
Control Period
150.730652
150.706879
150.707001
151.344330
153.683746
155.977631
151.129379
Control Period
150.712341
150.736801
150.698425
153.902863
152.392456
156.324799
Control Period
158.207108
150.761780
150.731171
150.706024
150.704254
150.722229
155.833054
Control Period
156.092804
155.750305
156.142044
156.153564
155.291107
150.712769
156.321915
Control Period
161.296600
155.180389
150.702423
150.740799
153.769287
156.347778
151.777603
Control Period
150.713654
156.013306
150.728226
150.767548
156.147873
150.760132
Control Period
150.695419
150.702621
150.713318
156.291199
153.265823
154.019287
155.971420
Control Period
150.664062
150.705719
156.669434
150.748001
150.743515
156.338303
Control Period
156.385498
155.861084
150.680664
151.140686
155.759613
156.644608
155.966049
Control Period
150.736359
150.709152
156.044098
156.211212
156.414948
150.723007
Control Period
154.877747
156.260651
156.468536
153.009827
150.730911
152.884491
Control Period
151.465302
156.050964
156.104950
152.530304
156.418213
152.829666
156.041763
Control Period
154.525543
155.882751
150.690887
156.362213
153.440796
155.968903
Control Period
151.873505
156.629211
153.367584
156.152771
156.533890
156.715515
156.458786
Control Period
151.054657
152.374695
154.765152
156.570908
152.872452
154.385147
156.479233
Control Period
156.280457
156.381897
155.928223
156.763336
150.706390
150.740799
150.701569
Control Period
150.718170
150.687653
150.707336
153.478851
156.238586
151.091583
Control Period
150.735291
150.748032
150.697662
150.668671
150.733429
150.703369
Control Period
152.536255
150.727875
150.727203
150.732635
155.978455
156.003876
156.094559
Control Period
156.263870
156.359528
154.215546
150.704636
150.695297
150.685959
156.206558
Control Period
150.714264
150.722351
155.465363
156.290268
150.720917
156.366180
Control Period
150.703766
156.077698
156.594147
153.015106
150.739075
155.649445
Control Period
161.255676
152.402176
156.126938
156.170654
150.946655
156.043365
150.743805
Control Period
150.741852
156.266495
155.877441
156.093246
150.697723
152.882431
Control Period
153.510284
155.841537
153.400635
156.343323
152.448227
156.002625
Control Period
156.265671
156.241852
150.648712
151.624542
156.349182
150.698273
Control Period
156.067139
155.984222
153.490692
155.652512
156.271515
150.714935
156.147552
Control Period
156.525452
150.748611
151.638153
156.222137
155.974091
156.450272
Control Period
155.871109
155.901062
156.172058
150.724701
156.498779
150.695557
Control Period
156.435303
156.222275
154.006134
156.346817
151.604675
156.176743
156.310944
Control Period
156.099899
151.860352
155.890472
150.656097
155.942505
151.842560
Control Period
161.658432
153.148193
155.859039
156.152222
150.669922
156.062210
153.917816
Control Period
152.517212
156.199127
156.070084
151.617249
152.583298
156.120926
Control Period
162.106140
156.368927
156.216248
156.111618
150.715164
150.716644
150.747742
Control Period
150.739456
150.740631
150.722290
150.703094
150.701660
156.064133
156.177032
Control Period
156.252289
156.326782
156.008606
156.019226
156.240036
154.658630
150.709183
Control Period
150.698792
150.724457
152.738754
156.650146
156.373413
156.230438
Control Period
156.196609
156.001709
152.266815
156.842010
156.419464
153.798279
Control Period
156.203796
155.782532
150.738647
151.141205
150.690140
152.639709
153.928741
151.550400
Control Period
150.725052
150.693817
150.694244
156.201111
150.689438
156.037537
Control Period
152.943115
150.661697
156.530426
150.649811
151.746399
150.658020
150.699173
Control Period
156.038116
150.662445
150.672516
156.319839
150.694046
150.708389
Control Period
155.922089
156.359070
156.050781
150.721954
150.656311
150.665283
151.978302
Control Period
160.895905
150.701920
150.685440
154.206146
156.187836
150.691742
Control Period
155.840027
150.663300
150.707550
150.730240
150.689438
156.069031
156.080154
Control Period
156.460663
153.250519
150.697510
156.175232
155.866791
156.461380
150.759064
150.737122
Control Period
150.708588
156.368896
150.752197
156.314331
150.741409
150.728516
Control Period
156.767807
150.712006
154.764633
150.671448
150.693985
150.729706
150.691742
Control Period
151.744293
151.607941
150.673508
156.262299
150.730347
150.747589
Control Period
153.855225
150.742310
155.838013
154.932251
150.688995
150.714325
156.201859
Control Period
156.536865
154.510849
150.740799
150.737732
156.005798
150.748993
150.764160
Control Period
150.755844
155.348907
155.898376
150.731552
150.700317
156.203262
Control Period
156.147552
155.435806
150.747482
150.733765
150.755035
152.317688
Control Period
160.987946
150.727646
153.105408
155.968292
156.354111
152.152954
150.667358
Control Period
156.025253
150.713226
156.208252
150.753754
150.698700
156.186722
150.710327
Control Period
152.354050
150.699814
150.701630
150.693512
150.680237
156.315094
150.713867
150.741989
Control Period
150.678818
150.711777
150.696289
150.703339
150.715912
150.704498
Control Period
158.130981
150.673508
156.568542
150.694824
150.726379
150.746857
150.714935
Control Period
150.912842
153.543457
150.733566
156.259674
150.737091
150.702759
Control Period
159.754791
156.489258
150.725021
150.742584
156.107819
150.699997
150.706635
Control Period
150.712769
156.103912
156.189301
156.353363
156.522141
155.900391
Control Period
152.253113
155.844055
156.853882
156.047577
156.146179
150.758911
Control Period
150.726852
155.782654
156.471420
150.707199
150.694717
150.729309
Control Period
156.617493
150.724121
150.689819
155.057343
151.868317
152.531326
Control Period
154.918533
156.288025
155.696411
156.312042
153.967072
156.086594
Control Period
156.272156
156.153992
154.726913
150.705719
156.186951
156.412445
Control Period
158.137634
156.406082
156.135864
155.417755
150.724060
150.717026
155.197342
Control Period
156.254044
150.735840
150.724487
150.685333
150.719238
150.706177
156.268341
Control Period
150.688171
151.700638
150.733612
151.443710
150.707489
150.704041
Control Period
156.143402
156.360138
156.011841
153.292068
150.710358
150.674362
156.117661
Control Period
156.312515
153.685303
150.743164
150.724991
154.720413
156.550537
150.732391
Control Period
150.704132
156.098755
150.695099
150.681976
150.659393
156.099304
Control Period
155.739227
152.909988
150.701324
150.710693
150.694977
150.702148
150.700378
Control Period
153.021088
155.848511
155.902649
156.225372
155.564453
152.577347
Control Period
150.691254
150.730179
150.738647
150.718964
155.985016
156.267975
155.941086
152.663651
Control Period
150.684540
150.689056
156.210876
150.746918
154.082977
150.731201
150.758362
Control Period
150.732254
150.705826
150.710999
150.686554
150.690857
150.714508
Control Period
156.643372
150.719879
156.274368
150.685501
155.786713
150.696579
155.759033
Control Period
155.516541
150.618469
150.664825
153.282974
150.686981
150.691528
Control Period
155.904800
155.976578
150.694214
150.699173
150.690338
150.670303
152.219757
Control Period
161.920502
150.731522
150.704315
150.723068
156.017670
155.982025
Control Period
156.005692
155.864685
156.200516
155.921341
156.177124
155.906113
156.312668
Control Period
154.283585
151.527359
154.256668
156.235199
155.712524
156.008224
155.931396
Control Period
150.687683
150.677124
150.691559
156.081253
155.506042
152.858688
151.077026
Control Period
150.707581
151.075592
156.062851
155.451355
150.694336
150.698654
Control Period
157.238983
154.528412
150.729477
150.686554
154.410370
156.552063
156.135269
Control Period
150.667145
155.755219
152.911530
150.724762
150.740128
156.111130
Control Period
154.067413
150.708344
150.720825
151.660034
156.195679
156.079193
150.678650
Control Period
156.291748
156.381989
150.667877
150.752869
150.718430
155.750214
155.919266
Control Period
150.691162
156.134430
150.711487
153.792664
150.689117
150.714905
Control Period
160.788864
154.941284
150.716537
150.659103
150.694687
150.738495
150.697754
Control Period
161.298752
150.718781
156.704773
150.746948
150.712769
150.697784
156.657593
Control Period
154.100525
150.696198
150.677734
150.958649
150.712219
150.710876
157.058868
150.757477
Control Period
156.923035
150.728699
150.687363
150.691010
150.739777
150.710571
150.716461
Control Period
150.726425
150.709503
150.665665
150.692566
150.712952
150.729706
Control Period
156.427200
150.678299
150.709091
150.703232
150.721695
150.718231
150.754272
Control Period
174.467224
175.039337
175.042847
175.027100
175.015808
175.041351
175.021271
175.011597
175.033203
175.039429
175.003326
175.041382
175.030655
175.048416
175.024734
175.009186
175.028900
175.042358
175.915070
