113.405
120.054
123.904
126.464
128.317
129.538
129.615
131.166
131.299
129.321
129.538
130.46
129.975
130.166
129.958
129.416
128.979
128.446
128.319
129.079
129.805
128.513
127.26
128.092
129.453
130.944
129.42
129.59
128.046
129.019
130.423
129.97
130.048
129.623
129.709
129.419
129.323
128.846
129.535
129.053
128.172
130.544
128.983
129.325
129.239
129.656
128.953
129.226
129.277
129.216
130.211
129.244
129.672
129.086
129.437
129.095
129.426
128.447
128.701
130.062
130.269
129.78
128.915
129.223
129.654
129.375
128.709
128.483
128.691
128.946
129.298
129.254
129.016
128.945
130.096
128.849
129.036
128.814
130.732
130.117
130.018
129.601
129.49
129.147
129.763
129.289
130.588
129.966
129.282
128.243
128.818
129.93
130.484
129.232
128.023
129.611
130.383
129.663
129.031
129.205
130.663
130.464
130.169
128.899
129.356
129.193
130.257
131.311
130.059
129.493
128.966
129.401
129.439
128.736
