-205.321
-767.7
-352.276
-135.7
-43.2002
-6.72412
2.43311
-12.6553
-6.3999
19.0332
127.655
-76.2759
-3.5332
-54.0332
-109.655
-4.82764
28.2002
162.069
8.43311
74.7241
-51.0332
-57.1035
-88.5
1.37939
33.8667
49.1001
-32.6001
-12.1377
-43.9331
-1.31055
19.6001
25.6333
6.89648
-5.43311
29.6001
24.8999
83.5171
-286
11.8999
161.867
74.2412
40.5669
-65.9312
-4.8335
60.5864
3.7334
-66.6553
-171.586
25.1333
154.655
-17.9668
-25.7588
-37.1001
-100.4
111.035
71.2666
-25.8335
-32.3105
2.8335
-135
-80.7241
74.8667
128.172
-50.1001
12.7334
-145.931
56.2666
121.793
-37.1333
-118.276
88.8965
27.7998
1.17236
52
-73.8999
2.51709
3.48291
53.5332
11.4668
104.241
-6.1333
-136.104
-76.5
-29.2998
-8.56689
50.207
60.9331
47.1001
-40.4829
-65.2666
2
58.5669
-3.48291
56.7334
-46.4482
-0.733398
44
-35.8999
58.2998
-70
85.1333
-7.7666
-101.483
-72.9668
52.3794
-63.0332
34.5864
62.5669
49.9653
80.8999
-30.8999
22.6553
-35.2002
37
