0.709065
0.739866
0.769365
0.787503
0.761563
0.790524
0.786486
0.784683
0.788624
0.782653
0.77815
0.784631
0.792796
0.784225
0.794604
0.792311
0.79326
0.78579
0.795811
0.792019
0.785492
0.783799
0.78387
0.782739
0.797686
0.795696
0.773396
0.781934
0.79652
0.791089
0.788122
0.794601
0.792285
0.785625
0.789122
0.777902
0.769261
0.779064
0.798207
0.793086
0.801899
0.778033
0.785014
0.781757
0.806412
0.788747
0.787831
0.800387
0.795505
0.79605
0.771118
0.803762
0.791816
0.781308
0.800783
0.785922
0.784376
0.761576
0.784337
0.783779
0.795183
0.800333
0.793721
0.795567
0.798006
0.794149
0.799801
0.797704
0.795863
0.793814
0.798665
0.801768
0.788014
0.795131
0.78664
0.789272
0.793636
0.799797
0.792124
0.784526
0.790313
0.779196
0.794367
0.799569
0.794778
0.800794
0.793878
0.790058
0.786203
0.794404
0.788945
0.785304
0.791772
0.790391
0.778659
0.782107
0.79058
0.789179
0.786291
0.78725
0.798989
0.804894
0.781846
0.795429
0.792794
0.78164
0.79563
0.79441
0.787027
0.803144
0.78653
0.80811
0.78825
0.772727
