3922
5912.5
5932.5
6090.5
6090.5
5565.5
5585
5734.5
5502
5427
5526
5655
5402.5
5715
5422
5774
5561
5462
5447
5189.5
5367.5
5580.5
5486.5
5541.5
5427
5427
5427
5561
5600.5
5467
5501.5
5462
5387.5
5447
5486.5
5640.5
5501.5
5754.5
5482
5288.5
5521.5
5402.5
5541
5660
5462
5695
5715
5640
5288.5
5576.5
5615.5
5600.5
5635.5
5466.5
5600.5
5526
5407
5596
5774
5466.5
5537
5363
5541.5
5367.5
5754.5
5407
5466.5
5640.5
5581
5541.5
5367.5
5268.5
5561
5387
5446.5
5248.5
5596
5367.5
5581
5501.5
5600.5
5462
5348
5447
5521
5521.5
5581
5427
5367.5
5502
5288
5447
5636
5541.5
5466.5
5367.5
5679.5
5387.5
5427
5636
5581
5596
5635.5
5596
5517
5481.5
5501.5
5635.5
5506.5
5695
