117.454720
117.268188
117.277405
117.286049
117.302429
117.283203
117.282684
117.290405
117.305405
117.289696
117.289215
117.286469
117.286720
117.298813
117.314911
117.265503
117.331741
117.335907
117.293633
117.293243
117.292000
117.273537
117.308197
117.289886
117.295456
117.336929
117.300385
117.297920
117.284454
117.272644
Control Period
119.892929
117.317444
120.882751
118.908638
117.337791
121.065277
118.228027
Control Period
117.321182
124.589539
126.949951
124.357346
126.386528
123.959549
124.113220
122.062241
Control Period
125.044250
128.673096
128.546539
123.444130
128.370331
128.712128
125.137756
128.585785
Control Period
128.759338
129.876740
129.699234
130.259323
130.851227
129.947006
129.153961
129.643585
Control Period
133.989410
128.235107
128.096344
126.416061
131.247971
128.686493
128.551910
128.982910
Control Period
134.117859
128.880585
128.490372
129.222534
129.138214
130.619644
128.810562
128.439743
Control Period
127.218872
130.922028
129.477692
128.839142
128.695038
129.051193
130.527832
Control Period
130.417847
129.659134
128.736313
128.488098
129.009476
130.903290
128.216965
128.414307
Control Period
133.903564
128.270874
130.426682
130.616730
128.586273
128.476486
128.442902
130.542526
Control Period
129.503296
128.837631
128.367737
129.072632
127.957794
131.194016
129.006973
128.130661
Control Period
128.678909
128.858185
128.743011
127.012672
128.718933
128.937561
128.379303
126.745277
Control Period
133.866684
129.877670
130.889832
130.176453
129.079971
129.063324
128.997314
128.810944
Control Period
129.030457
126.717438
131.353058
130.993027
131.306488
131.046326
131.608826
Control Period
131.443817
128.947006
131.272766
128.908768
128.894882
128.913635
128.700577
Control Period
133.747711
127.958679
129.271851
129.923615
128.590424
133.919128
131.838303
Control Period
129.359268
130.171707
129.194489
132.805786
129.335556
133.640259
129.007751
130.284225
Control Period
128.868057
128.950623
128.206558
128.877899
128.984543
131.843140
131.011612
128.982666
Control Period
132.634277
129.015869
128.539078
128.658142
128.671356
128.586853
128.272705
128.733276
Control Period
128.432037
128.896118
128.685272
128.508545
128.594177
128.035843
128.822495
128.416809
130.856934
Control Period
126.984482
128.939774
128.914520
126.267006
126.815681
128.979752
128.284515
127.356506
Control Period
131.396729
128.501373
128.293442
128.724258
128.470978
127.265732
130.165527
128.655777
Control Period
128.916290
128.154556
128.215424
129.103394
130.020889
129.691071
126.472641
Control Period
132.555573
128.571579
130.482178
129.129242
128.590591
131.239746
129.288773
128.598373
Control Period
130.350143
128.581253
128.595734
130.558685
130.482178
128.489227
128.576569
131.608353
Control Period
128.919846
128.492996
128.735672
130.093964
130.168732
128.801758
128.554596
128.696869
Control Period
130.586243
126.710655
130.709656
131.174850
130.294083
130.367905
129.196579
129.752533
Control Period
128.186295
130.359970
127.110878
129.910309
128.708633
128.886215
128.779999
128.749435
Control Period
128.788254
128.659775
129.942169
126.569283
129.536865
128.876160
128.769882
Control Period
133.145477
129.046722
128.825699
128.636261
129.650330
128.743073
129.761124
130.470398
Control Period
128.559235
130.237183
130.220932
128.872772
129.122314
128.817734
128.925781
Control Period
134.147263
130.809418
129.795944
128.800507
128.598648
130.956696
128.698273
128.840897
Control Period
134.029480
129.006241
128.477859
129.471863
126.586075
130.311264
128.810440
128.862366
Control Period
128.966187
131.135468
128.841339
128.787521
128.822906
128.873566
126.951141
130.806686
Control Period
128.087463
128.819550
131.202850
129.048645
128.788025
128.711258
128.910431
130.531235
Control Period
129.793701
126.737343
131.072388
130.103333
127.581024
128.937881
128.503677
128.736130
Control Period
128.630814
127.890114
128.914047
128.748199
128.757828
129.126816
128.715195
128.626556
Control Period
128.957733
126.844635
128.674362
127.449860
126.375809
128.613342
127.525925
Control Period
128.914459
129.363464
133.895752
128.344193
128.439713
131.157043
133.226593
129.889923
Control Period
134.116150
128.639038
128.796417
133.756104
128.733673
134.069916
128.941254
132.083710
Control Period
134.094299
128.928253
128.886978
128.807037
128.996246
129.312988
129.131653
128.114624
Control Period
134.124298
128.945831
129.137985
127.750107
131.339355
127.180740
128.083618
127.280487
128.544861
Control Period
126.848320
128.075592
128.373764
126.378082
127.909859
128.554565
128.564194
Control Period
129.031937
129.141571
128.637955
128.689911
128.685211
128.389694
128.568390
128.904449
Control Period
134.077820
128.903748
128.892395
128.921661
130.864288
129.897919
126.603424
126.605286
Control Period
129.106079
128.877762
128.382568
126.800865
127.855392
129.122269
129.242981
126.164642
128.160507
Control Period
129.002457
126.183487
128.542786
129.228195
126.893730
130.702911
129.284760
Control Period
128.977661
130.517883
126.985123
129.202591
129.581635
129.349503
128.820831
Control Period
128.582840
132.480774
128.756516
129.570694
128.912598
128.965408
129.820831
129.041565
Control Period
134.144638
128.443573
128.720612
128.827301
129.033310
131.909576
128.715714
129.022156
131.849976
Control Period
128.803513
128.760132
128.789093
129.114471
128.944214
128.956680
130.096649
Control Period
129.730743
126.647003
126.553085
127.284027
126.482620
126.181061
126.545822
126.494202
Control Period
130.081375
128.507324
129.346848
128.927460
128.861633
126.889191
127.670883
Control Period
128.515900
128.744507
128.270370
130.891586
130.160706
130.346649
128.791519
Control Period
128.840485
131.106659
128.694366
129.083237
128.700348
128.569794
128.896927
132.565186
128.574493
Control Period
128.521530
128.779037
129.076477
129.469345
130.635223
130.432343
130.440826
Control Period
128.405991
128.759995
128.615936
128.906250
128.728348
128.565018
129.011200
128.448395
Control Period
129.221024
129.083557
128.937408
128.999176
129.131485
129.199356
128.966782
128.460800
Control Period
129.253311
131.065765
130.406784
129.997086
129.458786
128.653214
128.631073
128.896545
Control Period
128.838852
128.922745
128.550491
128.847961
127.585632
130.586334
Control Period
130.200958
131.999237
128.972672
128.962692
132.655609
129.191162
Control Period
129.974213
129.632965
129.226715
129.275421
134.189316
134.331451
129.245636
129.095398
Control Period
129.524933
129.600128
129.029816
133.673019
129.017822
132.699707
128.823013
134.096161
Control Period
129.229370
130.643585
126.229218
129.691391
128.666367
128.960022
129.105759
130.826401
Control Period
128.947647
129.131424
130.962524
128.692413
128.842804
129.993408
128.483353
Control Period
128.709946
130.091873
128.797699
128.605698
131.093536
128.344284
128.864410
132.633789
Control Period
128.979584
128.824799
129.893021
133.085983
128.441406
129.264832
130.465378
Control Period
134.209946
132.802216
129.106659
129.171265
129.715195
128.829590
129.329697
130.484192
Control Period
129.100418
130.163788
128.733734
128.672485
128.731689
129.439270
130.492340
Control Period
129.062592
129.248703
130.643066
128.705948
129.319427
130.345566
130.167297
Control Period
129.060455
128.988007
134.208191
129.044617
128.877823
132.452484
129.278458
128.972549
Control Period
133.617340
128.758652
130.707779
129.403809
129.281433
129.543808
129.450333
129.260254
Control Period
134.211212
130.428772
128.796738
128.852509
132.324097
128.289276
128.540512
Control Period
128.605728
128.952835
128.465668
128.604797
130.487656
130.052124
128.739944
130.894913
Control Period
129.503174
129.177597
129.183838
128.234116
130.374817
129.970810
129.402817
Control Period
128.333603
130.564224
128.929733
129.032257
133.058594
128.582153
133.010849
128.602493
Control Period
134.247131
129.089478
131.775711
128.800385
128.582077
130.464600
129.035583
129.059052
Control Period
128.954620
131.727875
129.332291
128.547546
130.925079
128.925919
128.477783
Control Period
128.919144
130.750504
128.911194
128.473785
128.542877
130.989151
129.060867
129.232925
129.105148
Control Period
128.595490
129.253891
129.163742
128.619720
131.488647
131.752228
128.937057
129.300644
Control Period
131.447235
127.311005
128.841400
128.957672
128.641785
126.930435
130.556763
129.007523
Control Period
128.548706
129.017426
128.690155
126.551682
127.329178
126.957214
129.133667
Control Period
134.238113
128.720383
131.401764
128.837799
128.778656
129.093658
130.525452
Control Period
129.245178
128.392960
132.784668
128.967072
131.833771
128.651169
132.264771
Control Period
134.153244
133.450134
128.440903
132.401123
128.951721
129.181885
131.408768
128.664734
Control Period
134.146484
129.012161
132.215973
131.603165
128.314758
133.689026
128.806046
128.781250
Control Period
128.909668
129.093338
128.641022
129.247299
130.584961
129.124222
130.926590
Control Period
128.417847
131.322662
128.846970
129.055878
129.024323
131.242615
129.687454
128.704865
Control Period
134.393738
128.934082
128.625916
128.585083
128.854431
128.684540
129.105225
128.254730
Control Period
130.605865
129.968735
128.674072
129.208008
130.939423
129.096603
128.810028
Control Period
134.100739
129.167740
131.234848
128.922729
132.690460
129.061661
130.615845
128.944153
Control Period
131.466217
128.777893
131.966660
128.756516
131.558975
131.346436
128.681793
133.393600
Control Period
134.278198
129.005508
128.945831
131.271790
128.936707
128.692963
128.712769
130.923737
Control Period
131.981750
128.933884
128.436371
128.849731
130.887390
128.976990
128.805786
Control Period
128.976608
129.658752
129.188034
128.992004
128.857986
128.866653
128.844025
129.035736
Control Period
132.279388
128.989929
129.828445
129.841705
128.979233
129.011871
129.135101
131.302139
Control Period
132.074432
128.801849
128.778564
128.723236
131.051147
129.512512
128.801178
128.848038
Control Period
128.765015
129.101852
128.562622
127.108444
130.628479
130.458954
128.753983
Control Period
128.479752
130.124390
129.069855
128.507492
129.014206
131.274109
129.926819
128.715164
129.157959
Control Period
128.298401
128.726013
128.570374
129.282410
128.828506
129.062012
128.911835
129.291992
Control Period
128.978302
129.112518
131.181641
128.593979
128.866562
128.980865
128.926056
131.120163
Control Period
128.928482
128.676361
128.615646
128.845367
128.964676
128.472321
129.146790
129.398300
Control Period
128.898880
128.580673
128.953888
128.761765
127.753281
128.282471
Control Period
128.931671
128.887299
128.985245
131.013824
129.401505
129.151581
129.143875
129.855042
Control Period
128.845886
133.895432
129.191101
133.250015
128.706436
129.502472
129.581573
128.875427
Control Period
130.824249
129.021179
131.680801
128.961243
128.507523
134.059814
129.105728
Control Period
133.925079
134.147156
128.518112
129.897430
129.722427
128.655670
132.438080
128.891785
Control Period
130.097473
128.797241
128.634857
128.888168
128.750427
128.420898
132.312378
129.039551
Control Period
128.509949
128.737854
130.749222
128.560287
128.799042
131.320572
130.096375
Control Period
128.902817
128.255325
128.514374
131.508484
130.319962
131.076828
128.929413
128.937790
128.642044
Control Period
133.273758
126.785889
126.999161
128.724609
128.587265
128.741852
129.182526
Control Period
129.000900
128.916351
128.900085
128.710526
128.856293
128.653046
128.862915
128.921890
129.034363
Control Period
128.507965
130.340637
127.414978
126.682205
129.033478
129.273285
128.682709
Control Period
129.039612
132.483109
131.439423
130.870560
130.786972
130.454437
131.026047
130.575928
131.333694
Control Period
134.233887
134.062469
133.978912
134.050018
134.006012
133.964096
133.925842
134.063324
134.028519
134.119751
134.191467
134.151886
134.095200
134.169312
134.096313
134.010559
134.082764
133.945923
134.034698
133.894867
134.146149
134.119110
133.952576
133.980621
