80
77.6164
82.1955
83.1051
83.7854
83.1516
84.1216
83.3646
83.7571
83.4355
81.9122
82.5617
83.1314
83.1484
82.4241
84.8276
84.9288
83.9064
84.2066
83.5522
83.835
83.2495
83.8409
82.8161
83.0586
83.7715
83.5777
83.5438
83.2351
83.1236
83.549
83.8391
83.487
83.5151
83.79
84.5731
83.116
83.202
82.315
82.9312
83.9162
84.8264
82.668
82.6875
83.945
83.3907
83.2147
82.947
84.5725
84.7462
84.0543
83.6188
83.6492
84.0918
83.5734
83.3536
84.0123
83.6506
83.5732
83.9069
84.8031
83.8559
82.0046
83.2306
82.0901
83.1385
83.8563
83.3437
84.3004
83.7432
82.0528
83.4167
83.6833
82.3471
82.9152
83.2801
82.7804
84.0792
84.3903
85.2168
85.2812
83.9876
83.7714
82.4026
83.8815
83.7452
84.025
83.9361
83.9994
83.9545
83.8324
84.4471
84.0788
83.8522
83.279
83.5496
83.0355
83.9154
83.5006
82.9765
84.2768
83.8642
82.4732
82.2749
83.5014
82.7428
83.7289
83.6694
83.7297
83.9642
83.9409
83.9694
84.5227
83.9768
