5623.04
5894.4
5502.34
5288.34
5087.53
5143.31
4973.17
5003.03
4987.13
4950.66
5013.3
5049.59
5002.03
4962.17
5021.57
4998.03
4941
5020.53
5007.18
4995.9
5016.53
5111.83
4912.3
4985.07
4956.27
4916.76
5039.28
5027.2
5001.45
5027.52
4989
5016.83
4933.14
5052.4
5070.14
4978.45
5008.03
4935.93
4970.8
5063.66
5034.87
4953.17
5007.03
5048.86
5003.83
4955.4
4995.03
5026.03
5070.9
5030.76
4965.83
4980.24
4969.37
5029.37
5001.73
4969.66
4998.43
5022.21
4938.28
5057.4
4948.21
4982.23
5007.03
4980.5
4975.03
4990.03
5023.45
5030.77
5021.17
5028.38
4986.13
4975.47
4905.5
5026.72
5047.24
5029.6
4987.59
4997.47
5006.76
5028.17
4983.53
5040.62
4949.1
4874.28
5038.69
5140.33
4878.48
5001.6
5108.45
4991.17
5106.1
4939.38
5018.45
4982.6
4996.27
4988.69
4966.23
4999.59
4964.6
5010
4968.17
4893.27
5036
5053.17
5022.93
4992.93
5036.03
5134.76
5029.97
4982.47
4982.86
5031.59
4993.93
5056.93
