57.9043
63.3301
66.7802
68.5456
69.7995
70.0414
71.0443
70.8201
69.8744
72.1696
70.9781
70.904
71.2935
71.0421
69.1601
69.1364
70.178
69.5258
70.5105
70.0339
71.2234
71.1379
72.1032
70.6761
69.3118
70.0874
69.7407
70.4787
70.2367
70.3554
70.1186
70.3779
70.2555
69.6737
69.123
71.1924
71.1232
71.7643
70.1289
69.8425
68.9686
71.3385
71.7072
69.9666
70.6919
70.1707
71.1348
68.7881
70.3361
71.2662
71.1091
71.1834
70.1971
72.0626
71.4934
70.8668
70.404
71.3305
70.628
69.3095
70.9664
72.3518
70.3791
72.0324
70.1991
69.9558
70.7356
69.8148
70.0578
72.8605
70.745
70.5306
70.7785
69.7661
70.3272
71.3733
69.9767
69.9025
69.0749
69.0163
70.7263
70.6908
71.4218
69.203
70.1273
69.8977
70.0674
70.1142
70.1609
71.518
70.5184
71.215
70.6985
71.4793
70.9432
71.7612
70.797
70.1484
71.0664
69.8862
69.5585
70.8682
70.5155
69.5477
71.5548
70.3425
71.1518
72.0064
71.1321
72.0984
71.3424
71.5465
71.5029
71.6296
