918
918
918
885.076
838.844
812.897
798.02
793.525
786.129
787.514
787.368
788.032
790.583
789.892
787.337
787.243
789.19
788.083
788.184
791.234
790.155
789.797
790.005
789.152
783.369
787.915
788.686
790.935
795.251
793.217
791.806
791.727
790.289
790.873
789.996
793.47
790.755
787.107
788.237
787.831
791.146
792.638
789.348
787.549
789.961
789.61
787.076
786.873
789.183
789.438
788.083
784.433
782.838
784.606
785.633
787.217
785.712
785.613
785.613
787.178
787.256
786.126
789.311
786.33
789.01
789.929
789.564
790.563
791.859
792.378
791.163
789.572
788.461
787.008
787.734
789.006
793.887
792.499
790.049
788.518
789.17
789.31
788.955
787.493
788.359
786.266
788.882
795.401
793.377
786.114
792.416
792.341
786.71
787.179
781.69
784.832
783.869
784.77
784.971
785.548
787.307
787.309
789.143
788.645
790.27
795.802
793.934
791.18
790.001
790.377
788.513
781.546
779.978
780.904
781.792
780.152
780.474
777.518
