0.709688
0.811424
0.827492
0.819759
0.816614
0.80452
0.800863
0.799826
0.807336
0.795771
0.797608
0.802187
0.801956
0.802507
0.796215
0.802711
0.798722
0.795839
0.803347
0.79822
0.798839
0.800468
0.802162
0.802813
0.798857
0.796651
0.800933
0.798941
0.80082
0.794414
0.802926
0.800638
0.800879
0.801665
0.798123
0.803936
0.799315
0.799117
0.796821
0.799498
0.803671
0.799622
0.796996
0.800311
0.802436
0.802781
0.795142
0.799829
0.801087
0.800113
0.801909
0.798648
0.800278
0.798078
0.800668
0.796774
0.805039
0.801538
0.796082
0.800851
0.797988
0.801273
0.799521
0.797536
0.800725
0.798337
0.80044
0.799454
0.802067
0.801095
0.800267
0.801034
0.802368
0.799564
0.796251
0.799397
0.799649
0.802106
0.798563
0.80161
0.803227
0.802734
0.799377
0.797808
0.7919
0.804631
0.80106
0.798988
0.799768
0.79721
0.804825
0.800758
0.80193
0.799744
0.801562
0.796786
0.799162
0.802605
0.798438
0.800687
0.800013
0.799933
0.79947
0.79872
0.799089
0.800184
0.798617
0.801782
0.802362
0.800678
0.802525
0.795346
0.806384
0.796501
