0.723803
0.817326
0.805017
0.799646
0.801722
0.799449
0.805043
0.8
0.789196
0.823755
0.795161
0.797261
0.801511
0.797512
0.779713
0.79312
0.81021
0.79788
0.809818
0.796947
0.81291
0.801831
0.806536
0.789586
0.78235
0.805884
0.801279
0.807088
0.798004
0.800736
0.796314
0.802426
0.798542
0.795868
0.790284
0.818015
0.80503
0.808257
0.786651
0.794277
0.785711
0.821804
0.812077
0.783498
0.80152
0.794349
0.81137
0.776805
0.810184
0.810279
0.799707
0.802224
0.790354
0.819873
0.797764
0.7923
0.793948
0.808899
0.793591
0.785932
0.812559
0.821388
0.784534
0.814074
0.784166
0.7939
0.807653
0.790646
0.798847
0.83071
0.783578
0.793603
0.802099
0.793154
0.803355
0.810753
0.78597
0.795792
0.789496
0.796111
0.817451
0.805044
0.8079
0.779345
0.810398
0.798506
0.795451
0.804592
0.801725
0.811169
0.792194
0.801145
0.797098
0.80722
0.796696
0.80847
0.792002
0.791918
0.808209
0.790421
0.793188
0.814546
0.804586
0.788719
0.817493
0.790132
0.806751
0.80991
0.787326
0.806
0.793982
0.801353
0.798537
0.801278
