80
77.4844
82.955
85.72
87.0619
87.6121
88.2491
88.5251
88.5388
87.6105
89.2625
88.9345
88.9489
89.0796
88.6994
87.1702
86.6171
87.1382
87.0695
87.8778
87.6153
88.7193
89.3986
89.5103
88.5943
86.9696
87.0368
87.3247
88.0155
87.8635
88.0539
87.7064
87.9798
87.5443
87.466
87.0306
88.3485
88.7889
89.1487
87.9321
87.7786
86.8072
88.301
89.3003
88.1973
88.3374
87.6724
88.5526
86.815
87.9527
88.9189
88.7327
88.8172
87.8948
89.6171
89.4444
88.6759
88.1822
88.998
88.1877
87.3369
88.0848
89.7082
88.4839
89.5207
88.1166
87.5817
88.301
87.6986
87.7087
90.2846
88.8739
88.2416
87.9603
87.5419
88.0333
89.0323
87.8402
87.4924
86.6918
86.5205
87.8099
88.4042
88.7963
86.5344
87.5357
88.0851
87.1426
87.5125
88.1666
89.0166
88.8915
88.6949
88.55
89.0467
88.7617
89.39
88.5803
87.9307
88.4164
87.6949
87.0033
87.6421
88.1781
87.5295
89.0263
88.1955
88.9067
90.3464
89.4521
89.854
89.2821
89.5423
89.3942
