0.944242
0.831623
0.780848
0.784898
0.797352
0.782603
0.801647
0.80405
0.803746
0.784024
0.793575
0.814942
0.794048
0.795072
0.81454
0.800789
0.80135
0.78978
0.801811
0.791021
0.796498
0.801196
0.805119
0.797714
0.82131
0.789736
0.807166
0.793308
0.803195
0.802415
0.80569
0.800797
0.785979
0.802666
0.803285
0.798773
0.793056
0.7998
0.803207
0.797791
0.805751
0.7923
0.805599
0.80148
0.807658
0.796976
0.798151
0.795991
0.805127
0.792968
0.800598
0.800126
0.79485
0.808066
0.808875
0.791136
0.79896
0.798615
0.802108
0.800886
0.799554
0.795942
0.808288
0.792204
0.796835
0.816028
0.801934
0.791149
0.804542
0.798859
0.790637
0.779655
0.812959
0.795351
0.81277
0.794273
0.794785
0.806311
0.804354
0.804616
0.790339
0.815564
0.790275
0.806156
0.797609
0.790514
0.805421
0.802947
0.802502
0.797369
0.775433
0.814381
0.801481
0.806343
0.787121
0.813969
0.790119
0.807877
0.784367
0.808389
0.799008
0.803132
0.810541
0.792679
0.795256
0.822783
0.773326
0.813636
0.801429
0.802656
0.791975
0.792662
0.797994
0.789244
