0.709643
0.815969
0.818359
0.825657
0.809035
0.811042
0.800387
0.799834
0.795903
0.805594
0.80197
0.79737
0.803688
0.803826
0.796345
0.801346
0.796204
0.805305
0.800394
0.802747
0.800461
0.798319
0.794973
0.803522
0.7957
0.796659
0.793887
0.805806
0.800333
0.801811
0.798428
0.800073
0.799268
0.802473
0.795274
0.803728
0.802165
0.804673
0.799932
0.795505
0.799912
0.80159
0.801372
0.796654
0.793109
0.799657
0.803048
0.800048
0.799242
0.802679
0.793347
0.805097
0.803741
0.796267
0.797617
0.797534
0.802781
0.802819
0.799731
0.802525
0.802363
0.797132
0.798479
0.797625
0.802876
0.795039
0.80069
0.799263
0.799984
0.80329
0.808124
0.797806
0.798074
0.802738
0.799311
0.79767
0.804231
0.794073
0.801576
0.800629
0.801266
0.797508
0.798788
0.800725
0.798837
0.799324
0.800992
0.79855
0.795415
0.80303
0.804266
0.797373
0.798427
0.803357
0.797356
0.801168
0.80588
0.803309
0.794237
0.800985
0.797297
0.798898
0.799466
0.808108
0.797862
0.798044
0.798586
0.797395
0.799981
0.798529
0.807592
0.796163
0.795836
0.80496
