5671.12
5940.53
5504.33
5169.53
5080.03
5042.77
5017.1
5007.03
5006.17
5077.8
5030.83
4967.9
5040.97
4975.17
4987.83
4995.17
5041.13
5090.87
5084.79
4949.07
4997.17
4988.1
4915.07
4901.87
4904.48
4989.33
5099.2
4996
4972.4
5000.69
5036.28
5054.57
4975.17
4896.8
4998.03
5181.13
4978.37
4977.21
4970.1
5067.73
5039.83
4973.34
4859.5
4912.97
5038.67
5018.41
5005.73
5000.72
5000.72
4976.6
4937.97
5026.83
5018.55
5013.63
5012.33
5013.67
5000.69
5025.5
5062.21
5005
4943
4925.07
5010.34
5000.1
5024.6
4990.6
4967.69
5017.83
5052.93
5068.72
4971.77
4958.27
5047.83
5010.17
4993.31
5032.67
4991.73
4993.97
4960
4942.83
5011.97
4997.8
5006.73
4999.38
4946.5
4958.63
5002.3
5032.24
5084.17
5036.03
4940.55
5002.27
4990.97
5038.73
4996.62
5099.9
4976.17
4951.8
4959.97
4978
5094.1
4991.2
5044.21
4985.97
4947.69
4981.93
4938.97
4991.37
4999.1
5005.07
5044.8
4993.93
5047.13
4952.46
