3962
5952
5912.5
5971.5
5679.5
5169.5
5248.5
5209
5011
4852.5
5030.5
5031
5011
4892.5
5011
4896
4951.5
4991.5
5268
5011
5070.5
5129.5
4892
4912
4741.5
4872.5
5050.5
5050.5
5070.5
5011
5110
5189.5
4892.5
4757
4892.5
5205
5284
4991
4912
5011
5145.5
4912
4971.5
4951.5
4991
4932
5050.5
5110
4951.5
4836.5
4856
4932
5011
5149.5
5110
4912
4951.5
5050.5
4872.5
4872.5
5011
4912
4955.5
4991.5
5011
5011
4876
5130
4916
4931.5
5110
5130
5070
5129.5
5110
5130
4932
4780.5
5070.5
5169.5
5031
4816.5
5011
5051
5070.5
5189
5050.5
5130
5070.5
4935.5
5090
5150
4991.5
4892
5030.5
4932
5169.5
4971.5
5090
5031
5129.5
4951.5
4836.5
4971.5
5090
5090
5070
4991.5
5090
4912
