117.806717
117.324677
117.323578
117.336449
117.315041
117.328293
117.308670
117.282051
117.311111
117.316895
117.317535
117.300583
117.307617
117.326660
117.328705
117.331482
117.320450
117.331779
117.295967
117.334427
117.316414
117.296898
117.297760
117.294464
117.283775
117.300644
117.312164
117.292671
117.298271
117.288483
Control Period
123.589188
122.019196
121.992386
124.133438
123.597794
122.426910
122.264992
124.055939
Control Period
124.179970
129.333755
132.194336
128.880005
129.699966
134.310272
129.179550
128.678238
Control Period
138.222260
134.169464
134.048065
134.243134
138.628708
134.347748
134.253479
134.245636
Control Period
135.851349
134.203308
137.658264
138.362396
138.452515
136.155029
134.199677
Control Period
138.531097
136.871033
138.762878
137.209534
139.100952
138.441406
138.765182
Control Period
138.449829
138.350433
138.258148
138.888519
138.637146
136.777893
135.816483
138.708069
Control Period
137.389221
137.043427
138.515656
138.271301
138.674713
137.871552
138.349701
Control Period
138.442108
138.854218
134.411072
138.633575
138.017792
138.745209
134.339050
Control Period
139.591171
138.023193
138.575012
138.720551
137.382935
138.724640
138.722015
Control Period
138.369446
138.496384
138.499847
138.526520
138.711853
138.537216
141.627899
Control Period
141.634674
137.364166
138.511322
138.449631
138.249573
138.226440
137.469818
Control Period
138.412689
138.664429
138.853027
138.652771
138.642822
138.821213
142.176956
Control Period
141.642044
138.143738
138.777557
138.496414
138.552460
141.216644
142.138123
Control Period
138.341980
138.985886
138.289948
138.434723
139.447845
141.453598
137.472198
Control Period
140.793365
141.504700
137.619965
137.335327
137.279755
140.985687
139.383850
Control Period
138.515717
138.441666
138.602325
138.556931
138.548706
138.457855
138.547577
Control Period
140.883011
141.251190
138.388870
138.246338
139.095398
141.034485
Control Period
138.646393
141.107513
141.302917
138.461029
142.073471
138.693237
Control Period
139.641144
138.682907
139.356323
141.846405
142.941437
141.404510
142.423767
Control Period
142.605011
141.503113
139.958847
139.658081
138.928101
143.102203
138.547455
Control Period
138.274689
139.455231
140.497955
142.794052
138.600220
142.080658
139.886841
Control Period
138.719269
139.671997
138.456512
141.141312
138.585983
138.476669
140.496094
Control Period
141.149414
138.358780
137.844421
140.708557
138.718750
140.474854
142.010437
138.500122
Control Period
138.218170
138.730713
138.531555
138.675598
138.722305
138.498016
138.353271
Control Period
138.613602
135.005432
138.697601
136.451050
137.728760
138.717621
137.960999
138.581177
Control Period
138.278244
134.335419
138.448517
134.516098
138.921860
134.646545
138.289703
Control Period
141.458618
137.690338
136.532257
138.549927
138.304810
138.329437
138.762360
Control Period
138.651230
138.591827
138.499298
138.887360
138.655197
138.551849
137.440735
136.984741
Control Period
138.689117
138.540375
138.549408
138.168518
138.655334
137.757507
138.812698
Control Period
138.653259
137.981079
136.719360
138.429886
138.376740
138.464539
138.068130
Control Period
137.461304
138.537415
138.382690
138.453857
138.595734
138.700897
138.332550
Control Period
138.686783
138.272522
138.500381
139.182983
138.641479
137.835724
138.182526
Control Period
140.234070
138.003616
141.069504
137.428513
136.865051
140.743073
137.752731
138.473480
Control Period
137.334686
138.661224
138.235291
134.149826
138.523224
139.122559
135.868225
Control Period
138.419647
138.385406
138.038757
138.154724
138.022461
138.604477
Control Period
141.927399
138.505188
138.174408
138.806717
138.439209
141.876251
138.426727
138.249756
Control Period
140.115936
142.137756
139.051941
138.469208
139.311203
141.627930
138.659576
Control Period
139.892288
138.440002
138.712250
139.138092
141.294647
140.848831
138.666367
Control Period
138.654846
138.650146
138.431808
138.564255
137.848328
141.022888
137.399078
Control Period
141.898651
138.182465
138.355972
138.145813
138.369690
140.823685
138.369919
Control Period
138.592834
141.379517
138.132233
141.155029
138.669952
140.954758
138.508423
Control Period
141.490723
138.455688
137.662048
138.948318
138.936646
140.951752
141.236832
138.763580
Control Period
138.492523
138.721344
138.209259
137.550842
137.897003
139.013123
138.372375
Control Period
138.381378
138.514877
134.481476
138.605347
134.207733
138.670593
134.156158
138.573883
Control Period
137.557465
138.442596
138.375000
136.419296
138.413086
138.324509
134.224213
Control Period
142.445663
138.358688
137.358917
136.146545
138.237396
137.889221
135.696533
Control Period
137.869446
138.399353
138.634857
138.414688
134.799072
138.197144
138.746979
138.216064
Control Period
138.264389
138.015457
138.582550
138.430237
138.057373
134.764038
138.342743
Control Period
138.424545
138.661530
137.843552
138.552521
137.047165
138.306152
139.131622
Control Period
138.358841
135.064865
138.255035
138.511017
134.421661
138.342377
138.237000
133.996674
Control Period
142.516266
134.052094
138.305786
138.241409
138.031372
138.409851
135.060547
Control Period
138.565826
138.564163
137.626297
138.298218
138.168640
138.238022
138.858368
138.317795
Control Period
137.263931
138.313599
138.693054
136.730499
138.149857
135.271423
138.726379
Control Period
138.257782
138.129059
134.628769
138.392349
137.158112
136.990845
138.394974
Control Period
134.235641
138.289154
137.901566
138.567596
134.073273
138.231552
138.656769
137.375366
Control Period
137.299530
137.852020
138.398773
137.985413
138.941727
135.786148
138.501556
Control Period
138.118561
138.072601
138.625366
137.638794
138.374268
138.168488
138.263809
Control Period
137.966522
137.399231
137.821472
138.674622
137.849472
138.337738
138.773621
Control Period
139.040039
138.983093
138.471222
137.879883
137.942490
139.844421
139.807587
Control Period
141.743561
140.194214
138.410553
138.687500
138.151031
138.431519
138.532776
138.361465
Control Period
138.519989
138.323715
137.106049
138.435806
138.558334
138.626312
138.412643
Control Period
138.664795
138.218872
137.568542
138.478729
137.665924
135.357758
138.814331
Control Period
138.670425
135.559235
138.559616
135.900604
137.641052
138.210266
138.193939
Control Period
137.943237
138.111328
137.613632
138.073608
139.045059
137.844971
138.363998
Control Period
137.053986
138.592484
138.393921
138.394241
134.073090
138.574249
138.452728
134.563644
Control Period
137.074341
137.386475
138.517731
138.303864
134.955841
138.169983
138.600479
138.069611
Control Period
138.201416
136.036072
138.367096
135.886444
138.209793
135.520905
137.833557
Control Period
138.345245
138.393066
135.185822
138.672577
138.634216
133.971390
138.455414
Control Period
137.986664
138.081879
138.318268
138.741409
138.286621
138.293030
137.614532
Control Period
142.591461
140.218506
141.811798
137.901184
138.628708
138.354340
138.768448
Control Period
141.781067
138.491150
138.239319
138.453278
138.511292
138.502975
138.539871
138.323242
Control Period
138.319931
138.625031
138.525208
137.999649
138.664215
138.474457
Control Period
139.115906
137.886688
141.465088
137.397659
141.186340
138.237381
141.045120
137.429779
Control Period
138.583878
138.730362
139.196899
138.568954
138.110336
142.383331
137.544510
Control Period
137.611649
140.439133
137.696777
138.658600
137.326599
138.573822
139.994080
Control Period
138.881149
139.586761
141.545532
140.513474
138.651260
138.476227
Control Period
138.912796
137.424698
138.284286
138.439575
138.457916
138.690338
138.285797
138.202820
Control Period
139.052414
138.353088
138.387680
138.817245
141.734406
137.491608
138.231659
Control Period
140.496155
138.067139
138.568832
138.222534
138.550339
138.286530
138.828033
Control Period
142.200195
138.230301
138.639938
139.002136
138.726303
136.144714
137.565308
138.979370
Control Period
138.712555
138.602402
134.639130
139.122345
138.563293
138.529785
138.504669
Control Period
138.463898
138.619843
138.307434
138.936676
135.458237
138.437317
138.519257
Control Period
138.556122
138.302917
137.960999
138.535187
138.478271
138.539368
137.868347
137.510376
Control Period
138.776382
138.457123
138.236862
137.308105
137.257660
138.648071
138.463425
Control Period
138.503326
139.095200
138.515076
135.541718
138.492310
137.812668
136.464996
138.066849
Control Period
138.225189
137.449982
137.472961
138.693283
138.307434
139.047745
135.042465
Control Period
138.229309
138.728897
138.479156
134.787323
138.568802
135.355652
138.368347
Control Period
140.261414
133.977448
138.317688
134.635223
138.535294
134.112930
138.668793
Control Period
138.323090
138.427521
138.180542
137.005157
137.671478
138.156647
138.609665
Control Period
140.909470
138.447678
138.465317
138.505127
138.750076
138.139801
138.463196
138.054977
Control Period
138.349030
138.299835
135.223358
138.249725
138.183868
138.322845
138.378357
Control Period
137.433853
138.832443
138.343521
138.050400
138.474243
137.613129
135.479187
Control Period
142.615479
138.519455
134.301666
138.355225
138.416779
138.087494
138.209595
Control Period
138.265289
137.751297
136.781708
137.847351
138.060349
138.261963
138.583832
137.802948
Control Period
139.074692
138.424286
137.244415
138.243164
138.173798
138.225342
Control Period
138.175659
141.158340
140.119080
138.042694
140.332932
140.627258
139.105988
Control Period
142.969345
138.485382
138.274307
138.706146
141.771744
139.779999
138.887329
138.719910
Control Period
138.064056
138.709045
138.645981
138.480377
138.281830
138.429352
138.307495
Control Period
142.880066
137.275681
137.257690
138.567673
138.852417
138.560318
138.121063
138.226303
Control Period
138.148926
138.045441
137.483459
138.250854
138.229538
138.451691
Control Period
137.502365
137.244232
138.663712
139.139038
138.229401
138.314819
139.868454
138.807190
Control Period
138.438141
138.288757
138.041183
138.251465
136.836426
140.489868
Control Period
142.128479
140.302246
139.078079
138.990112
141.391296
141.606461
138.117508
138.577362
Control Period
138.589249
140.574982
142.079590
138.081696
138.387512
138.445572
138.239594
Control Period
140.114655
138.327301
138.440445
138.739044
138.428574
138.567261
138.441772
Control Period
138.318451
138.391846
138.390137
138.852417
138.507721
138.625885
138.331818
Control Period
137.059814
137.559036
138.640381
138.448318
136.592651
138.469574
138.385986
137.454437
Control Period
138.306091
136.495972
137.425186
138.595779
138.232162
137.945862
138.351562
Control Period
137.106018
138.552094
138.484680
137.640778
138.507462
138.347015
134.914627
Control Period
142.991211
138.870422
138.623077
138.481949
137.581314
138.365982
138.438629
Control Period
138.278564
138.367493
138.270599
138.543808
138.341507
138.016068
137.791321
Control Period
137.222946
137.593765
138.402740
138.132599
138.466553
136.072205
137.766144
Control Period
142.195038
138.264343
137.635101
138.182892
137.575134
140.988251
137.706116
Control Period
139.095703
150.622299
150.635712
150.669830
150.686050
150.653412
151.500153
150.637909
