117.813377
117.319618
117.306946
117.291618
117.298241
117.291168
117.279068
117.313568
117.368668
117.329437
117.314178
117.304672
117.303040
117.284477
117.304642
117.314499
117.329468
117.352898
117.314850
117.325920
117.341446
117.310974
117.322495
117.316383
117.324005
117.322014
117.359200
117.358810
117.321632
117.313858
Control Period
117.316956
122.839645
123.651291
122.293411
122.251808
122.389214
122.070976
122.418655
123.928665
Control Period
128.761353
129.305817
129.254913
128.723846
132.950684
128.823578
129.022858
133.754364
Control Period
131.770279
134.132202
134.121002
134.206085
138.456100
134.142914
134.162903
Control Period
138.379837
138.195938
134.122437
138.660858
138.527039
136.587997
138.234558
138.547241
Control Period
138.318054
136.965240
138.614868
137.824066
138.544220
138.109665
134.604294
Control Period
141.136993
141.260284
139.129822
138.417175
138.704193
138.619843
137.364670
Control Period
138.520203
138.170563
138.286194
138.712708
138.716583
138.544037
138.274719
Control Period
142.103973
140.862244
141.785461
139.925949
138.461212
138.342789
138.319229
138.217285
Control Period
140.153214
138.788895
137.909576
138.340424
138.344330
138.479340
138.239075
Control Period
138.299301
138.428162
138.639496
138.349472
138.478455
137.693176
137.301208
Control Period
141.317764
139.055817
137.622406
137.764038
138.556122
138.420868
138.324280
Control Period
142.027283
138.427338
138.231583
140.800354
137.585510
138.222244
139.002167
Control Period
138.603104
140.134811
141.521317
140.891006
138.806717
138.200958
138.598145
138.515839
Control Period
138.296875
138.352539
138.635284
138.439209
138.037354
140.288635
138.115784
Control Period
142.255463
140.776794
137.479553
138.530975
139.152649
138.655487
138.495239
Control Period
142.376984
138.346939
138.773087
138.719360
138.600891
138.440475
138.302811
138.235260
Control Period
138.422241
138.455078
138.021729
138.678818
138.411285
136.167877
138.148254
Control Period
142.862183
138.652222
138.299591
137.478363
137.839035
138.598175
138.679260
138.677094
Control Period
138.206726
138.804840
138.265091
138.827133
138.316467
138.509460
138.233246
Control Period
139.388458
138.401337
137.220886
137.654205
138.471130
138.756958
138.523621
Control Period
138.460999
138.597687
138.555145
138.344971
138.594650
138.789795
Control Period
141.547852
138.716919
140.244095
138.546402
138.652130
139.267075
139.947815
138.461945
Control Period
142.832184
139.290848
138.222961
137.775238
140.769348
138.183456
138.767715
Control Period
142.111145
138.706558
138.496323
138.741180
138.835327
138.860291
137.856262
138.429184
Control Period
138.106430
139.161758
138.411530
138.757217
138.391006
138.651932
136.970856
137.773438
Control Period
137.625305
138.746857
137.759094
138.467499
138.507263
138.412537
137.999329
Control Period
142.321274
138.254684
136.211914
138.418915
138.582306
135.944214
137.453949
Control Period
140.884216
138.069672
138.601044
138.450378
138.147919
136.915619
138.435181
138.389191
Control Period
138.275650
138.518982
134.036835
138.783752
138.677216
136.669739
137.452820
Control Period
138.092072
137.613983
138.410187
138.543747
138.608124
139.055450
138.385223
138.367065
Control Period
137.203339
137.942810
138.737915
138.436996
138.322693
138.485565
139.005600
Control Period
138.426300
138.087128
138.719360
138.366394
138.133484
138.416611
138.472961
139.411255
Control Period
137.531769
138.743805
138.460510
138.885345
138.577637
138.414429
138.486572
Control Period
138.332947
138.376480
137.979462
137.622620
138.598206
138.624130
138.419403
Control Period
141.674683
141.243622
139.373688
138.329636
138.273056
138.263489
138.452576
141.045624
Control Period
138.553528
138.735458
138.477112
138.500961
138.336609
139.118942
Control Period
141.376892
138.718933
138.460938
138.821960
138.150238
138.477859
138.581345
138.472412
Control Period
138.428284
138.217255
138.247955
138.579010
137.972412
136.487839
138.629440
Control Period
139.152069
138.434021
138.053955
138.416092
136.220734
138.312012
137.495361
Control Period
140.120514
138.320862
138.812057
139.066818
138.406815
137.925125
140.082520
138.576508
Control Period
138.759064
138.123077
137.878601
141.462830
140.105179
137.940964
138.206024
Control Period
138.484772
138.146423
137.008316
137.755356
138.525574
138.678818
138.336258
138.383331
Control Period
138.388641
138.391098
138.355835
138.108276
138.705353
138.410950
Control Period
138.049957
138.209900
138.227173
138.752014
138.432159
139.947495
141.554626
139.363892
Control Period
138.571259
138.731750
138.678329
140.071259
141.318359
139.915359
138.625244
Control Period
139.263641
138.041595
137.057465
140.993378
137.070175
138.353027
136.815292
138.088638
Control Period
138.047913
138.322937
138.391357
138.573944
138.509369
138.354721
138.971436
Control Period
140.622238
138.896667
136.716797
138.412354
138.459549
139.604309
138.353149
Control Period
138.826080
140.348633
140.266495
138.544281
139.113556
137.485626
138.524139
Control Period
140.799362
138.165771
140.540375
138.317825
141.147980
138.011353
139.400330
Control Period
138.802017
141.163422
138.500992
138.689468
139.043076
138.502335
138.299454
Control Period
142.060059
138.042297
138.640472
139.615173
137.557663
138.605225
138.635101
138.355042
Control Period
138.464096
137.904922
136.569946
141.077408
138.541992
138.832321
Control Period
140.877258
138.311996
138.338776
138.859680
137.537125
138.426208
138.467987
140.192810
Control Period
138.351868
138.884995
136.769028
138.890274
138.178116
138.364731
138.612427
Control Period
142.325928
139.079010
138.656769
138.405563
138.329468
137.655136
139.802780
Control Period
143.233398
138.199326
138.566589
138.503876
139.808441
138.165924
137.921661
Control Period
137.894653
139.803329
138.590851
138.378296
138.484619
139.742279
136.924377
138.439270
Control Period
138.475006
138.119522
138.285339
137.923462
138.502686
140.438309
Control Period
137.849442
138.538330
138.729828
138.352814
138.788254
141.429779
137.246979
136.838074
Control Period
138.366730
139.015594
138.616455
138.521240
138.207489
138.457306
138.667877
Control Period
138.185242
137.253693
138.267273
138.943604
138.744095
138.494110
138.328186
138.389633
Control Period
138.438873
138.384003
137.765961
137.922592
137.711548
138.019104
137.439941
Control Period
138.660645
138.226868
138.574951
138.565567
138.221542
138.118286
137.466019
137.029175
Control Period
137.129379
137.374207
138.287231
139.084961
137.469437
135.114777
138.532135
138.385178
Control Period
138.479004
138.417877
137.872040
138.148224
138.379425
134.698853
138.469666
Control Period
138.370941
138.344666
137.992325
138.469086
138.196091
134.768311
138.272369
Control Period
138.581696
137.969116
137.734238
137.491135
141.627777
137.512451
137.159821
138.363739
Control Period
138.718018
138.633301
138.178650
137.823669
138.723480
138.646881
138.797577
Control Period
139.853409
139.062271
138.789124
138.167267
138.147873
138.449692
137.795319
Control Period
139.444031
138.793976
138.266144
137.566254
137.167145
141.109955
138.634460
Control Period
138.454590
138.273621
137.042999
141.402008
136.466080
137.477631
141.817688
137.661407
142.043701
Control Period
138.020447
138.090652
138.485275
138.864227
138.278915
138.727325
137.907257
Control Period
138.502014
138.187164
138.157028
135.020035
138.489624
138.026459
138.452545
Control Period
138.117279
138.465607
138.343842
138.127457
137.363190
138.358047
138.095520
138.641373
Control Period
138.014984
138.554535
138.386078
137.669739
138.385986
137.944122
Control Period
141.444061
138.506104
137.223587
140.460022
137.463928
137.542816
137.218079
137.530716
Control Period
137.688171
138.491486
138.388062
138.283997
138.360474
138.590790
Control Period
142.678650
138.610336
137.618469
138.373047
137.162369
138.398468
137.136993
141.851074
Control Period
138.227112
137.214264
137.265213
142.101440
139.664246
138.409637
138.709656
Control Period
143.067993
138.778717
138.549698
138.636566
138.708069
138.811234
138.925629
Control Period
140.991974
141.496033
139.703094
138.469345
138.271484
138.394363
138.725021
Control Period
141.918732
138.511108
138.363525
137.864471
138.282379
138.397507
138.364929
138.603394
Control Period
138.275452
136.140503
138.448166
134.494522
138.478302
134.082550
138.489899
Control Period
138.687958
138.524002
138.212311
138.517761
138.693665
137.168457
138.118347
Control Period
142.056198
138.652374
138.427063
140.720642
137.047882
136.829834
138.924484
138.405853
Control Period
138.517365
138.380798
138.846252
138.384918
135.407043
138.231720
138.932373
Control Period
136.974182
138.009033
138.648010
138.318695
137.877792
138.385345
138.591522
Control Period
138.750275
136.893250
137.660889
138.138458
138.888321
138.428406
138.223541
Control Period
141.996353
138.515259
138.651428
138.167297
138.229340
138.836273
138.345093
Control Period
138.808838
138.647964
140.763138
138.539871
139.874634
138.657059
142.004318
Control Period
138.375458
138.751968
141.968094
138.399261
139.189117
141.521332
138.129501
Control Period
141.637543
138.515167
138.968124
140.098145
138.219711
139.249344
139.283417
Control Period
141.849731
141.847076
140.263000
138.286240
138.674744
137.130615
139.352158
Control Period
138.666504
139.106598
138.171387
138.159973
140.953918
138.642975
138.302155
139.805725
Control Period
138.393188
138.510620
137.376984
141.044952
139.531128
138.943329
138.731354
Control Period
140.424011
141.754761
139.105225
138.467041
138.448090
138.485153
138.203842
Control Period
142.321686
138.299042
138.690186
137.469269
138.398239
138.511673
138.420135
Control Period
141.495544
137.862976
138.728699
138.739502
138.387680
138.371933
138.744705
Control Period
141.774368
138.472031
138.616486
138.291046
138.409271
138.815201
138.565094
138.407135
Control Period
141.467010
137.077911
138.384064
138.677917
138.687134
138.749847
138.607452
138.443268
Control Period
138.509216
138.436676
137.227051
138.452805
137.887543
138.937729
137.836288
Control Period
138.451477
138.536484
137.479462
138.453156
138.345154
136.920288
138.883850
Control Period
138.665497
138.226196
138.695557
136.710175
138.566238
138.858719
138.376221
Control Period
138.281067
138.065567
138.224838
138.809143
138.665634
138.432404
138.487137
138.871521
Control Period
138.711746
138.748962
137.330109
137.019806
138.754822
138.478882
138.346848
Control Period
138.570282
138.650177
138.687622
137.900391
138.688416
138.036957
140.632019
Control Period
140.819321
140.727585
138.480103
138.719772
138.557312
142.001465
138.466949
Control Period
141.195587
138.447037
138.547241
141.906662
140.303833
138.551422
Control Period
141.383942
138.816040
141.378937
138.655304
140.038239
142.312042
138.482117
Control Period
139.058838
139.337585
138.720856
139.604736
138.684448
138.483704
140.078613
Control Period
139.082825
138.787552
143.224609
138.670807
141.929688
142.027420
Control Period
141.733917
140.739487
138.630280
138.337921
140.059875
138.534912
135.384094
Control Period
150.688736
150.690979
150.693314
150.690887
150.675583
150.665283
150.648926
150.658844
150.643097
150.644547
150.640289
150.680161
150.636032
150.668457
150.683258
150.663544
150.643677
150.634079
150.642654
150.664383
151.543671
