-1100.06
-1161.17
-630.172
-325.104
-198.467
-123.965
-153.7
-85.3447
-34.7588
-85.6333
14.4482
-21.2334
-2.44824
-62.9331
-42.0332
-40.1724
-25.2412
-107.069
38.6553
59.1001
-14.7241
-10.1035
-38.4331
18.1377
-121.793
-72.2666
45.3794
65.8623
23.9653
72.7588
3.7666
38.7241
104.069
-9.7998
-15.9668
-2.48291
10.1724
53.7241
-19.8335
-25.5518
-30.9331
-24.3794
-5.9668
-12.1035
16.6553
-28.8999
22.1377
83.1377
-24.1665
-18.3794
-107.414
-21.4668
16.7241
-52.0347
15.3667
100.931
-18.8667
-107.276
-51.1665
22.1035
34.4482
9.1333
-39.7241
-14.4829
-50.3335
-31.8276
87.4829
35.793
23.2334
24
-0.5
80.9668
-118
-5.27588
15.3999
24.9312
3.06885
58.9668
-1.06885
-3.72412
-35.2998
-39.1724
-87.7334
8.48291
-43.7588
28.8965
23.9653
16.7002
23.5171
11.4331
10.1724
11.3105
34.4829
4.8335
-54.207
3.03467
-77.4331
-12.1001
19.4829
24.5669
39.7241
214.517
-26.8623
-111.7
-58.6553
-13.3999
15.2998
-12.5518
23.5518
0.833496
2.93115
12.8965
108.567
85.4072
