80
72.4966
78.9349
81.0618
81.4283
83.1376
84.3035
84.0387
85.1947
83.9989
85.5696
85.3897
85.5278
85.4733
85.7561
85.7033
86.415
87.1138
87.3885
86.8074
86.5365
86.4366
87.031
87.4788
89.6931
88.9582
87.3731
87.4651
88.0031
87.3895
87.4767
86.8256
87.6742
86.2637
85.666
86.3167
85.7273
86.0253
85.293
86.1475
85.8627
85.9439
85.9607
85.5498
86.2519
86.0864
85.6805
85.8595
85.8871
86.8447
86.7479
86.8031
86.6795
86.2389
86.8367
88.301
85.4883
85.8222
86.778
86.6477
86.9815
88.5194
86.5922
85.8587
87.4474
89.1562
87.5538
87.2226
86.3724
87.6823
86.1688
87.5075
85.4144
86.7956
87.3005
87.7262
85.7141
85.4721
86.4191
86.0915
85.5955
86.9652
87.1554
88.0823
87.4627
88.0937
87.3214
87.459
87.8965
86.9472
87.4703
86.7079
85.7546
85.3232
86.3649
86.9206
88.1555
88.4803
87.3246
88.054
88.2829
87.5673
84.8179
85.706
86.0956
86.7809
87.5507
88.5895
88.3512
86.4152
89.1287
86.1141
85.4853
84.9922
