0.723011
0.91379
0.887819
0.883934
0.910361
0.907652
0.88696
0.909862
0.88236
0.915295
0.89857
0.900485
0.899141
0.899785
0.896762
0.906702
0.907394
0.897043
0.894999
0.900136
0.897816
0.906959
0.903383
0.929003
0.883821
0.876112
0.903896
0.910753
0.893733
0.90545
0.892002
0.913117
0.888485
0.89174
0.90739
0.892328
0.904457
0.893876
0.909843
0.894799
0.899139
0.898734
0.894364
0.908316
0.89889
0.893054
0.903666
0.905435
0.9108
0.897656
0.894229
0.897131
0.895394
0.904516
0.919512
0.87089
0.903106
0.905732
0.895259
0.905599
0.921585
0.876512
0.888268
0.919508
0.918557
0.87828
0.901086
0.891393
0.918145
0.882372
0.91711
0.878473
0.910591
0.906098
0.906302
0.876195
0.897064
0.915849
0.895758
0.893408
0.915478
0.900065
0.906439
0.892761
0.905352
0.892042
0.903186
0.906516
0.889481
0.907324
0.891007
0.888543
0.896553
0.913756
0.90381
0.915856
0.899452
0.884879
0.910396
0.904333
0.89341
0.878227
0.909844
0.898174
0.905215
0.90899
0.914008
0.896287
0.877239
0.934673
0.862878
0.892737
0.900295
0.91879
