60.484608
60.222878
60.196159
60.257057
60.235905
60.246017
59.891037
59.897667
59.908672
59.895199
59.896095
59.887169
59.888031
59.888287
59.906433
59.893410
59.904770
59.910370
59.888191
59.906303
59.916611
59.886463
59.922142
59.928383
59.914497
59.891838
59.879295
Control Period
66.434845
63.207264
64.539330
66.574623
68.227165
68.646881
66.918106
65.425186
Control Period
72.895744
69.080795
68.723007
71.209351
71.541344
68.536667
68.572319
Control Period
68.573502
72.847488
72.065918
72.818405
68.534210
72.946564
72.882782
72.557121
Control Period
76.034721
74.158020
72.650497
72.149055
73.857346
76.140900
73.913376
Control Period
74.113281
75.527008
75.896484
76.614395
76.885536
76.904289
72.278755
Control Period
76.896255
72.726143
76.940224
74.259003
74.136543
74.122116
74.336441
Control Period
76.904251
76.905663
76.896515
76.926300
76.874146
74.274879
71.416512
Control Period
76.889374
72.069702
76.887520
76.891586
76.879684
76.869247
Control Period
76.868736
76.922302
76.865921
76.874374
76.879135
76.922432
76.868576
Control Period
76.883743
76.895485
76.897827
76.862946
76.911484
Control Period
76.895203
76.911522
76.887009
76.871902
76.883133
76.904099
Control Period
76.906723
76.880188
76.901955
76.966171
76.874496
76.898972
76.881920
Control Period
76.872192
76.898621
76.906174
76.933693
76.900955
76.933792
Control Period
76.905914
76.913345
76.903900
76.903709
76.887711
76.900673
76.904579
Control Period
76.916611
76.881248
82.677567
76.863556
76.850624
76.875809
76.885788
Control Period
76.867523
82.420807
76.892189
76.920380
76.911652
81.975998
76.898941
Control Period
76.926109
76.924347
81.990341
76.926941
76.907837
79.193634
Control Period
76.877983
76.888290
76.867775
76.874207
82.176323
79.591171
76.863968
Control Period
76.885284
76.885887
76.916321
76.897186
76.885025
82.371262
81.402687
Control Period
76.882500
76.906143
76.883484
82.536667
76.916992
76.852097
76.879425
Control Period
82.330719
76.868767
76.880989
76.870209
76.836830
82.055649
76.918594
Control Period
80.948227
82.282745
79.493057
76.887390
76.915298
76.925095
76.904419
Control Period
77.119034
79.531876
81.825180
82.546753
82.701859
82.934593
82.217056
Control Period
76.915619
78.847687
80.507553
82.716896
82.227554
79.154144
76.921570
76.890144
Control Period
77.309509
78.003647
81.608734
76.911552
76.900635
76.889725
Control Period
76.891098
76.881760
82.298492
82.592377
76.896164
78.297440
Control Period
82.798752
76.878082
79.674820
76.872101
82.482971
76.870529
82.036766
Control Period
76.907715
76.867203
82.213913
76.866722
76.906143
82.145889
Control Period
76.895294
79.741920
81.976768
76.927200
76.906586
79.545151
81.895004
Control Period
76.867554
76.897598
82.415680
77.451004
76.907486
76.924416
78.742020
Control Period
82.264099
82.122208
76.907013
76.888161
76.895454
80.614532
Control Period
77.557854
82.211296
76.916092
76.901024
76.882690
76.913956
Control Period
76.938751
76.944733
76.935616
76.927109
76.899429
76.928223
76.899811
Control Period
82.615906
76.925507
76.939804
76.882339
76.909119
76.928421
76.926109
Control Period
76.912193
76.906525
76.898720
76.889572
76.877151
77.652512
76.907486
Control Period
76.881500
76.892960
81.946747
76.950813
76.922501
76.908829
76.881920
Control Period
76.872803
76.876801
76.919098
76.911545
76.896736
76.898849
Control Period
81.863907
76.891296
76.867844
76.864838
76.902336
76.907166
76.924957
Control Period
78.219360
76.891808
76.879486
76.908447
76.868385
76.919006
76.906204
Control Period
76.889725
76.844635
76.898880
78.811134
76.881500
76.889053
Control Period
79.325317
76.866562
76.898590
76.901123
76.905472
76.913826
76.873917
Control Period
76.873276
76.878555
76.876259
76.886978
76.897690
76.868416
76.891647
Control Period
76.907715
77.263931
76.849030
82.208221
76.894882
76.928543
Control Period
82.001724
76.874527
76.895325
76.892960
76.875778
76.906754
76.890144
76.910851
Control Period
76.881439
76.894913
76.883972
76.897186
76.843262
76.877792
Control Period
76.868515
76.885498
76.905151
76.897728
77.094757
76.934273
80.399582
Control Period
76.867935
76.891197
76.908966
82.012894
76.887970
76.872253
Control Period
81.256416
76.899231
76.884476
76.914246
76.895454
81.854591
76.877563
Control Period
76.886528
76.882690
76.947357
82.028030
76.889664
76.885818
79.176384
Control Period
76.919678
76.910400
76.864670
76.890884
76.919067
81.549957
76.952415
Control Period
76.948288
76.935425
76.913986
76.920799
76.935394
78.022690
82.439743
Control Period
76.931198
76.910690
76.923676
76.893188
78.280930
79.734116
82.346085
Control Period
76.872894
76.918243
76.948486
79.132416
76.896194
76.917221
Control Period
76.920441
81.805725
82.071907
82.528320
81.827805
76.888031
76.889534
Control Period
76.882942
76.898979
76.899292
76.900162
76.876511
76.944862
Control Period
79.044128
76.889923
76.901245
76.880035
76.897438
76.910049
76.911934
Control Period
81.892929
76.919708
76.883041
76.893951
76.904419
76.897537
Control Period
82.250175
76.907936
76.937149
76.952675
76.942749
76.930656
76.900162
Control Period
76.904251
76.902206
82.208069
76.895454
77.490082
81.962585
76.914078
Control Period
82.356033
81.848450
76.892769
76.893570
80.771965
82.202179
Control Period
81.021851
76.900772
76.873947
76.904953
76.898621
76.929825
Control Period
76.926941
76.870911
76.947906
76.912704
76.921692
76.908447
76.931396
Control Period
76.907333
82.339035
80.733727
76.911743
76.902786
79.892097
Control Period
87.699997
78.708199
76.881668
76.868195
79.548355
82.246078
Control Period
77.501602
76.844452
81.914207
76.854370
79.839523
76.870499
Control Period
76.902557
81.780197
80.435646
76.860481
80.503616
76.878464
Control Period
76.896194
76.831650
82.104836
76.913536
76.901955
76.849533
Control Period
81.138336
81.348129
82.215103
79.758080
76.907074
76.883842
76.866425
Control Period
79.296768
76.865311
76.903961
76.865860
76.909889
Control Period
82.482788
81.871902
81.055038
77.124191
76.895966
76.883682
76.870300
Control Period
76.872253
76.899521
76.854622
76.863235
76.864128
76.884193
Control Period
78.434082
76.912064
76.890076
76.879456
76.921371
76.884644
82.427612
76.871109
Control Period
76.899330
76.900322
77.446785
78.553185
81.700699
80.371460
Control Period
82.295044
82.161469
81.867386
76.882179
76.879967
76.865730
76.893059
Control Period
76.859200
76.880196
76.883392
76.862854
76.864059
76.841980
76.881599
Control Period
76.874687
76.877121
76.891388
76.889053
76.915100
76.908066
Control Period
77.612961
78.978401
82.359421
76.925156
76.915329
76.885818
Control Period
76.916702
78.112259
76.903549
76.881699
79.288284
76.862946
76.908859
Control Period
76.893082
76.894081
76.929031
76.876701
76.920670
76.975388
Control Period
81.829758
76.916992
76.899490
76.914307
76.906906
82.102913
78.416229
76.899361
Control Period
76.925156
76.923355
76.945282
80.287903
81.676773
76.887100
Control Period
76.892029
76.894043
80.712738
77.987366
80.826340
82.094337
76.895233
79.706787
Control Period
76.894753
82.884003
76.868477
76.844383
81.408707
76.918625
Control Period
84.037376
80.155167
76.906013
76.926117
82.408157
76.953537
76.905182
Control Period
80.859840
77.103775
76.872162
81.309311
76.936707
80.082596
76.918106
Control Period
82.596512
76.885406
77.940613
80.003426
76.911774
Control Period
82.296738
81.334534
76.876892
78.342178
82.362816
76.881630
76.886108
Control Period
76.926048
76.905182
78.880768
82.482086
76.959869
76.939583
77.337051
Control Period
79.947296
82.135933
82.122177
76.877243
76.901276
76.904099
Control Period
79.080475
76.930786
76.928802
76.945343
76.942596
82.129951
77.607300
76.927841
Control Period
77.780838
76.888382
76.941376
76.860130
76.904991
76.886398
76.936157
Control Period
76.874306
76.871902
76.877281
76.880829
76.860962
Control Period
76.864639
76.899033
76.901413
76.895615
76.859810
79.491234
81.840668
Control Period
79.679611
82.102112
76.918076
76.895325
76.973572
76.923325
76.910370
Control Period
77.139549
81.754974
83.020767
82.235069
79.314819
76.916542
76.865662
Control Period
82.395264
82.257309
80.997437
78.763199
76.869888
76.872284
76.886078
Control Period
76.895073
81.806396
76.898849
77.843521
79.458046
76.864731
Control Period
81.742081
76.873085
76.891388
82.427841
76.874268
82.191452
Control Period
82.274597
76.880127
78.689407
81.947617
76.864738
78.755295
81.999237
Control Period
76.890495
80.612900
81.752449
76.890205
76.848068
76.874756
82.241249
Control Period
76.892258
76.912155
76.912827
76.918396
76.884094
Control Period
78.801186
76.914688
76.882919
76.883392
76.908478
76.872383
76.934525
Control Period
77.617310
76.896454
76.877731
76.847298
76.854431
76.876068
76.882973
Control Period
77.817856
76.887100
76.894051
82.222107
76.889023
76.900452
Control Period
77.093567
81.374786
79.070557
81.979774
76.874336
76.904831
76.934341
Control Period
77.102081
80.118149
79.802139
81.788673
82.066269
82.342758
Control Period
78.653763
76.927643
79.550400
78.043365
82.295456
79.337799
81.002686
Control Period
76.907616
76.900742
76.932510
76.893250
77.145218
80.251488
Control Period
82.454079
82.036514
81.895775
82.100029
82.404991
77.602531
76.895645
Control Period
76.911011
76.917824
76.895264
76.900894
76.932480
76.885925
Control Period
76.876350
76.864799
76.895844
76.872864
76.891838
76.863838
76.875290
Control Period
76.891647
76.871902
76.856224
76.863518
76.862045
76.870941
77.586304
76.893631
Control Period
76.861221
76.893860
81.756348
76.896835
78.041603
76.888832
Control Period
89.217407
93.448944
96.653580
99.875397
103.114334
