0.942781
0.89541
0.807751
0.779769
0.793139
0.805968
0.814531
0.791461
0.781019
0.805533
0.796658
0.804689
0.795845
0.796845
0.786704
0.813193
0.804025
0.804706
0.802578
0.796077
0.79819
0.80337
0.798499
0.798096
0.796776
0.801543
0.802822
0.798949
0.802953
0.804409
0.798495
0.801116
0.793405
0.794618
0.802683
0.803232
0.804118
0.799502
0.796669
0.798356
0.795203
0.801876
0.812215
0.785762
0.804268
0.801785
0.800674
0.801414
0.80588
0.807091
0.779055
0.79836
0.805722
0.783813
0.816772
0.800113
0.806995
0.803593
0.802602
0.785374
0.809616
0.80189
0.791216
0.800778
0.799266
0.801184
0.789807
0.800694
0.802507
0.792458
0.813337
0.793542
0.798764
0.808719
0.803021
0.802339
0.803305
0.79063
0.800632
0.793922
0.803116
0.781534
0.814353
0.807013
0.795397
0.801933
0.800142
0.797323
0.796331
0.809982
0.8043
0.802588
0.788257
0.79812
0.799736
0.805044
0.801505
0.807414
0.796272
0.79402
0.802541
0.799484
0.800756
0.802568
0.802431
0.788232
0.801373
0.79618
0.810351
0.792323
0.785487
0.805488
0.797363
0.803156
