0.72372
0.809216
0.786312
0.794945
0.812873
0.796946
0.804139
0.803512
0.807047
0.801287
0.802366
0.79064
0.802286
0.808731
0.809717
0.792653
0.801738
0.788239
0.803214
0.799985
0.787205
0.800317
0.811825
0.80342
0.789581
0.809533
0.799864
0.790313
0.806489
0.794349
0.806605
0.793077
0.809086
0.796209
0.801243
0.798376
0.79145
0.7986
0.799846
0.806311
0.807283
0.792766
0.791428
0.815776
0.796797
0.804438
0.791414
0.805815
0.791167
0.77746
0.830286
0.806667
0.79152
0.820576
0.779818
0.806306
0.800733
0.788807
0.801486
0.810507
0.786397
0.808827
0.788728
0.806664
0.810221
0.78982
0.803914
0.798121
0.795289
0.817739
0.789086
0.810497
0.801289
0.769292
0.800114
0.808361
0.794609
0.804809
0.801877
0.816162
0.795905
0.813704
0.786891
0.801329
0.800555
0.799486
0.795481
0.803139
0.79959
0.799408
0.794532
0.793511
0.818797
0.798608
0.801136
0.799265
0.788772
0.790193
0.802453
0.809064
0.795879
0.798487
0.803084
0.794027
0.809429
0.799245
0.80673
0.803114
0.785251
0.802392
0.828435
0.792335
0.802106
0.790127
