80
72.7756
74.6133
75.6215
76.1476
76.7709
75.8349
76.3505
77.4858
78.107
78.5668
78.4498
77.4129
77.5324
78.5277
78.845
78.1129
78.0226
77.2604
77.9936
78.1871
76.6972
76.8696
77.4974
77.9539
77.6579
78.2137
78.4295
76.9482
77.5085
77.0611
77.0706
76.9878
77.9192
77.7742
77.5108
77.8758
77.105
77.2254
77.1129
77.4389
78.3092
77.5931
76.9616
77.4879
77.4588
77.7543
77.6269
78.1893
77.584
75.7902
77.74
78.7815
77.848
78.9498
77.5672
77.8896
77.3527
76.7852
77.3325
77.8074
76.0184
77.0853
76.5315
77.2405
78.675
78.2806
78.3802
77.9503
77.81
78.4682
77.9839
78.5937
78.855
76.6145
75.9227
77.4247
77.1117
77.8373
77.6189
78.3038
78.1591
79.0408
77.6755
77.8273
78.0444
78.0855
78.1248
78.1547
78.1354
77.7402
76.9501
76.7843
78.2843
78.103
78.5205
78.3603
77.2155
76.7694
77.1149
77.6683
77.3874
77.2514
77.1853
76.9093
77.6392
77.7835
78.1673
78.5662
77.3601
77.6286
79.7169
79.1788
79.6825
