0.709532
0.793022
0.80599
0.815375
0.801207
0.800502
0.790865
0.801745
0.809433
0.794406
0.805554
0.799254
0.799819
0.798223
0.803482
0.795467
0.796123
0.80272
0.797977
0.804676
0.802674
0.80224
0.793542
0.801721
0.800797
0.796851
0.799378
0.806399
0.795251
0.799081
0.79642
0.803364
0.800439
0.800994
0.800292
0.800129
0.80412
0.797939
0.804053
0.798037
0.797477
0.801622
0.797574
0.798129
0.79822
0.802306
0.802492
0.798229
0.799273
0.807136
0.797941
0.797745
0.800742
0.804977
0.797228
0.794664
0.794743
0.805722
0.794851
0.805287
0.797541
0.797853
0.80845
0.798938
0.795358
0.80069
0.806066
0.800077
0.799927
0.800708
0.799085
0.790841
0.805198
0.808679
0.796417
0.797896
0.802246
0.798478
0.801685
0.797857
0.798723
0.801307
0.799626
0.798434
0.798132
0.801802
0.798071
0.802827
0.803275
0.794962
0.797648
0.805434
0.792329
0.801983
0.802515
0.796887
0.804845
0.797827
0.79995
0.804741
0.798377
0.799954
0.795188
0.803171
0.79754
0.801434
0.80014
0.801186
0.800225
0.800171
0.799264
0.800485
0.798443
0.800084
