60
65.2809
72.7325
76.0768
75.9596
75.0989
74.4456
75.7649
76.4852
75.3542
76.272
75.6232
75.4006
75.0565
75.4009
73.9437
74.5247
74.4842
74.9039
75.8233
75.8388
74.86
75.3093
74.9193
75.107
75.5317
75.4687
75.9921
74.7587
75.1165
75.343
74.5782
75.2408
75.2266
75.0391
74.7076
75.6284
75.6658
75.9511
75.573
75.2917
75.4901
75.3216
76.1138
74.2899
74.8642
74.9623
75.7078
76.0293
76.4649
76.6509
75.0038
75.7296
75.6422
74.0197
75.2354
75.0657
74.6794
75.2411
76.0686
74.6768
74.1123
74.9115
74.6573
75.0716
76.0745
76.6416
75.6727
75.286
75.7392
74.3531
75.68
75.0425
75.207
75.7349
74.9172
76.4335
76.7584
76.6764
76.2066
75.1245
75.5504
74.1548
74.4957
75.0549
75.002
75.247
75.7825
75.3169
75.0808
75.2429
74.9431
75.5394
75.0154
74.7667
75.2428
75.4289
75.0233
75.8793
75.8787
75.3504
75.5374
75.4582
75.0965
75.4793
75.7523
75.2327
75.1939
75.1947
75.6721
75.2928
74.4306
74.8241
75.1614
