57.8976
58.8912
58.6693
60.115
61.8983
61.1823
60.9818
61.3485
62.5346
62.5862
63.0393
62.0256
62.1073
62.7029
63.5852
62.4968
62.6261
61.5005
62.0566
62.3937
61.5492
61.3821
62.4047
62.2629
61.551
62.8666
62.5604
61.9839
62.0579
61.5688
62.1579
61.123
62.2897
62.04
62.3161
61.8828
61.6349
61.576
61.7684
62.177
62.5151
62.0809
61.4094
62.7835
61.7421
62.3108
61.5359
62.5529
61.8608
60.3184
62.9275
62.7103
62.3571
63.8802
61.5665
62.5429
62.3688
61.0164
61.5422
62.6785
61.1875
61.4857
60.7993
61.7352
62.5819
62.1391
62.9308
62.5569
61.993
63.6283
61.9182
63.2057
62.9763
60.6625
61.3004
61.373
61.5224
62.0602
62.416
63.3496
62.3223
63.5984
62.1965
62.2436
62.305
62.3955
62.1155
62.7451
62.4917
62.462
61.7671
61.0608
62.8708
62.5185
62.5711
62.7586
61.8084
61.0152
61.6038
62.3909
61.8145
61.7928
62.0394
61.2872
62.2526
62.0528
62.7503
62.7773
61.6942
62.0731
64.3103
63.1624
63.5098
62.9593
