160
144.836
145.403
148.521
151.642
151.488
150.687
149.717
151.028
152.471
152.142
152.564
152.014
151.94
152.155
152.184
151.309
150.521
150.976
151.311
152.187
151.853
152.343
151.215
151.711
152.35
151.777
151.963
151.89
151.366
151.179
150.144
151.085
151.503
151.787
151.405
151.999
152.366
152.344
152.781
152.371
152.454
152.434
152.065
151.115
151.107
151.404
152.321
152.261
152.186
152.919
152.476
152.853
152.561
152.828
152.518
151.634
150.203
151.244
151.072
151.481
150.145
150.405
151.839
151.99
152.215
152.709
153.335
152.989
153.21
152.595
152.82
151.391
152.309
153.453
152.112
152.937
153.327
153.584
153.397
152.555
152.553
152.627
152.062
151.917
151.873
152.215
152.381
152.54
153.004
151.88
151.069
152.159
151.331
151.504
152.255
151.696
151.944
151.934
152.137
152.695
152.481
152.439
151.434
152.04
151.789
152.223
152.134
152.512
152.356
152.5
152.504
152.59
152.799
