59.290878
58.549953
58.528225
58.553185
58.595936
58.570175
58.563774
58.539841
58.523422
58.560478
58.542755
58.569473
58.568733
58.575199
58.578945
58.556190
58.580414
58.560448
58.530434
58.534752
58.538109
58.585442
58.623199
58.587936
58.530403
58.544830
58.578785
58.576355
Control Period
58.700447
58.728477
58.869122
59.078049
56.892990
57.878944
58.743362
58.734367
58.722145
Control Period
58.734272
58.755585
58.803200
58.751198
58.747585
58.750046
58.758945
58.724415
Control Period
60.492157
58.686272
58.747009
58.871136
58.719231
58.743519
58.733631
58.694687
62.213089
Control Period
62.164768
62.191582
60.046753
59.639008
58.718269
58.718945
Control Period
62.096798
60.964447
59.467903
62.329536
58.739166
61.366207
58.727165
Control Period
58.807167
60.725571
60.104546
60.467171
61.907997
62.119965
62.219582
58.754433
Control Period
60.899200
59.398174
58.704224
58.728127
58.742462
61.498878
62.617599
60.348450
58.747841
Control Period
58.729759
58.744514
59.627808
60.854591
62.258240
58.740063
58.787010
59.764801
60.120995
Control Period
58.823746
58.719711
58.795296
60.645409
61.467361
62.241501
62.865891
62.069664
60.674400
Control Period
62.211296
61.678818
58.732735
59.020927
59.409985
61.718498
60.799744
62.530018
Control Period
62.254623
62.415295
61.175262
58.984833
58.714016
58.779617
62.091297
62.410751
Control Period
62.289600
58.745026
60.202942
59.220734
62.367329
59.514847
58.710846
59.005981
Control Period
58.783455
59.486656
62.408638
58.776703
59.235905
62.204735
58.700928
59.882175
58.796188
Control Period
59.040451
62.129215
58.735649
58.720734
59.661118
58.726212
58.749729
58.782494
Control Period
62.390209
59.271294
58.714176
62.153793
59.694080
58.724384
61.356831
58.739040
Control Period
60.651810
58.718819
61.561054
58.754688
62.436352
58.712959
59.791775
58.730465
Control Period
61.611614
59.828484
58.716511
62.036865
58.726654
58.810688
62.228096
58.747360
58.734558
Control Period
62.183907
58.786621
58.757698
62.294048
58.723488
62.148643
59.280670
58.754623
61.629601
Control Period
60.157120
62.139938
58.745758
60.615871
60.239998
62.197727
58.788128
58.736832
Control Period
61.166241
61.996704
62.616192
61.930878
60.361374
58.728161
58.747902
58.722527
Control Period
58.910942
61.744225
58.724609
59.494850
58.809120
62.241280
58.751072
62.445763
Control Period
60.294014
58.742622
62.376221
58.745216
59.720963
60.239647
58.734753
62.221695
Control Period
58.711357
61.207039
59.383808
59.315262
60.501694
58.721344
61.774879
58.726944
Control Period
58.685982
60.049377
62.041313
58.745827
61.978622
59.443680
58.760445
60.159008
58.726753
Control Period
60.996128
62.148544
62.264542
61.677376
60.447136
59.363197
58.724991
58.713440
Control Period
60.131554
58.738174
61.914303
60.909760
60.037537
58.707775
58.731136
62.039330
62.232002
Control Period
61.295425
58.775581
59.831711
62.339523
61.864098
60.176094
58.803200
Control Period
61.075680
58.744511
62.523903
58.762238
60.994461
60.100288
58.756031
60.489697
Control Period
59.642624
58.741024
61.119778
60.095100
62.179520
58.758175
62.434814
Control Period
61.510784
58.747551
62.184479
58.734848
59.378654
60.142719
60.428192
58.806755
Control Period
60.754372
62.626717
61.671295
58.942913
58.730816
58.725983
58.721664
58.732002
Control Period
58.763008
61.829662
58.941666
60.256577
60.626816
58.732544
58.724831
58.732288
Control Period
62.267998
59.670208
58.722816
58.720802
61.660416
58.745537
59.691330
Control Period
60.485409
61.571873
61.142784
58.718689
58.748096
58.733376
62.227837
59.835712
Control Period
59.477661
59.375359
61.394016
58.763168
62.157791
58.711136
61.594429
58.758465
62.265602
Control Period
58.766495
58.764896
60.223999
61.400482
62.199711
60.319939
61.115425
62.270496
Control Period
62.307648
59.428223
58.722401
61.769058
61.038307
58.755775
60.636894
61.301472
Control Period
59.031776
59.507614
59.922173
59.631680
62.095230
62.294144
61.510429
60.070526
Control Period
62.014080
61.129982
58.768318
58.748512
62.239967
62.288322
58.762753
58.721794
Control Period
58.816288
58.698112
58.976639
58.732094
60.067490
62.580353
58.728195
59.828705
62.421631
Control Period
59.467934
58.714081
58.726528
62.577507
62.200382
61.384384
59.778847
61.419552
Control Period
62.242653
62.337730
61.766434
58.749214
58.708927
61.855679
61.979904
61.778210
Control Period
60.482464
60.572609
61.825695
60.419426
58.718369
58.760353
58.709824
58.970047
Control Period
62.098434
58.713409
58.722717
62.286621
58.750431
59.960640
58.781181
58.678238
Control Period
58.734367
59.207710
59.766083
60.965599
61.663456
59.241661
61.904190
58.716835
Control Period
58.720673
60.926624
60.823681
58.776192
58.906528
60.113056
60.344193
59.562271
62.009796
Control Period
62.326653
62.453857
62.100639
61.582657
58.768448
58.722527
58.732674
60.698654
Control Period
64.839264
62.347488
62.294754
62.367905
60.278717
58.679840
59.612129
59.744255
60.433502
Control Period
61.717442
62.284641
62.044991
60.742336
62.261600
62.127903
62.244801
61.570305
Control Period
61.177727
58.745888
58.730080
62.376255
60.504066
58.734306
58.737793
58.716064
Control Period
59.315102
59.458305
58.798431
62.431999
58.781342
58.830078
60.106495
62.454659
58.743809
Control Period
63.509758
61.170113
59.394974
59.548065
58.714176
60.962112
62.774689
62.062046
Control Period
59.265408
59.553280
60.327965
58.767838
58.766273
58.719040
58.732704
60.182240
Control Period
62.376545
58.755680
59.540161
62.264320
58.779938
61.648033
59.567970
58.754814
62.427841
Control Period
62.176483
61.994530
58.733154
60.087585
62.424862
58.724098
58.743713
58.690239
Control Period
64.596703
58.761024
58.731842
61.156223
58.765694
59.851360
62.180447
Control Period
58.764030
58.721569
61.507233
62.116192
59.632706
58.734112
58.746819
61.871937
Control Period
64.866081
58.746368
59.513283
61.601501
58.738144
60.170815
60.807999
58.724289
60.329506
Control Period
60.586433
58.738976
62.060577
60.384926
58.711681
58.817280
59.111198
59.526787
Control Period
62.027138
60.068672
60.422623
62.463806
58.835167
60.201118
59.197887
Control Period
58.724380
58.744961
58.733120
58.704514
62.408031
60.502625
58.881023
58.740898
Control Period
58.928993
58.737312
58.796547
61.367775
59.601921
58.714142
58.751518
58.783615
Control Period
60.170013
58.696609
58.751358
62.180481
58.737568
60.559105
60.392830
Control Period
62.382626
58.745598
58.972576
60.737282
58.708736
59.226398
58.733761
61.106590
59.220097
62.188000
Control Period
59.740864
62.304863
61.690048
62.555359
59.350243
58.743874
61.496449
60.563072
62.102562
Control Period
60.771168
58.757408
60.871201
62.404991
61.127998
60.654816
58.738850
60.930241
Control Period
62.179520
60.993088
58.732704
60.821854
62.509857
60.174305
60.591682
58.722240
Control Period
60.260284
60.928543
58.829536
59.846527
60.704994
61.462177
62.056000
59.777695
59.892063
Control Period
63.847073
60.688576
58.696159
58.990463
59.253857
58.749954
59.914879
60.128063
Control Period
60.015743
62.187233
58.760063
62.276131
59.351456
58.733826
62.223232
58.834877
62.231102
Control Period
61.353821
61.118847
60.053631
58.783455
61.024609
60.533730
58.854240
58.719490
Control Period
62.354691
58.774590
58.751553
59.327904
60.393856
58.729507
60.558975
60.639072
Control Period
61.975105
62.563202
62.342270
61.972416
60.249725
59.610817
59.108513
58.748993
Control Period
61.707870
60.236511
59.197056
62.387390
60.496483
60.307552
61.384064
Control Period
61.927971
59.564735
58.712578
62.274754
58.782784
58.760288
62.507744
58.760353
60.018723
61.164452
58.724800
Control Period
60.019424
61.675842
60.085857
62.472832
62.026337
60.445824
62.105057
62.364479
Control Period
59.545341
61.636929
58.901855
58.722015
59.455135
61.823071
61.521633
62.495171
62.086174
Control Period
64.814499
59.366051
62.298782
62.154686
59.523392
62.381599
58.728096
61.069954
62.169022
Control Period
62.251904
61.499199
58.687679
61.371582
58.715103
60.515327
59.447296
61.528961
Control Period
63.575520
59.328159
58.851841
58.774498
60.405952
58.705055
58.751041
62.223392
62.387840
Control Period
59.843773
60.062656
58.777473
58.759010
58.759842
58.729630
58.715904
58.713409
62.607262
Control Period
58.726593
58.705631
58.724064
60.876770
61.571041
62.374466
59.519295
Control Period
58.793823
61.892288
58.738880
59.402145
60.007874
61.444450
60.371330
60.301151
Control Period
62.430206
58.727875
59.339359
59.138817
58.708000
61.095009
58.757568
59.390625
59.211357
Control Period
58.717216
61.047005
61.596100
58.726685
59.710976
62.134430
58.720352
61.455170
Control Period
62.189793
59.665985
58.722496
58.724735
59.431938
58.733536
62.311646
62.122589
59.971901
Control Period
60.443039
61.319424
59.353088
60.308384
61.580704
59.198402
60.289055
60.893150
Control Period
62.347328
62.277794
58.808224
58.863007
60.931263
59.024384
58.727104
58.838753
Control Period
59.803490
61.632095
62.371971
62.501087
61.707458
60.531517
59.243904
58.721569
Control Period
59.946304
61.359264
61.050785
60.026207
61.882465
58.736095
62.428032
58.713184
Control Period
58.729759
62.322334
59.186172
58.741570
62.345089
58.741951
58.711872
62.408707
Control Period
58.736385
61.854240
58.722015
59.829056
59.261566
58.740223
60.504639
58.707199
Control Period
58.746529
59.288033
62.288254
59.029633
58.717793
62.071968
58.956993
58.726208
Control Period
62.197407
58.816032
59.387745
58.706207
59.816223
60.156258
58.762688
61.573952
Control Period
62.457024
62.270081
62.820480
60.778687
60.021152
58.754879
58.722305
58.765953
Control Period
63.643585
59.458912
58.741631
59.755329
58.751938
58.744289
62.426590
62.131393
Control Period
61.820030
58.763199
61.984417
60.510464
60.181023
62.256989
58.765888
59.971970
60.919357
Control Period
60.885025
59.998337
58.713535
62.103966
60.859615
58.760002
60.652096
61.391552
Control Period
60.560928
58.734337
58.718590
61.430401
62.158432
62.053886
59.426399
58.911137
58.738880
Control Period
62.120766
60.660225
59.931778
58.751778
61.129345
62.223328
60.539009
60.151199
60.919136
Control Period
61.732544
60.708096
62.565983
58.770782
58.774849
59.826530
59.829762
Control Period
60.888863
61.323456
61.675903
59.905182
61.721951
58.747932
58.727489
60.398144
Control Period
61.793060
60.346306
58.746429
61.982399
58.699326
61.897633
58.770050
59.924992
Control Period
62.700577
58.711552
61.665985
60.973953
58.739586
60.940575
62.061920
58.741344
58.881470
Control Period
61.247841
59.626175
58.708130
62.277023
59.255104
58.728928
58.958015
Control Period
63.114754
59.258018
59.383232
58.720253
59.370399
60.548672
61.522339
60.397949
58.717026
Control Period
62.032768
58.743904
58.734909
60.753250
62.113441
60.061089
58.924320
58.730305
Control Period
62.277283
62.227806
60.859680
60.964928
62.171169
58.730591
58.740158
61.500862
Control Period
62.552734
58.776417
58.727360
60.239326
61.285439
60.579842
58.752384
58.740578
Control Period
60.349983
58.708927
58.996895
59.053951
59.798336
58.738464
58.767967
58.718018
Control Period
59.715744
62.609444
61.816479
60.614243
59.395744
58.735107
58.741440
59.120033
58.827999
Control Period
58.859650
58.720577
58.723839
58.701599
58.729538
61.980000
61.847649
59.272194
60.122463
Control Period
61.556065
59.354210
59.637054
59.828285
58.700417
61.054306
62.433571
61.406082
Control Period
64.575134
64.603905
64.631683
64.652672
64.624100
64.653664
64.611008
64.591774
64.626022
64.646500
64.654114
64.625092
64.603874
64.597504
64.640991
64.634399
64.696701
64.700668
64.647072
64.664093
64.652771
64.650879
64.648865
64.670273
64.639297
64.658173
64.604126
64.641052
