56.7421
58.6072
58.6155
58.6093
58.5987
58.5997
58.6111
58.6265
58.6256
58.6253
58.6061
58.6123
58.6158
58.6224
58.6127
58.6364
58.6152
58.6233
58.6212
58.6034
58.5981
58.5977
58.6303
58.6174
58.6106
58.6127
58.6055
58.6164
58.6219
58.6235
58.6283
58.6203
58.6118
58.6045
58.6151
58.6107
58.6003
58.6069
58.6208
58.6269
58.6174
58.6122
58.6372
58.6265
58.6117
58.6116
58.613
58.602
58.6104
58.611
58.6163
58.6064
58.6216
58.6062
58.6092
58.6028
58.6065
58.616
58.6051
58.6118
58.5939
58.6171
58.6021
58.6088
58.6096
58.6145
58.6114
58.5942
58.5997
58.5967
58.5962
58.6018
58.6073
58.6056
58.5958
58.5934
58.5905
58.605
58.6057
58.6123
58.6071
58.6006
58.6044
58.6065
58.6034
58.6047
58.6067
58.6156
58.6099
58.6134
58.6093
58.6305
58.6112
58.6081
58.6038
58.6232
58.6083
58.6057
58.6143
58.6109
58.6153
58.6128
58.6169
58.6124
58.6038
58.5994
58.6104
58.6112
58.6233
58.6048
58.6012
58.593
58.5935
58.6015
58.6121
