160
159.184
159.033
158.901
158.785
158.678
158.586
158.505
158.431
158.367
158.309
158.252
158.2
158.148
158.101
158.056
158.016
157.978
157.942
157.906
157.868
157.831
157.795
157.767
157.735
157.703
157.672
157.643
157.615
157.591
157.569
157.546
157.521
157.494
157.469
157.449
157.428
157.406
157.384
157.364
157.347
157.327
157.306
157.29
157.273
157.254
157.232
157.21
157.189
157.171
157.153
157.136
157.121
157.108
157.092
157.077
157.063
157.05
157.037
157.024
157.012
156.997
156.985
156.97
156.957
156.947
156.936
156.925
156.914
156.9
156.887
156.876
156.865
156.855
156.847
156.838
156.827
156.815
156.809
156.801
156.793
156.787
156.778
156.771
156.763
156.756
156.751
156.745
156.739
156.732
156.728
156.722
156.72
156.715
156.71
156.702
156.7
156.695
156.688
156.681
156.676
156.672
156.668
156.667
156.662
156.657
156.651
156.644
156.639
156.635
156.631
156.624
156.617
156.609
156.603
