113.435
117.352
117.335
117.355
117.329
117.344
117.34
117.346
117.353
117.375
117.365
117.355
117.34
117.337
117.339
117.352
117.356
117.365
117.357
117.336
117.335
117.331
117.36
117.341
117.323
117.321
117.334
117.332
117.364
117.375
117.368
117.343
117.327
117.332
117.365
117.363
117.366
117.341
117.357
117.365
117.35
117.344
117.36
117.361
117.341
117.322
117.304
117.312
117.326
117.327
117.322
117.343
117.343
117.329
117.328
117.341
117.34
117.334
117.342
117.352
117.327
117.327
117.322
117.313
117.338
117.331
117.329
117.329
117.305
117.311
117.314
117.319
117.316
117.34
117.327
117.305
117.309
117.341
117.326
117.315
117.344
117.323
117.334
117.326
117.326
117.347
117.339
117.337
117.325
117.347
117.34
117.357
117.353
117.346
117.325
117.362
117.348
117.334
117.323
117.332
117.352
117.345
117.366
117.351
117.348
117.349
117.32
117.33
117.334
117.346
117.32
117.319
117.305
117.319
117.329
