80
79.2398
79.1641
79.1084
79.0678
79.0344
79.0154
79.0073
79.0049
79.0108
79.0223
79.0323
79.0463
79.0587
79.0742
79.0907
79.1109
79.1307
79.1525
79.1718
79.1878
79.2037
79.2188
79.2399
79.2569
79.2723
79.2878
79.3039
79.3174
79.3361
79.3556
79.3731
79.3862
79.3982
79.4098
79.4266
79.4414
79.4542
79.4655
79.4786
79.493
79.5035
79.5137
79.5265
79.5379
79.5474
79.5531
79.5571
79.5618
79.5697
79.5761
79.5836
79.5917
79.6016
79.6085
79.6144
79.6224
79.6302
79.6371
79.6445
79.6516
79.6545
79.6613
79.6643
79.6685
79.6755
79.6814
79.6876
79.6919
79.6933
79.6953
79.6982
79.7006
79.7054
79.7108
79.7145
79.7181
79.7188
79.724
79.728
79.7318
79.7372
79.7401
79.743
79.7453
79.7486
79.7535
79.7578
79.7609
79.7639
79.7683
79.7716
79.778
79.7816
79.7842
79.7849
79.79
79.7928
79.7934
79.7941
79.7956
79.7994
79.8018
79.8071
79.809
79.8092
79.8093
79.8086
79.8092
79.811
79.8129
79.8112
79.8084
79.8055
79.8051
