113.45
117.339
117.348
117.334
117.321
117.323
117.328
117.333
117.347
117.332
117.333
117.326
117.333
117.31
117.321
117.313
117.316
117.342
117.328
117.326
117.339
117.316
117.344
117.331
117.321
117.308
117.32
117.315
117.332
117.331
117.327
117.344
117.307
117.292
117.315
117.289
117.307
117.311
117.303
117.301
117.321
117.308
117.312
117.313
117.35
117.33
117.316
117.312
117.325
117.331
117.315
117.321
117.325
117.331
117.36
117.339
117.324
117.317
117.316
117.309
117.315
117.294
117.299
117.294
117.271
117.274
117.289
117.29
117.288
117.288
117.296
117.301
117.316
117.324
117.313
117.32
117.312
117.324
117.304
117.324
117.318
117.315
117.3
117.286
117.294
117.303
117.286
117.3
117.29
117.292
117.279
117.266
117.288
117.288
117.316
117.3
117.313
117.295
117.279
117.311
117.282
117.29
117.283
117.286
117.271
117.277
117.259
117.293
117.288
117.269
117.279
117.27
117.277
117.273
117.288
