0.723035
0.75602
0.756821
0.757281
0.757296
0.757864
0.7582
0.758068
0.758372
0.758437
0.758104
0.758122
0.757685
0.757649
0.757553
0.757433
0.757347
0.757241
0.756872
0.756575
0.756411
0.756162
0.756225
0.755855
0.755688
0.755532
0.755464
0.755165
0.755233
0.755174
0.754887
0.754527
0.754439
0.754324
0.754518
0.754303
0.754093
0.753902
0.753816
0.753811
0.753502
0.753462
0.753385
0.75329
0.753232
0.752855
0.752643
0.752683
0.752789
0.752571
0.752583
0.752591
0.752604
0.752445
0.752272
0.752423
0.752338
0.752151
0.752223
0.752069
0.751851
0.751993
0.751713
0.751765
0.751897
0.751747
0.751785
0.75171
0.751415
0.75142
0.751451
0.751299
0.751474
0.751431
0.751365
0.751436
0.751108
0.751283
0.751208
0.751151
0.751235
0.75111
0.751006
0.750948
0.751047
0.751096
0.751061
0.750861
0.750943
0.75095
0.750904
0.75097
0.750874
0.750826
0.750732
0.75086
0.75081
0.750641
0.750606
0.750665
0.750767
0.750668
0.750844
0.7506
0.750513
0.750498
0.750425
0.750491
0.750472
0.75059
0.750336
0.750268
0.750259
0.75035
0.750465
