1301.93
1081.28
1062.69
956.094
1061.19
1055.38
1045.75
1004.62
1075.06
1008.69
1055.28
1072.53
1005.56
1018.59
1014.22
1015.72
1034.62
1057.78
1068.88
1061.5
1068.81
1056.56
977.156
1061.5
935.75
1048.52
1135.44
986.788
1070.12
1062.66
1061.23
1065.16
1054.12
1095.25
1093.66
1087.44
1061.41
1083.69
1114
1065.22
1072.56
1054.09
1067.69
1068.91
1069
1066.44
1052.78
1060.19
1052.78
1058.71
1067.62
1062.66
1065.09
1052.81
1036.53
1080.94
1140.41
1066.41
1121.38
1081.34
1065.16
1044.47
957.344
1011.16
1066.44
1121.19
1022.03
1043.61
1100.53
1064
1067.62
1049.12
1140.69
1056.5
1066.44
1052.78
1056.5
1082.91
1077.21
1061.23
1061.5
1054.06
1082.59
1128.25
1101.69
1108.84
1135.82
1121.35
1090.36
1056.5
980.531
1052.53
996.25
1052.81
1057.75
1071.48
1080.48
1113.69
1023.53
1061.5
1098.25
1056.47
1058.97
1057.78
1070.16
1138.12
1062.78
1054.55
975.938
943.188
1029.34
1055.31
1067.62
1051.62
1055.28
