0.709276
0.740132
0.741541
0.74256
0.743363
0.744217
0.745057
0.745829
0.746305
0.746704
0.746796
0.747211
0.747539
0.747892
0.747993
0.748502
0.74838
0.748637
0.748731
0.74863
0.748713
0.74885
0.749403
0.749297
0.749298
0.749423
0.749417
0.749633
0.74977
0.749821
0.7499
0.749822
0.749768
0.749738
0.749939
0.749897
0.749791
0.749918
0.750139
0.750234
0.750112
0.750074
0.750427
0.750279
0.750097
0.750125
0.750192
0.750108
0.750268
0.750297
0.750391
0.750277
0.750483
0.750272
0.750327
0.750264
0.750318
0.750441
0.750302
0.75039
0.750157
0.750491
0.750291
0.750404
0.750425
0.750478
0.75043
0.750203
0.750289
0.750281
0.750298
0.750387
0.75047
0.75044
0.750301
0.750276
0.750248
0.750461
0.750451
0.750526
0.750448
0.750342
0.750392
0.750416
0.750374
0.750384
0.750391
0.750488
0.7504
0.750437
0.750363
0.750622
0.750328
0.750274
0.750215
0.750477
0.750252
0.750213
0.750335
0.750295
0.75035
0.750297
0.750341
0.750252
0.750138
0.750093
0.750249
0.750273
0.750429
0.750178
0.750129
0.750048
0.750089
0.750226
0.750371
