3981.5
5952
5932.5
5932.5
5912.5
6090.5
5956.5
5932
5932
6051
5972
5971.5
5932
5932
6110.5
5952
6051
6070.5
5952
5952
5912.5
5912.5
5932.5
6011.5
5972
6071
5992
5833.5
6031.5
5972
5972
5972
5972
5952
5853.5
5932
5932.5
5912.5
5912.5
5972
5992
5992
5972
5991.5
5952
5952.5
5972
5992
5972
5952.5
5952.5
5932.5
5932.5
5932.5
5913
5774.5
5972
5798.5
5932.5
5932.5
6011.5
6051
5972
6011.5
5952
6031
5991.5
5932
5972
5991.5
5833.5
5932.5
5952
5952
5952
5892.5
5972
5972
5952.5
5952.5
5972
5952
5932.5
5873
5952.5
5952
5992
6085.5
5932.5
6031
5952
5992
5972
5853
5991.5
6011.5
5858
5952.5
5952.5
5932.5
5932.5
5754.5
5992
5972
6170
5833.5
5932.5
5952.5
5952
5932.5
