59.336670
58.626465
58.581024
58.551041
58.665249
58.592995
58.614143
58.596096
58.602722
58.566017
58.587006
58.603485
58.610336
58.691296
58.614624
58.608673
58.647137
58.612610
58.571587
58.613602
58.564480
58.645950
58.628479
58.676224
58.612736
58.606911
58.582527
58.596096
58.590656
58.608673
Control Period
58.591263
58.578335
58.660896
58.621056
58.616703
58.589153
58.613953
58.586014
Control Period
58.614880
58.569794
58.592319
58.651550
58.615200
58.619167
58.640961
58.625568
58.610046
Control Period
58.612671
58.603775
58.646912
58.607582
58.608994
58.579010
58.600670
58.609566
58.614529
Control Period
58.603073
58.600159
58.581726
58.621441
58.618656
58.584671
58.583679
58.601856
58.593407
Control Period
58.649086
58.579582
58.595779
58.583458
58.614624
58.599648
58.590462
58.610592
58.574402
Control Period
58.666592
58.592033
58.593315
58.584961
58.581886
58.625248
58.650238
58.583359
58.621887
Control Period
58.607170
58.620064
58.623360
58.623360
58.588669
58.708191
58.603165
58.634911
Control Period
58.593662
58.606880
58.625793
58.611938
58.635456
58.601055
58.699074
58.634781
58.621758
Control Period
58.632832
58.635841
58.664352
58.621315
58.592224
58.635361
58.620766
58.599426
Control Period
58.604832
58.597504
58.612736
58.617664
58.586143
58.615841
58.563103
58.641983
58.615040
Control Period
58.625122
58.618210
58.622688
58.619423
58.638561
58.569725
58.601631
58.603394
Control Period
58.627808
58.606369
58.606495
58.627075
58.621952
58.648445
58.594849
58.593826
58.615746
Control Period
58.704193
58.611263
58.612450
58.597282
58.583298
58.656193
58.597473
58.624065
58.615677
58.601471
Control Period
58.627838
58.590496
58.580929
58.648575
58.627266
58.612160
58.598305
58.610306
58.629982
Control Period
58.619041
58.631485
58.611168
58.621025
58.632095
58.764130
58.592674
58.619682
Control Period
58.611679
58.616928
58.648483
58.598145
58.585091
58.606880
58.591743
58.631744
58.646271
Control Period
58.601791
58.644768
58.653889
58.654720
58.621536
58.595169
58.608894
58.615715
58.613632
Control Period
58.619583
58.580574
58.627712
58.628258
58.610847
58.645859
58.601570
58.655357
Control Period
58.590977
58.583298
58.588387
58.584896
58.594879
58.605568
58.609474
58.608322
58.664703
Control Period
58.589153
58.618141
58.578335
58.623299
58.621216
58.592705
58.576447
58.585632
Control Period
58.670559
58.610657
58.579330
58.577183
58.579613
58.603233
58.594433
58.566368
58.591011
Control Period
58.653439
58.618179
58.654465
58.638878
58.590912
58.708450
58.609344
58.620129
58.618431
Control Period
58.595009
58.619488
58.604416
58.626049
58.585472
58.680130
58.625954
58.602974
Control Period
58.613888
58.607777
58.604706
58.608093
58.592766
58.593727
58.612221
58.652702
58.609119
58.586975
Control Period
58.618019
58.599487
58.619614
58.605919
58.597633
58.606049
58.679264
58.601631
Control Period
58.612320
58.608643
58.608803
58.569088
58.603168
58.613091
58.623650
58.636959
Control Period
58.602592
58.636002
58.609756
58.627426
58.618401
58.571808
58.603584
58.590561
58.667072
Control Period
58.635391
58.580288
58.603584
58.643009
58.640350
58.620834
58.612129
58.639870
Control Period
58.661026
58.611298
58.626945
58.627232
58.592003
58.657505
58.626015
58.615677
58.593857
Control Period
58.676994
58.622463
58.616478
58.639809
58.608482
58.642654
58.618462
58.600929
Control Period
58.629856
58.681854
58.614944
58.608963
58.580864
58.603359
58.650623
58.591839
58.627071
Control Period
58.585342
58.685856
58.606270
58.584320
58.595936
58.603073
58.580894
58.637344
Control Period
58.588799
58.586975
58.580704
58.670753
58.619743
58.602016
58.596062
58.590691
Control Period
58.613571
58.585503
58.601376
58.623901
58.623810
58.611839
58.593086
58.658302
58.624928
Control Period
58.622433
58.612061
58.614594
58.608383
58.638657
58.597153
58.581505
58.635170
Control Period
58.580673
58.608578
58.587967
58.597122
58.608803
58.583488
58.598915
58.602371
Control Period
58.670464
58.604031
58.582783
58.630722
58.584221
58.590240
58.565567
58.627361
Control Period
58.607136
58.667519
58.587486
58.599583
58.597343
58.743649
58.600288
58.563133
58.626911
Control Period
58.607521
58.635777
58.603455
58.589890
58.630081
58.708160
58.623390
58.616703
Control Period
58.575680
58.605347
58.617790
58.624737
58.603615
58.576000
58.724575
58.611710
Control Period
58.622688
58.609760
58.590527
58.587711
58.590977
58.606113
58.616192
58.721474
58.564545
Control Period
58.622498
58.647774
58.627968
58.597343
58.642624
58.613411
58.624611
58.721760
Control Period
58.609119
58.605247
58.637154
58.633186
58.577888
58.626846
58.629951
58.617310
58.701469
Control Period
58.600929
58.614815
58.641567
58.625313
58.615711
58.597408
58.596832
58.601215
Control Period
58.645760
58.592323
58.595360
58.633377
58.613472
58.633984
58.575775
58.638145
58.576385
Control Period
58.717472
58.599297
58.578590
58.609566
58.597343
58.603714
58.617119
58.580608
Control Period
58.552032
58.667358
58.582016
58.595585
58.587391
58.613663
58.613152
58.604576
Control Period
58.600990
58.601570
58.651360
58.598751
58.622849
58.606941
58.616608
58.595295
58.598846
Control Period
58.625954
58.616226
58.617023
58.599037
58.633118
58.622307
58.572735
58.601471
Control Period
58.639519
58.597664
58.604706
58.624100
58.635841
58.609566
58.608128
58.569473
58.657951
Control Period
58.629345
58.588608
58.572418
58.629951
58.614334
58.607742
58.604385
58.604160
Control Period
58.671616
58.615456
58.607552
58.609314
58.616032
58.599266
58.636639
58.617058
58.606815
Control Period
58.628063
58.613857
58.605057
58.625694
58.612289
58.571201
58.607712
58.585087
Control Period
58.599041
58.665405
58.595455
58.583870
58.621120
58.620995
58.589378
58.598495
Control Period
58.624191
58.617538
58.611679
58.596992
58.597919
58.613091
58.574207
58.598145
58.591648
Control Period
58.613853
58.607681
58.599838
58.609566
58.591167
58.642143
58.581600
58.610271
Control Period
58.598114
58.619072
58.709728
58.607040
58.591969
58.622787
58.598114
58.586655
Control Period
58.565792
58.596481
58.581665
58.654305
58.581856
58.603554
58.619553
58.637665
Control Period
58.604095
58.572449
58.589825
58.613922
58.652832
58.652351
58.604095
58.605087
58.611389
Control Period
58.609024
58.573280
58.592445
58.591042
58.654465
58.580383
58.585537
58.565025
Control Period
58.586433
58.585758
58.613663
58.592255
58.595810
58.733345
58.612961
58.621086
58.612576
Control Period
58.594368
58.665634
58.595520
58.565315
58.591682
58.635872
58.597824
58.588833
58.583710
Control Period
58.601471
58.590591
58.610306
58.586208
58.583549
58.580734
58.596096
58.768608
58.562050
58.588387
Control Period
58.570755
58.613697
58.596642
58.580799
58.629120
58.608994
58.719933
58.577950
Control Period
58.584576
58.603840
58.604797
58.578850
58.611073
58.605026
58.613281
58.714882
Control Period
58.612350
58.608223
58.632607
58.622047
58.585888
58.544609
58.616577
58.589920
58.690369
Control Period
58.588577
58.589600
58.591393
58.579777
58.607010
58.605663
58.616638
58.575008
Control Period
58.683167
58.591362
58.597759
58.582817
58.580128
58.579231
58.586174
58.597023
Control Period
58.589630
58.608833
58.596897
58.596802
58.596382
58.610271
58.575645
58.612000
58.584225
Control Period
58.566143
58.638592
58.594910
58.611168
58.554337
58.594784
58.619392
58.589981
Control Period
58.604797
58.603935
58.714241
58.593826
58.592255
58.566078
58.584099
58.582272
58.574562
Control Period
58.600800
58.612640
58.639297
58.569313
58.591011
58.588928
58.649345
Control Period
58.610783
58.570435
58.593758
58.635231
58.621792
58.577858
58.578465
58.586273
58.675903
Control Period
58.590813
58.562271
58.589699
58.597633
58.604958
58.663933
58.590176
58.567104
Control Period
58.630653
58.598656
58.615200
58.594238
58.535614
58.610527
58.576481
58.593315
58.586048
Control Period
58.612736
58.576866
58.574688
58.587200
58.607616
58.591263
58.576736
58.596642
Control Period
58.581921
58.632355
58.606304
58.596802
58.650467
58.596001
58.612255
58.563969
Control Period
58.597343
58.583839
58.594975
58.611233
58.611904
58.583229
58.659874
58.606400
58.602367
Control Period
58.615711
58.611298
58.602528
58.614563
58.605698
58.610046
58.640190
58.598686
Control Period
58.619873
58.587585
58.596733
58.616001
58.597954
58.582016
58.607807
58.649632
58.606560
Control Period
58.642208
58.613537
58.606079
58.591232
58.577438
58.598335
58.585281
58.590561
Control Period
58.603294
58.608093
58.628418
58.591263
58.607010
58.612671
58.598946
58.585823
Control Period
58.648064
58.615105
58.579330
58.591167
58.628353
58.612000
58.593922
58.584415
Control Period
58.575905
58.592995
58.594337
58.579681
58.584290
58.693600
58.607201
58.599136
Control Period
58.583870
58.612289
58.595070
58.599838
58.610271
58.623009
58.608482
58.588898
Control Period
58.597603
58.722752
58.590431
58.589439
58.583778
58.611038
58.569534
Control Period
58.598305
58.595901
58.633789
58.605118
58.563583
58.601471
58.710049
58.616192
Control Period
58.599072
58.591839
58.601410
58.634239
58.597122
58.563297
58.607903
58.684097
Control Period
58.621117
58.610687
58.623264
58.593597
58.569695
58.620926
58.594849
58.573761
58.712387
Control Period
58.579456
58.608673
58.649086
58.614563
58.588707
58.601761
58.605789
58.642174
58.593822
Control Period
58.680481
58.596256
58.624577
58.646530
58.652000
58.598721
58.615486
58.629696
Control Period
58.634529
58.588127
58.602592
58.636288
58.597759
58.633633
58.628578
58.570686
58.609024
Control Period
58.606495
58.702019
58.562691
58.604832
58.572510
58.600544
58.611458
58.603874
Control Period
58.578751
58.585152
58.647423
58.614784
58.607201
58.609154
58.580704
58.623009
58.588097
Control Period
58.624352
58.615360
58.649281
58.627357
58.635456
58.623615
58.596096
58.614143
Control Period
58.630142
58.597088
58.584320
58.693695
58.588989
58.609921
58.583263
58.588001
58.599678
Control Period
58.599426
58.617119
58.592125
58.583775
58.608093
58.617920
58.614723
58.612770
Control Period
58.684128
58.571041
58.595711
58.599487
58.608414
58.738911
58.575359
58.584610
58.600189
58.585472
Control Period
58.595169
58.568703
58.635742
58.622337
58.683136
58.585342
58.592865
58.604195
Control Period
58.667709
58.601662
58.600414
58.590111
58.611969
58.616257
58.625984
58.608513
Control Period
58.618752
58.670303
58.609085
58.614208
58.565632
58.594978
58.610077
58.619232
Control Period
58.602558
58.626755
58.666306
58.614464
58.632835
58.615646
58.577217
58.621407
58.594624
Control Period
58.653408
58.612961
58.638786
58.595070
58.592957
58.603519
58.622589
58.580322
Control Period
58.596642
58.591682
58.596737
58.670403
58.581985
58.595585
58.607712
58.589729
Control Period
58.625343
58.591774
58.569122
58.610752
58.588223
58.637505
58.582878
58.589664
Control Period
58.603775
58.608223
58.610271
58.579937
58.703522
58.601822
58.581566
58.594208
58.604446
Control Period
58.586304
58.584991
58.603966
58.583778
58.724350
58.665215
58.569984
58.577984
Control Period
58.589149
58.637123
58.612129
58.576927
58.595810
58.689342
58.686882
58.612801
58.609344
Control Period
58.609726
58.586784
58.610687
58.587135
58.618942
58.619839
58.570496
58.631199
58.595936
58.617504
Control Period
58.606781
58.560417
58.681442
58.598751
58.604515
58.607582
58.572609
58.577698
58.581215
Control Period
58.578850
58.593506
58.652000
58.581886
58.564575
58.601345
58.591393
58.592289
Control Period
58.583038
58.596832
58.567776
58.614784
58.567421
58.622017
58.593536
58.602272
Control Period
58.578850
58.574493
58.583939
58.616898
58.653088
58.610912
58.621986
58.576546
58.596542
Control Period
58.605984
58.618656
58.603363
58.585472
58.648163
58.603329
58.611519
58.620514
Control Period
58.519966
58.450974
58.480225
58.458656
58.457855
58.478493
58.461311
58.485634
58.455776
58.452385
58.463646
58.467232
58.453537
58.465919
58.454559
58.449856
58.433792
58.453857
58.448830
58.457153
58.440319
58.445694
58.451744
58.448639
58.442558
58.466145
58.445534
60.033600
