0.708734
0.7023
0.706406
0.71036
0.716998
0.71207
0.716452
0.730633
0.725782
0.72273
0.714122
0.722209
0.714685
0.722669
0.718899
0.720216
0.726927
0.724149
0.728493
0.727614
0.73134
0.726602
0.717556
0.723928
0.719994
0.718332
0.725168
0.726852
0.726328
0.725905
0.718654
0.727625
0.727786
0.726974
0.719136
0.720816
0.721482
0.726143
0.725622
0.716801
0.713982
0.713806
0.71129
0.712134
0.720938
0.722096
0.7203
0.715489
0.723045
0.718775
0.726169
0.724964
0.72364
0.719448
0.732665
0.718094
0.716797
0.715575
0.726572
0.72057
0.725138
0.723982
0.719732
0.729972
0.725459
0.723578
0.72206
0.723521
0.721904
0.727302
0.720542
0.714784
0.721404
0.716867
0.725062
0.721432
0.726767
0.725638
0.72877
0.723697
0.722738
0.72204
0.72284
0.729353
0.726684
0.716589
0.710879
0.729027
0.716693
0.714936
0.716493
0.718113
0.718938
0.726919
0.724942
0.724813
0.727447
0.727315
0.724859
0.710557
0.720379
0.726161
0.728527
0.717554
0.723626
0.726655
0.729494
0.717837
0.722281
0.715052
0.714356
0.714423
0.709256
0.7237
