56.6471
57.3325
56.9101
57.71
58.1185
57.8438
57.9227
57.0539
57.9421
58.3817
57.9616
57.3097
58.2247
57.6463
58.2864
58.3778
57.7542
58.3236
58.1117
58.0249
58.5681
58.4579
58.6383
57.6983
57.9249
58.1394
57.9956
58.1922
58.2934
58.0237
58.0682
58.7434
58.5503
58.3145
58.5399
57.9008
58.3649
57.8271
58.0131
57.9949
58.0076
58.1151
57.9546
57.8129
57.3274
58.2902
57.3058
58.7012
58.2112
58.4026
57.7719
58.0617
58.3892
58.1544
57.9211
58.3808
58.2982
58.5745
56.7195
58.1946
57.2592
57.1554
58.4827
58.4855
58.7321
58.3883
58.2769
58.1677
58.0062
58.0316
57.5608
58.4215
58.2145
58.6483
58.0511
58.1395
58.3037
58.0837
58.6114
58.2671
58.4927
58.3702
58.6587
58.4176
58.1132
58.3023
58.5135
57.7442
58.7518
58.0712
57.9512
57.9132
57.9239
58.4606
58.6119
58.3444
58.2172
58.2933
58.5261
58.7303
58.0409
58.301
58.313
58.6138
57.8301
58.1459
58.0021
58.6658
57.6362
58.191
58.3946
58.1043
58.7499
58.1538
