80
66.9394
67.7248
68.8286
69.1937
69.1335
70.3625
69.9504
69.4128
68.5891
68.7355
69.2338
69.0875
70.1225
70.2206
69.2967
67.8086
68.4888
69.77
69.2715
70.0891
69.2027
69.9311
69.6265
69.5145
68.0732
69.8165
69.3944
69.2728
68.5434
68.4494
69.669
69.9439
69.3905
69.4409
69.586
69.612
69.4168
69.961
68.8901
69.1151
69.4543
69.5632
69.9179
69.8522
68.4937
69.9299
69.4811
69.1795
68.3968
68.8333
68.8725
68.8971
70.2333
69.9395
69.5625
69.5077
70.6632
69.7809
69.3655
68.4681
69.2919
68.9342
70.1192
69.1585
69.8308
70.3444
70.129
70.5553
69.4376
68.7444
68.4519
68.477
68.8531
68.9361
70.4693
70.1199
69.8744
69.5621
69.0357
69.6393
68.2983
69.423
69.8721
69.0343
69.3936
70.0049
69.6357
69.5369
69.9199
69.6744
69.7492
70.3696
70.8778
70.6619
69.9484
69.039
69.5325
69.9044
68.966
69.595
69.0526
69.4376
69.1736
70.0357
70.1612
68.6136
68.4747
69.4418
70.8701
69.8333
69.1082
69.2969
68.2358
0
