56.7221
57.287
57.2753
57.6653
58.172
58.2389
58.461
58.5755
58.1645
58.7458
57.9453
58.2976
58.6103
58.1653
58.258
58.2997
57.8677
57.5352
58.5045
57.7297
58.4915
58.5906
58.3091
58.4593
57.8856
57.8394
58.6207
58.2552
58.3235
58.1187
57.8869
57.2498
58.635
58.3423
58.3388
57.5895
58.4866
57.6808
58.3824
58.1739
57.1965
58.1791
58.7545
57.7944
58.5284
56.961
58.7593
58.0679
58.6803
58.0692
57.7681
57.8385
58.1268
58.3083
58.487
58.2317
57.9799
58.2265
58.7563
57.9285
58.6966
58.1758
58.1479
58.722
58.1389
58.4652
58.105
58.7598
58.7551
58.7306
58.7698
58.256
58.1359
58.1474
57.5115
58.1641
58.4507
58.2356
58.7316
58.2938
57.963
57.9462
58.7467
58.1431
58.1666
57.8623
58.2436
57.9
58.7512
58.2139
58.3466
58.7046
57.8525
58.5686
58.5248
58.6181
58.2125
58.0365
58.7386
58.2012
58.5331
57.1861
57.7425
58.4845
58.0598
58.7437
57.8806
58.0242
57.9828
58.4715
58.6255
57.6586
57.8579
58.0913
56.8007
