160
134.893
133.924
134.497
135.313
135.624
134.866
135.489
135.642
136.688
133.836
134.782
135.386
134.747
135.674
135.8
135.415
135.204
135.348
135.157
136.153
136.259
136.663
136.335
135.7
137.758
137.705
136.039
136.371
136.277
136.742
136.029
137.258
136.439
136.474
135.903
136.592
135.922
137.558
137.596
136.297
136.359
135.767
133.549
135.595
136.166
137.112
135.836
135.941
134.863
135.208
135.149
135.407
136.258
136.047
135.946
135.496
135.711
136.055
135.432
136.891
134.827
135.807
135.43
133.807
135.15
136.048
137.064
136.268
136.519
136.063
134.891
134.795
135.238
135.9
136.944
136.567
136.52
135.726
135.218
134.708
137.457
136.606
134.673
136.735
136.219
135.587
135.12
135.584
133.965
135.013
134.898
133.78
135.769
136.578
136.425
136.531
136.943
137.991
137.061
136.945
136.067
137.268
137.179
134.859
135.26
136.25
135.915
136.411
137.357
137.048
136.349
136.466
136.311
0
