117.828537
117.325249
117.333664
117.358658
117.352356
117.350372
117.332321
117.356293
117.357346
117.341446
117.329468
117.299583
117.334045
117.342751
117.366623
117.355972
117.397659
117.398270
117.381607
117.390686
117.331299
117.332382
117.350723
117.326752
117.331520
117.336197
117.332962
117.299713
117.307968
117.337021
Control Period
117.083420
114.940735
113.614563
114.606499
113.622940
113.430367
112.836060
113.483971
Control Period
122.075905
117.317345
117.307198
117.348610
117.335007
117.357635
117.331009
117.314972
117.314018
Control Period
121.291199
122.452515
117.424774
122.345634
122.092766
120.898911
120.112259
122.491516
Control Period
124.055138
120.336578
122.347458
121.841377
121.637314
121.468414
122.346367
122.005341
Control Period
122.187744
122.077499
122.102661
122.348068
122.347969
122.090111
122.518494
122.050781
Control Period
120.920738
118.975456
122.595749
122.256958
122.224670
119.115074
122.524765
122.063004
122.160835
Control Period
122.322433
122.192413
119.930206
118.793602
120.675842
122.294373
121.433121
121.111450
Control Period
127.244644
119.598495
122.385887
117.378082
122.294693
119.128479
122.018623
117.406754
Control Period
122.906944
122.404419
120.184540
121.760895
122.295105
119.205475
122.509949
119.666107
Control Period
126.832642
122.615036
122.367104
122.217026
122.280228
122.118179
123.447067
120.223969
Control Period
119.123459
124.159393
124.278244
122.583679
122.343613
121.874878
122.096603
122.410049
Control Period
122.395454
122.242271
122.382339
122.518372
122.206299
122.225060
122.177444
119.078369
Control Period
122.484772
122.294144
122.082596
123.536705
123.554749
123.975937
122.025406
121.944092
Control Period
122.137535
123.135712
123.913437
121.471298
122.365189
121.977501
122.591072
122.447708
Control Period
122.695267
122.090561
122.007263
122.421570
119.130402
119.406914
122.096512
122.239258
119.123459
Control Period
122.145828
122.235550
117.632385
122.438721
120.123642
122.629951
119.472733
122.328766
Control Period
121.782883
122.318268
122.165215
122.216095
120.569313
122.375229
119.565948
122.635422
Control Period
122.254082
122.343651
122.217636
122.418526
122.644638
122.772995
124.192993
Control Period
124.240929
123.268288
122.274948
121.904037
123.075455
123.823105
122.830780
122.610367
Control Period
122.091965
122.911804
121.577179
122.185822
121.985214
122.440582
122.424675
122.025604
Control Period
122.684860
122.215454
121.460861
122.485695
120.071777
123.641342
119.848740
123.652672
Control Period
122.419907
122.035172
121.908737
122.129242
123.817596
123.654335
118.240097
122.851875
Control Period
123.173508
123.046722
124.186340
119.798492
122.513664
122.680511
122.086945
122.415840
Control Period
123.115135
122.390465
120.506912
123.652481
122.535645
121.406334
121.949249
122.243164
122.117279
Control Period
120.498848
119.474365
123.212387
122.572128
122.257507
122.660095
121.181854
Control Period
120.040703
123.574875
122.186020
122.421120
122.084351
122.319519
122.069885
122.501953
121.999329
Control Period
122.029373
122.222145
122.846848
120.760834
120.535522
119.389122
118.427330
120.522209
122.701187
Control Period
119.842819
122.376770
117.357727
122.313507
121.975739
122.128929
122.572800
117.369629
Control Period
122.708260
122.187485
122.382309
122.487267
121.944672
122.156609
122.401566
122.108002
Control Period
122.237595
122.617020
122.812195
123.671875
123.399200
122.370300
122.784737
122.367203
Control Period
123.351044
120.284225
122.118790
122.211685
122.042404
123.421021
121.223518
122.319778
Control Period
122.222565
122.172226
122.090530
122.866272
119.854431
122.036194
122.246140
121.874908
Control Period
121.959396
122.520256
123.954437
124.122086
122.845345
122.030563
122.123680
122.217148
Control Period
122.054108
121.505249
122.074692
122.085724
121.095963
123.103554
122.479462
120.585052
Control Period
126.920509
121.922791
121.957764
121.820740
122.268829
122.072571
122.559456
122.035744
Control Period
123.557602
122.318176
122.309502
122.377693
122.417122
119.793060
124.083008
122.783066
Control Period
122.012192
122.639420
122.832230
122.978752
121.943169
123.119392
122.620094
121.224159
Control Period
127.136063
121.516739
120.093086
123.252739
122.534431
122.162781
122.404572
122.579330
Control Period
121.063423
121.454086
122.352638
122.086433
122.124420
121.709183
120.196640
123.937408
122.097626
Control Period
122.391617
122.330818
122.234299
122.302490
120.507675
118.167488
119.807098
120.815331
Control Period
123.373985
119.837891
122.303589
122.387459
122.028931
120.013947
123.521729
120.113251
122.447174
Control Period
122.044067
121.877663
120.363358
122.536575
119.041183
122.414658
117.584732
122.394745
Control Period
122.343933
119.699966
121.987297
122.191261
122.096863
122.308090
123.654236
122.073441
Control Period
122.330849
124.132477
121.779968
122.460190
122.364899
124.180893
122.269600
122.090439
Control Period
122.020447
123.260384
122.502243
123.596893
124.257690
123.661758
122.824768
Control Period
120.587807
122.418655
121.985184
122.064133
123.360352
124.020317
121.971199
Control Period
123.893539
122.057854
123.172157
121.847198
123.926369
122.066879
127.020325
122.701340
123.622818
Control Period
122.220734
124.127716
122.300034
122.441277
122.473892
123.086884
118.962654
Control Period
127.161026
122.143646
122.090500
123.490273
123.278564
121.955200
122.233948
Control Period
123.289406
125.450493
122.463516
122.851807
122.166718
122.259293
123.078751
122.491806
122.181534
Control Period
126.232063
121.985214
122.230400
122.226913
122.147614
122.394081
122.459076
122.020927
Control Period
122.043488
122.186562
118.961121
121.345215
122.303841
121.949722
122.066879
119.383774
Control Period
123.584450
122.392380
122.056732
122.036057
122.219070
122.167099
122.303589
118.959999
Control Period
124.038017
122.265022
123.914841
122.818657
121.926300
122.011719
122.335037
122.323776
Control Period
126.285721
122.372864
122.118210
122.023102
123.876961
123.644836
124.033279
120.450974
Control Period
123.773026
123.481277
119.690308
122.650177
123.335205
118.812225
119.536224
124.285538
123.570015
Control Period
123.775192
121.906883
119.602562
122.024414
122.423965
121.612762
120.174149
122.013664
Control Period
121.829758
118.783997
122.406525
122.362045
121.968353
120.521599
121.921661
122.155937
Control Period
122.175072
122.024155
122.293411
119.606339
121.843391
122.034462
119.572830
122.412476
122.065247
Control Period
122.349792
122.472160
122.096962
122.346237
119.478752
122.138916
122.520706
122.420609
Control Period
124.293503
123.372002
123.261375
118.835556
124.024162
120.842972
122.912575
122.171005
Control Period
122.154846
122.170212
122.264832
122.343002
123.360794
123.783325
122.272095
122.057343
Control Period
122.542374
119.968643
121.453979
122.472099
122.690338
122.195358
122.321373
121.976097
Control Period
122.872131
122.003876
119.869568
122.413635
120.724640
122.069916
122.114143
Control Period
122.233444
122.457596
122.013504
123.293793
119.676956
124.064285
122.757568
122.185951
Control Period
125.752159
122.112701
126.081467
121.953857
123.063232
123.799591
122.141571
124.095810
Control Period
124.218048
123.033760
121.766556
122.368866
121.915421
122.285599
122.316452
122.177086
Control Period
126.774178
122.307106
122.099716
122.023422
122.154274
122.117691
122.088768
122.230499
Control Period
122.231430
122.176605
122.785309
123.944931
119.948830
122.326080
122.659744
122.272255
Control Period
124.376419
123.993149
119.508125
119.121727
124.036865
124.317947
124.425369
119.082306
Control Period
122.176666
120.420479
124.065437
122.843742
119.559708
123.977341
123.596573
123.008133
Control Period
122.126144
122.350937
122.813629
122.651459
123.842461
123.813828
124.173759
124.165054
Control Period
122.442566
122.412476
122.104324
121.342621
120.232742
122.296227
122.309540
122.276863
119.385468
Control Period
119.974457
122.468582
122.061340
122.240768
119.702118
122.063683
118.602722
Control Period
124.087265
122.274750
122.664993
122.556511
122.300964
122.719849
122.076416
122.604767
Control Period
122.228767
121.925186
122.415970
122.047234
122.102974
121.435898
120.995522
123.791138
120.384476
Control Period
125.436325
117.332993
122.232956
120.527168
121.960129
117.788315
121.885666
121.594009
Control Period
123.794235
119.244217
122.291107
122.275421
119.674271
119.417213
122.314941
122.727806
119.152191
Control Period
122.070656
122.092926
122.219299
119.872162
119.111458
122.229126
122.332993
122.160995
Control Period
122.149277
122.256134
121.893539
120.798813
121.135773
122.392830
122.046333
Control Period
119.383392
123.401917
123.301537
119.241920
122.871429
124.377571
124.472481
119.540634
122.807007
Control Period
122.255676
122.217247
122.155746
121.921890
122.688354
122.118271
122.494209
122.089539
Control Period
123.822556
123.274628
122.402435
122.272415
122.013054
122.754181
123.138977
123.546661
Control Period
125.566750
122.556351
122.207687
119.975815
124.375748
122.336060
122.374908
121.482689
123.239265
Control Period
122.030624
120.287262
122.110046
119.207970
118.194366
122.453308
119.934563
Control Period
123.782242
122.627869
122.712578
123.992188
124.242401
123.362846
122.712067
Control Period
122.446335
122.750595
122.222748
124.122467
121.942398
124.331871
122.061951
127.170715
122.193344
Control Period
123.946213
123.638565
122.167809
124.285919
122.318817
122.526978
122.531067
Control Period
126.094688
122.500259
122.617149
123.502495
123.725822
121.932922
122.420288
123.460831
Control Period
124.700737
122.966049
122.307838
122.237091
122.127357
123.990311
122.678940
124.561440
Control Period
122.371201
123.924484
122.922783
124.035812
124.505539
122.190590
121.978180
Control Period
122.206528
122.253471
124.511429
122.748543
122.278076
122.467262
123.225342
122.086884
122.095581
Control Period
123.796898
122.298019
122.203102
121.935394
122.253471
122.345406
122.368996
123.875587
Control Period
121.623398
122.096512
122.069443
122.168350
122.317215
122.729538
121.805122
123.963966
Control Period
121.980484
122.336761
121.985245
123.431549
122.616516
123.793030
124.150940
122.917084
Control Period
122.136932
122.157089
121.769379
121.943130
122.078201
121.871521
122.211998
Control Period
126.909889
122.498810
122.123291
123.129059
124.467010
122.236389
124.060638
122.701088
Control Period
122.454910
123.190979
124.096039
122.458527
122.520218
122.223488
122.243965
122.698044
Control Period
125.137825
122.308060
121.876068
122.118561
122.239548
122.103905
122.185501
122.353027
122.535004
Control Period
119.585022
122.489410
122.412003
119.064163
122.282715
122.187164
122.322311
119.024002
121.999130
Control Period
122.454048
118.845505
120.673660
122.476128
120.207870
122.093506
122.042656
119.692062
Control Period
119.587326
122.690239
121.859039
122.652832
122.212250
121.929382
122.180992
119.680634
122.220192
Control Period
123.406082
119.672417
117.360901
117.372482
122.018913
122.840164
122.179680
122.680382
Control Period
119.557861
122.412224
117.373154
122.238586
119.309860
122.687653
122.183578
120.309860
122.426758
Control Period
122.687614
118.045670
122.292130
122.362015
119.816452
122.503166
122.176163
120.313057
Control Period
121.943298
122.219170
121.615265
121.378784
122.747742
121.981056
118.369278
121.927109
122.594208
Control Period
122.501022
119.726242
122.222656
120.561150
122.118851
117.772095
122.043365
Control Period
122.111008
122.057793
121.860382
121.972229
121.828323
122.061119
122.680481
122.440865
Control Period
123.722687
122.201729
126.946106
122.017982
123.873405
123.584579
122.333344
122.042786
Control Period
122.117088
122.139198
123.913605
122.813339
122.401184
122.291718
122.288315
124.187866
Control Period
122.133148
121.854980
122.383270
122.328827
122.323616
122.344894
122.653313
122.092255
Control Period
122.071259
122.382462
122.162979
122.417374
122.549728
122.287361
123.623260
121.915329
Control Period
127.285057
121.832832
122.140350
122.273155
122.136864
123.366623
122.996704
Control Period
134.267517
134.236389
134.284119
134.359589
134.342621
134.388397
134.382050
134.227066
134.353882
134.265701
134.291870
134.307968
134.391510
134.327240
134.460236
134.363327
134.270950
134.210754
134.240234
134.408157
134.274872
134.469177
134.222214
134.223541
134.154785
