0.709059
0.715941
0.737022
0.754461
0.76253
0.763846
0.758341
0.757579
0.755825
0.758542
0.767267
0.764742
0.764417
0.764567
0.765656
0.759444
0.755647
0.760647
0.766825
0.768772
0.763784
0.762548
0.763326
0.765548
0.763831
0.760587
0.763436
0.757146
0.75765
0.760935
0.767391
0.76326
0.762003
0.76701
0.761706
0.766843
0.765343
0.765132
0.766937
0.76166
0.757399
0.761131
0.756451
0.762752
0.766446
0.769754
0.76465
0.770848
0.765028
0.769958
0.768218
0.76695
0.758
0.762281
0.766901
0.76938
0.763287
0.760573
0.759336
0.759741
0.762363
0.765401
0.765943
0.762203
0.760775
0.764596
0.772657
0.765689
0.767028
0.764332
0.76766
0.763007
0.770263
0.76028
0.756352
0.766629
0.762033
0.756842
0.759171
0.757807
0.761315
0.763471
0.764016
0.768144
0.766747
0.753766
0.770922
0.770307
0.769121
0.770511
0.769976
0.769579
0.766578
0.766466
0.763223
0.768872
0.76265
0.771974
0.767099
0.765873
0.757318
0.757281
0.760426
0.755884
0.754744
0.758766
0.760261
0.756201
0.763291
0.772036
0.766802
0.764152
0.765164
0.769671
