3942
5972
5952
6184.5
6535
6229
6031
6051
6051
5912.5
6031.5
6322.5
6011.5
5971.5
6051
5912.5
5932
5912.5
6189.5
5972
6169.5
5952.5
6011.5
5952
6051
5972
6130.5
5972
6011.5
6070.5
5991.5
6051
6071
5992
6011.5
5952
6011.5
5912.5
6071
5972
6031
5991.5
6031.5
6130.5
5932.5
5992
6243.5
5774.5
6071
5972
6011.5
6031
6169.5
5932.5
5991.5
5853.5
6070.5
5937
6051
6283.5
6125
5912.5
6243.5
6401.5
5912.5
5972
5991.5
6011
5952.5
6011.5
5952
6011.5
6224
5972
5893
5991.5
6110.5
6090.5
6130
6011.5
5893
5972
6011
6130
5912.5
6204
6091
5932.5
5932.5
5873
6011.5
6091
5952
5952
6051
5853.5
5952
6011
6130.5
5912.5
6071
6105.5
6130
6209
6184.5
6011.5
5972
6105.5
5992
6243.5
