918
918
918
934.229
916.754
898.217
891.237
888.884
891.527
891.347
895.147
893.683
888.518
888.308
889.186
886.024
889.462
890.796
895.647
894.286
888.124
884.684
886.57
886.539
888.405
887.295
886.128
889.891
888.065
888.946
893.983
888.847
889.197
891.033
891.004
888.934
887.504
887.924
885.834
887.433
889.724
890.334
889.081
890.469
893.242
890.332
884.044
885.914
882.616
879.557
885.326
884.641
882.096
888.418
890.943
889.519
885.302
886.212
887.686
892.805
892.805
891.371
892.565
891.995
886.658
885.638
889.535
893.231
885.124
881.591
886.388
887.924
885.178
887.948
887.197
888.863
891.344
894.953
885.94
889.44
895.35
891.594
890.683
892.732
887.708
887.864
889.34
891.547
894.769
888.692
880.947
882.634
882.184
885.703
886.615
882.979
886.547
889.523
886.528
887.936
883.031
885.05
887.936
892.922
896.982
893.646
900.349
896.252
892.292
892.694
893.804
886.875
880.355
884.349
887.404
889.979
886.754
883.944
