57.9117
59.9142
59.9084
61.5225
61.5122
63.0748
62.8787
62.2216
62.4058
62.7428
60.3527
63.6322
61.4398
62.33
62.8133
62.1002
61.8274
60.9699
62.1029
62.6918
61.7513
63.5192
60.7972
63.1438
64.2997
62.2458
64.2187
62.3497
61.8673
64.2797
61.7648
62.1412
61.5168
62.3506
64.698
62.0662
63.2273
60.1111
62.6569
61.9426
62.6447
62.1374
61.9195
61.2392
62.5814
62.5176
63.1822
63.5615
62.3824
62.3271
62.717
63.113
61.9543
62.1968
63.7495
62.841
62.67
62.2117
62.4161
62.1997
61.5941
61.9806
63.089
62.8353
61.2505
62.7484
62.043
63.4452
62.2633
63.4156
62.0479
63.9967
60.3087
61.3674
62.5242
61.4372
60.3858
62.391
62.5551
63.4127
62.1305
63.1129
60.3541
62.1004
61.3398
61.7232
61.371
62.8461
62.723
63.3758
62.9778
62.7035
63.2784
61.9085
62.7128
63.4521
62.9716
62.8848
62.985
62.4858
62.2308
61.3216
61.0705
60.8139
61.7847
62.3223
62.2551
61.6583
63.2954
62.8863
62.8249
62.8564
61.931
61.4242
