0.809145
0.833266
0.83923
0.85311
0.859327
0.858293
0.857961
0.866203
0.860197
0.85713
0.882324
0.850556
0.872393
0.870432
0.855645
0.872966
0.860951
0.8667
0.864767
0.865111
0.879621
0.859294
0.876617
0.85648
0.856105
0.871563
0.845594
0.875579
0.862704
0.849683
0.858797
0.86582
0.867517
0.855694
0.84489
0.866994
0.865917
0.88822
0.856675
0.863187
0.873689
0.869679
0.8614
0.870933
0.869631
0.866696
0.866145
0.868822
0.875984
0.866411
0.874329
0.857784
0.864931
0.862147
0.857201
0.862466
0.863507
0.862903
0.857306
0.859615
0.859667
0.875981
0.858889
0.862419
0.864063
0.872287
0.874823
0.861506
0.864563
0.859979
0.867912
0.855545
0.873864
0.87095
0.854354
0.883088
0.880339
0.853059
0.86256
0.857511
0.854865
0.858008
0.885266
0.861377
0.861089
0.866032
0.864508
0.870521
0.867901
0.865533
0.859336
0.858395
0.863737
0.874701
0.854018
0.853415
0.854983
0.864803
0.865962
0.863579
0.858408
0.8587
0.868913
0.857079
0.857156
0.860115
0.857806
0.8616
0.865375
0.874223
0.865251
0.862765
0.862295
0.87386
