10.9142
11.8802
12.5782
13.2186
14.0109
14.0506
14.2164
14.2163
14.094
14.0833
14.0608
14.1336
14.2187
14.1391
14.1271
14.0547
14.0594
14.0673
14.1272
14.1274
14.1106
14.2245
14.0834
14.111
14.2243
14.0377
14.1207
14.1556
14.0932
14.2348
13.9934
14.0062
14.0514
14.0967
14.18
14.0383
14.0252
14.0201
14.1977
14.0547
13.9657
14.2436
14.1795
14.1073
14.0545
14.149
14.261
14.1231
14.1558
13.934
14.0806
14.0958
14.1377
14.0946
14.0969
14.1722
14.0845
14.0229
14.0513
14.2679
14.0833
14.1216
14.0946
14.2068
14.1394
14.0554
14.2106
14.1393
14.1668
14.1291
14.1292
14.0968
14.098
14.0978
14.1014
14.1411
14.0262
14.2011
14.0111
14.0863
14.1913
14.0831
14.042
14.1741
14.0985
14.1268
14.0884
14.1431
14.0733
14.029
14.1174
14.0721
14.1419
14.1417
14.1684
14.1015
14.1433
91.0243
915.95
913.254
178.978
42.311
45.7666
49.2205
55.2198
56.308
57.6493
59.0613
59.6786
59.6787
59.675
59.6776
59.6764
59.6781
59.679
59.6803
59.6777
59.6778
59.6747
59.6779
59.6783
59.6712
59.6805
59.6743
59.6729
59.6799
59.6773
59.6747
59.6762
59.683
59.6752
59.6818
59.6772
59.6796
59.6801
59.6803
59.6766
59.6803
59.6763
59.6769
59.6815
59.6801
59.6813
59.6783
59.6824
59.6761
59.6741
59.6813
59.6782
59.6782
59.676
59.6803
59.6758
59.6739
59.6778
59.678
59.6767
59.682
59.6744
59.673
59.6745
59.6715
59.6797
59.6737
59.671
59.6756
59.6749
59.6762
59.6712
59.6786
59.6729
59.6745
59.681
59.6734
59.6807
59.6749
59.6739
59.6788
59.676
59.6716
59.6761
59.6723
59.6743
59.6839
59.6799
59.6792
59.6789
59.6792
59.6815
59.6772
59.6788
59.6802
59.6708
59.6784
59.6876
