208.571
238.605
238.829
241.791
254.067
264.568
266.818
267.5
268.106
269.578
271.17
272.711
274.356
275.864
277.25
278.591
279
279
279
279.209
281.109
281.614
282
282.044
282.891
283
283
283.023
283.667
284
284
284.186
284.907
285
285
285
285.891
285.522
286
286.702
284.5
279.565
279.196
279.583
279.617
280
280
280
280
280
280
280.4
280.477
280.93
281
281
281
281
281.022
281.023
281.4
281.455
281.929
282
282
281.739
280.302
280
280.073
280.644
280.622
280.622
280.783
281
281
281
281
281
281.205
281.465
281.548
282
282
282.31
286.348
285.867
285.149
284.587
284.392
284.915
284.413
284.723
285
285
285
285
285
285.106
285.283
289.587
287.023
276.31
275.111
281.548
289.578
295.705
296.977
295.455
293.933
292.5
292
292.067
292.409
292.935
293
292.87
293
293
293
293
293
293
293
293.333
293.152
293.933
293.87
294
294
294
294
294
294
294
294
294
294.426
294.708
295
295
295
295
295
295
295
295
295
295
295
295
295
295
295
295
295
295
295
295.045
295.136
295.413
295.217
295.958
295.644
296
296
296
296
296
296
296
296
296
296
296
296
296
296
296
296
296
296
296
296
296
296
296.152
296
296.149
296.067
296.432
296.936
296.587
296.913
297
297
296.955
