0.709865
0.834202
0.842886
0.848268
0.8493
0.847274
0.849833
0.851048
0.85495
0.847458
0.851057
0.849484
0.84621
0.851889
0.846942
0.856597
0.850117
0.845177
0.849228
0.84969
0.853626
0.847917
0.849291
0.850673
0.854666
0.851787
0.843833
0.851487
0.848805
0.856054
0.848541
0.846694
0.855027
0.848421
0.846274
0.854677
0.850993
0.847096
0.856347
0.84163
0.854013
0.84188
0.850209
0.854114
0.850904
0.84178
0.853615
0.851536
0.851155
0.851936
0.851474
0.847039
0.850445
0.851076
0.850189
0.848367
0.855233
0.845113
0.850949
0.849418
0.84942
0.85215
0.847256
0.851932
0.848337
0.853991
0.848329
0.84778
0.849995
0.850436
0.849696
0.848821
0.850176
0.849616
0.855227
0.8461
0.849158
0.850658
0.853984
0.849235
0.844814
0.849208
0.851834
0.851955
0.848625
0.850754
0.85182
0.845652
0.852315
0.851466
0.848827
0.848463
0.850687
0.852201
0.851117
0.85178
0.845312
0.847864
0.853057
0.857165
0.843571
0.84707
0.851036
0.851491
0.846866
0.853063
0.851709
0.847807
0.854805
0.84391
0.851126
0.852712
0.847733
0.848492
