59.322208
58.588959
58.609055
58.582432
58.617470
58.646496
58.587234
58.599518
58.562622
58.693630
58.619713
58.594017
58.587006
58.595009
58.643074
58.578659
58.620766
58.597794
58.615234
58.659679
58.595520
58.615005
58.621567
58.598015
58.641857
58.605598
58.624161
58.633186
58.622398
58.610752
58.599907
Control Period
56.876190
56.822144
57.019745
56.258049
56.721664
56.367203
55.819904
55.501442
55.943905
Control Period
57.405281
55.984001
55.803905
57.691936
56.697857
55.329887
55.418465
56.140224
55.436607
Control Period
55.351295
55.391361
57.422848
57.407169
57.483330
57.417343
57.460224
57.587776
57.718048
Control Period
56.625534
56.426079
56.248001
56.047455
55.663231
57.472862
55.982273
55.664768
55.393250
Control Period
57.004478
57.061249
56.891998
57.090080
56.993629
57.713890
55.539619
56.356354
57.341118
Control Period
57.036640
57.035297
56.003296
57.553246
57.611008
56.209213
57.502014
56.452129
56.660515
Control Period
56.465698
55.335457
56.778816
57.436707
56.548706
57.282784
55.370079
56.781120
Control Period
57.003231
57.049152
56.064514
56.375778
55.609119
57.594147
57.622528
55.900482
55.510178
56.668896
Control Period
57.497505
56.434048
57.809280
56.502335
57.599426
55.319649
57.316799
56.351871
Control Period
55.712799
57.735039
55.426590
55.288223
57.530174
55.933441
57.480255
56.622272
56.335552
55.296227
55.369087
Control Period
55.498592
57.402237
56.827808
57.344513
55.522625
56.290787
57.733826
55.814781
57.588032
Control Period
58.570465
56.466019
55.383648
57.564095
57.759743
56.144318
55.970016
57.534752
57.430367
Control Period
58.116257
57.273026
55.584190
56.785858
56.899261
56.897118
57.338017
55.378304
55.629089
55.387169
Control Period
57.379837
56.353985
57.419872
56.412704
57.581566
55.478207
57.630783
57.433281
55.420097
56.528706
55.351871
Control Period
57.346748
55.510910
56.479294
56.359680
57.119488
57.240067
56.875778
56.635105
Control Period
56.441727
55.528736
57.554977
56.529152
57.540382
56.523331
57.817600
55.780350
55.789597
Control Period
56.718945
57.362526
55.324863
56.698624
57.230370
57.310303
57.144833
57.013794
57.153088
Control Period
56.842979
56.595936
57.370750
57.287903
55.376541
55.362946
56.840126
56.003166
57.674461
Control Period
57.420704
57.519295
57.339905
57.318687
56.807232
56.403744
55.743713
55.355713
Control Period
55.409248
55.497856
56.269184
56.158211
57.528736
56.056190
56.582657
55.367489
55.384895
Control Period
55.321022
55.437439
55.366112
56.728416
57.145660
57.475357
57.461056
55.768929
56.380707
Control Period
56.358368
57.176414
57.114304
57.026497
56.396767
56.916862
55.768417
55.595455
55.717857
Control Period
57.457314
56.434784
57.641632
55.373886
56.324352
57.552414
56.498081
57.571297
55.839329
56.263939
Control Period
56.464127
57.971939
56.874847
57.524513
56.524094
57.609375
56.545311
57.468163
56.786049
Control Period
57.480286
57.692062
55.975937
56.190975
56.011139
56.216034
57.684158
57.638466
55.381538
57.499935
Control Period
56.004318
57.498302
57.428993
55.391872
56.265121
56.864895
56.470112
Control Period
56.059456
56.290817
56.208385
56.483330
56.472862
57.235104
57.434559
57.374527
57.578079
Control Period
56.446594
57.010590
57.485344
57.403458
55.319359
55.543488
55.792896
56.243263
56.754688
56.998398
Control Period
57.411648
55.937469
57.595901
55.858177
55.655872
57.613537
55.961411
56.429634
57.569183
Control Period
57.412125
56.007553
56.101536
56.742943
57.127937
56.323456
57.322433
56.415901
55.807838
Control Period
56.554111
56.275810
57.485439
56.342144
57.629089
56.377567
57.650398
56.558685
Control Period
58.787903
57.609856
55.320736
56.825600
55.849953
57.247650
56.800831
56.715073
55.395744
57.477665
Control Period
56.552383
56.854431
57.097855
56.679138
56.887711
57.030685
57.241695
56.593086
57.559200
Control Period
57.591393
56.325981
56.452034
57.487103
57.662849
56.333153
57.338562
57.589119
57.451553
Control Period
56.942463
57.030849
55.412285
56.540287
55.376610
56.194977
55.853535
56.349342
55.715969
Control Period
56.567520
55.323967
57.411072
56.840706
57.392673
56.513405
57.559937
56.557854
55.586594
Control Period
56.652321
56.219872
55.936928
57.552288
56.678879
57.318398
57.537277
56.531616
57.432480
56.368286
Control Period
55.965088
56.167233
57.555489
55.821407
55.895329
57.559040
56.168129
55.619102
57.482941
Control Period
56.898304
57.116959
57.026947
55.964447
57.435326
55.296513
56.769375
57.568672
56.426109
56.250656
Control Period
57.602402
55.869667
55.672127
56.339554
55.673569
57.522335
55.435680
57.639778
55.378113
Control Period
57.519135
57.243233
57.001022
57.475361
56.608128
57.283234
56.812992
57.221443
57.327362
Control Period
58.108032
56.481827
57.414433
56.439232
57.574402
55.540382
57.134590
57.460735
56.802147
Control Period
57.697697
57.569855
57.063713
55.333218
57.303104
56.255840
56.937950
57.334240
55.576256
56.417442
Control Period
57.530239
56.541534
56.529152
57.357986
57.676865
57.602367
56.279549
56.227966
57.622818
55.355682
Control Period
57.199135
56.794594
57.159264
56.641182
57.501984
57.667038
56.487167
57.388481
Control Period
56.965088
55.393951
57.453568
57.530914
57.534943
56.504478
57.446205
57.481537
57.722275
Control Period
55.660446
55.667679
55.965919
55.833374
55.475075
55.486305
55.712158
57.514236
57.550179
Control Period
55.408989
57.597218
55.392670
56.668385
57.018562
57.120064
55.353218
57.039455
57.431107
Control Period
57.620354
55.422302
57.445152
55.355457
57.570496
55.470978
57.401314
55.419746
57.390335
Control Period
57.467682
56.884415
56.611839
57.459778
55.592415
56.658913
57.715168
55.368961
56.955391
Control Period
58.763069
56.717472
55.448639
57.172256
56.627968
55.355232
57.297821
56.859905
56.981983
Control Period
57.278175
56.697376
55.346146
57.173153
57.288448
56.885536
55.350304
55.428928
57.552734
Control Period
58.760513
56.438721
55.681374
57.232704
57.394592
55.327454
57.196289
57.652416
56.662975
55.325981
Control Period
57.365250
55.360573
56.541889
56.790787
57.162144
57.619041
57.357086
57.411488
57.184959
Control Period
56.478336
56.523361
56.872353
57.350334
57.634304
57.408928
55.455902
55.302269
55.847939
Control Period
57.557377
55.375008
55.323906
56.146019
56.596512
55.351360
55.453888
55.379936
56.039391
55.326752
Control Period
56.655998
56.245472
55.454338
57.425728
56.401054
57.121666
57.224735
56.800831
57.366402
Control Period
56.672352
56.419487
57.897217
57.472961
56.448318
57.270847
57.588226
56.929951
56.983551
Control Period
58.633026
55.680992
57.634785
55.573345
57.552544
56.782974
57.518494
56.488480
57.479134
Control Period
56.633152
56.383232
57.603966
57.546211
56.301186
55.640099
55.372864
57.403008
56.604641
Control Period
55.373566
56.851967
56.032707
55.605633
55.460129
55.347198
57.425407
56.623650
55.369537
Control Period
56.955772
57.177441
55.359840
57.366497
56.821533
55.401119
57.495808
56.472191
56.569057
Control Period
58.271198
57.461311
56.590782
55.460541
57.549473
56.111839
55.409630
57.552223
56.776192
Control Period
56.936127
56.866688
56.477219
56.490623
56.412994
55.964287
55.829918
55.310081
55.411102
Control Period
55.334717
55.325699
57.131584
56.340000
55.681664
55.467934
57.366112
57.707329
Control Period
57.540482
55.424576
55.340256
55.332893
55.352192
55.623840
55.348381
55.371071
55.666306
55.521187
Control Period
56.389603
55.656704
57.620544
57.553406
56.615967
55.477184
57.361053
57.441601
Control Period
57.046173
57.266785
56.943489
56.637825
55.350494
57.073021
55.732193
56.175682
57.683357
57.633087
Control Period
56.194275
57.684990
57.869858
56.014877
55.972961
55.759136
57.463905
Control Period
58.157631
55.404610
55.408546
56.314301
56.274338
55.888863
55.307777
55.458271
55.475231
Control Period
56.495583
58.358788
57.459488
56.257629
56.149216
55.339775
56.247871
55.918495
55.317375
Control Period
57.239998
57.550591
55.513344
56.178913
57.438210
55.455360
57.437889
57.162079
56.914818
55.494400
Control Period
57.016384
55.314590
55.365921
55.563042
57.271805
55.492386
57.857983
Control Period
56.437119
55.334755
56.148834
56.256065
55.341248
55.405602
57.142563
55.389442
56.085983
Control Period
57.883362
56.636223
56.671040
56.664639
57.500160
57.779106
57.664642
55.886433
55.804672
Control Period
57.775970
55.384415
55.390240
55.364544
55.860481
56.423744
56.689758
55.384415
55.333443
55.361534
Control Period
57.023262
56.567329
55.539810
56.964577
55.310402
57.430752
57.568703
56.573570
57.340675
Control Period
57.448864
55.367294
56.498848
56.720062
56.744576
57.585693
57.427967
57.481537
55.843391
Control Period
57.555199
55.485950
56.766048
57.329887
56.735779
57.492226
57.661663
55.371010
Control Period
55.377151
55.701248
57.419266
56.692608
55.953377
57.506882
56.440575
55.408447
57.709953
Control Period
56.834114
56.401695
55.884834
55.341148
55.334206
55.406879
55.327328
55.589920
55.921600
Control Period
57.500927
57.604706
57.204514
57.513374
57.197983
57.177597
57.448544
57.614365
57.735268
Control Period
56.450562
55.806816
55.626144
55.347198
55.451843
56.490849
56.664574
56.387680
56.432064
55.873825
Control Period
56.366722
57.532257
57.696033
57.240829
56.627201
57.138977
55.318398
56.466850
Control Period
56.455009
56.185886
56.245857
56.552959
56.245506
56.333794
56.250046
56.165154
56.803101
Control Period
56.819778
56.886944
57.399651
55.368095
55.356735
57.017693
57.102657
55.638527
55.374207
57.365150
Control Period
56.503998
57.645378
56.509186
56.773888
57.225250
55.335712
56.540611
57.566750
Control Period
56.544510
57.619553
56.415295
57.464417
55.898048
56.594624
57.329185
55.389313
56.521343
Control Period
56.534176
56.772480
57.064510
57.043777
55.328064
56.745537
57.233826
56.661823
56.468288
Control Period
57.411583
57.193024
57.225281
56.138237
56.056450
55.980320
57.059425
57.114754
56.287552
Control Period
56.801888
56.940544
57.166782
56.869858
57.203423
57.237377
56.920769
56.994942
55.397949
Control Period
55.505344
56.581665
57.553696
56.020355
56.395393
57.858177
57.692352
56.612000
56.095039
Control Period
57.573631
55.684258
56.329185
56.369858
56.416000
56.399456
56.511871
57.016735
Control Period
55.379105
55.374718
55.374146
55.372993
55.406559
55.931007
55.821442
56.120415
56.210079
Control Period
56.418560
56.212448
56.454338
57.347137
55.332512
55.339073
57.487968
55.368927
55.368000
Control Period
55.333473
55.850815
56.796032
56.980515
57.315361
56.605507
56.530594
56.197121
56.429790
Control Period
56.480320
56.743423
56.844608
57.097054
56.902752
57.325951
57.536606
57.482624
57.468224
55.438591
Control Period
57.454048
55.496479
56.312256
57.646687
55.642273
56.479935
56.728096
55.339169
57.541313
56.816063
Control Period
57.530495
55.515869
57.477890
55.343071
57.467968
55.628479
57.681953
55.315331
Control Period
57.203201
56.603264
57.548096
56.487038
57.560993
57.376480
57.235584
56.839134
56.004799
55.654144
Control Period
56.490528
56.897026
57.482208
56.793762
56.853249
55.321503
55.325981
57.329987
57.388863
Control Period
56.184704
57.518173
55.385952
56.696129
57.035614
57.069183
55.353249
56.632385
Control Period
57.024002
57.167778
55.937630
56.993984
55.346977
57.775299
56.036766
56.662338
57.879967
57.493824
Control Period
55.422691
57.535297
56.777473
56.361217
57.660126
56.177826
56.468254
57.521568
55.594849
Control Period
56.404770
56.617699
57.354687
56.804863
57.054558
56.756798
57.509186
56.810368
55.644192
56.298592
Control Period
56.488865
57.695999
55.307232
57.026848
56.973053
56.550014
57.590782
56.897408
Control Period
57.451965
56.632576
57.450336
57.238945
56.658592
56.111744
56.840836
55.319138
57.535233
56.795906
Control Period
55.331936
57.548447
57.421600
55.343937
57.560318
57.053696
55.342369
57.454338
56.620514
Control Period
56.534302
57.573410
56.825089
56.769218
56.622047
57.467617
57.551582
56.381088
55.821247
57.557213
Control Period
55.801758
55.862206
57.399582
57.532066
57.739906
55.599358
55.372097
56.474014
Control Period
57.427391
57.571712
55.361282
55.355644
57.161568
56.735199
56.505600
56.787392
56.465858
Control Period
57.543938
57.535233
57.379395
56.775360
56.950142
55.943359
56.154209
57.583744
57.360352
57.147362
Control Period
55.352608
57.145630
56.195198
56.342850
57.576447
56.342495
55.247490
Control Period
58.470016
58.467072
58.448383
58.450943
58.472832
58.477821
58.459427
58.490974
58.480415
58.476288
58.477409
58.460350
58.484924
58.489281
58.484768
58.504738
59.852543
59.597694
