815.696
-84.1113
-201.629
-145.222
-28.0371
-11.2144
-22.3706
40.3706
-59.3335
-12.1152
27.5928
9.07422
-45.9629
46.2222
-45.7778
22
15.6294
74.5
50.2964
-58.9258
-74.6787
-68.0742
10.4072
97.7407
-57.8149
-78.9258
35.9287
-13.269
90.1787
16.2593
-34.4814
-26.1152
4.25
47.6294
-54.2222
-65.1113
-47.0356
106.852
28.4072
5.03711
-4.96289
104.296
49.7856
-210.148
-9.29639
-7.92871
-6
-31.4814
-0.962891
43.2964
39.7856
-20.5928
19.3569
33.8149
111.963
-131.074
26.9629
26.4644
-22
-31.9258
21.8149
3.85693
-64.4443
113.111
-8.75
-154.889
39.6294
36.6431
-54.5186
-20.4814
69.6431
38.2222
23.8887
-28.1479
-16.9287
-111.889
102.857
42.5928
-82.5928
61.9644
-39.5186
17.1152
21
71.8569
-127.926
-18.1113
35
53.1113
-48.9629
42.1479
-76.4443
-27.5557
35.8569
33.4072
-15.7856
47.2964
-56.4443
74.7407
-111.037
-26.8149
59.7778
64.75
-13
-34.5928
27.1431
162.444
6.88867
-60.7036
-126.556
-45.1069
37.4814
151.556
-11.5557
27.8237
