113.413
114.241
112.864
114.298
113.496
115.592
114.445
116.62
116.458
115.551
115.016
115.513
117.132
115.461
115.873
115.984
115.144
115.295
116.386
115.296
116.832
114.534
115.679
115.636
113.485
114.856
116.43
115.601
115.595
115.553
115.572
115.421
115.971
115.208
115.014
115.726
116.061
115.815
116.368
115.495
115.328
115.552
115.01
114.011
115.577
115.825
115.97
116.47
116.363
116.16
116.385
115.582
115.702
114.896
115.464
114.885
115.433
115.445
114.552
115.147
116.25
115.177
114.261
116.379
114.702
113.989
116.729
115.261
116.766
115.709
116.307
115.604
115.28
114.673
116.065
114.93
115.923
116.106
115.643
116.784
115.195
116.092
115.755
115.963
113.56
116.226
116.217
116.12
115.194
115.59
114.949
115.611
116.727
115.497
115.797
115.679
116.14
115.776
115.885
116.395
117.34
116.277
115.016
115.472
115.928
116.279
114.552
114.494
114.367
115.211
116.555
116.157
115.415
116.413
