60.073215
59.911613
59.880257
59.895683
59.872833
59.894623
59.906399
59.887650
59.906914
59.878914
59.869438
59.873631
59.923008
59.892418
59.875744
59.886784
59.909058
59.889248
59.876385
59.869759
59.923424
59.870464
59.897503
59.875072
59.887741
59.883743
59.889408
59.896675
59.915810
Control Period
59.865826
56.123745
55.013248
55.040768
55.250015
55.868286
57.138947
57.069824
57.670723
Control Period
59.712990
55.907585
55.850368
55.045856
59.599358
56.920063
57.833408
55.288643
57.485504
Control Period
59.903229
55.739967
59.897503
59.892990
55.820190
59.891106
55.921089
59.275360
Control Period
59.883553
59.893539
59.881790
57.848160
59.899040
59.888931
58.797791
59.922081
Control Period
59.917728
59.896545
57.353569
55.121952
59.888641
59.229824
57.034622
55.019936
55.380287
Control Period
59.900703
59.913406
59.892578
59.872383
59.864319
59.895615
59.881855
58.487232
Control Period
56.698593
57.582432
59.882401
59.891266
59.266273
57.259331
55.530434
59.907967
Control Period
59.894592
57.714561
55.625984
57.335903
59.885056
59.959904
59.882015
59.848610
Control Period
59.863518
58.684799
57.254814
59.889885
59.875488
59.899651
59.894562
55.028481
55.544189
Control Period
59.866367
59.882656
59.720833
55.350208
59.881630
55.050850
59.872864
59.868637
59.886784
Control Period
59.906174
59.296066
57.940033
57.400253
59.887680
59.878334
59.910816
59.853855
59.918976
Control Period
58.754528
59.891552
59.914593
59.904064
59.892830
59.899712
59.908195
Control Period
59.886177
59.902145
59.918175
59.879456
56.065567
59.909569
56.311039
58.588257
Control Period
59.908577
56.975075
58.280991
56.757629
55.693214
56.328865
59.914719
59.909088
59.896576
59.908001
Control Period
59.889954
59.633759
56.039299
59.881184
59.892639
59.876961
56.375198
59.895199
Control Period
59.894623
59.891777
59.915390
59.907166
59.929951
59.117279
56.331299
59.915459
59.946880
Control Period
59.890144
57.926689
59.889694
59.933121
59.899487
59.917053
54.865631
57.654526
Control Period
59.897278
58.660095
56.740608
55.165344
55.951809
58.313023
55.755775
55.016670
Control Period
57.467041
55.578369
59.553535
59.931938
59.900833
59.896996
56.501087
54.765888
Control Period
59.884834
55.389153
57.494530
59.764320
57.539520
59.465473
59.895073
59.897408
59.919136
Control Period
59.896481
57.704609
57.090656
58.391266
59.911522
59.882431
59.905792
59.924095
59.904350
Control Period
59.907005
59.910721
59.910336
59.275902
59.915104
58.455070
59.851646
59.890976
59.916962
Control Period
59.892258
59.895039
55.635712
59.918304
59.915359
58.285728
59.918465
59.900864
Control Period
59.877281
59.914177
59.937504
59.911488
59.909088
59.879070
59.920033
59.897537
59.910049
Control Period
58.714462
59.905441
59.881119
59.899933
59.900639
59.895325
59.889793
59.874466
58.166431
Control Period
59.902081
59.907040
59.896797
59.909790
59.926849
56.228706
59.886017
59.922653
59.885597
Control Period
59.891838
59.914818
58.677887
60.062336
59.914558
59.898624
57.246849
59.915745
Control Period
59.907516
55.999939
59.913887
59.909729
59.915970
58.005760
59.909470
60.037056
Control Period
59.886753
59.893120
59.922527
59.893921
59.482048
56.078880
57.555679
59.900734
Control Period
59.900448
57.924927
55.659359
59.955170
59.111614
55.637566
55.657024
59.884544
59.882080
Control Period
57.014275
58.567810
59.917442
59.879425
59.899841
59.889473
59.678017
55.374336
Control Period
59.915810
59.932384
55.631714
59.554367
59.908192
59.898048
59.915459
59.251167
Control Period
59.901375
59.925949
57.798851
59.918877
59.895294
59.900925
54.833282
59.894051
59.913918
59.906113
Control Period
59.910816
59.902367
59.909920
59.884483
59.554146
57.582497
59.931904
59.865631
59.325920
Control Period
59.866913
56.522430
59.876991
59.912735
59.900192
58.018658
59.887871
59.924706
57.939808
Control Period
59.899136
59.925728
59.905602
59.896320
55.526081
59.881664
59.918526
59.924671
Control Period
59.906368
59.918560
59.905472
59.909504
59.928253
59.926785
59.903839
59.562401
59.922176
59.920864
Control Period
59.894302
57.153728
59.042145
59.912033
59.903870
59.932735
59.932861
56.382816
59.921185
Control Period
59.901760
57.930912
59.911522
59.917217
59.917824
59.915455
55.146141
59.900383
59.915329
Control Period
59.885151
59.909088
55.740898
58.294399
59.918209
59.901825
59.904770
59.886688
Control Period
56.151390
59.899200
59.907265
59.896675
59.900482
59.925056
59.909889
59.895454
54.978081
Control Period
59.928291
58.014015
56.217247
54.881889
57.229309
58.701538
59.909119
Control Period
59.928448
59.897728
55.456608
55.726654
59.912354
59.908958
59.890877
55.201759
59.921822
59.918369
Control Period
59.913025
59.887360
59.901505
58.062016
59.909248
59.910721
59.914238
59.926910
59.898689
Control Period
59.899872
59.584129
59.884674
55.120289
59.899361
59.925758
Control Period
59.923103
54.610912
59.906494
59.898335
58.925056
54.970047
59.915680
59.903358
Control Period
59.904896
59.927422
56.401726
56.372322
59.891296
59.350559
59.915138
Control Period
59.914398
59.898018
59.373825
59.921471
58.757889
59.919235
59.913216
59.899967
59.922592
Control Period
59.912323
59.958046
59.893730
59.913246
59.907360
59.915104
59.900097
59.923168
59.917984
59.924160
Control Period
59.914143
55.173279
59.906624
60.192894
55.147232
59.919746
59.902687
59.913315
Control Period
59.915298
59.901794
55.180225
59.900253
59.899651
59.912319
55.240032
59.876060
Control Period
59.915585
59.928448
59.914177
58.812637
59.919106
59.933250
59.127041
59.912094
59.933567
Control Period
59.910110
56.163551
59.905121
59.925438
59.928417
59.898018
59.953918
59.914429
59.944031
Control Period
59.886497
59.896706
59.869087
59.889023
59.905922
59.910049
59.958786
59.940063
59.937279
Control Period
59.271584
59.922562
59.928963
58.849407
56.309631
55.247231
59.927872
59.919937
Control Period
59.934784
59.956703
59.909218
59.918083
58.008354
57.188446
59.915455
59.895615
59.899647
Control Period
59.892544
59.931904
59.888062
59.923874
57.052994
54.951103
59.825729
59.930367
59.949375
Control Period
59.997536
55.145985
56.034851
58.388451
59.914238
59.926720
59.920128
59.927361
59.912289
Control Period
59.904095
59.077953
57.774849
57.782143
59.902145
59.888062
59.880318
59.891296
59.892864
Control Period
59.935360
59.886658
57.712669
57.742271
59.910690
59.915329
59.924126
55.391647
Control Period
59.892830
59.891041
59.897152
59.903008
54.967072
59.885666
59.902786
Control Period
59.900803
59.907200
59.911774
59.910110
59.989761
59.928288
59.904224
59.894402
57.539169
57.969757
Control Period
59.908928
59.945953
57.655136
59.894783
59.927742
59.918877
55.078815
59.954430
59.933762
Control Period
59.934273
59.959328
58.006592
59.976418
59.917282
59.922142
59.942944
59.922688
59.906174
59.910530
Control Period
59.917984
58.008865
59.902336
59.915230
59.905342
59.876289
59.543297
56.747551
Control Period
54.849983
59.050430
59.928482
59.893181
56.596703
59.906593
56.180611
59.900543
Control Period
59.876831
59.758430
59.904800
59.875198
58.554977
59.888672
59.906528
56.351746
Control Period
59.901505
59.912674
59.900002
59.915649
55.286339
59.908287
59.910336
59.910271
Control Period
59.887615
59.921822
58.947517
59.932671
59.903297
55.186722
59.917374
59.915298
59.899681
Control Period
59.890591
59.897629
59.901726
59.923138
59.906975
59.919456
59.912254
59.954239
59.899841
Control Period
59.887939
59.919136
57.354816
59.916481
59.910370
58.937023
59.911934
59.098656
Control Period
59.930626
59.903168
59.928543
56.314621
58.569889
59.887711
59.894592
59.890465
Control Period
58.299042
57.089600
59.842400
59.892159
59.902527
59.883583
59.914017
59.892509
59.896255
Control Period
59.887295
59.914623
56.598015
59.875969
59.932129
59.923325
59.930656
59.912224
Control Period
59.918144
58.236320
59.910912
59.876350
59.885151
56.873245
57.969215
59.900288
59.907745
Control Period
59.925247
59.908672
59.927616
59.916061
59.922653
59.924000
59.908066
59.913280
Control Period
59.929760
56.245537
59.928928
59.887070
59.904545
55.363007
59.910271
59.898815
59.918175
Control Period
59.894176
57.472191
55.438271
59.424866
59.905212
59.890240
59.911392
59.901184
59.603840
Control Period
59.903103
55.687485
59.937698
59.902527
56.347939
59.932739
59.894012
55.689598
Control Period
59.894302
55.385056
59.570015
59.917374
59.911171
59.762558
57.380318
59.902336
59.901024
Control Period
59.903427
57.013569
59.891968
59.895840
59.914398
58.771103
59.926498
59.904385
Control Period
57.792000
59.903427
59.877602
59.794334
58.401760
59.903069
59.897568
59.905983
58.151649
Control Period
59.906624
55.489441
55.159393
59.898430
59.897217
59.923359
59.295425
56.842430
58.455521
Control Period
59.673504
59.924797
59.922016
59.916000
59.894142
59.926239
59.925953
59.927071
Control Period
59.922752
59.932350
59.920448
57.629215
59.937218
59.909184
57.750305
58.342144
Control Period
59.919678
59.913536
59.932034
59.920158
59.905697
55.318146
59.933311
59.920830
59.440094
Control Period
56.803936
59.893951
59.894371
55.879326
59.917534
59.910145
59.902527
Control Period
59.924767
56.901985
59.909889
59.934814
59.898560
59.915104
57.470016
57.449089
55.679649
Control Period
59.912094
59.922592
55.743168
59.900703
59.917728
59.946205
58.975552
56.233761
59.884926
Control Period
60.008064
59.899651
59.909538
59.899361
59.891617
55.146751
59.915009
59.873695
Control Period
59.907135
59.902592
59.915329
58.208862
59.906399
59.872993
55.101120
59.901089
59.917091
Control Period
59.918400
56.220894
59.900734
56.783234
59.907455
59.892960
59.904510
59.895519
Control Period
59.860802
59.909790
59.903549
55.339134
59.912224
59.903969
56.126755
59.896511
59.913311
Control Period
59.890400
57.121887
59.905216
59.919807
59.892448
59.886978
59.897152
55.476353
Control Period
59.923103
59.226723
58.390045
59.891998
59.911522
59.952831
58.278305
59.916862
59.874237
Control Period
59.902786
55.536575
59.940063
55.318462
59.170879
59.907711
59.920158
59.914593
59.541885
Control Period
56.880257
59.935871
59.920639
59.928894
57.632355
59.911423
59.931168
55.379997
Control Period
59.935329
59.927422
59.895008
59.914017
59.886238
58.807137
59.929825
55.208771
Control Period
59.906563
58.997856
59.917728
55.317696
59.887970
59.738720
59.895679
59.900452
Control Period
59.916641
59.918785
57.935455
59.911934
57.807392
59.914528
56.723518
59.893410
55.712513
Control Period
59.908638
59.282593
59.930176
59.953506
59.939873
55.511581
59.925438
59.889568
55.794079
Control Period
59.885281
58.897598
59.918625
59.931839
59.892578
58.520546
56.854462
59.934685
Control Period
59.914879
58.007263
59.901535
59.909920
59.921471
57.280735
57.952446
59.892513
59.923615
Control Period
59.910210
54.940765
59.884384
59.908672
57.873886
59.926208
59.916542
59.901279
55.165886
Control Period
57.441536
57.480095
58.153214
56.846626
58.243649
59.931873
59.900131
59.904224
Control Period
59.891457
59.883007
59.909599
57.622753
56.313698
58.704094
59.906879
54.990753
Control Period
56.738144
55.051170
59.890846
59.892288
59.880608
55.331329
54.289345
59.904545
59.889217
Control Period
59.879295
58.253181
55.267517
59.893410
59.904701
59.889122
59.885757
59.891872
59.893631
Control Period
59.894592
56.995392
59.895008
59.882977
59.548035
59.662785
59.900257
59.902847
Control Period
59.911102
59.863937
59.889473
55.982368
59.874527
59.893215
57.871136
55.179199
Control Period
59.874271
59.735840
59.578274
59.894207
59.894497
56.955681
59.911392
56.011070
Control Period
59.885887
58.109474
55.941216
56.290913
57.714691
59.325630
59.888702
59.896481
Control Period
59.865791
55.311840
55.993309
57.917374
59.868511
59.866432
59.865536
59.871265
59.887901
59.869312
Control Period
59.874687
59.876961
59.890144
59.874207
59.866623
59.861153
59.870911
59.844383
59.871456
59.872383
59.866241
59.867645
59.863392
59.847137
59.874947
59.866337
59.867043
59.848579
59.883488
59.874016
59.880863
59.872833
59.871040
59.865921
59.852226
59.881470
59.864353
59.889759
59.845535
