0.723675
0.76641
0.776067
0.784408
0.790776
0.796103
0.800404
0.803635
0.806401
0.808251
0.809704
0.811045
0.811665
0.8123
0.812667
0.812701
0.813186
0.812824
0.8128
0.81248
0.812257
0.812078
0.811844
0.811624
0.811461
0.81132
0.811044
0.810555
0.810457
0.810066
0.809597
0.809317
0.809311
0.808841
0.808548
0.808527
0.808298
0.807895
0.807786
0.807501
0.807372
0.807159
0.806814
0.806854
0.806498
0.806245
0.806033
0.805982
0.805864
0.805613
0.805522
0.805491
0.805271
0.804901
0.805005
0.804927
0.804769
0.8047
0.80456
0.80433
0.804113
0.803607
0.803791
0.803708
0.803456
0.803515
0.803413
0.803453
0.803207
0.803009
0.802996
0.803019
0.802797
0.802797
0.802976
0.802699
0.802579
0.802628
0.802433
0.802399
0.802366
0.802209
0.802106
0.802158
0.802152
0.801874
0.801895
0.802013
0.801901
0.801975
0.801939
0.801796
0.801882
0.801386
0.801552
0.801445
0.801292
0.801365
0.801364
0.801259
0.801082
0.801155
0.801141
0.801281
0.801149
0.801214
0.801302
0.801306
0.801164
0.801109
0.801173
0.800943
0.800876
0.801073
0.801131
0
