3847.5
5912.5
5952
6164.5
6164.5
6248.5
6170
5991.5
5932
6031.5
5952
5952.5
5853
6224
6071
6031
5932.5
5991.5
5991.5
5932
5991.5
5892.5
6322.5
5991.5
6011.5
5991.5
6130
6011.5
6031
6243.5
5992
5932
5971.5
6031.5
5991.5
6263.5
5932.5
5912.5
6090.5
6031
6090.5
6011.5
5952
6011
6051
5892.5
6090.5
5952
6416.5
5971.5
6303
5892.5
5892.5
5991.5
6070.5
6416.5
5952
5992
5912.5
6110.5
6170
5853.5
6071
6144.5
5892.5
6051
6070.5
6031
6031.5
5991.5
5912.5
6031
6011.5
6090.5
5912.5
6031.5
5932.5
6051
6105.5
6070.5
6071
5952
5992
5932
6090.5
6031.5
6282.5
6031.5
6031.5
6243.5
6070.5
5991.5
6263.5
5873
5972
6362.5
5952
5952.5
6011.5
5991.5
6031
6105
5912.5
5952
6110.5
5952
6051
5932.5
5992
6071
