3847.5
5853.5
5971.5
5952
5932.5
5912.5
5912.5
6011.5
6011
5952
5912.5
5912.5
5972
5991.5
5932
5932.5
6051
5912.5
5912.5
6011
5972
5992
5912.5
6051
5833.5
5992
5952.5
5794
6150
5992
5952
5972
5952.5
6051
5972
5991.5
5991.5
5913
5932.5
5813.5
6031
5992
5992
5992
5992
5992
5774.5
5932.5
5932.5
5952.5
6085.5
5932.5
6031
5992
5972
5972
5991.5
6011.5
6051
5991.5
5932.5
5971.5
5952
5972
5952
5952
6051
5972
6278
5892.5
5991.5
5991.5
5971.5
5972
5932
5952
5932.5
5991.5
6031.5
5813.5
6051
5952
5893
6071
5972
5813.5
6150
5912.5
6170
5952
5952
5952.5
5932.5
6011.5
5992
5972
5991.5
5972
5972
5972
5992
5992
5952
5952.5
6065.5
6125
5972
5972
6150
5913
