80
80.3277
81.1526
81.8374
82.4108
82.8914
83.2986
83.6408
83.9318
84.1767
84.3851
84.5631
84.715
84.8408
84.9466
85.0369
85.114
85.1846
85.2443
85.2929
85.3351
85.3704
85.4029
85.4324
85.4549
85.4741
85.491
85.5054
85.5186
85.5256
85.5327
85.5457
85.5543
85.5619
85.5704
85.5751
85.576
85.581
85.5841
85.5904
85.5969
85.6036
85.6099
85.6118
85.6142
85.6198
85.6268
85.6286
85.6291
85.6286
85.6298
85.6301
85.6292
85.6321
85.6302
85.6319
85.6327
85.6332
85.6353
85.6382
85.6401
85.6439
85.6471
85.6465
85.6464
85.6455
85.644
85.6434
85.6413
85.6357
85.6342
85.6351
85.6334
85.6312
85.6288
85.624
85.6206
85.6191
85.6161
85.6173
85.6195
85.6178
85.6196
85.6194
85.6213
85.6209
85.6204
85.6205
85.6213
85.6213
85.6209
85.6176
85.621
85.6212
85.6199
85.6164
85.6134
85.6114
85.6108
85.6109
85.6141
85.6133
85.6098
85.6074
85.6067
85.6081
85.6098
85.6138
85.612
85.6093
85.6118
85.6096
85.6082
85.6067
85.605
85.6046
