0.709729
0.731929
0.728361
0.725505
0.72301
0.721114
0.719251
0.717855
0.716474
0.715528
0.714484
0.713592
0.712747
0.711978
0.711495
0.710995
0.710686
0.710261
0.709719
0.709451
0.709127
0.708942
0.708748
0.708292
0.708073
0.707918
0.707676
0.707471
0.70719
0.706986
0.707073
0.706879
0.706726
0.706614
0.706333
0.706052
0.706024
0.705979
0.705979
0.705858
0.705725
0.705646
0.70547
0.705329
0.705326
0.705341
0.704985
0.704829
0.704719
0.704686
0.704645
0.704523
0.70448
0.704209
0.704248
0.704134
0.704035
0.704039
0.704035
0.704013
0.70387
0.703833
0.703682
0.703553
0.703457
0.703318
0.703263
0.703242
0.703026
0.703105
0.70302
0.702966
0.702857
0.702805
0.702662
0.702577
0.702689
0.702535
0.702618
0.70257
0.702488
0.702562
0.702637
0.702431
0.702384
0.702266
0.702274
0.702251
0.70225
0.702133
0.701998
0.702228
0.702023
0.701959
0.701785
0.701784
0.701771
0.701796
0.701782
0.701855
0.701712
0.701544
0.701542
0.701606
0.701621
0.701663
0.701663
0.701496
0.701469
0.701395
0.701232
0.701265
0.701303
0.70129
0.701294
0
