80
80.2722
81.0345
81.6586
82.174
82.5997
82.9536
83.2449
83.4864
83.6835
83.8457
83.9794
84.0881
84.1725
84.2387
84.2898
84.3295
84.3637
84.3883
84.4038
84.4141
84.4187
84.4202
84.4201
84.4139
84.405
84.3955
84.3843
84.3734
84.3565
84.3409
84.3309
84.3183
84.3055
84.2936
84.2786
84.2602
84.2472
84.2324
84.2215
84.2113
84.2017
84.192
84.1786
84.1665
84.1574
84.1509
84.1394
84.127
84.114
84.1027
84.0911
84.0793
84.0708
84.0588
84.0498
84.04
84.0315
84.0243
84.0178
84.0104
84.0053
84.0003
83.9918
83.9839
83.9754
83.967
83.9592
83.9497
83.9374
83.9293
83.9253
83.9184
83.9103
83.9032
83.8936
83.8859
83.8804
83.8725
83.8701
83.8674
83.8612
83.8584
83.854
83.8521
83.8477
83.8437
83.8406
83.8382
83.8352
83.8321
83.8259
83.8263
83.8236
83.8193
83.8133
83.8074
83.8024
83.7997
83.7976
83.7987
83.7957
83.7904
83.7859
83.7832
83.7832
83.7826
83.7853
83.7816
83.777
83.777
83.7732
83.7712
83.7688
83.7651
0
