113.557
117.313
117.302
117.311
117.305
117.333
117.319
117.338
117.325
117.354
117.343
117.337
117.321
117.3
117.313
117.314
117.337
117.336
117.309
117.32
117.317
117.333
117.345
117.311
117.311
117.32
117.312
117.309
117.292
117.284
117.323
117.319
117.32
117.326
117.304
117.279
117.293
117.307
117.327
117.329
117.329
117.337
117.329
117.323
117.341
117.363
117.325
117.316
117.313
117.322
117.331
117.326
117.332
117.303
117.322
117.318
117.315
117.329
117.343
117.354
117.344
117.353
117.342
117.332
117.328
117.315
117.316
117.323
117.297
117.317
117.312
117.314
117.305
117.305
117.289
117.281
117.307
117.29
117.311
117.313
117.309
117.329
117.351
117.325
117.327
117.315
117.324
117.328
117.336
117.325
117.31
117.353
117.328
117.325
117.302
117.306
117.309
117.318
117.321
117.34
117.324
117.302
117.305
117.32
117.328
117.342
117.348
117.328
117.328
117.32
117.299
117.307
117.317
117.319
117.324
0
