59.300415
58.594593
58.582687
58.559361
58.584290
58.549759
58.539040
58.553726
58.628704
58.578209
58.556351
58.564480
58.691936
58.569954
58.580925
58.594624
58.587872
58.563328
58.568893
58.593185
58.582367
58.692383
58.657055
58.549698
58.555199
58.567841
58.544098
58.581825
58.528160
Control Period
58.573601
58.568192
58.648960
58.586529
58.546593
58.565983
58.582912
58.582016
Control Period
58.559711
58.550980
58.505505
58.632320
58.565918
58.575554
58.552223
58.563072
58.555840
Control Period
58.544769
58.584450
58.558975
58.594368
58.547649
58.565762
58.566589
58.575169
Control Period
58.552254
58.570526
58.595360
58.558079
58.614334
58.573761
58.587006
58.562943
58.570557
Control Period
58.650429
58.566017
58.575043
58.590336
58.562080
58.552002
58.577023
58.583549
58.561951
Control Period
58.716705
58.537437
58.562401
58.571552
58.582558
58.588192
58.545151
58.554146
58.594849
Control Period
58.583519
58.582878
58.573250
58.551456
58.593567
58.666496
58.561981
58.552803
Control Period
58.577087
58.591137
58.561920
58.552959
58.576897
58.627357
58.584831
58.558754
Control Period
58.564224
58.590912
58.587265
58.594337
58.542145
58.580803
58.559521
58.602814
Control Period
58.590527
58.587585
58.640671
58.570274
58.593632
58.571037
58.588417
58.571297
Control Period
58.594307
58.585728
58.614944
58.658848
58.550270
58.562813
58.563011
58.566978
Control Period
58.577568
58.594337
58.581696
58.552322
58.563137
58.578979
58.594910
58.607872
58.548000
Control Period
58.567902
58.534973
58.580254
58.558880
58.697662
58.569664
58.551071
58.558304
Control Period
58.555233
58.548161
58.545570
58.552864
58.566498
58.570496
58.624512
58.562271
58.548512
Control Period
58.567551
58.623905
58.556000
58.537441
58.543583
58.569122
58.566273
58.589344
Control Period
58.544384
58.580673
58.628769
58.583328
58.559456
58.570240
58.580223
58.576767
58.640064
Control Period
58.561890
58.560547
58.615807
58.586594
58.573536
58.599937
58.567650
58.592766
Control Period
58.552483
58.589951
58.711426
58.549858
58.550270
58.571072
58.561699
58.587395
Control Period
58.555649
58.579262
58.576355
58.664223
58.580894
58.565792
58.566750
58.586464
Control Period
58.563648
58.558529
58.557663
58.576797
58.682976
58.565632
58.573021
58.585472
Control Period
58.549088
58.595680
58.575043
58.535328
58.567139
58.594368
58.585503
58.582909
58.584480
Control Period
58.588032
58.595776
58.591007
58.580704
58.578178
58.587326
58.549309
58.589470
Control Period
58.597794
58.570015
58.555389
58.584450
58.561344
58.560928
58.549599
58.570110
58.589760
Control Period
58.569248
58.580994
58.562080
58.569984
58.551903
58.576065
58.550560
58.563553
58.557823
Control Period
58.581955
58.585087
58.586464
58.555584
58.544830
58.577309
58.630207
58.544960
Control Period
58.590622
58.583424
58.567360
58.592159
58.560959
58.582497
58.535233
58.560928
Control Period
58.555359
58.563744
58.577438
58.695038
58.572578
58.547394
58.565311
58.573856
58.613216
Control Period
58.570560
58.546623
58.548481
58.540863
58.562176
58.584511
58.559586
58.529888
Control Period
58.618813
58.541664
58.537857
58.510433
58.616032
58.576096
58.593216
58.541344
Control Period
58.569405
58.574173
58.556641
58.555584
58.558048
58.672577
58.578751
58.580673
Control Period
58.557472
58.583168
58.567169
58.574883
58.571198
58.587135
58.603775
58.588898
58.544384
Control Period
58.531776
58.584480
58.659454
58.575905
58.576477
58.550018
58.614174
58.591454
58.585022
Control Period
58.607933
58.577312
58.604927
58.570721
58.575073
58.567711
58.575008
58.576321
Control Period
58.574242
58.597794
58.534271
58.618530
58.571297
58.582432
58.527809
58.556576
58.562561
Control Period
58.562462
58.530720
58.540607
58.644318
58.541794
58.550369
58.526718
58.544640
Control Period
58.582397
58.550499
58.572899
58.564064
58.671295
58.576675
58.554592
58.565666
Control Period
58.581505
58.556736
58.556160
58.561890
58.586433
58.573982
58.545151
58.557087
Control Period
58.583458
58.636833
58.588226
58.552608
58.556541
58.539680
58.600384
58.599838
58.566944
Control Period
58.574593
58.659966
58.562977
58.606819
58.562847
58.542912
58.590336
58.582626
Control Period
58.593246
58.546303
58.627327
58.587296
58.559040
58.682014
58.529888
Control Period
58.578880
58.547424
58.567070
58.572350
58.573090
58.563362
58.579010
58.678978
58.604866
Control Period
58.523102
58.559486
58.551136
58.579426
58.559135
58.549599
58.576477
58.671555
Control Period
58.572063
58.576447
58.587677
58.560993
58.611423
58.574402
58.571648
58.565632
Control Period
58.633347
58.596382
58.576576
58.569855
58.571518
58.594719
58.570366
58.564445
58.591202
Control Period
58.702499
58.600800
58.617149
58.560547
58.587074
58.583328
58.592224
58.567265
Control Period
58.558754
58.658337
58.577507
58.587997
58.559486
58.548767
58.582912
58.587486
58.587551
Control Period
58.611458
58.598625
58.568352
58.549759
58.581314
58.563614
58.564194
58.583584
Control Period
58.563873
58.582306
58.574718
58.588127
58.568321
58.581314
58.554432
58.569984
Control Period
58.561985
58.566788
58.573376
58.590210
58.548035
58.573215
58.572578
58.570915
58.601089
Control Period
58.575649
58.599998
58.550880
58.558243
58.564800
58.566849
58.573471
58.574783
Control Period
58.574142
58.564735
58.558144
58.581055
58.636093
58.569695
58.575905
58.525951
58.563072
Control Period
58.580097
58.580925
58.594177
58.550179
58.627903
58.568192
58.583618
58.561920
58.585247
Control Period
58.625759
58.545280
58.577507
58.583679
58.581184
58.534752
58.578720
58.568001
Control Period
58.557217
58.641502
58.564159
58.565632
58.587296
58.562370
58.600929
58.543938
58.558048
Control Period
58.549889
58.647903
58.550079
58.570015
58.559391
58.575424
58.548992
58.561310
Control Period
58.585983
58.596931
58.659584
58.557728
58.546562
58.575294
58.601250
58.561600
58.602657
Control Period
58.552513
58.554432
58.667999
58.590179
58.589279
58.573021
58.549950
58.565857
Control Period
58.587425
58.578941
58.573891
58.571648
58.612320
58.572384
58.579170
58.586754
58.565666
Control Period
58.580448
58.569633
58.556259
58.601952
58.581726
58.592033
58.566818
58.559807
58.561409
Control Period
58.672478
58.573856
58.588478
58.592064
58.544575
58.578815
58.582111
58.573696
58.591778
Control Period
58.658974
58.578880
58.590752
58.578529
58.579361
58.589344
58.607616
58.550335
Control Period
58.572800
58.600609
58.583359
58.584160
58.594337
58.577278
58.540894
58.573090
Control Period
58.565598
58.568192
58.599007
58.551201
58.585503
58.597824
58.552925
58.596451
58.594048
Control Period
58.565887
58.553535
58.644798
58.563808
58.550079
58.587776
58.584030
58.581856
58.548126
Control Period
58.569248
58.578720
58.596863
58.578655
58.594238
58.557663
58.559486
58.608639
Control Period
58.537407
58.594589
58.565918
58.578819
58.566559
58.571037
58.571358
58.557121
58.638496
Control Period
58.569824
58.537727
58.571037
58.534431
58.620480
58.555199
58.544861
58.558529
Control Period
58.580288
58.526432
58.534081
58.548737
58.558685
58.587135
58.538658
58.542496
58.545761
Control Period
58.622688
58.549377
58.573792
58.527458
58.550209
58.552643
58.562145
58.577759
Control Period
58.544258
58.649666
58.673664
58.604736
58.553440
58.557823
58.566589
58.664639
58.588608
58.566208
Control Period
58.553696
58.585823
58.558434
58.567520
58.578079
58.566273
58.617409
58.588512
Control Period
58.574718
58.561790
58.539520
58.564320
58.555298
58.564320
58.528801
58.644638
58.546783
Control Period
58.561440
58.588799
58.538208
58.535904
58.547966
58.586529
58.579361
58.650467
Control Period
58.561600
58.538815
58.564705
58.555649
58.548546
58.572670
58.584801
58.558754
58.675583
Control Period
58.606819
58.530174
58.576706
58.557087
58.579777
58.539742
58.523422
58.566944
58.555489
Control Period
58.599712
58.558594
58.540062
58.522079
58.573181
58.638435
58.576065
58.584450
Control Period
58.554077
58.602367
58.529537
58.561600
58.550110
58.599327
58.532032
58.537346
58.549698
Control Period
58.543903
58.597313
58.583138
58.568321
58.537151
58.615997
58.682144
58.565666
Control Period
58.576191
58.582336
58.612160
58.596703
58.557152
58.559746
58.542595
58.588673
58.572800
Control Period
58.574814
58.560257
58.562462
58.581154
58.546017
58.573410
58.541824
58.550144
58.562881
Control Period
58.553406
58.565247
58.564194
58.613091
58.575489
58.549759
58.573376
58.574497
Control Period
58.533279
58.558464
58.553696
58.576447
58.600384
58.553185
58.555328
58.562752
58.661217
Control Period
58.565121
58.573376
58.606590
58.558239
58.564159
58.553154
58.544289
58.587967
58.599518
Control Period
58.592705
58.574177
58.582146
58.559040
58.576736
58.566147
58.541729
58.544350
Control Period
58.584671
58.603905
58.554367
58.568096
58.567009
58.551487
58.579742
58.578049
Control Period
58.577312
58.637085
58.543869
58.545761
58.598717
58.552162
58.590370
58.574047
58.587326
Control Period
58.580544
58.565247
58.575905
58.579391
58.575233
58.555519
58.625954
58.578270
Control Period
58.579872
58.582115
58.543457
58.574333
58.587967
58.566368
58.563393
58.617088
Control Period
58.601536
58.556225
58.544418
58.566338
58.566338
58.586720
58.578529
58.544064
58.664482
Control Period
58.587040
58.558846
58.554527
58.537121
58.557762
58.553886
58.555679
58.609280
Control Period
58.597919
58.593086
58.609440
58.584862
58.596512
58.574722
58.587456
58.567009
58.557442
Control Period
58.699615
58.554787
58.580322
58.561310
58.571487
58.557091
58.547554
58.555199
Control Period
58.563171
58.573471
58.628639
58.552834
58.553570
58.545952
58.588669
58.544098
58.569729
Control Period
58.563454
58.562401
58.625824
58.553215
58.575874
58.549118
58.555107
58.569984
58.535328
Control Period
58.555008
58.550690
58.625313
58.536991
58.548031
58.569725
58.555233
58.538624
Control Period
58.534847
58.541088
58.554558
58.607967
58.549118
58.567070
58.556129
58.558624
58.576641
Control Period
58.578304
58.549118
58.550690
58.667267
58.565407
58.574722
58.569057
58.543427
Control Period
58.567810
58.573151
58.582016
58.554783
58.648705
58.558559
58.563423
58.572861
58.548798
Control Period
58.544479
58.573471
58.579422
58.586594
58.693153
58.592991
58.560352
58.585823
Control Period
58.562782
58.547966
58.564575
58.560287
58.564735
58.691299
58.555969
58.533535
58.588287
Control Period
58.565315
58.561024
58.529472
58.541279
58.536129
58.640701
58.576477
58.565056
Control Period
58.505375
58.539780
58.575424
58.559010
58.546974
58.541153
58.651840
58.592930
Control Period
58.564445
58.550400
58.535809
58.577057
58.554016
58.570847
58.557022
58.657982
58.562210
Control Period
58.565407
58.551552
58.558525
58.577408
58.586624
58.616158
58.562016
58.668961
Control Period
58.577057
58.578911
58.566303
58.560158
58.566559
58.598785
58.599392
58.556160
58.666241
Control Period
58.656319
58.566689
58.569534
58.573090
58.644352
58.593025
58.591103
58.582176
58.556641
Control Period
58.585697
58.563393
58.572510
58.591423
58.566303
58.546848
58.546528
58.567490
Control Period
58.617790
58.576992
58.573280
58.552895
58.555710
58.554337
58.539360
58.527744
58.578979
Control Period
58.556381
58.578178
58.570114
58.574528
58.536736
58.571358
58.709633
58.562977
58.564735
Control Period
58.590015
58.553440
58.595100
58.539391
58.528610
58.551266
58.667198
58.560867
Control Period
58.540096
58.594467
58.582687
58.578461
58.559006
58.540833
58.570976
58.653378
58.659454
Control Period
58.580925
58.573887
58.561119
58.563744
58.583809
58.541023
58.554306
58.632095
58.616512
Control Period
58.556992
58.546112
58.561119
58.553314
58.584671
58.594337
58.537121
58.570206
Control Period
58.648094
58.595776
58.517216
58.571457
58.567902
58.565441
58.593758
58.572739
58.568542
Control Period
58.431297
58.446175
58.456642
58.422691
58.432259
58.410019
58.438976
58.429985
58.436798
58.399422
58.428383
Control Period
58.407455
58.429344
58.431679
58.467743
58.421059
58.428413
58.417023
58.440865
58.425507
58.436226
58.424477
58.435234
58.420639
58.434784
58.431839
58.451103
58.902687
59.609856
