918
918
918
984.711
995.931
989.062
987.995
984.392
982.585
979.459
979.338
975.72
976.997
979.128
980.257
980.541
988.609
981.263
986.743
988.412
980.79
978.083
978.638
977.381
973.161
975.95
978.191
979.281
975.959
966.406
964.795
971.04
975
973.848
977.137
977.546
978.36
984.695
982.373
976.673
981.483
978.904
979.468
980.79
982.119
980.723
977.716
977.119
977.8
979.866
971.948
970.157
974.194
977.645
977.645
976.29
980.507
981.723
977.244
972.485
971.803
974.745
979.64
979.357
976.729
977.544
971.693
972.762
976.534
978.677
980.273
976.424
981.251
976.667
967.026
967.159
979.916
981.859
972.141
975.303
977.447
976.754
977.451
978.511
979.327
975.163
975.766
977.936
974.318
971.891
972.89
975.563
977.948
984.234
982.292
978.741
978.278
977.551
980.168
971.549
966.753
971.199
977.945
978.004
977.549
973.734
972.987
979.782
983.244
981.605
978.839
977.537
978.217
974.498
973.925
969.778
974.237
978.585
