4064.5
5972
5952.5
6421
6969
7214.5
7121.5
7160.5
7175
6929.5
7096
7062
6910
7082
7022.5
6949
7107.5
6929.5
7087.5
7101.5
7155
6983
7101.5
7062
6929.5
7048
7101.5
7155
6909.5
6909.5
6929.5
6909.5
6845
6969
7042
7121.5
7042
7155
7042.5
6949
7101.5
7062
6929.5
7067.5
6949.5
7121
7062
7101.5
7076
6890
7008.5
7056
6989
7141
7042.5
6909.5
7048
6830.5
7082
6969
7121
7259
7028.5
6850.5
7101.5
6909.5
6988.5
6909.5
7273.5
7239
6825.5
6844.5
7101.5
6771.5
6969
7048
6929.5
7042
6850.5
6845
6924
7042
7003
7082
6983
6811
6712.5
7002.5
7214
6909.5
7121.5
7003
7042.5
7312.5
6850.5
6923.5
7101.5
7180
6943.5
7008.5
7008.5
6910
7161
6949
7022.5
7194.5
6890
7239.5
7002.5
6850.5
