80
72.0127
72.0541
73.8984
74.2062
74.7742
74.9047
75.7348
75.611
75.4015
75.3466
75.617
75.187
75.5658
74.6752
75.3071
74.9958
73.014
74.6806
75.2491
75.2485
75.2218
75.6195
75.4668
75.0071
75.2165
75.4056
75.7725
76.2649
75.4599
75.317
75.106
74.4191
74.4711
75.2573
74.6676
74.7521
75.4127
75.1602
75.5081
75.3644
75.4461
74.9506
75.2148
76.0573
75.4825
75.4134
75.6601
75.8326
75.6918
74.8909
75.2504
75.4553
74.4924
74.4468
74.8309
75.844
75.6015
75.1148
74.5403
74.7772
75.1016
75.3036
76.2647
75.4785
75.0703
75.1387
75.2185
75.3687
74.8032
75.1461
76.6107
75.8306
74.9357
74.6117
75.5609
75.5919
74.9725
75.4031
75.1063
75.8262
75.566
75.1569
75.0994
74.7397
75.7266
75.5682
74.9543
74.8777
74.8194
74.7405
75.3456
75.3827
75.4316
75.1583
75.372
75.6674
75.7679
75.6788
74.8046
75.0248
74.6
75.6948
75.6907
75.1694
74.8397
75.2109
75.2743
75.5737
75.6267
75.7445
75.4904
75.9775
76.0545
