160
146.634
145.788
145.92
145.876
146.442
146.882
147.238
147.176
147.752
147.762
147.201
146.931
147.019
146.294
146.83
145.79
145.974
146.684
147.071
147.878
148.039
147.429
147.383
147.858
147.389
148.266
149.098
149.08
149.006
148.092
147.778
147.996
148.199
146.903
146.283
146.796
147.559
146.876
146.709
147.059
146.73
146.844
147.111
147.909
148.514
147.457
146.621
147.888
147.91
148.935
147.999
147.505
147.446
146.985
147.402
147.569
147.946
148.362
147.752
147.308
147.619
147.542
147.395
148.437
148.145
147.519
147.207
147.804
147.406
147.531
148.316
149.084
147.167
147.233
148.19
147.619
147.29
146.922
147.392
146.81
147.224
147.849
148.003
147.741
148.128
148.461
148.804
148.105
148.027
147.418
147.282
147.106
147.268
147.406
148.055
148.283
149.003
148.7
147.132
147.87
147.675
147.2
147.755
147.038
146.765
146.587
147.22
146.964
147.952
148.41
148.439
148.936
146.937
