5704.33
6787
7134.4
7020.83
7069.73
7034.9
7060.5
7002.1
7069.87
6975.13
6958.87
6978.17
6994.69
6844.17
7142.27
6893.63
6967.69
7147.6
7052.23
6989.27
7024.23
7081.21
6946.1
6956.77
6979.07
7064.43
7184.38
7030.7
6879.17
6923.6
7022.3
6936.47
6992.4
6984.17
6877.7
7045.07
7110.17
6906.83
7049.83
6989.27
6974.4
6974.37
7027
7058.5
7011.27
6986.6
6960.07
7153
7034.33
6922.03
6933.43
7026.3
6918.34
6976.63
7086.6
7091.9
7013.1
6943.03
6905.5
7005.63
7050.83
6984.16
7113.07
6979.2
6927.13
6958.69
6969.27
7074.4
6906.6
7088.77
7186.28
6997
6753.24
6962.9
7188.1
6938.57
6958.43
7013.47
6986.67
6979.53
6984.37
7080.3
6988.31
6958.07
7070.13
7046.62
6980.68
6948.27
6954
6878.7
7037.9
7068.4
7008.93
7013.87
6949.77
7166.45
7092.4
6913.8
6869.5
6999.4
7008.63
7073.8
7014.37
6868.57
6933.27
7031.93
7053.47
7024.97
6987.07
7071.93
7010.87
7080.23
6913.4
6916
