0.70888
0.75291
0.745212
0.748771
0.751257
0.751814
0.750072
0.749441
0.751312
0.751132
0.747572
0.748915
0.750893
0.751261
0.747906
0.746752
0.752795
0.74898
0.750658
0.756516
0.750163
0.741983
0.751963
0.755415
0.747393
0.753811
0.748325
0.748557
0.754569
0.746478
0.746707
0.754349
0.751846
0.741024
0.750608
0.751926
0.750994
0.748875
0.746607
0.753094
0.74863
0.751967
0.750841
0.753479
0.754022
0.742714
0.745461
0.752936
0.748688
0.760978
0.745899
0.745193
0.753053
0.747557
0.749405
0.747308
0.752262
0.755526
0.749491
0.74645
0.750151
0.750099
0.744058
0.758689
0.750929
0.747105
0.74899
0.751277
0.75102
0.747137
0.747889
0.75583
0.746263
0.752105
0.749098
0.748364
0.749317
0.746666
0.75411
0.74652
0.75379
0.751228
0.751649
0.74984
0.749896
0.750481
0.753374
0.74701
0.751385
0.750646
0.747363
0.745744
0.750831
0.750437
0.757011
0.744594
0.751411
0.75141
0.743908
0.755572
0.748172
0.743292
0.753547
0.750264
0.75082
0.747299
0.752458
0.747002
0.757979
0.750344
0.749746
0.750283
0.738859
0.758478
