117.560486
117.310532
117.339645
117.332863
117.429062
117.341827
117.312927
117.313538
117.341087
117.290695
117.298401
117.317406
117.317764
117.342468
117.336319
117.334305
117.360382
117.479744
117.303268
117.295967
117.287964
117.308670
117.303741
117.307648
117.305756
117.293602
117.298302
117.286079
117.273148
Control Period
116.778046
109.606560
109.531807
109.532097
109.553635
109.983521
109.694336
109.514305
109.424446
Control Period
113.164764
107.768768
109.404419
106.458626
109.491455
109.411552
106.057281
109.387810
106.643677
Control Period
110.617950
109.989502
106.867935
109.934433
109.563644
109.722717
109.622147
109.372093
107.309731
109.606689
Control Period
109.471390
109.564835
109.866013
109.441925
109.471840
109.515297
109.507935
109.753250
109.722275
Control Period
113.635040
109.721504
109.487938
109.612640
109.565308
109.643234
109.484314
109.624062
109.844322
Control Period
109.736671
112.003998
109.642303
110.654816
109.415771
109.530716
112.170723
108.551010
112.505829
Control Period
109.915588
109.507072
109.591423
112.955933
109.671806
109.801758
109.509888
109.658020
113.011841
Control Period
109.598846
109.430557
110.045761
112.046722
109.798210
112.903008
109.406113
108.937279
Control Period
109.820572
109.557510
113.318687
109.530624
113.413216
109.549026
109.617538
113.084831
110.937889
Control Period
110.896606
109.657249
109.020508
109.816864
109.418365
109.696228
112.904358
109.435966
113.315842
Control Period
110.001343
110.003296
109.615356
113.118340
109.831520
109.210754
109.277374
109.552994
111.555679
Control Period
113.386658
110.655548
109.795929
109.434753
110.254425
109.917374
109.830811
109.930046
109.757248
Control Period
113.145828
110.772675
109.720703
109.524506
109.321983
109.356415
109.580322
112.965088
110.741249
109.365692
Control Period
109.688545
109.658813
109.440323
109.537697
110.107132
109.484573
107.844894
109.549698
Control Period
107.783997
109.128387
111.800674
109.909599
109.409668
109.228317
109.860893
109.616867
109.643066
110.074722
Control Period
111.320740
109.412292
109.730087
109.701698
109.625282
109.512741
109.348351
109.596893
109.494141
109.755676
Control Period
109.696381
109.648636
109.549599
109.847458
107.402336
109.766342
109.290405
109.453316
109.706528
Control Period
109.545792
109.598335
110.241280
109.787140
111.912292
111.031677
109.694496
109.467072
Control Period
113.375298
109.618752
110.928543
112.248131
110.841568
112.127289
110.325989
112.350174
109.536804
Control Period
113.658302
109.751389
112.085342
111.004700
109.452896
109.737732
112.689407
110.255615
109.758270
Control Period
112.096954
109.107742
109.555298
109.599548
109.458817
109.702209
109.557724
109.659973
Control Period
113.096512
113.315742
109.694916
109.978851
109.747238
113.287743
109.404320
109.581116
109.645248
Control Period
113.422142
109.724258
109.914879
113.362656
109.868668
113.379745
109.378906
109.871750
113.093086
Control Period
112.292480
110.084290
111.685028
111.819931
111.155617
109.612991
109.354752
109.713211
108.856155
Control Period
112.638306
111.606049
111.907295
109.832161
109.732574
110.231232
110.460709
112.416031
Control Period
112.412796
109.867355
109.605820
109.704514
113.103073
110.541153
109.449890
112.924927
Control Period
111.921982
111.804260
111.907135
113.200989
111.581573
112.227524
110.371780
109.851196
Control Period
113.030746
112.967422
113.193985
109.865410
113.147102
113.359680
113.463303
110.408417
112.985184
Control Period
113.277435
112.594620
112.888481
113.514755
109.564667
109.927391
110.061859
109.549507
109.687485
Control Period
110.283173
109.689316
112.263901
111.645470
109.107193
109.909309
109.840836
111.911804
Control Period
113.382019
112.300827
110.784958
110.649986
111.890846
112.805252
110.450241
112.592384
110.379364
109.522079
Control Period
111.505829
112.546814
110.828995
111.642654
111.566559
109.690849
111.516159
110.863808
Control Period
112.390244
109.384933
109.711487
108.982147
109.614113
109.879074
109.619293
109.348038
109.443489
Control Period
113.717346
110.029053
109.532257
111.472351
109.309090
109.521057
109.502083
109.850655
109.465500
109.377151
Control Period
109.679359
109.572189
109.546463
109.531326
112.920418
109.679230
109.921082
109.718430
109.614212
Control Period
109.649025
112.614784
109.686661
109.823425
109.535843
111.971230
109.621155
109.668991
109.648003
Control Period
111.996002
111.040062
112.081497
110.438492
109.919777
109.947968
109.580475
109.879196
109.471588
Control Period
108.830208
109.360260
109.692734
110.289505
110.083771
108.801636
110.413605
109.983070
111.832962
Control Period
111.389572
109.396484
109.434753
109.702660
112.163971
110.694916
109.837021
109.922050
Control Period
109.470467
109.601212
109.441788
112.449051
109.433891
109.556000
109.021927
109.577728
112.734879
109.641342
Control Period
112.769501
110.508804
109.750397
111.742340
109.666046
109.680191
109.565506
109.836548
109.504417
Control Period
112.472702
109.404160
109.581635
109.529892
111.623932
109.831741
109.580795
110.566406
109.719803
Control Period
111.596100
110.987579
109.562080
111.905342
109.491302
111.560516
111.487427
109.352707
111.662277
Control Period
111.557281
112.282211
111.094559
111.267998
111.533440
111.394012
111.750175
111.195419
111.664474
Control Period
111.056030
112.393372
109.747589
111.328285
109.611038
109.948410
109.702621
109.563293
109.377670
Control Period
111.500061
111.042084
109.363968
109.697403
109.219421
109.529373
109.696190
109.656128
109.604355
Control Period
109.522179
109.448380
109.679749
109.640900
112.978271
109.621407
109.998459
112.835938
109.842178
Control Period
110.440063
110.728195
109.104996
111.390747
111.315262
109.593628
111.617828
111.584892
Control Period
113.171967
112.189178
113.012955
113.177887
113.286079
112.992256
112.180450
112.148735
110.844803
Control Period
113.366531
112.508026
110.241249
109.881531
112.198975
109.363098
110.731171
111.749283
109.773918
Control Period
110.361572
109.673309
110.607300
110.036667
110.772224
109.917862
111.285538
109.650848
Control Period
111.081726
112.375969
111.808929
111.308060
109.422813
110.876572
111.493568
111.632286
111.417953
109.371231
Control Period
111.250465
109.726334
110.733665
109.469856
109.703712
111.703102
109.755646
109.509186
110.164833
Control Period
109.511070
109.942078
109.788834
109.891136
109.675842
109.780060
113.179008
109.834175
109.759430
Control Period
110.422722
109.434113
108.953827
109.783806
109.400955
109.767296
113.356766
110.115875
Control Period
113.762657
111.489532
109.880127
111.306046
110.883583
110.567108
110.890656
109.301857
Control Period
111.263290
112.536766
113.230270
112.879166
110.526108
109.994781
109.924637
112.809860
112.832352
Control Period
113.470276
109.811523
112.973663
109.529755
110.532516
112.875038
109.515518
109.932892
112.120926
Control Period
111.116638
109.745567
110.841408
113.005981
109.462433
109.633537
109.868126
109.626404
109.302269
Control Period
109.665054
109.736801
109.497955
112.845856
110.178619
109.867737
109.907516
109.492676
113.335457
Control Period
110.264320
109.589508
113.121376
110.031387
112.171104
109.594910
112.353760
109.715553
109.717888
Control Period
110.497757
109.876160
109.924133
109.720322
109.614685
109.523041
109.531418
109.549347
Control Period
113.057091
112.874657
113.044159
109.636261
110.494751
110.983330
109.774818
113.397125
113.179329
Control Period
113.116959
109.640160
109.946533
112.779877
112.867905
110.300896
110.844543
111.851898
111.843170
Control Period
111.332153
109.403328
109.617569
110.313919
113.020737
110.327713
112.856255
109.760574
109.484131
Control Period
112.711647
109.826401
112.390816
110.692871
109.616516
109.369987
110.336868
109.750977
109.715164
Control Period
113.426971
110.350815
109.597534
109.513535
110.443649
111.717377
109.461349
110.237152
Control Period
113.606842
111.830750
111.596672
109.791008
109.667969
109.542587
111.546753
110.977440
111.939163
109.537598
Control Period
112.691551
109.512512
110.745506
109.401634
109.532417
109.658020
109.667877
109.850174
Control Period
110.588478
109.556061
109.812355
109.583420
109.879395
111.982399
110.957596
109.667526
Control Period
113.447296
112.404251
110.870941
110.678558
112.615326
112.081154
112.769180
113.031998
113.453026
Control Period
111.590332
110.888931
110.312958
110.408607
112.705536
110.920288
110.732254
111.980194
111.766815
112.155075
Control Period
109.721375
109.628258
109.732574
111.344131
111.847580
109.663872
111.790375
111.077087
109.886688
Control Period
111.483391
109.721985
109.639999
109.554245
112.194244
109.877663
109.574203
109.522171
Control Period
112.467262
112.062080
109.837982
112.832130
112.783203
109.398239
109.730110
109.464355
Control Period
109.696640
110.194016
112.344452
109.480804
109.366562
112.675674
110.509476
111.599167
109.653946
Control Period
113.389053
109.428001
109.577408
109.724670
109.098053
109.712891
109.541092
109.721924
109.593246
Control Period
110.952736
109.688293
109.317245
109.647743
112.263008
109.303841
112.432610
110.530495
113.018944
Control Period
109.940224
109.688354
109.787643
109.912155
109.353699
109.768250
109.809982
112.314178
109.705444
Control Period
111.040131
109.419037
111.247772
112.612579
109.740929
112.779709
109.826309
109.445503
109.862144
Control Period
110.195778
112.415840
109.589722
109.833252
111.655746
109.359299
110.068481
111.673798
Control Period
111.124741
111.468033
111.647713
109.925507
111.594971
110.625633
110.334106
113.382492
110.070053
Control Period
113.386398
112.648102
109.636612
109.648224
113.026749
109.693756
109.076897
109.802017
110.796577
112.069183
Control Period
110.398979
111.361313
111.379684
110.326141
113.419739
110.267647
109.567261
109.603195
Control Period
109.516289
113.161217
113.026688
110.188225
111.165085
112.006470
109.609314
110.666306
112.749504
Control Period
111.847809
111.777252
111.948090
111.027679
110.641693
110.197021
113.297501
113.132576
Control Period
113.342720
109.699104
109.929665
113.316063
112.910873
110.125275
109.607193
113.454659
109.600639
109.597214
Control Period
113.074661
110.920929
109.826881
112.572388
110.151169
112.426559
110.596512
109.594147
112.390144
Control Period
112.506271
109.750626
111.799973
109.598343
111.366684
112.428314
109.776703
112.481216
110.335136
Control Period
113.263290
109.580582
110.048157
109.940796
109.610046
109.694305
110.170013
109.456291
109.811073
Control Period
111.053406
109.931297
109.418625
109.419327
109.624321
109.601151
109.568985
109.829185
110.064163
Control Period
113.522812
109.670753
109.734238
112.737633
109.868988
109.454018
109.571838
109.791519
109.714371
Control Period
110.095291
109.339424
109.938461
113.219772
110.175522
112.549889
109.798050
109.798233
109.724319
Control Period
113.464127
113.024223
109.836517
112.966629
109.884125
113.058212
109.354980
112.949799
109.756767
Control Period
109.716156
109.776123
110.381409
109.558212
109.728668
110.116577
113.131866
109.515488
Control Period
113.706879
110.916321
111.013977
112.096252
112.025024
112.197792
109.493027
109.922211
Control Period
109.802528
113.186874
113.440063
111.965981
113.394943
111.165024
110.904129
110.843742
112.956642
Control Period
110.833191
110.745667
110.397949
109.498528
110.013855
109.600670
112.605347
110.239998
110.801437
111.457054
Control Period
111.337181
111.776962
110.628387
112.947174
110.668961
112.464218
110.197540
109.606720
110.892059
Control Period
110.893440
111.649826
110.358047
112.244217
110.412575
109.595459
111.243584
109.658272
109.634277
Control Period
109.581787
109.521919
109.870148
109.859482
109.749023
110.068954
109.765213
109.708572
Control Period
111.720963
112.263046
109.505249
110.888870
111.559708
109.648132
111.307877
109.729889
111.672028
Control Period
111.662880
111.415550
109.430756
109.858528
109.545380
113.142151
113.239655
110.078018
110.772186
109.409538
Control Period
109.573471
109.422432
109.651428
110.652573
112.419739
109.532898
109.847549
112.913185
109.578812
Control Period
109.605057
109.816032
108.897247
109.268860
109.529953
109.837570
109.506783
110.748383
109.882431
Control Period
110.062881
109.661285
112.492577
109.798141
109.529922
109.260422
112.568573
109.802628
109.529953
Control Period
111.447266
111.661148
109.534943
108.560638
109.850273
109.479424
109.817245
109.738373
109.674332
Control Period
113.089760
109.514404
113.027618
109.559647
113.242813
109.829636
112.967522
109.931519
113.070496
Control Period
109.686462
109.903618
112.205986
109.848000
113.087776
109.561600
112.342049
109.428032
Control Period
113.441055
111.927650
110.908226
109.884415
112.360672
111.210144
109.274811
111.151810
Control Period
111.648865
112.287140
111.102592
111.010399
112.175003
112.723068
109.556480
110.464928
Control Period
109.380676
110.087265
110.032768
109.953697
110.213440
110.458336
110.726181
109.712708
109.820419
Control Period
113.294373
113.165886
109.932991
109.712128
113.438850
109.714302
110.080254
112.250885
117.303650
Control Period
117.334396
117.308350
117.331871
117.350113
117.358337
117.350174
117.360992
117.347229
117.350365
117.320923
117.366211
117.378143
117.361313
117.323166
117.334045
117.333862
117.331711
117.342789
117.367615
117.366241
117.338913
117.303879
117.290848
117.282814
117.285858
117.309799
117.308800
