59.381504
58.574913
58.574402
58.594818
58.598240
58.596962
58.567711
58.557152
58.572479
58.644928
58.552734
58.592674
58.584896
58.697601
58.572929
58.581985
58.568958
58.580833
58.684864
58.554432
58.551582
58.557373
58.554047
58.578976
58.562752
58.559746
58.566849
58.587044
58.560448
Control Period
56.833183
56.893250
57.113922
56.899330
57.287136
56.659775
56.477310
56.840256
57.296799
Control Period
55.328094
57.540512
55.329506
56.067200
55.365631
56.469917
57.504829
55.362595
57.192032
Control Period
56.654785
55.952385
57.558205
57.455040
55.499905
56.857216
56.911423
55.295807
Control Period
55.322369
55.324287
55.321632
55.314369
56.508995
56.375328
57.315422
57.301346
57.605247
Control Period
57.067810
57.376385
57.465439
57.210785
55.452164
55.310463
55.327682
57.459618
55.350464
Control Period
57.159363
55.284065
56.416481
56.851967
57.178307
55.421375
55.297058
56.654625
55.921696
Control Period
56.379871
57.484131
56.263870
55.330112
57.543232
56.359615
57.369953
56.046497
55.463394
Control Period
56.510529
57.564289
56.364159
55.897217
57.792160
56.437119
57.390434
55.321281
56.723808
57.730019
Control Period
57.302750
56.488865
55.349953
57.497086
56.456093
57.298782
56.639137
55.339073
56.529121
Control Period
56.732128
57.108864
57.301632
56.504639
57.249599
56.795807
55.295006
56.511230
55.352127
Control Period
57.316574
56.464256
57.486977
55.347073
56.734623
57.657600
56.276543
57.572701
56.536320
Control Period
55.921696
56.034847
57.614174
55.597504
56.016640
57.465408
55.757633
56.311295
57.783905
Control Period
56.178467
55.741310
57.497601
57.206207
57.628098
56.136833
55.391392
57.436638
Control Period
57.557217
55.318398
55.320351
56.072865
55.433537
57.398529
57.654625
56.324829
56.432129
Control Period
56.544991
55.375748
57.414368
57.514526
56.516449
55.739586
56.293823
Control Period
57.516701
57.584099
57.320160
57.303970
57.646305
57.471584
57.827965
57.284031
56.988895
Control Period
56.832253
56.332928
56.230656
55.337856
55.352257
56.868160
56.738049
56.624802
57.496639
Control Period
57.773758
57.517891
55.966621
56.101410
57.536545
56.477409
55.363487
57.747936
56.379009
55.739197
Control Period
57.742687
55.762688
56.100418
55.698593
56.286400
57.055969
55.435551
57.349407
Control Period
56.491745
57.722527
56.248093
55.401505
57.334686
56.348160
55.321377
56.917313
57.152576
Control Period
56.094429
57.415649
57.372162
56.882111
57.005600
57.045376
56.636253
57.520126
56.464447
57.556641
Control Period
56.668129
56.600418
57.342369
57.257057
56.815041
56.432961
57.446434
57.605919
56.502689
Control Period
56.506977
57.350273
56.354912
55.586494
57.468769
56.521507
57.579391
56.407486
55.322845
Control Period
56.953953
57.226913
55.441727
56.333214
55.593376
57.640350
56.315681
57.218018
57.623741
Control Period
55.305695
55.680897
56.506687
57.561951
56.312515
57.374306
56.194336
55.662880
57.336899
57.335712
Control Period
56.825665
57.363358
56.376511
57.187874
56.444862
57.546974
56.742371
57.246269
57.003166
Control Period
55.349632
57.118050
56.305374
56.538239
56.316353
57.563614
57.409920
57.416256
56.927361
57.427681
57.430145
Control Period
56.342495
56.567169
56.778561
57.448769
57.393059
56.395683
56.535072
57.547359
56.389793
Control Period
56.235199
56.465118
56.409023
56.502686
57.538658
57.316353
57.450146
57.537983
57.526016
Control Period
58.732288
56.734016
57.317375
56.456608
56.253342
57.578781
56.963264
56.873405
57.407326
57.186974
Control Period
57.151390
57.073376
56.577503
57.625854
56.169762
56.433762
57.599586
56.902206
57.175041
Control Period
57.104000
56.628128
56.945312
56.870659
57.453407
56.446655
57.475552
56.444511
57.705982
55.865059
Control Period
56.393822
57.523071
56.462368
57.723007
56.356960
57.299965
56.808674
56.475872
Control Period
57.550430
56.391071
57.410496
57.572990
56.246590
57.667744
56.382462
57.289825
Control Period
56.978271
55.348289
55.447357
55.365410
55.317665
57.450016
57.612801
57.935745
57.551487
Control Period
56.489151
55.663651
57.397087
56.156738
56.864227
57.184128
56.893471
55.346783
55.323586
Control Period
56.502495
57.512032
55.997917
55.859360
56.474976
57.300320
56.628929
57.104195
Control Period
56.899422
57.463585
55.288834
57.538944
56.104511
55.419552
57.445885
57.081280
57.172672
55.337410
Control Period
56.487617
57.521633
56.887390
57.040928
55.296638
56.769791
57.218079
56.540928
57.289406
Control Period
56.910751
57.165985
55.328926
57.236290
56.441856
57.433601
57.211967
55.358749
56.455902
Control Period
55.965824
55.755455
57.530563
56.496094
56.446079
57.668610
57.490498
56.695229
55.360577
Control Period
55.323006
57.179169
57.098110
56.865440
55.297249
55.328960
57.147968
57.122463
57.035393
Control Period
55.357536
55.394943
56.122143
55.314465
57.608288
55.433662
56.560799
57.654305
55.339489
Control Period
56.509506
55.342751
56.788193
55.327904
56.382370
55.468544
56.133598
57.539967
56.490242
Control Period
58.739555
55.276993
57.034401
55.454430
57.593025
56.324799
57.512543
56.241280
57.653217
Control Period
56.435104
55.656067
56.980160
56.940834
57.349377
56.749504
57.621918
56.582592
56.551262
57.489151
Control Period
55.321854
56.345314
57.515648
56.542465
57.674591
55.775902
57.223389
56.281471
55.620544
57.496674
Control Period
58.291458
57.402336
57.471008
57.345055
56.697121
56.527584
56.890274
57.105984
57.533821
57.572544
Control Period
57.516064
56.695583
56.613022
56.507935
56.436417
56.419552
56.460129
56.099617
57.738014
Control Period
56.560799
56.074814
57.485344
56.424576
56.391647
57.592289
55.544224
56.576767
57.690975
Control Period
57.296478
56.613823
57.182369
57.134659
57.123260
57.052479
56.679775
57.424000
56.659874
Control Period
56.504509
57.510815
56.572258
57.628929
55.552223
56.586563
57.400032
56.899521
57.488258
Control Period
56.637440
57.265694
56.759773
56.618462
57.551582
56.285217
56.611839
57.642879
57.510689
Control Period
56.472862
57.472351
57.603424
56.116257
57.325951
57.213089
55.297791
57.150337
56.472897
Control Period
58.258110
56.152607
56.685696
57.509312
56.865440
56.967361
57.232193
56.738400
55.392960
55.828514
Control Period
57.606815
57.217186
57.558750
56.542717
56.704769
57.719551
57.451645
57.644192
56.644707
Control Period
56.226208
56.413696
56.389057
57.554047
57.557922
57.619743
55.756577
56.512253
56.339363
Control Period
57.548988
56.436607
57.516449
57.437309
56.541473
57.630241
57.419712
56.332352
Control Period
56.569473
57.466690
57.338974
55.299744
57.132957
56.972931
56.946045
57.497185
57.494881
Control Period
57.560318
56.338081
57.766144
55.648064
57.380192
56.495132
57.275425
56.641182
55.313087
57.411518
Control Period
57.504768
56.543518
57.409218
55.300636
57.331551
55.319744
57.442528
56.200897
Control Period
57.181152
56.753342
56.967392
55.762466
57.145699
56.844193
56.840637
57.261856
56.519745
57.582146
Control Period
56.320896
56.399937
56.529152
57.460419
56.815651
56.968353
57.627617
56.352097
56.390114
56.742783
Control Period
57.695168
57.453568
56.864704
56.856445
57.172001
56.805023
55.371872
57.245728
Control Period
57.479134
57.672478
56.203613
57.147617
56.989792
57.312798
55.278465
56.758785
56.400322
Control Period
56.426849
57.405663
56.026146
55.766113
57.547745
56.331009
56.884384
57.257118
56.471710
Control Period
55.387489
56.012161
57.472256
57.472061
55.887745
56.246338
57.881569
56.014431
55.841599
Control Period
57.257759
56.497757
57.302849
56.512802
57.809185
55.284992
56.753727
56.365822
57.252258
Control Period
55.332191
57.170208
56.939713
57.043999
56.973122
56.901405
57.196259
57.451138
57.409569
Control Period
57.704414
56.518879
56.571327
57.579491
56.489185
57.448318
55.319263
55.643040
57.947807
55.485123
Control Period
57.528351
57.474655
56.633247
57.687584
57.513279
57.713024
56.399742
56.465569
56.320255
56.598465
Control Period
58.384224
56.657471
57.055107
57.069534
56.668415
57.539360
57.496960
57.269184
Control Period
57.608322
56.517120
57.493790
55.514435
56.445919
57.486237
55.483231
56.482239
57.717152
Control Period
57.998306
57.279198
55.387680
56.411743
57.436066
57.043678
55.352257
57.062531
56.660957
56.907936
Control Period
56.404701
56.432705
57.401089
56.873985
56.701698
57.430206
57.670654
56.360222
57.560417
Control Period
57.267712
56.901375
57.284416
56.796993
57.012672
57.273407
56.314659
57.635296
Control Period
56.394688
57.451775
56.377857
57.467842
57.026272
57.080162
56.881569
57.735935
56.556862
57.591011
Control Period
57.508095
56.496674
57.625919
56.420258
57.619713
56.120544
57.433151
56.017982
56.156158
Control Period
57.422302
55.582241
57.736732
56.820927
57.474144
56.456608
55.324448
56.226112
57.382271
Control Period
57.661312
55.557888
55.360031
56.861694
55.381344
57.166206
57.193314
56.712479
Control Period
57.112961
55.323074
57.318111
57.384094
57.395199
56.696129
57.360771
55.680771
56.827744
Control Period
56.603424
55.360321
57.694271
56.490173
57.654881
57.419998
56.502815
57.728321
56.000992
Control Period
56.728706
56.439552
57.437824
56.394272
57.482624
57.852959
56.983200
56.948959
57.135902
Control Period
57.252899
55.374146
56.456799
55.951645
55.351105
57.339840
55.358559
57.443359
56.477440
57.529953
Control Period
56.423553
56.651970
56.290878
56.854912
56.753696
57.417793
57.587200
56.746944
55.337471
Control Period
57.242912
57.430687
57.471550
56.772320
57.070114
57.119423
56.569664
56.547043
56.860641
57.622528
Control Period
57.534943
57.733665
56.597729
56.526302
55.969280
57.419712
57.511200
57.426430
Control Period
56.523487
55.929985
57.630337
56.204960
57.615871
55.972542
55.973602
57.470688
56.433731
Control Period
56.384991
57.429344
55.456097
56.003456
56.155712
55.782883
57.615551
55.691841
Control Period
56.208221
56.357635
56.310463
55.428062
57.509983
57.449055
55.551903
55.382851
55.542496
Control Period
56.421505
57.344959
57.186401
55.435585
57.699043
57.684738
56.514240
55.805374
55.811424
Control Period
57.585503
56.364349
55.488480
57.604927
56.096130
57.511841
56.334625
57.719551
56.265373
Control Period
57.645950
56.484097
55.532227
57.560673
55.772415
57.845505
56.412254
57.564320
56.436096
Control Period
55.342529
56.797279
55.668610
56.241024
55.527107
56.798210
55.336159
56.609665
57.564705
Control Period
56.720192
57.167679
56.787552
57.210754
57.336510
56.822495
57.270271
55.632385
57.431938
56.398239
Control Period
57.642242
57.379967
57.292961
57.579712
56.512703
56.434719
56.537918
57.416542
57.561630
57.357792
Control Period
56.364609
56.454689
57.116577
57.359680
56.699871
56.602303
56.704735
56.478111
57.528099
Control Period
57.675041
57.548126
57.652641
57.679199
57.677151
57.031487
57.711231
57.534531
56.636162
Control Period
57.672832
56.359711
57.396225
55.663616
56.011581
55.745312
57.330879
56.990814
56.951134
Control Period
58.806114
55.320576
56.984482
57.165440
56.958946
57.569569
56.711357
57.388222
56.361633
Control Period
58.337921
56.725216
57.106720
56.975487
56.716446
57.366882
56.627232
57.046783
57.554207
56.556896
Control Period
56.418686
56.307552
57.478783
57.632160
56.541245
56.448990
57.682274
57.374111
56.383137
Control Period
57.523682
57.455490
57.039169
57.456032
56.744225
56.668190
55.395103
57.199135
Control Period
57.633728
56.340157
57.787743
56.086334
55.876289
57.593185
56.302498
55.351646
Control Period
57.501793
57.425247
57.439293
56.840576
56.948223
55.306049
55.351265
57.197502
56.857376
Control Period
56.987747
56.830528
56.459328
55.942497
57.679359
56.469986
56.438911
55.728642
56.764130
Control Period
56.901245
56.531551
55.334881
57.521248
57.122208
57.543137
55.842720
57.479324
56.371105
Control Period
58.344543
55.361504
56.274944
55.555519
56.527298
55.442558
56.325409
55.727486
56.271362
Control Period
56.580383
57.467361
56.179138
55.645279
56.031200
55.634785
57.570976
56.462143
57.608063
Control Period
56.598434
57.417725
56.752350
56.695713
57.035969
56.761185
56.582176
57.630402
56.319778
56.544128
Control Period
58.481632
57.160416
56.867775
56.590462
56.430206
55.345375
56.902077
57.122784
56.903233
Control Period
57.529503
57.645855
57.411777
57.397087
57.565983
57.421345
57.647167
57.551872
Control Period
56.545887
56.567169
57.666718
56.495522
56.388863
57.627678
57.635777
56.420448
58.445919
58.462334
Control Period
58.452225
58.450432
58.471584
58.450432
58.462624
58.466080
58.441441
58.459137
58.471840
58.460289
58.463455
58.435425
58.450336
58.436546
58.454144
58.455742
58.470718
58.435104
58.484062
58.432384
58.459328
58.443871
58.454464
58.445282
58.468002
59.279076
58.434433
