-732.562
-923.938
-877.344
-939.812
-932.344
-924.709
-933.625
-994.125
-904.438
-948.656
-989.469
-978.094
-967.531
-951.485
-922.469
-881.188
-982.406
-936.094
-936
-1068.81
-860.636
-894.355
-908.758
-920.688
-923.656
-879.344
-913.75
-944.688
-931.182
-1026.53
-945.938
-929.844
-982.281
-882.5
-939.688
-928.656
-945.875
-974.094
-957.903
-920.219
-936.531
-1037.66
-880.312
-945.906
-1035.28
-946.355
-812.312
-853.226
-964.375
-957.062
-966.906
-911.394
-831.097
-913.156
-1002.81
-945.419
-936.094
-960.844
-948.406
-1117.09
-915.968
-942.25
-936
-1000.06
-1011.67
-967.774
-939.75
-941
-944.394
-885.355
-889.375
-923.688
-943.151
-947.188
-931.156
-876
-885.875
-920.903
-945.969
-934.875
-952.156
-952.094
-936.031
-865.531
-1024.44
-952.094
-939.719
-944.344
-944.394
-949.719
-937.387
-988.656
-973.061
-1005.42
-877.906
-939.75
-955.906
-940.697
-988.469
-908.812
-942.281
-890.812
-975.875
-966.062
-970.719
-905.344
-944.688
-941.031
-955.812
-1039.91
-991.936
-975.312
-977.75
-939.688
-898
