0.710799
0.761454
0.780927
0.797619
0.811383
0.822756
0.831863
0.839067
0.844773
0.849548
0.85248
0.855281
0.857478
0.858687
0.859762
0.860618
0.860918
0.861384
0.861464
0.861479
0.861835
0.861601
0.861611
0.861624
0.861201
0.860989
0.860778
0.860641
0.8605
0.860494
0.860287
0.859802
0.859631
0.859528
0.859199
0.858801
0.858777
0.85854
0.858096
0.858143
0.857821
0.858035
0.857528
0.857264
0.857167
0.857068
0.856541
0.856873
0.856525
0.856511
0.855835
0.85616
0.855915
0.855735
0.855672
0.855289
0.855335
0.855058
0.855038
0.854809
0.854724
0.854511
0.854415
0.854183
0.854229
0.853996
0.853785
0.853792
0.853823
0.853891
0.853625
0.853454
0.853395
0.853381
0.853229
0.853361
0.853231
0.85312
0.852752
0.852682
0.852763
0.852603
0.852432
0.852489
0.85257
0.85221
0.852206
0.852295
0.85243
0.852143
0.852227
0.852142
0.85203
0.851992
0.851865
0.85183
0.851669
0.852018
0.851786
0.851342
0.851353
0.851567
0.8514
0.851404
0.85154
0.851265
0.851296
0.851136
0.851255
0.851164
0.851185
0.851131
0.851314
0.851406
0.851091
