80
77.0389
75.1681
73.6624
72.4676
71.5306
70.8077
70.2556
69.8367
69.5276
69.3062
69.144
69.0333
68.9648
68.9233
68.9043
68.8995
68.9032
68.9216
68.9436
68.968
69.0004
69.0351
69.0728
69.1121
69.1477
69.1843
69.2195
69.2563
69.2937
69.3309
69.3689
69.4026
69.4355
69.4698
69.4997
69.529
69.5609
69.587
69.6131
69.6388
69.6612
69.6892
69.7126
69.735
69.757
69.7778
69.7939
69.8161
69.8353
69.8529
69.869
69.8873
69.9051
69.9232
69.9385
69.9535
69.9683
69.9834
70.001
70.015
70.0281
70.0406
70.0519
70.0607
70.0754
70.0838
70.0908
70.0976
70.1072
70.1215
70.1328
70.1399
70.1489
70.1576
70.166
70.1785
70.1904
70.2007
70.2086
70.2145
70.2192
70.2252
70.2284
70.237
70.244
70.2478
70.2501
70.2559
70.2631
70.2696
70.2772
70.286
70.2925
70.2952
70.2997
70.3059
70.3092
70.3168
70.3232
70.3245
70.326
70.3285
70.3301
70.3304
70.3321
70.3351
70.3369
70.3355
70.3371
70.3384
70.3409
70.343
70.3491
70.3556
