0.722069
0.777576
0.796665
0.812945
0.826239
0.83725
0.845841
0.852373
0.857679
0.861624
0.864262
0.866323
0.867893
0.868769
0.869363
0.869366
0.869292
0.869593
0.869146
0.868763
0.868581
0.868232
0.867889
0.867469
0.866804
0.866436
0.865982
0.86556
0.865188
0.864618
0.864271
0.863775
0.863336
0.863085
0.862518
0.862205
0.861998
0.861289
0.861114
0.860737
0.860266
0.860198
0.859804
0.859562
0.859235
0.858907
0.858477
0.858521
0.858174
0.85774
0.857737
0.857443
0.857221
0.857179
0.856704
0.856674
0.8564
0.856247
0.856245
0.855916
0.85561
0.855532
0.855308
0.855038
0.855324
0.854747
0.854582
0.854366
0.854409
0.854635
0.85438
0.853913
0.853992
0.853806
0.853709
0.853868
0.853705
0.853508
0.853354
0.853141
0.852917
0.852959
0.852714
0.85301
0.852734
0.85262
0.852398
0.852519
0.852471
0.852468
0.852392
0.852482
0.852252
0.851935
0.852043
0.852116
0.851881
0.852
0.851952
0.851704
0.851646
0.85143
0.851538
0.851362
0.851375
0.851534
0.851356
0.851148
0.851286
0.851302
0.851271
0.85124
0.851382
0.851323
0.851179
