57.7656
59.9036
59.8838
59.8835
59.8755
59.889
59.892
59.8839
59.8975
59.9067
59.8987
59.9011
59.9135
59.9145
59.9194
59.9031
59.8938
59.9177
59.9029
59.8957
59.9043
59.9083
59.9148
59.9185
59.9066
59.912
59.9124
59.9137
59.9197
59.9126
59.9207
59.9191
59.9178
59.9288
59.919
59.923
59.9339
59.9121
59.9223
59.9186
59.9079
59.9224
59.919
59.9222
59.9188
59.9147
59.9027
59.9195
59.9144
59.9005
59.9155
59.9087
59.9089
59.9212
59.9035
59.9145
59.9082
59.9101
59.9229
59.9149
59.9055
59.9113
59.9063
59.897
59.9246
59.8968
59.8924
59.8832
59.892
59.9161
59.9104
59.8873
59.8989
59.8935
59.8942
59.9125
59.9117
59.9081
59.906
59.8979
59.8872
59.8941
59.882
59.9055
59.8935
59.8914
59.8791
59.8895
59.8911
59.8971
59.8973
59.9101
59.9013
59.8846
59.8945
59.9035
59.8923
59.9035
59.9065
59.8945
59.8916
59.8777
59.8874
59.8764
59.8776
59.8901
59.8802
59.8671
59.8756
59.8781
59.8771
59.877
59.8888
59.8898
59.8852
