60.201439
59.881538
59.862785
59.891426
59.875999
59.909695
59.870911
59.866112
59.908318
59.890114
59.898430
59.890560
59.911488
59.905537
59.898209
59.916927
59.897087
59.892673
59.921181
59.885918
59.899361
59.882496
59.895264
59.873726
59.898109
59.884926
59.925312
Control Period
59.893505
59.908958
59.932930
59.889153
59.901024
59.905441
59.911777
59.885792
Control Period
59.870911
59.863869
59.871071
59.889473
59.902466
59.903358
59.877762
59.891808
Control Period
59.889633
59.884766
59.919235
59.858528
59.865471
59.870819
59.897728
59.881630
59.900097
Control Period
59.857506
59.862366
59.858398
59.886368
59.857536
59.899422
59.876862
59.880898
Control Period
59.891647
59.883007
59.890205
59.882816
59.881920
59.891006
59.909119
59.882336
Control Period
59.870178
59.890495
59.905602
59.839394
59.912415
59.908035
59.916321
59.902176
59.883774
59.890526
Control Period
59.881470
59.866528
59.891426
59.863106
59.894688
59.887009
59.900864
59.879807
Control Period
59.894722
59.890656
59.891357
59.895164
59.875904
59.925507
59.889729
59.917091
Control Period
59.906334
59.905567
59.904545
59.918785
59.909790
59.909889
59.892479
59.907616
59.904831
Control Period
59.901405
59.914879
59.907551
59.884995
59.861759
59.914944
59.906754
59.897182
59.901474
Control Period
59.888065
59.874241
59.930046
59.892349
59.924000
59.892548
59.915550
59.891327
Control Period
59.931267
59.890244
59.906784
59.898464
59.918880
59.921059
59.927807
59.900703
Control Period
59.908607
59.907906
59.884705
59.941185
59.936897
59.922752
59.918655
59.908672
Control Period
59.927902
59.919521
59.900543
59.918175
59.923264
59.939171
59.904480
59.921856
59.897377
Control Period
59.911842
59.884991
59.883873
59.914207
59.910812
59.911617
59.909760
Control Period
59.887169
59.887295
59.903904
59.893345
59.893600
59.896160
59.876770
59.912064
Control Period
59.938461
59.906464
59.925789
59.922913
59.910110
59.911488
59.923615
59.902878
Control Period
59.926945
59.877533
59.929886
59.911583
59.889442
59.905602
59.904671
59.877918
59.902592
Control Period
59.885952
59.898270
59.900063
59.871651
59.894493
59.906719
59.897568
59.887745
59.918560
Control Period
59.915230
59.897472
59.933571
59.922527
59.901886
59.871487
59.902271
59.875107
59.918720
Control Period
59.924480
59.903969
59.895744
59.933121
59.898941
59.916832
59.895874
59.897568
Control Period
59.910110
59.918816
59.894081
59.912960
59.899456
59.934017
59.937027
59.910591
59.915840
59.914528
Control Period
59.912994
59.946594
59.930527
59.914303
59.910751
59.914848
59.903198
Control Period
59.906689
59.918755
59.917824
59.917374
59.899010
59.908157
59.888542
59.896416
Control Period
59.907936
59.896160
59.924446
59.920418
59.913795
59.895905
59.929119
59.908607
Control Period
59.928993
59.919006
59.898304
59.925343
59.909569
59.904961
59.908447
59.904190
59.889954
Control Period
59.893730
59.891487
59.921055
59.945087
59.922142
59.936031
59.909729
59.913887
Control Period
59.903358
59.926785
59.910015
59.918434
59.928799
59.925346
59.926655
59.918079
59.935585
Control Period
59.910465
59.900032
59.902847
59.906082
59.909760
59.915264
59.914463
59.918686
Control Period
59.909599
59.914337
59.910912
59.924446
59.923012
59.944450
59.931553
59.923615
59.904129
Control Period
59.931744
59.925312
59.913185
59.934944
59.916512
59.907555
59.916927
59.906654
Control Period
59.919708
59.914207
59.915070
59.930401
59.933056
59.939453
59.896034
59.894207
Control Period
59.946915
59.940964
59.930878
59.933571
59.920509
59.916832
59.911808
Control Period
59.932701
59.932896
59.923969
59.917473
59.905151
59.903648
59.912735
59.911648
59.930912
Control Period
59.929504
59.941086
59.915070
59.917152
59.941315
59.909821
59.912575
59.917122
Control Period
59.911583
59.935966
59.966209
59.935074
59.925888
59.941246
59.940865
59.938591
59.909279
Control Period
59.861279
59.911934
59.922462
59.919903
59.900833
59.924641
59.898975
59.941246
59.927330
Control Period
59.932510
59.958626
59.927200
59.913696
59.912319
59.893250
59.913471
59.927616
Control Period
59.936192
59.909470
59.924706
59.912895
59.930336
59.925987
59.922878
59.896641
59.934334
59.892258
Control Period
59.883808
59.924992
59.887680
59.914143
59.900543
59.903870
59.914558
59.925983
59.915359
Control Period
59.919712
59.909119
59.918526
59.913857
59.935806
59.932289
59.933121
59.917122
Control Period
59.914433
59.913792
59.927071
59.929375
59.923904
59.920834
59.905888
59.916737
Control Period
59.936703
59.918945
59.931229
59.925632
59.910179
59.933952
59.917568
59.912445
59.913437
Control Period
59.926338
59.891136
59.880833
59.909248
59.943264
59.904099
59.926338
59.940609
59.947296
Control Period
59.916573
59.949951
59.932896
59.935425
59.884605
59.913120
59.906433
59.878849
Control Period
59.892990
59.910141
59.911331
59.897346
59.913155
59.901184
59.892578
Control Period
59.905090
59.913406
59.890366
59.944031
59.908226
59.930912
59.904541
59.959427
59.914658
Control Period
59.937855
59.915810
59.922176
59.879551
59.919296
59.900162
59.905983
59.934174
Control Period
59.895233
59.896992
59.898880
59.913345
59.889214
59.897697
59.886337
59.926048
59.920158
Control Period
59.922688
59.899937
59.924606
59.929695
59.918686
59.894562
59.944927
59.884003
Control Period
59.904129
59.896000
59.912163
59.901054
59.923073
59.912224
59.901665
59.919426
Control Period
59.888962
59.902847
59.919998
59.918114
59.898018
59.904385
59.929855
Control Period
59.933601
59.916862
59.941761
59.924480
59.915424
59.905281
59.923744
59.908287
Control Period
59.912289
59.905212
59.903584
59.899296
59.891006
59.895103
59.894562
59.918079
59.915775
59.899971
Control Period
59.902657
59.901344
59.946655
59.913120
59.891327
59.921249
59.922688
59.918625
59.912483
Control Period
59.931583
59.920258
59.915901
59.899071
59.921345
59.884575
59.882782
59.909698
Control Period
59.910049
59.912384
59.931232
59.901955
59.889473
59.901215
59.915745
59.912865
59.916321
Control Period
59.927040
59.909534
59.917694
59.935715
59.939262
59.912994
59.922562
59.918495
Control Period
59.920670
59.917313
59.937950
59.926369
59.910175
59.917664
59.906784
59.896992
59.900478
Control Period
59.902626
59.892670
59.908928
59.905251
59.922783
59.897087
59.909023
Control Period
59.899490
59.955231
59.879517
59.943615
59.902786
59.930847
59.884254
59.911613
59.894302
Control Period
59.928448
59.893536
59.922752
59.905922
59.898338
59.900864
59.899071
59.901695
Control Period
59.857857
59.885666
59.906654
59.922112
59.910271
59.884033
59.876610
59.917343
59.912834
59.951328
Control Period
59.899296
59.954750
59.925728
59.942432
59.929054
59.917854
59.896511
59.904640
Control Period
59.878273
59.906685
59.935360
59.890945
59.897697
59.874237
59.893570
59.897217
59.879425
Control Period
59.886623
59.897598
59.886238
59.912605
59.881630
59.890366
59.895554
59.901314
Control Period
59.888222
59.898338
59.881950
59.881729
59.874977
59.878845
59.877216
59.884480
Control Period
59.885345
59.886658
59.907204
59.872093
59.905121
59.886944
59.900192
59.898785
59.886047
Control Period
59.914272
59.893951
59.909119
59.935360
59.886272
59.930367
59.920158
59.939167
Control Period
59.903008
59.910336
59.905537
59.955711
59.900322
59.859615
59.882591
59.918625
59.958080
Control Period
59.898430
59.880287
59.876865
59.884575
59.884895
59.875393
59.887009
59.910782
59.885311
Control Period
59.906914
59.914589
59.903908
59.907265
59.893600
59.905602
59.910080
59.862915
Control Period
59.877602
59.894753
59.882977
59.910336
59.901344
59.904671
59.894337
59.891552
59.884033
Control Period
59.882561
59.870304
59.905090
59.915329
59.902626
59.913315
59.889534
59.874878
Control Period
59.919907
59.892899
59.930847
59.897217
59.922112
59.923649
59.897919
59.915264
Control Period
59.903870
59.902306
59.902977
59.922112
59.917023
59.920990
59.923168
59.901054
Control Period
59.922623
59.909248
59.896736
59.898621
59.910561
59.905151
59.934593
59.887234
Control Period
59.887299
59.882015
59.920769
59.903297
59.884956
59.904510
59.929375
59.938145
59.903648
Control Period
59.886147
59.890755
59.925568
59.902657
59.907295
59.885216
59.886272
59.899040
Control Period
59.887680
59.879166
59.859489
59.889729
59.898689
59.890656
59.911232
59.880928
59.896255
Control Period
59.897789
59.887459
59.911842
59.895073
59.879646
59.911011
59.892639
59.875618
Control Period
59.875038
59.882271
59.885345
59.892769
59.873985
59.881504
59.882240
59.882782
Control Period
59.900543
59.885471
59.894402
59.897758
59.903358
59.918560
59.932735
59.913086
59.903839
Control Period
59.909439
59.899296
59.868767
59.906273
59.914627
59.896576
59.866016
59.886753
Control Period
59.890175
59.907295
59.930878
59.889793
59.886177
59.868195
59.883904
59.878082
59.888416
Control Period
59.891998
59.902046
59.865791
59.892960
59.881310
59.882401
59.854401
59.861694
Control Period
59.895554
59.890430
59.901405
59.883553
59.872803
59.902271
59.894051
59.876129
59.902206
Control Period
59.867233
59.888992
59.899456
59.887390
59.896767
59.860287
59.901119
59.916351
Control Period
59.912575
59.912960
59.877632
59.886688
59.906563
59.904545
59.888481
59.887360
Control Period
59.903198
59.902397
59.898499
59.911041
59.893089
59.892479
59.923553
59.879040
59.872192
Control Period
59.904831
59.895744
59.912193
59.914719
59.917248
59.892704
59.929314
59.917282
59.907043
Control Period
59.918304
59.894302
59.898849
59.889759
59.897507
59.912415
59.893600
59.906048
59.896191
Control Period
59.900513
59.891106
59.878334
59.892159
59.864895
59.887390
59.876289
59.874878
Control Period
59.887424
59.896030
59.902401
59.867073
59.889122
59.914558
59.915039
59.884674
Control Period
59.908512
59.886909
59.910656
59.903904
59.896065
59.899456
59.917824
59.905121
59.903038
Control Period
59.881378
59.888416
59.881344
59.874943
59.886559
59.903458
59.909664
59.912514
Control Period
59.883392
59.903839
59.918175
59.912163
59.897728
59.912384
59.885216
59.913696
59.904510
Control Period
59.912640
59.900414
59.896095
59.913120
59.901184
59.901405
59.916737
59.910622
Control Period
59.933281
59.917122
59.892864
59.879936
59.879906
59.886177
59.879616
59.887138
59.877762
Control Period
59.909279
59.929920
59.882912
59.897598
59.886047
59.896000
59.878174
59.866623
Control Period
59.895519
59.883453
59.868034
59.860291
59.889473
59.878654
59.878464
59.868031
Control Period
59.886784
59.874687
59.905056
59.902466
59.885311
59.863678
59.872253
59.901505
59.894817
59.885155
Control Period
59.879005
59.873665
59.866753
59.871391
59.873791
59.887680
59.873123
59.887360
59.865986
Control Period
59.875233
59.881310
59.875553
59.894112
59.869022
59.880768
59.880672
59.864128
Control Period
59.868546
59.868000
59.866337
59.915649
59.908226
59.898144
59.884285
59.908287
59.893631
Control Period
59.887169
59.889793
59.888000
59.870338
59.871521
59.871422
59.878017
59.875549
59.890049
Control Period
59.863106
59.887680
59.858467
59.850143
59.873795
59.869663
59.878014
59.856224
Control Period
59.881950
59.891808
59.885216
59.855968
59.861374
59.852863
59.875328
59.880066
59.895840
Control Period
59.862946
59.879520
59.891106
59.879745
59.869537
59.868736
59.861954
59.903679
59.885666
Control Period
59.874783
59.876289
59.894623
59.889153
59.883842
59.868034
59.854496
59.875328
59.887810
Control Period
59.874817
59.871616
59.855743
59.878914
59.861694
59.863457
59.885246
59.912865
59.877571
Control Period
59.896576
59.880547
59.870079
59.910301
59.901054
59.885567
59.872543
59.893501
Control Period
59.877953
59.887230
59.905090
59.883362
59.894112
59.906593
59.884834
59.878914
59.868866
Control Period
59.891518
59.884289
59.900894
59.870560
59.886078
59.889023
59.890656
Control Period
59.853249
59.838207
59.950943
59.873760
