113.405
117.857
116.951
113.795
113.893
113.905
115.033
114.502
113.64
114.065
113.31
112.923
113.299
111.725
112.267
111.616
111.287
111.81
110.541
112.173
110.951
111.423
110.499
110.89
110.827
110.665
109.991
109.829
110.285
110.149
110.144
110.154
109.932
109.656
109.668
109.985
109.907
110.261
109.708
109.848
109.678
109.712
110.098
109.833
109.993
109.802
109.836
109.842
109.995
110.348
110.22
110.017
109.527
109.66
109.499
109.821
109.681
109.678
109.675
109.668
109.696
109.563
110.049
109.842
109.786
110.31
109.709
109.903
109.597
109.937
109.827
109.867
109.369
109.263
109.561
108.969
109.241
109.595
110.032
109.567
109.733
109.959
109.674
109.94
109.698
110.167
109.977
109.713
109.639
109.738
109.81
109.677
109.867
109.731
110.056
109.612
109.988
110.074
110.31
110.261
110.025
109.72
110.141
109.822
110.049
109.605
110.034
109.604
109.682
109.6
109.633
109.676
109.679
110.043
