1365.2
945.667
718.1
459.667
391.5
549.667
460.6
461.517
410.333
413.933
311.167
357.8
269.6
55.3999
222.267
38.6001
204.9
89.2002
130.5
182.933
131.9
112.1
126.867
177.233
127.903
176.9
92.9331
19.7998
103.133
121.6
27.8999
36.4839
-86.8335
-115.207
-19.7417
-61.7334
-13.6665
63.1001
147.767
43.0332
-28.7666
26.9668
-73.6001
-9.2998
-71.1333
-19
42.9331
60.8335
24.6001
2.6333
4.5332
107.567
23.9331
-42.3667
-11.7666
-25.3335
11.5161
34.6001
-45.7998
-14.4331
-6.5332
-66.8335
94.6333
-21.0332
35.4668
-60.1001
40.4668
12.2412
107.933
202.533
55.6206
62.5669
40.1333
-78.3667
-19.6333
-100.667
-122.833
-46.1665
-50
-35.4668
-68.8999
-100.3
-51.9331
9.7998
122.7
14.8999
2.82764
8.03223
-50.1665
108.4
-141.5
-13.0669
22.0332
3.1001
-17.5669
-16.9331
34.0669
-29.2998
-52.7998
27.8667
68.2666
63.5669
57
21.5
71.9331
38.2334
-15.8999
-12.5864
-4.7998
56.3667
-125.233
-8.93311
55.8667
-93.4614
