80
64.6055
59.9361
59.8684
58.2076
57.3773
58.235
60.8469
60.7066
59.5933
58.4072
58.2494
58.1111
58.6403
60.4848
60.2592
61.4839
60.9344
61.1498
61.296
60.718
60.7786
60.8536
60.8046
60.5425
60.563
60.1247
60.5258
61.1815
60.9338
60.8016
61.0159
61.0586
62.24
63.0045
62.9059
62.8686
62.7249
62.0728
61.0925
61.2582
61.7303
61.7449
62.4619
62.3956
62.6028
62.4641
61.7624
61.4091
61.4112
61.582
61.6757
61.4233
61.5435
62.0091
62.3467
62.4493
62.714
62.2021
62.5094
61.9516
61.9812
62.6711
61.3873
62.0388
61.6084
62.5089
61.8704
61.4031
60.6777
59.9676
59.7701
60.4866
60.6988
61.4721
61.8319
62.6552
63.2082
62.972
63.1236
63.3206
62.8453
63.3274
63.3431
62.5647
61.3733
61.4967
61.7755
61.9318
62.1823
61.5237
62.6067
63.0282
62.4703
62.3684
61.9767
62.1492
62.2869
62.222
62.7019
62.2584
61.9171
61.7172
61.43
61.5755
60.992
61.3588
62.3124
62.9932
63.1108
62.628
63.4404
63.2938
62.0952
