60.162464
59.905441
59.862080
59.879395
59.864029
59.932671
59.892929
59.863777
59.879395
59.880066
59.870850
59.876099
59.871040
59.891457
59.892960
59.882622
59.863617
59.868992
59.875519
59.888130
59.863777
59.859680
59.902817
59.883362
59.887264
59.883614
59.922142
59.893570
59.919037
59.907875
Control Period
59.921886
59.915680
59.933022
59.904480
59.904129
59.911552
59.928322
59.937408
Control Period
59.900734
59.931873
59.907616
59.900993
59.940414
59.906334
59.892639
59.905121
59.884926
Control Period
56.246143
56.796127
58.909088
59.138176
57.044098
55.696609
56.708416
59.902721
58.680386
Control Period
59.761154
59.100128
55.870209
56.442593
56.105312
57.952896
59.901215
59.883392
Control Period
58.644356
59.892960
58.619553
56.062271
55.596001
59.883423
58.543747
59.877090
55.962784
Control Period
56.947235
59.902878
57.379936
59.917824
55.751392
59.909439
57.984608
59.920128
Control Period
58.450272
57.268707
59.899933
56.143070
59.917534
59.877697
55.839104
59.901314
Control Period
58.379807
57.606304
59.485634
59.484894
57.332573
55.618881
59.895004
59.912064
Control Period
58.489922
55.682560
56.525185
56.078850
57.563293
55.469055
57.564835
59.869759
Control Period
58.401245
56.808353
55.991550
55.906013
56.248032
57.140770
55.873695
55.657822
56.430912
Control Period
58.915359
57.495136
58.635231
57.684544
57.138115
57.578335
56.254303
Control Period
57.574562
55.999939
57.834946
56.931808
56.446754
59.897728
56.020737
59.580799
56.739037
58.301437
Control Period
57.299458
58.726273
56.425407
57.437569
59.066784
58.017696
58.638271
58.617023
57.441185
Control Period
56.589569
57.138718
57.028225
57.284958
57.747200
55.985374
57.113182
59.807167
57.890686
Control Period
59.902046
56.550941
55.708641
58.062370
59.914879
56.858719
56.427711
56.453438
59.912769
Control Period
58.493504
57.849762
57.690689
57.350365
56.329536
56.439934
55.631165
58.041885
57.840897
Control Period
58.520866
55.532318
56.136093
55.845631
55.733856
55.883457
55.621346
59.127357
57.803230
56.124352
Control Period
56.911297
57.134720
57.851517
57.902527
57.511650
57.762878
57.534142
57.796608
57.544224
Control Period
56.138466
56.157375
56.179680
55.818462
56.656258
56.992512
56.461342
57.371613
57.552479
57.470177
Control Period
57.444000
57.763424
57.575966
56.413536
56.179970
56.052444
57.302078
56.613472
55.988930
Control Period
55.991615
56.084831
56.539932
56.712738
56.920544
57.724384
57.689472
55.823555
55.652191
54.751007
Control Period
57.746048
55.146111
55.462654
57.770336
57.426239
56.676926
57.610657
57.663971
Control Period
59.015232
57.752544
56.135101
57.673279
55.391518
55.636993
57.425632
56.493568
Control Period
57.069122
56.574081
56.803425
56.902592
57.904545
55.877823
57.761375
54.018719
55.687168
Control Period
57.104126
56.543266
54.029533
54.847359
57.523872
55.163902
57.809502
55.337730
57.410019
Control Period
57.911713
55.956161
57.654686
57.721439
55.145950
55.336449
58.004959
55.853855
57.888222
54.058914
57.372032
Control Period
54.028736
57.894402
55.828320
55.485474
56.460098
56.399296
55.945759
57.330273
56.476768
Control Period
54.028419
55.950272
54.221504
57.837826
55.137344
55.531326
57.831295
57.658207
Control Period
57.500031
57.468414
57.804543
57.231201
54.702942
54.900192
57.745277
54.566818
55.783295
Control Period
54.029408
54.109665
56.309731
56.960705
56.304703
55.814110
54.029411
56.486401
55.805279
Control Period
54.049217
54.027519
56.348801
57.171906
55.729088
55.654240
55.190945
56.625278
54.513985
Control Period
55.860542
55.788322
56.113121
56.488159
56.773247
57.848961
57.457439
56.913086
54.599838
Control Period
55.808258
54.918755
56.824448
56.560928
56.155586
56.019424
56.210434
54.565216
56.619167
56.253536
Control Period
55.797729
54.272385
56.352543
57.071968
57.542591
58.175331
56.005730
55.471619
55.345951
Control Period
55.608448
54.026817
54.033699
54.020958
56.943615
56.850845
55.109344
55.254623
56.275742
56.353474
Control Period
56.795486
56.060448
56.242371
54.258015
54.042557
54.054787
57.743362
57.789665
57.601089
Control Period
57.731262
57.179680
56.933281
57.627808
54.066689
54.061600
54.038750
55.726334
Control Period
57.833923
57.040287
56.076160
56.534142
55.917725
54.456863
54.448704
55.124382
Control Period
58.300163
55.622433
55.808701
55.113792
56.370209
57.882973
57.261761
54.058144
54.043392
Control Period
57.245602
54.064224
54.034622
57.854336
54.033504
56.697342
54.188801
57.627487
Control Period
58.727520
57.543617
57.358368
57.246658
56.589249
54.067776
54.063553
54.133278
54.611168
Control Period
58.641727
57.897217
54.083775
54.039806
54.282051
54.160095
56.618942
56.812706
57.299648
56.979744
Control Period
54.047329
54.467262
55.173279
55.848320
56.489220
57.151905
56.727135
56.501408
56.921761
Control Period
55.093536
57.704674
58.107140
54.091263
54.067680
57.634335
54.063934
54.063904
54.157219
Control Period
54.039776
57.009026
57.568832
57.680992
57.799873
54.773987
54.422592
54.237694
54.043617
54.114914
Control Period
54.045280
54.048958
54.052704
56.409698
56.962173
54.953087
54.027168
56.284096
56.468094
Control Period
57.684895
57.338493
54.013054
54.047489
55.915585
56.222305
55.630497
55.142654
55.892258
55.626049
55.478783
Control Period
54.485794
54.948544
54.692383
55.364895
55.186687
55.858307
57.707199
57.308609
57.867104
Control Period
54.386909
54.090782
54.075264
56.167107
56.675682
57.516930
57.807587
54.406654
54.065441
Control Period
54.028992
54.090782
54.046753
54.126335
57.779297
57.949631
57.609760
57.727997
54.039490
Control Period
54.024033
54.027840
57.542366
57.440353
57.822048
57.575134
57.577087
57.702785
57.729118
Control Period
57.673149
55.346947
55.945663
56.168510
55.626945
55.704674
55.403618
56.299297
55.797539
55.398590
Control Period
55.607170
54.758369
54.412674
54.934143
54.770401
57.384129
57.251678
57.311745
57.144737
54.038208
Control Period
57.383072
56.717152
57.288002
57.241089
56.616577
55.932861
55.493088
56.248928
55.777885
Control Period
57.996574
57.712673
54.056770
54.012161
54.010464
54.041283
57.699360
57.759872
57.520477
56.313408
Control Period
57.077789
57.398018
57.642174
57.624992
57.816643
57.569408
57.563133
57.572029
57.755234
54.100990
Control Period
54.656639
55.170784
56.130974
56.383934
56.638561
55.769058
55.532867
55.094658
Control Period
57.726814
57.516930
56.877281
54.681442
54.668480
55.148643
55.099487
55.682880
Control Period
57.728226
54.024384
54.043808
54.019264
54.039265
54.026978
54.113953
54.041664
54.037346
Control Period
57.708897
55.864033
55.764420
56.040321
56.286079
55.906879
55.272255
54.784481
54.056290
Control Period
56.072033
57.712769
57.335136
56.688354
57.357246
56.778976
55.166977
55.810913
55.491615
Control Period
55.679298
57.765953
54.032673
54.025345
54.037472
54.039902
54.059296
54.004738
Control Period
56.366882
57.076866
56.849823
57.056480
57.570114
57.369629
55.920097
55.754688
55.508705
Control Period
55.823360
55.210434
56.135777
55.802658
56.370304
55.557602
55.153091
54.309731
54.343391
54.239006
Control Period
56.177696
56.152576
56.276031
57.180130
57.519615
57.709503
57.769119
57.800350
54.031586
54.197887
Control Period
56.050304
55.385185
55.012573
55.679939
55.379326
55.472191
55.470047
55.271294
Control Period
54.799488
54.028801
54.014786
54.067169
54.036350
54.063999
54.002880
57.615200
57.605698
Control Period
55.410530
54.935585
54.907711
55.478432
54.443295
54.135773
54.467201
55.985088
Control Period
56.565475
55.248543
54.729759
57.655807
57.705887
54.053471
54.197342
57.638977
57.743553
57.625854
Control Period
54.574493
54.024895
54.027710
54.042145
54.022495
54.031200
54.342880
54.024834
53.990528
Control Period
56.954594
57.584927
58.067169
57.611649
57.691456
54.012928
55.758080
55.840672
55.549026
Control Period
55.907871
55.943329
55.984097
54.007263
54.099998
54.036034
57.226944
57.429054
Control Period
54.024414
54.486687
54.003265
54.282688
54.024605
54.035072
55.375938
55.062496
57.804512
57.995102
Control Period
54.031296
57.450016
54.073471
56.192673
57.830559
58.045410
55.768768
55.373726
54.917793
55.146656
Control Period
54.124191
54.084259
57.317726
56.659233
57.696960
54.028351
57.379395
56.809696
57.632156
Control Period
57.781570
54.546112
54.027199
57.026497
57.248768
54.013695
54.300705
55.424416
55.042046
57.836578
Control Period
57.896511
57.825184
55.474976
56.238945
54.038017
54.015072
54.044991
55.395264
55.415710
Control Period
57.767136
57.602047
57.602367
56.588318
56.351135
55.115425
54.039551
54.019295
57.743263
Control Period
57.449631
54.536865
57.284672
57.707550
57.130814
56.568542
57.607170
57.904800
57.748577
57.740479
54.074017
Control Period
54.046494
54.031010
54.026592
54.030594
54.119713
54.392864
54.736256
55.299614
55.707298
Control Period
54.000385
54.000130
54.035774
57.739040
57.615616
57.539101
57.621155
56.547874
56.359459
Control Period
59.916611
55.854912
56.157661
55.827583
55.900291
56.976990
56.534882
54.063522
54.269150
57.350880
Control Period
56.157661
54.056702
54.761440
55.177025
55.626526
55.456097
56.295746
56.202690
54.163872
54.145344
Control Period
57.785507
54.052383
54.287392
54.479744
55.176575
55.879967
55.975937
55.812256
55.304768
Control Period
54.055428
57.621792
57.570751
56.390049
55.508896
55.491840
54.612480
54.963554
Control Period
58.040257
57.974815
57.990879
57.276001
54.065121
54.063583
54.044510
54.036034
57.261436
Control Period
57.882656
57.607681
57.641342
57.650078
57.564194
54.324673
54.369598
54.318848
54.040451
Control Period
55.154305
55.093987
54.045021
54.054592
56.371872
56.339008
56.238846
56.457214
Control Period
57.123810
56.317535
56.090431
56.229759
56.654594
56.610046
55.106339
55.692032
Control Period
56.482304
56.935871
56.699360
56.555679
55.314400
56.486526
54.053024
54.038879
54.861408
54.435234
Control Period
54.582718
57.399902
57.708191
58.217407
57.808704
58.028801
57.506493
57.832062
54.748734
57.457283
Control Period
56.644897
54.030689
54.028893
54.020161
54.038528
56.524704
56.947838
57.090302
57.748577
Control Period
55.831841
55.445854
55.856483
56.250175
56.901154
56.981857
56.452675
55.519009
54.982910
Control Period
55.329056
54.427811
54.022850
54.413025
54.209122
54.021118
54.023262
56.764832
54.989761
Control Period
55.831360
54.641281
54.681183
55.141312
57.782593
57.594879
54.441727
57.719231
Control Period
59.277023
57.186592
57.318237
57.537537
54.045506
57.562496
57.378082
57.716640
57.908001
54.057472
Control Period
56.274147
54.268707
54.272926
54.405983
54.046753
54.050720
57.986786
55.698463
55.907455
55.897278
Control Period
56.928928
54.125183
54.022400
54.043232
57.697411
57.705437
56.867805
57.830624
57.930176
Control Period
55.882851
55.730850
55.561569
55.814400
57.484573
56.986977
56.659168
54.012032
54.012577
Control Period
55.724289
54.743168
55.121246
58.036991
57.713470
57.848289
54.082497
57.157471
57.219360
54.667648
Control Period
55.524414
55.964989
56.604065
57.592224
57.936512
57.711197
55.224224
55.596130
55.832832
Control Period
54.810143
54.913536
56.751938
56.292671
54.035522
54.035774
54.656033
57.582176
57.708771
Control Period
59.885952
57.221344
56.368446
55.886559
56.022079
54.028381
54.253120
54.528576
55.465855
Control Period
55.506943
54.022850
54.055840
54.185410
54.018623
54.006050
54.031265
57.627838
57.847389
Control Period
57.573952
54.227425
54.041885
57.809662
57.556511
57.794304
56.903870
56.088638
Control Period
55.748062
57.181374
57.686623
57.652481
57.928162
57.913952
57.623871
57.681023
57.586849
Control Period
59.718689
56.658207
57.027489
57.669056
57.434082
57.663010
57.912704
57.558624
57.647552
Control Period
59.270782
55.438271
54.360931
54.553375
57.573887
57.692928
57.602242
57.762077
57.928802
Control Period
58.308578
55.451363
55.424446
55.768738
56.904671
56.549057
56.445057
56.830238
57.113152
Control Period
59.482944
57.804031
54.011841
57.988670
57.829346
54.038109
54.381889
54.581985
55.077507
56.543808
Control Period
59.558304
57.318466
57.714848
57.568447
57.148926
57.000706
54.891808
54.415710
55.121887
55.952675
Control Period
54.062336
54.056576
54.038273
54.113857
54.027359
54.047520
54.409344
57.305248
56.608894
Control Period
57.919106
57.800835
57.785378
57.565727
54.030785
54.062111
58.037537
54.029091
Control Period
57.947361
59.854176
59.852032
59.872993
59.878304
59.858627
59.861729
59.866974
59.880001
59.861343
59.886147
59.848896
59.883968
59.844769
59.872063
59.860542
59.879425
59.873215
59.862366
59.866528
59.868317
59.873024
59.865410
59.859070
59.860607
59.873856
59.950752
