59.258049
58.573441
58.549248
58.547871
58.584320
58.574623
58.562431
58.556705
58.568993
58.571873
58.584961
58.577217
58.672672
58.554306
58.570591
58.560223
58.601921
58.584831
58.558018
58.548897
58.565311
58.655106
58.557503
58.552959
58.593376
58.559074
58.592323
58.593597
Control Period
62.178047
58.787231
61.663971
58.723007
59.583393
62.444672
58.832703
62.276642
Control Period
58.781055
58.741600
58.768768
58.743134
58.677727
58.746559
58.763424
58.789280
Control Period
58.766945
58.739902
58.279648
56.954945
58.490623
58.736095
58.744991
58.185501
57.294624
Control Period
58.967041
56.463039
56.753983
58.416416
58.761246
58.649956
57.502209
56.432610
57.278877
Control Period
58.733246
56.385155
58.579105
58.575806
58.726849
56.409920
58.720703
Control Period
58.780128
56.278305
58.751709
56.406685
59.012608
56.590240
58.732128
56.384705
58.728672
Control Period
56.501663
58.776257
57.734978
57.108608
58.735039
56.452225
56.456863
58.755615
57.842369
Control Period
57.316383
58.792385
58.274269
56.611744
58.023201
58.722176
57.340321
56.558434
58.778656
Control Period
56.398369
56.838207
58.596130
58.753025
58.947872
57.774624
58.809891
57.173634
57.684544
Control Period
57.253342
58.257088
58.810463
58.428383
58.189026
58.726849
58.770496
58.710976
58.377823
Control Period
57.101379
57.797985
57.349503
57.328194
57.500160
57.892128
57.399776
57.431488
58.132126
Control Period
58.706017
57.104481
57.497345
57.419838
56.347359
56.407135
56.753151
56.289185
57.791424
57.150753
Control Period
57.474976
57.199295
56.479774
57.526558
56.560509
57.302818
56.766525
57.153183
57.429214
58.402626
Control Period
56.441505
57.504158
57.846241
56.343712
57.692963
56.418304
56.429314
57.438049
Control Period
56.721695
57.600319
57.152992
57.055298
56.974525
57.530689
56.467392
56.417183
58.208801
57.655197
56.454529
Control Period
58.724579
57.453247
57.432861
57.817566
56.481186
56.439102
56.543617
57.487488
57.114464
Control Period
56.779072
57.367485
57.639713
57.148605
57.497566
56.980354
56.984833
56.573055
57.230270
56.469280
Control Period
57.527905
57.547234
57.249920
57.110397
57.045727
56.828194
57.006336
56.922722
57.518814
Control Period
56.408607
56.443359
56.551453
56.490623
56.495522
56.407871
56.195198
57.749794
Control Period
57.620926
57.369087
57.524002
56.009216
56.434334
56.538177
57.489662
56.408382
56.528160
Control Period
56.420959
56.563232
55.901634
57.510338
57.467522
56.499268
56.567650
57.370720
57.784477
57.166847
Control Period
56.824898
56.747360
57.214211
56.833920
57.228703
57.375584
56.554497
55.289124
Control Period
56.878464
55.322624
56.767136
57.304737
56.647552
56.926659
56.547264
57.565437
56.347328
Control Period
56.499649
57.479969
56.393055
57.373024
56.531326
55.477760
57.603775
56.434208
57.839073
Control Period
56.563007
57.758785
57.026978
57.085087
56.913822
57.121441
56.849922
57.519203
Control Period
57.667007
56.542847
56.882080
56.977695
55.324512
57.262878
56.784447
57.470749
Control Period
56.224319
57.630848
56.575294
57.292000
57.557632
57.397346
56.065475
56.463104
57.611618
Control Period
56.530815
57.529442
56.814014
57.424995
55.302750
57.036285
57.310783
56.854401
55.343712
Control Period
57.100544
55.254463
56.601536
56.925568
57.259457
56.933727
55.354973
57.306274
Control Period
56.683136
57.414368
57.489632
56.202850
56.505569
56.243168
57.515938
57.638432
56.133186
Control Period
56.424095
57.395294
57.484608
56.204319
55.684032
57.276543
56.797024
56.757824
56.341026
Control Period
57.407425
56.737152
56.685890
56.122623
56.267456
56.432030
55.255714
55.411522
55.874306
57.378334
Control Period
58.765373
57.010338
56.259102
56.163937
56.287453
56.674141
56.309792
57.109344
55.918365
56.019840
Control Period
56.594559
57.663841
56.934433
56.000256
55.617313
55.308578
56.316513
56.588387
56.845535
Control Period
56.712990
57.841568
57.466305
57.627872
55.821472
55.960991
57.211201
56.787136
56.562241
56.156609
Control Period
56.271423
56.434303
56.505184
57.425438
57.577152
57.481918
55.488129
55.281952
55.283840
Control Period
55.540833
55.804863
57.511967
55.316097
57.387741
57.526081
57.560928
56.368992
Control Period
56.590176
55.768066
56.356644
56.318306
57.554432
57.181538
57.382751
57.054081
Control Period
57.180672
56.581665
57.080734
57.184418
56.468128
55.481953
55.656639
57.537697
57.569824
Control Period
57.948479
57.370369
57.490273
57.364578
55.342751
57.727200
57.476543
55.898304
57.427551
55.293056
Control Period
56.989216
55.449310
55.828224
56.123299
57.562912
57.484543
57.468765
57.412449
57.375778
Control Period
56.833664
55.364864
57.542400
57.449665
57.615425
57.496925
56.013664
55.963039
55.853729
55.905441
Control Period
57.347328
57.442497
57.064415
56.672386
56.160225
56.025375
56.526878
55.957314
56.066177
Control Period
56.908512
55.329155
57.440224
57.493279
55.345566
55.390656
57.455135
57.205791
57.269920
Control Period
57.490623
55.924896
55.473854
55.310143
55.265568
57.358337
57.469055
57.439262
57.450912
Control Period
58.794563
57.533150
57.684097
57.604385
56.050018
57.454910
57.699615
56.525826
55.641151
Control Period
57.507359
57.450817
57.499138
56.602337
56.862526
56.472961
56.995743
Control Period
56.750435
57.317886
57.167618
57.251808
56.910240
56.905571
56.487297
55.408096
55.645538
Control Period
55.347008
57.469055
57.509155
57.540066
56.072063
55.980515
55.442017
55.288605
57.518753
Control Period
58.005409
57.604481
57.594303
57.541695
57.503166
55.286495
55.361725
55.299232
55.288258
Control Period
57.775295
57.613152
55.400928
55.283585
55.291840
55.344097
55.327232
55.317089
Control Period
57.070656
56.627518
56.491295
56.495903
56.768002
57.239361
56.444641
56.703743
Control Period
56.846878
57.350525
57.770691
57.208221
57.109474
55.710205
55.863808
55.958687
57.472862
57.732704
Control Period
55.829155
56.081409
55.831615
55.945408
56.059841
56.645088
56.761406
56.439167
56.860191
Control Period
55.333153
57.442146
57.591839
57.525696
55.341312
55.290401
55.583649
56.057182
Control Period
57.662113
55.561890
55.337982
55.423553
55.328800
55.328865
55.517056
55.289631
57.546654
Control Period
57.239040
57.268318
56.791489
56.305183
56.107552
56.208416
56.462013
56.563805
57.017696
Control Period
56.731522
55.367523
55.756416
56.178688
56.601505
57.210335
57.249184
56.896065
56.949249
56.583389
Control Period
57.495842
57.516258
57.789825
57.460701
57.354240
57.331039
57.486111
57.527840
57.508224
Control Period
56.594398
56.585663
56.557312
56.441151
56.311134
56.702721
56.980766
57.280800
57.548798
Control Period
56.436798
55.399776
55.895554
56.040096
55.804321
56.083839
56.749279
56.554817
56.748798
Control Period
57.339489
55.292160
57.554848
57.606049
57.492416
57.328735
57.649025
57.434433
55.621346
57.614525
Control Period
56.031902
55.762527
55.770302
56.085533
55.591202
55.311745
56.521278
56.631233
56.967392
Control Period
56.836899
56.788769
56.315742
56.673824
56.975937
57.271744
57.209984
57.455742
Control Period
56.493664
56.331551
56.096802
55.744125
55.357727
55.280960
55.275970
55.425407
57.629791
Control Period
57.346207
56.355934
56.606144
56.757217
56.440643
56.775169
56.789921
56.665794
56.946880
Control Period
57.113152
57.415489
57.740417
57.632671
57.669373
57.528896
57.461792
57.521408
55.563393
Control Period
56.714848
56.994144
56.940575
57.346046
57.414368
57.453888
57.231522
56.249279
Control Period
57.064323
55.423233
57.587360
55.306114
55.682526
55.794113
Control Period
57.083458
57.512062
57.448318
57.467903
57.611103
57.557762
57.478142
57.557602
57.392349
Control Period
56.079582
55.640320
55.336349
55.359905
55.338432
56.781120
56.446114
56.716896
Control Period
56.365791
56.453377
56.538078
56.348511
57.503681
57.724480
57.551262
55.803455
55.324707
Control Period
57.756577
57.230400
57.460159
57.559837
57.629280
56.477951
56.897087
57.156990
55.354752
Control Period
57.361694
55.345184
56.263969
55.378559
55.280670
55.354462
56.428833
57.132446
56.912926
Control Period
57.368671
57.429890
55.518463
55.796738
55.450497
57.531361
55.965183
56.138176
55.386627
Control Period
57.352608
57.061821
57.002785
55.937630
55.849442
57.460289
57.362686
56.716194
56.985023
55.324387
Control Period
55.274368
55.329216
55.326080
56.505119
56.314400
57.460350
57.375229
56.777824
56.723999
Control Period
55.258530
55.308479
55.507744
55.303200
56.287262
56.739105
56.852833
57.404381
55.310814
Control Period
57.450974
55.583488
55.605667
56.180222
55.329056
55.276863
55.340481
55.329086
57.625153
Control Period
57.612225
57.639038
57.450687
57.447006
57.381409
57.357887
57.061699
56.630333
56.547935
Control Period
57.679230
57.466976
57.613823
55.354111
55.286560
55.348610
55.353153
55.988800
56.057407
56.073215
Control Period
56.459679
56.256958
56.581345
56.211006
56.165985
55.936226
57.491776
57.803104
55.423393
Control Period
57.374146
57.544510
57.312897
56.882111
56.584862
56.420769
57.429375
57.404095
Control Period
57.295105
57.545662
57.541855
57.318527
56.751072
56.432289
56.804417
57.457535
Control Period
55.289726
55.366817
55.269791
57.629185
56.030689
56.637726
56.707390
57.055103
57.065567
Control Period
57.069122
55.377151
55.334976
55.554241
57.634270
57.674175
57.552544
57.541248
56.019234
Control Period
57.466881
55.393856
55.339520
55.328285
55.304512
57.405342
57.194336
57.390015
57.746593
Control Period
57.561890
56.905792
57.245632
57.019966
57.573727
57.506882
56.229984
56.354336
56.284607
56.190941
Control Period
56.340958
56.362465
56.439774
56.300034
56.247231
56.639297
56.773441
56.341599
Control Period
56.453793
56.004707
56.127167
55.904030
56.843361
56.072578
57.624256
57.428642
57.285378
57.319839
Control Period
57.177505
55.358719
55.311325
55.355522
55.355839
55.322113
55.290627
57.337250
Control Period
56.466496
57.426720
57.504478
57.442207
57.471359
56.421024
55.522430
56.008320
55.562851
Control Period
56.550079
57.159679
56.708832
56.423138
56.533184
55.971329
56.036896
56.543106
56.987232
Control Period
58.799553
57.250114
57.392097
57.247040
55.580128
57.391357
57.080803
57.449150
57.462242
Control Period
57.088066
57.207264
57.413952
57.019806
56.604446
55.475807
55.321888
57.680992
57.383102
55.333984
Control Period
56.474976
55.540833
55.617985
55.855774
55.411011
55.355202
55.279907
57.525215
Control Period
57.928864
57.381824
57.497055
57.329506
57.464417
57.576286
55.358177
56.488319
56.434334
56.293953
Control Period
55.874271
57.335327
57.473022
57.384064
55.330753
55.277374
55.797379
55.248962
55.344448
Control Period
56.720924
56.494240
56.585888
56.381119
55.938465
55.926594
55.969887
57.549438
57.499390
Control Period
57.304802
57.012863
56.743008
55.300255
55.301598
55.799362
55.866211
Control Period
57.175522
56.631168
56.313469
56.297028
55.327202
55.309441
57.189537
56.967934
56.724319
Control Period
58.744511
57.077888
56.232574
57.680416
57.550751
57.427650
55.381790
55.279968
55.285538
Control Period
55.653343
56.001663
56.424927
56.577408
57.660515
57.497566
57.567841
57.021057
Control Period
57.640610
57.479454
57.337090
57.580414
57.635742
57.590462
57.417088
55.272896
55.348511
Control Period
57.378304
57.481537
57.518593
55.264702
55.332542
55.424736
55.807968
56.277439
56.535328
Control Period
55.879967
55.485439
55.412575
55.317951
55.363647
55.306496
55.362209
55.323616
55.320576
Control Period
56.070526
56.081314
55.643135
55.293823
55.221123
55.264450
55.302338
55.302307
55.306816
Control Period
57.013088
57.470558
57.300961
55.607616
55.528320
55.465538
55.465088
55.419647
55.296638
Control Period
56.634560
56.687935
56.736961
56.152611
55.970078
56.125153
55.821182
55.982399
Control Period
55.314304
55.333443
57.656704
57.488480
55.340096
55.386368
57.429123
57.239677
57.130493
56.374687
Control Period
55.341759
55.306625
55.385826
55.553986
56.038464
57.502205
57.362560
56.699234
Control Period
58.650337
57.744705
57.415905
57.450691
57.505310
57.666431
57.289505
55.872417
56.191071
Control Period
55.363518
55.247391
55.319458
55.351166
57.628609
57.412354
57.403488
55.341026
55.313057
54.930206
Control Period
58.446846
58.459518
58.432739
58.437023
58.430977
58.459007
58.427391
58.462688
58.429825
58.453247
58.429920
58.444321
58.417343
58.431679
58.413887
58.423294
58.437439
58.439102
58.428963
58.429729
58.444931
58.447105
58.430466
58.441952
58.412224
58.454498
59.991360
