80
64.4754
67.5587
70.3947
71.7928
71.17
70.9966
70.9489
71.8005
71.157
70.4784
70.8409
70.5865
70.9133
71.3687
70.9304
70.9231
70.7818
70.397
70.9239
71.0822
71.3511
71.0114
70.5339
71.2972
70.7631
70.884
71.2591
71.174
69.8365
70.6166
70.1715
70.8474
70.935
70.8728
70.0026
70.2011
70.7539
72.2142
72.0776
71.1073
70.1739
70.4069
70.9491
70.4963
71.6699
71.1743
70.0647
70.5764
70.9379
70.5746
70.2651
70.1788
71.1772
70.9062
70.8127
70.723
70.318
71.7035
72.0256
71.6302
71.2303
70.7009
70.5542
71.0893
70.6197
70.7064
71.2619
71.0173
71.0507
70.4606
70.592
70.9592
71.008
70.9909
70.8503
71.2009
71.2657
70.3868
70.5436
70.8499
71.0152
72.1003
70.7031
70.0796
70.2349
70.8278
70.9324
70.508
71.0136
71.0315
70.9551
71.1009
71.1949
71.9977
70.7503
70.459
70.0905
70.0361
70.5231
71.9117
70.5532
70.8091
70.7155
70.5395
70.9062
70.9898
70.4772
71.2571
71.5949
71.1137
70.9509
71.5258
70.8188
