160
139.479
136.77
136.56
138.026
138.391
138.518
138.087
138.474
138.665
138.574
137.467
137.176
137.859
137.786
138.467
137.712
138.288
137.823
137.68
137.904
137.771
137.479
137.729
137.911
137.853
137.583
138.681
138.582
137.435
137.492
137.381
137.111
137.939
137.904
137.521
137.711
137.872
138.804
139.041
139.228
139.731
138.404
137.83
137.366
138.626
138.194
137.928
138.126
137.583
137.567
136.627
137.036
137.428
137.536
137.526
137.518
137.085
137.419
137.703
138.952
138.492
138.195
137.952
137.943
138.146
138.237
139.256
138.53
138.528
137.995
138.192
138.329
137.859
137.933
137.856
137.299
137.772
137.36
137.721
137.678
137.746
139.443
138.843
137.403
137.115
137.746
138.077
137.923
138.551
138.31
138.795
138.634
138.163
139.862
138.484
138.123
137.461
137.302
137.62
138.382
138.848
137.869
138.416
138.238
138.263
138.09
137.98
138.387
138.602
138.421
138.401
139.023
138.563
