1278.06
235.633
-118.9
-220.9
-8
39.2998
23.3335
-113.467
-19.7002
74.1377
20
51.7002
-29.1333
-74
27.5518
11.1289
-10.2334
90.8965
-11.7998
-31.4331
-5.1333
30.7241
10.6665
-56.1665
57.3999
-36.9668
-74.1333
-27.8335
149.1
-9.68945
34.793
6.1665
-86.2583
9.4668
116.414
-83.0332
-52.2002
-207
-64.8335
75.4668
108.172
65.7095
12.9668
88.5518
-136.2
8.2998
107.967
-15.793
-29.3335
12.0332
109.517
-28
-54.2666
-7.41357
15.1665
1.0332
77.9668
-60.7334
-90.3105
-79.6333
2.5
78
39.6001
-34.3447
34.1934
-35.4668
-99.5332
35.6333
-1.6333
85.0347
17.0332
-18.4829
-2
6.5
3.43311
3.7666
-43.1035
113.5
-12.1665
-52.9668
-13.9668
-155.828
89.5
130.2
39.3335
-83.1724
-9.5332
46.0669
-89.0332
-6.7998
-11.2002
1.5
-3.7002
-133.933
103.586
107.903
98.1377
-27.1001
-48.7666
-132.172
64.8999
6.8335
-6.93311
44.1665
-42.2334
5.7998
50.2334
-57.5669
-88.3667
34.8335
18.3447
-98.3999
51.7666
39.9165
