113.413
110.365
109.01
109.047
109.235
110.011
109.614
110.001
109.546
109.51
110.112
109.253
108.592
108.096
109.572
109.972
110.336
109.515
109.528
109.54
109.608
109.537
109.217
110.75
110.878
110.187
109.688
110.306
109.834
111.107
110.937
110.356
109.647
110.269
109.934
110.135
110.788
110.877
110.022
110.303
110.489
110.888
111.582
110.207
109.284
109.709
109.684
110.27
110.745
110.882
111.032
111.761
110.556
109.578
109.896
110.208
109.854
110.318
109.559
109.013
109.689
109.496
109.532
110.138
109.932
109.072
109.256
110.705
111.15
110.142
110.369
110.162
109.803
110.143
110.846
110.247
110.529
109.922
110.651
110.911
111.639
110.161
110.429
110.845
111.2
110.056
109.796
109.62
109.74
110.296
111.164
110.451
110.189
110.505
110.111
110.154
109.938
109.55
109.713
109.881
109.81
110.262
110.739
110.076
110.168
109.741
109.685
110.408
110.071
110.81
109.701
110.764
110.14
110.068
