80
68.0989
70.1262
69.9096
70.2588
70.3217
69.2407
69.0892
69.6294
70.3621
70.8584
69.5996
68.7336
69.3846
69.9519
70.7339
70.734
69.7651
69.3231
69.3366
69.9194
71.4535
69.2263
71.0715
70.3848
69.8366
69.2652
70.5768
69.9907
71.2974
71.0916
70.3018
70.5298
70.3889
70.0068
70.3457
70.7382
71.0161
70.1177
70.3409
70.2671
70.5919
70.3895
70.6995
69.9085
70.7748
69.5454
69.8438
70.1769
70.6369
70.8226
70.5384
69.3524
69.4674
69.7416
71.239
70.8046
70.4838
69.4889
69.6459
70.2716
70.7574
71.0382
70.464
70.1361
69.4213
69.8219
71.8008
70.4147
69.6195
70.1917
70.087
70.0282
70.5409
70.7718
70.1622
70.3522
70.0904
70.4966
70.9757
70.7877
70.0322
70.6046
70.7588
70.0369
70.4712
70.1899
70.1598
70.1755
69.7713
70.2678
70.1236
70.387
70.1202
70.204
70.098
69.6232
69.2269
69.674
70.5891
70.5662
71.1333
70.9395
70.6464
70.6987
70.1124
70.187
70.6679
70.6033
70.7219
70.1612
70.1648
69.9613
70.691
