918
918
918
987.178
998.967
993.083
987.932
985.189
985.996
983.135
985.567
985.799
981.722
987.536
995.477
994.667
987.301
983.549
982.667
985.87
989.118
988.573
986.628
985.872
989.335
977.766
980.386
981.034
988.426
984.142
983.159
975.893
975.097
978.418
980.164
982.582
983.563
982.091
978.183
974.751
982.326
979.255
977.999
979.943
977.639
978.054
989.646
985.847
983.782
983.39
978.061
973.198
973.413
973.413
976.925
980.534
984.124
987.322
983.047
977.574
981.933
988.705
990.761
986.386
980.516
980.458
981.731
981.97
989.014
987.307
976.878
977.121
980.729
982.591
981.275
981.71
981.761
978.395
980.096
980.795
981.58
980.679
974.611
973.845
976.986
975.301
977.433
974.341
975.713
980.172
983.293
985.291
982.713
978.289
979.126
979.654
980.859
983.862
983.497
982.396
988.729
984.462
983.955
983.45
976.596
976.335
979.401
980.731
981.69
981.322
980.201
977.448
978.623
982.426
980.152
980.591
982.034
977.339
