3867.5
5892.5
5912.5
6401
6989
7141
7042.5
7194.5
6949.5
6904
6910
6989
6884.5
6890
7028
7141
6969
6929.5
6963.5
6890
7101.5
7194.5
6929.5
7194.5
7082
7121
7042.5
7194.5
7008.5
7332.5
7194.5
6752
6910
7042
6949
7135.5
7121.5
6909.5
6811
6949
7081.5
6890
6969
6929.5
7028
7155
7194
7068
7135
7081.5
6712.5
7003
6949
6963.5
7278.5
7101.5
6864.5
6963.5
7008.5
6988.5
6929.5
7096
6890
6929.5
7141
7214
6929.5
6909.5
7042.5
6870.5
7253.5
6949.5
6983
6909.5
7121
6969
7121
7141
7160.5
7155
6884
7135.5
6904
6969
7002.5
7096
7200
7175
6890
6929.5
7042.5
6909.5
7101.5
6904
7115.5
7022.5
6969
7214
6890
6890
6929.5
7194.5
6831
7180
7002.5
6811
7121.5
6870.5
7121.5
7141
