160
139.103
136.981
137.115
137.101
137
137.282
137.407
137.207
136.983
137.365
136.92
135.784
135.843
136.134
137.152
137.476
137.443
136.685
136.909
137.136
137.129
136.594
137.823
137.977
138.356
137.086
137.579
137.908
138.266
138.802
138.339
137.861
137.011
137.502
137.604
138.083
138.754
137.801
137.943
138.035
137.875
138.664
139.208
136.873
137.101
137.354
137.217
138.257
138.921
138.666
138.367
138.935
138.001
136.901
137.716
138.353
137.119
136.934
136.718
136.876
137.696
137.103
136.825
137.414
136.635
136.611
137.736
138.175
138.328
137.651
138.022
137.742
137.382
137.97
138.208
137.841
137.987
137.663
138.807
138.769
138.986
138.241
137.857
138.706
138.768
137.405
136.944
136.783
137.353
138.218
138.659
138.169
137.721
137.686
137.692
137.815
136.829
137.381
137.263
137.383
138.054
137.918
137.945
137.544
137.559
137.322
137.29
138.117
137.604
137.842
137.574
138.165
137.65
