57.8992
57.9031
55.263
55.7899
55.9987
55.1471
54.9355
56.1138
56.535
56.4236
55.8883
55.5301
55.6221
55.3862
56.4437
56.4977
55.8438
55.6539
55.4179
55.9147
57.5508
55.0583
56.242
56.3662
55.7689
55.989
56.4235
55.7154
56.6969
56.7305
56.3396
56.6698
56.5137
55.9888
56.2298
56.3131
56.5491
56.5907
56.0284
56.0643
56.7688
56.0165
56.6955
56.8634
56.4961
55.0547
55.9258
55.7018
56.1558
56.7366
56.701
55.4885
55.9728
56.2006
57.0105
55.9572
56.7326
55.9766
55.9723
55.9627
56.1579
56.9101
56.3268
56.0335
56.0351
55.8054
56.9818
55.9372
55.8207
56.5155
55.9043
56.049
56.5932
56.3458
56.1178
56.4103
56.0725
56.429
56.3099
56.496
56.1157
56.4863
56.8699
55.4972
56.6475
56.5194
56.4351
56.3475
55.4329
55.9158
56.1403
56.4429
56.1376
56.4932
56.0093
55.443
55.9039
55.4415
56.6971
56.3948
56.3833
56.6669
56.7394
56.7096
56.0095
56.135
56.5662
56.1839
56.7329
56.3447
55.9023
55.9517
56.9201
55.8883
