60.171646
59.874657
59.856194
59.886238
59.863712
59.866272
59.864033
59.860130
59.915936
59.882019
59.850174
59.891232
59.870304
59.866081
59.874046
59.848961
59.859745
59.858112
59.875938
59.897919
59.880352
59.878304
59.869057
59.857506
59.869949
59.877728
59.868351
59.855999
59.907200
59.884960
Control Period
55.800800
55.443424
54.273476
54.683487
57.726528
57.736416
57.459938
55.174015
55.563072
Control Period
54.543041
54.957344
55.586754
57.451935
54.021248
56.658016
54.017090
57.697536
54.011520
56.771294
Control Period
57.271614
54.917152
54.897408
55.237633
57.805634
54.816895
56.494942
57.730976
55.219742
54.049088
Control Period
56.092545
57.902367
55.464928
57.631714
56.317535
54.004223
57.700161
54.663872
58.256832
Control Period
54.823616
55.296127
54.200127
55.411583
57.221214
57.098175
54.026077
56.462563
54.008896
Control Period
54.029217
55.438080
57.673920
56.093086
57.273857
54.707970
55.213760
57.869087
56.665154
Control Period
54.747650
55.749855
57.702496
56.870975
54.020416
54.381790
54.943489
58.021118
Control Period
55.987518
56.354431
57.407555
55.759773
57.702209
58.068417
54.004192
57.117699
Control Period
57.092255
57.905312
56.723167
56.962975
56.697693
54.040642
57.045181
57.769184
55.705536
55.502625
Control Period
57.578941
55.716801
57.245758
57.602722
56.119808
57.321472
56.307903
58.143356
Control Period
58.222946
55.807358
55.997311
58.162945
56.147713
54.440445
57.614082
55.646111
57.902145
Control Period
57.743233
56.552353
55.802048
57.663040
54.024002
56.149155
55.977921
57.527328
54.041183
Control Period
57.569920
56.205986
57.580639
57.763229
57.678558
56.040833
58.144001
56.156097
56.172798
Control Period
56.854336
57.695488
55.855553
57.683746
55.464096
57.888641
54.695583
54.483810
58.089409
54.046753
Control Period
57.501537
55.830849
57.619743
56.537983
57.203968
56.048958
57.534462
55.840767
Control Period
57.826622
55.498432
56.221985
57.017021
57.443710
56.470112
56.711266
57.221474
54.027584
57.670914
Control Period
57.751106
56.046207
57.826912
56.103714
57.683746
54.017410
57.013153
54.880226
Control Period
54.935295
55.817024
54.701149
58.177185
57.808960
55.295010
56.147839
55.086880
57.689758
Control Period
55.307327
55.766594
54.286110
57.589630
56.514400
56.439362
54.130783
57.592766
56.106209
Control Period
54.830879
55.022816
57.440254
54.506592
55.121086
57.627167
54.030945
55.738014
57.853504
Control Period
54.473663
55.976543
57.623390
56.185280
55.991486
57.311203
55.995903
57.029282
55.032993
Control Period
58.647362
58.000450
54.750240
55.126751
57.464417
57.581280
54.016865
56.076065
57.838047
Control Period
59.928127
57.017853
54.043968
54.604481
54.944290
54.272991
58.118370
56.054688
56.012993
Control Period
54.021633
57.806015
56.214367
57.723106
55.667007
54.424957
55.324478
57.816574
Control Period
57.636162
57.974945
55.258335
54.450783
57.486912
57.585983
55.354591
57.606815
Control Period
57.707680
55.996094
57.575455
54.047680
56.562752
57.724030
54.055008
57.676414
56.103168
Control Period
59.897568
55.724770
57.419357
55.979042
57.646847
54.037952
56.252701
57.180222
57.817726
Control Period
57.270210
57.208576
56.625984
56.239647
56.388000
57.557762
55.835487
57.639229
57.853760
Control Period
56.053215
55.710560
57.305984
56.948608
54.013088
56.477760
56.495522
56.912224
56.715424
Control Period
56.658882
56.665215
56.836739
58.142654
55.722080
55.482113
55.056099
57.752895
Control Period
57.774078
54.608032
54.213440
55.309887
55.837601
55.372414
57.778496
54.033440
53.998016
Control Period
56.569153
57.188416
57.523552
57.617859
55.197952
56.820511
56.189857
57.198143
57.172867
Control Period
59.875870
57.143616
55.954750
57.771584
54.060226
56.139938
57.609695
54.020897
55.951168
Control Period
55.897377
57.858849
55.088898
56.781120
56.699265
54.024994
56.941277
57.180416
54.015041
56.786465
Control Period
57.513695
57.773376
57.888321
57.566433
57.555168
57.661858
57.573921
57.839424
Control Period
55.859520
57.481281
57.190304
54.119137
54.980545
57.666111
57.656097
56.546402
57.506943
Control Period
58.051682
57.760063
55.705887
58.503838
54.677761
57.386238
56.134048
57.866402
55.837570
57.942303
Control Period
55.614174
59.926270
57.155678
58.135551
57.746754
55.863586
57.047775
57.265953
57.174461
56.797791
Control Period
56.575424
56.225407
56.631042
57.680096
57.529919
55.874592
57.582047
58.002975
56.151138
56.360382
Control Period
55.790241
55.998432
55.580734
55.707649
55.587906
55.739746
57.268478
57.480637
57.485409
58.061440
Control Period
58.236290
55.892349
57.501408
55.971329
57.897343
57.894783
56.287296
57.814976
55.548317
Control Period
55.654625
56.063454
54.296989
58.042435
54.596161
57.616898
55.852196
57.974014
55.752384
Control Period
57.998817
55.334175
54.461857
57.628769
57.498207
56.208961
58.073982
55.643585
54.071903
Control Period
54.552094
55.371616
56.594978
54.028000
54.049152
57.913185
58.031837
55.678688
56.559521
57.450111
Control Period
57.515297
56.435360
56.816895
56.338081
57.688961
54.532928
55.058334
57.549599
Control Period
59.481087
54.026367
57.380226
56.769180
57.490849
55.769154
57.464478
56.037506
57.776417
Control Period
55.488670
57.871937
56.098946
55.301441
54.070274
57.376511
57.662880
54.558689
55.840706
Control Period
54.589695
58.402977
55.331615
54.906525
57.939522
57.739998
54.523010
55.474850
57.841408
Control Period
59.901566
57.292351
56.622368
57.304642
57.270592
56.855583
57.711678
54.188194
56.954624
Control Period
59.872768
55.826977
57.849663
54.038078
55.989922
57.556576
57.552483
56.459488
55.653313
57.800991
Control Period
57.759777
57.712578
57.438560
57.034943
55.239555
57.509953
57.095711
Control Period
59.936192
56.614243
56.155647
55.768513
54.759262
54.426464
55.308064
55.236862
54.441154
Control Period
54.147041
57.522144
55.153278
55.681759
54.384319
57.745987
57.743328
56.708221
56.361408
Control Period
54.052063
57.620480
58.172897
55.158882
55.119743
58.128098
57.900703
56.124222
54.031105
Control Period
54.715714
57.891266
57.709793
55.108063
55.961502
55.790432
58.130112
57.745438
Control Period
56.972801
56.055267
54.047554
55.084320
55.288895
54.480766
57.606976
57.904930
55.555553
Control Period
55.262306
54.894753
54.417374
54.219971
54.146851
54.369919
54.291138
54.692703
54.045662
Control Period
54.094048
54.111744
55.705246
57.067455
54.007488
54.028862
56.801407
57.016319
Control Period
57.773987
55.911263
58.033184
55.839294
54.520000
54.035103
55.766655
57.652672
55.832447
Control Period
57.671680
58.387619
55.890465
56.744675
57.395424
54.015549
55.858719
57.542912
Control Period
54.037918
56.185471
57.664253
54.026913
56.972801
57.233757
54.045376
57.759296
57.481438
Control Period
57.530369
54.703232
54.713249
57.605728
56.050240
57.948669
54.969025
54.866623
Control Period
57.399937
54.663776
55.722466
57.569183
57.951393
56.116386
54.592384
57.815647
55.626495
Control Period
56.133568
57.725536
55.185600
54.905888
57.625534
56.426941
56.811008
54.066273
56.510239
Control Period
57.698143
56.309311
57.064575
54.528610
55.555939
57.967808
57.739902
55.803936
57.785088
Control Period
57.903137
57.663101
54.019234
57.139328
56.302784
57.884289
54.769600
54.367455
57.651550
56.008675
Control Period
55.779709
57.689186
57.747459
55.701057
55.531521
57.849121
Control Period
57.278275
56.870850
56.502174
54.041985
57.627041
55.663330
57.992001
55.582787
54.595680
Control Period
57.692513
55.704002
57.723042
56.028259
56.062496
57.904099
54.883488
55.765663
Control Period
55.173759
54.062050
56.956802
56.562462
54.085022
57.246719
57.768127
Control Period
57.728256
55.891487
55.359550
57.521664
54.646816
54.019714
55.847488
56.732925
Control Period
59.813633
57.230721
56.113022
55.584255
54.059357
57.759808
55.608414
54.411072
57.567329
56.557571
55.348351
Control Period
57.689438
54.030563
56.710335
57.148254
55.869026
56.293663
57.377247
56.086143
55.649536
54.469406
Control Period
54.686142
57.969536
55.713024
57.750080
57.684769
55.801472
57.073856
54.009727
56.965984
57.277443
Control Period
56.634850
55.873474
56.282753
57.723328
55.974846
55.924866
55.757759
57.748001
54.825535
Control Period
57.965538
55.676193
57.790558
57.424034
56.471619
54.040863
57.955360
55.132515
Control Period
55.178146
54.959423
54.116798
57.850243
56.586594
57.307713
55.388000
54.595264
57.605118
55.850494
Control Period
57.753696
57.741505
57.643646
56.350082
55.856831
55.448097
56.013409
54.961792
55.313469
Control Period
57.793121
57.671455
57.701378
54.018974
54.035648
57.302113
57.777534
56.102081
56.346592
Control Period
57.791359
55.472481
56.239231
56.332767
55.911263
57.132545
54.037727
57.083199
57.319229
Control Period
56.931042
54.049919
54.145248
55.314976
56.323105
54.054752
57.031075
56.990242
54.083298
56.661983
Control Period
56.646912
56.881184
56.988190
57.088158
55.710434
55.108959
56.694496
56.945122
57.097855
Control Period
57.223553
57.437569
55.998466
57.096291
56.812706
56.443745
58.391872
55.865696
57.626080
Control Period
58.028545
55.550014
55.894592
55.970177
54.906017
55.067551
57.746498
58.037117
Control Period
57.981728
57.858910
57.633919
56.907997
57.052929
57.464928
54.463394
54.345474
55.139168
Control Period
54.301247
56.916767
54.035103
56.324417
57.603489
57.081440
55.867424
Control Period
57.500801
56.413055
54.053284
57.497986
55.034142
55.059074
58.430626
55.435135
Control Period
55.179935
57.983776
57.842659
55.595039
55.737408
57.700768
57.339294
54.047329
54.333729
55.615936
56.463394
Control Period
57.192287
56.150558
57.925953
55.705956
55.124702
56.170494
54.057693
57.898529
55.993248
57.655426
Control Period
55.979614
57.587326
54.031521
57.665760
54.029922
56.381859
54.037888
55.306561
56.543457
Control Period
56.663490
57.437248
54.045055
57.827454
54.049122
57.969315
54.191681
58.007133
54.042240
57.750847
Control Period
57.553886
54.758850
57.846626
54.895645
57.746429
54.300957
57.413345
54.043678
57.509312
Control Period
57.473377
54.044064
55.703392
56.267712
54.042557
55.603134
54.060352
57.604446
54.939808
55.190048
Control Period
57.738304
56.913666
57.729248
57.675934
57.998238
55.662273
56.457249
56.397598
Control Period
57.606430
56.576767
56.413406
54.038017
57.452515
54.463005
55.762688
57.577568
Control Period
54.055840
56.208897
57.922592
57.749153
54.035332
56.235199
57.855263
54.050911
55.983810
Control Period
57.630337
57.006145
57.104897
56.214687
57.350655
57.485920
57.038654
57.462528
54.904640
Control Period
55.593952
57.768448
57.754433
57.564384
57.723869
56.844929
56.490143
54.048000
54.080223
Control Period
56.179234
57.134018
54.042755
54.044449
55.913696
55.981983
56.312737
54.055328
56.761536
55.182175
Control Period
55.712830
54.939903
57.929535
55.531872
57.982304
54.592480
55.822144
57.732063
56.388416
Control Period
55.975075
57.706558
56.077438
57.809891
54.051872
56.086720
57.816574
56.542595
57.245728
Control Period
56.486687
57.594147
54.069695
55.852226
57.516930
55.560707
57.800480
55.613087
54.338272
Control Period
57.669312
57.064384
56.130653
54.034241
57.448830
55.832767
57.765411
55.857151
54.355167
57.611618
Control Period
54.060768
57.121277
57.469536
57.449856
54.020000
55.896801
57.815201
57.583168
Control Period
58.150177
54.245506
55.496479
57.992638
55.838051
57.384575
54.034016
54.800320
57.290306
56.762112
Control Period
54.006081
55.488930
57.943104
55.851486
57.907135
54.390526
57.129536
57.008514
Control Period
55.731293
57.602688
56.558464
54.827293
58.143234
55.825539
55.172478
54.789120
54.023808
Control Period
57.587875
55.949600
57.943459
56.661152
57.399040
54.035042
57.212193
56.880032
56.261917
Control Period
57.531265
57.214493
56.898079
54.009567
56.717186
56.186432
54.579842
57.860577
56.031517
Control Period
57.711071
57.426849
54.002399
56.383362
57.409760
57.287296
56.735229
55.670399
Control Period
59.890625
53.991905
57.157471
57.766365
55.917023
57.767231
54.029568
57.706078
56.230690
Control Period
57.364384
55.959198
56.904701
57.730495
57.711075
56.794624
57.401955
57.537888
55.886238
Control Period
56.032032
57.786911
57.473343
55.758270
57.801952
57.778336
55.540897
Control Period
59.867134
59.875584
59.867744
59.875713
59.889534
59.972481
59.904320
