117.771011
117.305725
117.322784
117.283485
117.306686
117.295715
117.261093
117.291580
117.331841
117.288574
117.285789
117.287430
117.315872
117.296219
117.308762
117.292221
117.317406
117.336479
117.309280
117.319809
117.296005
117.302208
117.308289
117.303650
117.311584
117.357567
117.332382
117.315933
117.323296
117.304901
Control Period
109.608475
109.680420
109.674179
109.854553
108.858818
109.407555
109.503555
109.395996
Control Period
109.694275
109.462845
108.517700
105.790939
109.195389
109.593155
109.521179
109.475815
109.841949
Control Period
109.852036
109.196190
109.646851
106.694016
109.529503
109.752197
109.199135
109.476128
107.490913
109.634949
Control Period
109.731293
109.425797
109.469147
109.637146
109.840607
109.393631
106.403137
109.335388
109.876610
Control Period
109.765182
109.543427
110.084000
109.844864
109.658524
109.250595
109.747070
112.645508
109.557793
Control Period
109.744064
109.476517
109.589218
109.409279
109.846298
109.310684
109.830719
109.823395
109.500320
Control Period
112.535141
109.654625
110.332512
109.679489
109.568542
109.608765
110.115707
109.307518
109.804062
109.408546
Control Period
109.317947
109.341789
109.885887
109.673698
109.974434
109.675964
109.116028
109.532730
109.397247
Control Period
109.590652
109.521378
109.475739
109.711044
109.542374
109.517410
109.463013
109.291901
109.477020
Control Period
112.284164
110.215683
109.729218
109.328445
112.194786
109.864449
109.349884
109.521530
109.203522
109.424377
Control Period
110.055870
109.755737
109.157951
108.916580
107.029190
109.439941
109.491936
110.144226
109.281921
Control Period
111.900223
107.137924
109.649475
106.857956
109.539360
105.761024
109.421188
107.977440
109.864899
107.814529
Control Period
109.375778
108.862015
109.440125
105.931229
109.346268
106.228317
109.479324
106.106880
109.474495
Control Period
109.425407
109.597565
109.309250
109.638077
109.854240
109.478439
109.689850
109.681854
Control Period
110.184959
109.446213
111.976059
109.318047
109.573410
109.871490
110.163231
109.508896
109.704575
Control Period
113.460510
109.806206
109.468033
109.540253
109.819199
112.754913
109.552544
109.625443
109.707260
109.622116
Control Period
108.793472
109.467812
110.102592
109.653275
109.682274
109.676605
109.380325
109.081123
109.795616
Control Period
110.957634
109.626877
108.652222
109.247803
109.683075
109.570236
109.349632
109.484283
109.179840
Control Period
109.666656
109.241852
109.531456
109.449402
109.551270
109.453445
109.525856
109.837761
109.598526
Control Period
109.973824
109.768707
110.194206
109.373123
109.689819
109.254303
109.477921
109.280319
109.414528
109.656158
Control Period
109.988029
109.300125
109.540672
109.484604
109.504227
109.564163
109.535141
109.462242
109.458206
Control Period
112.868057
107.099358
109.682083
109.513184
109.362526
109.601379
109.408127
106.203392
Control Period
113.446365
109.532257
109.706909
113.328064
109.976288
112.278107
109.494781
109.368423
109.617188
Control Period
112.201309
109.668030
112.344383
109.487328
110.160255
112.126556
109.546692
111.541023
110.828674
Control Period
112.465118
109.478333
109.727264
111.265533
110.947937
109.564384
109.736702
109.376259
109.658112
109.650978
Control Period
109.679291
109.730049
109.631615
109.752289
109.640450
110.107010
109.740829
109.224319
Control Period
113.099586
109.504639
109.698593
111.283035
110.018333
109.252060
110.706757
109.289024
109.901886
Control Period
109.507645
109.740929
109.655106
109.669823
109.533279
109.417953
109.592384
111.558395
Control Period
111.576355
111.572571
112.059387
110.321533
113.231140
110.633278
109.604828
109.856262
109.627045
Control Period
111.124290
109.566368
110.812225
112.125443
111.684570
111.517120
111.488388
111.723167
109.703392
Control Period
111.863586
110.256256
109.675201
109.564804
109.401314
109.635551
109.686493
112.970589
110.154434
Control Period
109.793991
109.529442
109.494179
109.801056
109.696579
109.503136
109.729568
109.627075
109.810043
Control Period
109.597275
110.055168
109.905472
111.823517
109.730942
109.938782
111.774368
109.392258
110.663902
Control Period
109.864670
109.721436
109.743362
109.866211
111.355614
109.704773
109.558754
109.660767
Control Period
112.012833
109.320450
109.421371
112.756195
109.394333
109.390144
109.627609
109.577347
109.712158
Control Period
111.000198
111.378876
111.855713
109.160927
109.373055
110.783165
111.722595
111.026848
Control Period
113.465599
111.336197
110.586143
109.429474
111.401306
111.891617
109.691841
112.307098
108.953598
109.709763
Control Period
109.845245
109.660324
109.628922
109.151711
109.733856
109.408890
110.190140
112.558784
Control Period
109.732132
110.620956
112.343071
109.566238
108.826370
109.445084
109.762268
113.074371
109.357857
Control Period
113.233406
110.097214
109.349281
109.780960
109.406944
110.534111
109.558334
112.156769
110.281082
Control Period
113.172028
109.521599
113.121765
109.386528
109.609055
112.635902
109.567612
111.419746
109.562012
Control Period
110.413467
112.286148
111.627426
111.185249
111.791519
111.665855
111.228958
112.038239
112.003876
Control Period
110.942276
112.240646
109.652771
111.261658
109.901314
109.587204
109.763649
109.455933
109.834274
109.431396
Control Period
109.499680
108.483650
109.886810
109.787582
109.533310
109.550560
109.621338
107.155327
110.040482
Control Period
110.715622
109.553787
109.668259
109.727997
109.458786
109.492798
109.544861
109.519775
109.701408
Control Period
109.907967
109.416351
109.949791
109.986786
109.252579
109.723999
109.577888
109.659424
Control Period
110.927872
109.552444
109.636581
109.420609
112.833755
109.925247
110.080482
109.925217
110.129982
Control Period
112.504486
110.575233
111.965988
109.571007
109.388542
112.608673
109.640228
109.706787
Control Period
110.196190
109.713631
113.013474
112.072258
112.384964
110.009308
110.154274
109.514526
Control Period
112.011612
113.167770
109.621918
110.109024
109.599579
112.255035
110.885567
111.917221
109.718178
Control Period
112.167419
110.667458
113.138206
112.811775
109.442398
112.767258
111.051041
111.175903
112.629990
Control Period
109.819298
113.546944
110.242905
109.738434
112.335709
109.414490
109.992928
109.653824
109.929245
110.885315
Control Period
110.074753
109.339905
109.539993
109.668610
109.479263
109.677536
109.446075
109.702019
109.271713
Control Period
112.690430
109.441185
109.532097
109.661728
109.279678
109.513412
109.403259
109.647392
Control Period
111.883553
109.522812
110.950943
109.566879
111.168869
109.777283
109.649124
109.825150
109.527557
Control Period
109.994522
109.552353
110.375290
109.409088
110.091675
109.603394
109.792480
109.631874
110.239586
112.952026
Control Period
109.642685
112.062653
109.538437
109.378876
109.339294
111.614334
109.614723
109.744644
109.290237
Control Period
113.238724
109.703613
109.496964
109.830627
106.099358
109.603836
108.802528
109.611420
109.647072
Control Period
109.431290
109.679108
109.548477
108.893761
109.525436
109.400742
108.451134
107.022781
109.167519
Control Period
109.829147
109.962112
109.831619
109.566048
109.561119
109.407837
109.706879
109.646973
109.684860
Control Period
109.777855
109.328606
109.693573
109.489563
109.305183
109.517914
109.168610
109.500130
Control Period
109.827332
109.233696
109.567581
109.578529
109.852577
109.565216
109.487999
108.995583
109.676605
109.480606
Control Period
109.702209
109.565598
109.585472
110.939651
109.859039
109.571548
109.433762
113.104828
109.596771
Control Period
109.796829
109.393188
109.568985
109.444962
112.180862
109.682205
110.172577
109.774139
109.714111
109.515617
Control Period
109.477509
109.616409
109.449600
107.198242
109.754684
107.383163
109.310623
109.506180
109.507996
Control Period
109.499908
109.381729
109.581757
109.348930
109.645409
109.720543
109.422623
107.443550
Control Period
110.201508
112.117157
110.857986
109.697250
111.442978
112.285469
110.542465
109.622437
109.573471
Control Period
111.656738
110.182655
113.316162
109.782623
112.665314
109.750046
112.360580
111.087357
109.549377
Control Period
109.728416
109.460419
109.685028
109.427872
109.597885
110.911743
109.713821
110.305603
112.450012
Control Period
109.604385
111.292603
109.650818
110.608444
109.591072
109.613083
113.453156
109.714592
109.792572
Control Period
109.819939
109.660095
113.161697
109.752960
109.631104
109.967331
109.674431
109.627426
110.415451
Control Period
109.348770
109.289154
109.918015
109.498947
109.486908
109.717407
110.676315
109.848930
109.830658
Control Period
110.485504
109.283073
109.579391
108.968864
111.042908
109.420898
112.847519
109.518814
Control Period
113.082977
109.590370
109.748703
110.021248
113.411804
109.608475
113.181595
109.600189
109.367523
Control Period
113.259964
109.712830
109.632828
109.383873
109.357788
109.296478
112.557541
109.768738
109.251389
Control Period
109.677094
109.597885
113.384796
109.636032
109.693283
112.884003
109.657700
110.567230
109.667068
Control Period
109.577316
109.611488
111.246078
109.500000
109.714493
109.774780
110.463806
109.720612
109.687775
Control Period
112.595169
109.773666
109.962845
112.755615
109.545151
111.742912
109.387711
109.444191
Control Period
112.579971
110.030655
109.809341
113.177094
109.876892
110.087326
112.931396
109.665894
110.039780
Control Period
112.915451
112.555740
113.339745
110.019333
112.667099
109.323776
109.984222
112.304642
Control Period
109.586624
110.373825
113.110527
109.719650
109.744926
109.987427
109.505341
109.836029
109.589088
Control Period
111.676163
109.717789
109.601440
109.683578
111.892380
111.042267
109.896286
110.840736
109.512222
Control Period
111.994751
111.068542
109.685310
111.060867
111.612259
109.411804
112.119675
109.806107
Control Period
111.327263
111.693573
111.643776
112.947395
109.790268
109.874336
110.022430
110.450180
113.050812
Control Period
109.756989
109.124702
109.904320
109.995331
112.720932
109.428772
109.648483
109.645470
110.282402
Control Period
110.106628
110.171143
109.952164
109.400513
109.617279
109.870499
110.177505
109.455872
109.410370
Control Period
109.499489
109.525345
109.793243
109.208389
109.999039
109.551300
109.562210
109.688736
109.756348
Control Period
110.879654
109.584000
110.072578
109.477089
109.612228
109.336258
109.350586
109.607071
109.794373
Control Period
109.391037
110.727966
110.048767
111.481026
109.396927
109.651230
112.599297
109.572830
Control Period
112.901215
109.857185
109.462341
109.739937
113.173790
109.629570
113.262146
109.480705
112.969406
Control Period
113.280319
109.639877
109.627106
112.222466
110.499939
109.512924
109.812866
109.927292
109.533470
Control Period
109.658401
109.807617
109.682144
111.508774
111.995392
109.691132
109.662979
109.503998
109.510910
Control Period
110.135422
109.629791
110.341766
109.555710
112.856064
110.219330
109.557793
112.738495
109.607132
Control Period
109.772964
109.873154
113.158401
109.429375
109.590714
109.986717
109.472443
110.104294
109.833023
Control Period
109.866241
112.812164
109.647392
109.585632
109.615097
109.300415
111.130463
109.599136
Control Period
109.583359
109.925278
109.582336
109.336609
110.030045
110.160156
109.595581
109.576294
109.444092
112.143517
109.582336
Control Period
109.285477
109.561089
109.465149
109.632355
110.089630
109.768417
109.349922
109.111298
109.655746
Control Period
109.789978
109.924255
109.810753
109.625473
109.576828
109.834015
109.203072
110.039490
109.609985
Control Period
109.581825
109.696701
109.667526
108.930336
109.631683
112.622787
109.482559
109.582779
109.735428
Control Period
111.647171
109.499557
109.492607
109.596741
109.663132
109.316063
109.663483
109.602142
Control Period
110.705795
112.783875
110.225891
109.494339
109.703522
109.672485
110.739517
109.340805
109.694145
Control Period
109.730301
112.951553
110.276611
109.610947
110.073380
109.456924
111.127457
111.813797
111.610458
Control Period
109.855522
109.454689
109.726402
111.565735
111.340286
109.477539
109.658752
109.528862
112.326172
Control Period
109.557220
108.867455
109.597534
109.967583
109.515747
109.553085
109.692032
112.999588
109.605377
Control Period
109.168060
109.415421
109.456772
108.943008
109.794594
109.490593
109.654266
112.054337
109.695488
Control Period
109.368385
109.333923
111.461853
109.410851
109.323265
109.900673
109.581253
109.099937
Control Period
109.316864
109.816254
109.920639
109.543648
110.349792
112.725052
109.671844
111.750275
110.579269
Control Period
112.586105
109.614532
110.360291
109.666306
110.261406
109.505981
109.665314
109.659653
109.321091
Control Period
113.010651
109.840347
110.139839
109.884964
113.069061
109.664894
112.414207
109.579514
109.688576
Control Period
109.805756
109.541122
109.579712
109.515427
109.519455
109.406143
109.691879
109.538788
110.706688
Control Period
112.969467
109.828094
112.581474
109.506210
111.250107
111.303299
109.493729
109.520096
110.424194
Control Period
113.277634
109.899323
109.556862
110.153473
109.915329
109.705185
109.779266
109.849915
109.119614
Control Period
109.312927
109.663681
110.028481
112.173569
109.579102
111.154114
109.348419
109.284836
105.785919
Control Period
117.306435
117.292290
117.288193
117.278305
117.315811
117.328705
117.293381
117.303970
117.322495
117.300507
117.292801
117.336479
