117.774460
117.285156
117.254333
117.278206
117.250046
117.282822
117.259003
117.283936
117.323456
117.301537
117.275841
117.300034
117.256897
117.270210
117.258400
117.268608
117.294365
117.318268
117.291901
117.282494
117.290909
117.276901
117.264542
117.278107
117.284164
117.284988
117.271042
117.319679
117.295517
Control Period
113.221542
109.622337
110.602234
109.635040
109.435974
109.538177
109.937889
109.283424
109.564346
Control Period
109.261215
108.489700
109.522751
105.720795
109.381599
106.868835
109.397156
107.759613
109.535614
Control Period
110.908287
108.700027
108.894501
109.564545
109.480766
109.529022
109.606140
109.071075
Control Period
112.960037
110.030273
109.875961
110.189346
108.986496
109.614975
113.115936
109.847939
112.323296
Control Period
112.790939
112.292191
110.073982
112.986877
110.248795
109.239937
109.599838
113.043968
109.635201
Control Period
113.182587
111.452988
111.537338
109.690460
109.691231
110.501053
109.537186
109.310814
109.469215
Control Period
109.626587
113.015839
109.619583
109.535133
109.921600
109.556099
110.855804
109.308578
109.370880
Control Period
113.148285
109.704674
109.828194
113.090462
110.111458
109.414368
113.273567
109.836670
112.277252
Control Period
111.256027
109.337219
110.926498
112.206238
112.408035
110.645020
109.670563
112.976059
Control Period
109.795357
109.538559
109.627579
110.352127
109.666206
109.829117
109.563362
109.683548
109.832550
Control Period
109.589470
109.386948
109.659294
109.608475
109.502884
112.856766
109.632294
109.666428
109.913376
Control Period
109.946426
109.513626
109.658371
109.654243
113.220963
109.484512
109.479843
109.255325
112.586365
Control Period
109.911713
109.702011
109.800514
109.780029
110.072830
109.806976
109.495712
109.699265
109.380707
Control Period
112.977821
109.821602
109.490524
109.872131
113.116096
110.131935
112.508575
111.308609
Control Period
109.603195
109.562881
109.515167
109.576256
109.686752
109.578842
109.698463
109.582237
109.992859
113.308899
Control Period
113.310081
109.694496
109.426910
111.129440
109.761276
110.160446
112.632095
109.813919
Control Period
113.167328
109.381317
109.574310
109.578941
109.640961
109.993759
109.887070
112.636353
110.150589
112.913345
Control Period
113.158302
109.531067
109.924026
109.444962
109.444550
109.469635
109.792671
109.656288
109.812065
Control Period
112.620674
109.273087
109.427841
109.580765
110.738815
109.476547
109.520317
109.656479
111.442879
Control Period
113.494049
110.161026
109.331490
109.588226
110.042656
109.533798
109.600220
109.646500
109.898369
Control Period
113.304611
109.612762
109.757690
109.448059
109.357727
109.797249
109.552513
110.220543
109.744766
Control Period
112.304581
109.495712
111.158371
109.417343
109.608643
109.503616
112.050400
109.867935
109.541122
Control Period
110.976990
109.714111
109.777054
109.372833
109.983841
109.342560
109.930267
111.665825
109.497314
Control Period
111.688644
109.649696
109.411873
109.460709
111.801666
111.210022
109.766144
110.675934
111.984161
Control Period
110.500862
109.662369
109.850784
110.111267
109.383163
109.485306
109.740959
109.421188
109.601952
Control Period
113.170685
109.899963
109.806976
113.542816
109.495903
109.594048
112.722496
109.461472
109.598175
Control Period
110.610397
112.556763
109.717148
109.711838
109.512451
111.145058
111.070847
111.774879
109.833054
Control Period
110.163620
109.452927
112.385056
110.881210
109.597374
110.993378
112.280579
109.525955
109.593987
Control Period
112.768860
109.413788
109.730438
109.517090
109.615166
109.390434
109.353058
110.377663
109.390976
Control Period
109.460831
109.488708
109.481659
111.917694
109.636414
109.719070
109.329376
109.590363
112.196579
109.534592
Control Period
109.622658
109.488831
109.722656
109.747391
108.752258
109.877602
109.924355
109.854210
109.932251
Control Period
112.977509
109.626526
109.696129
109.676956
109.340668
109.825409
109.935074
109.795715
109.653503
Control Period
110.346725
109.701149
109.533249
109.475426
111.925758
109.432892
109.638496
111.836510
111.454208
Control Period
111.520897
109.471039
112.004059
109.598465
109.632706
112.168518
109.417824
109.543777
112.361443
Control Period
109.826210
109.737793
109.261734
109.439301
109.684547
109.910690
109.614716
109.834335
110.021881
Control Period
111.675072
109.366714
109.573792
110.808830
109.880768
109.729950
109.768288
109.556320
109.782784
Control Period
113.096863
109.591202
109.782944
109.649445
109.362396
109.408928
109.590500
109.654816
Control Period
111.924606
110.222305
112.623970
110.570656
110.674370
109.942566
110.424797
110.760101
Control Period
113.506042
113.003746
113.196198
109.723938
109.712250
109.733765
113.257919
113.185150
Control Period
112.958046
112.640930
113.334534
113.069565
112.932480
112.392830
111.791618
111.857056
110.837730
Control Period
111.879684
109.675171
110.915390
109.895706
111.393082
110.973694
109.801285
109.494560
112.510651
Control Period
112.641891
111.054749
109.544640
110.963715
109.648575
108.878593
109.743042
109.266907
109.803101
Control Period
112.005730
111.098656
109.928772
109.942627
111.880066
109.538300
108.889374
109.760735
109.770432
Control Period
113.359741
109.802658
109.370789
109.812798
109.605179
109.668320
111.949089
109.812637
Control Period
109.980637
109.505310
109.644897
110.413345
113.073441
109.968796
112.622589
110.069244
109.570755
109.906662
Control Period
112.678787
110.199905
112.648895
110.289566
113.268768
110.182465
109.483780
109.811707
109.936127
Control Period
109.831772
111.932770
110.044991
110.671165
109.701309
109.348389
112.695557
109.464226
109.518272
Control Period
109.577568
109.846588
110.507423
109.512321
109.598305
109.741440
109.510818
109.631714
109.547134
Control Period
109.480705
109.373596
110.407898
109.425018
109.739075
110.009407
113.579803
109.569443
110.902267
Control Period
109.711617
109.661217
109.842941
109.582886
109.366081
109.459648
109.705307
109.296989
109.563553
Control Period
109.611588
109.623520
109.891708
109.494049
109.881470
109.245819
109.326141
109.389786
109.726532
109.359390
Control Period
109.609756
109.689316
109.681732
110.117950
109.721954
110.082489
109.522240
109.823364
109.575165
Control Period
110.054657
112.252640
109.891327
109.765182
109.452415
109.579971
110.147072
109.405441
109.570305
Control Period
113.164764
109.886848
109.943741
109.675461
110.669090
109.017502
109.785759
109.447556
109.440735
Control Period
113.301888
109.369949
110.046722
109.464355
109.564804
109.671837
109.432739
109.680222
109.626877
109.755234
Control Period
109.889343
112.101822
109.660477
109.779587
109.949440
109.897125
109.726143
109.934586
109.594788
Control Period
109.528061
109.465179
109.830688
109.651810
109.569031
109.688156
109.590881
109.814270
109.735489
Control Period
109.743233
109.712708
111.059845
108.793411
109.530563
109.624001
109.432289
109.584320
109.619003
Control Period
112.727646
109.832443
109.560478
112.188095
110.615326
112.151611
111.336578
109.882019
109.513214
Control Period
111.485344
109.529373
112.239716
110.454109
109.451645
111.256447
111.561340
109.592194
111.608223
Control Period
111.595711
109.687424
112.173119
110.420097
109.376579
111.932388
110.385826
113.082466
109.968964
Control Period
110.514557
109.387589
110.251968
112.307808
109.864479
110.001793
110.135872
110.180290
112.205406
Control Period
110.288574
113.003204
109.252129
109.581573
109.910751
109.986526
109.690109
109.907867
109.604256
Control Period
113.235077
109.382240
111.972580
110.303741
109.560989
109.850662
109.767868
111.978241
111.097153
Control Period
111.616028
111.145088
109.423744
112.648666
109.455551
109.991234
109.586113
109.879715
109.793953
Control Period
111.538147
109.296989
112.641724
110.127037
113.225754
110.720352
109.754501
111.376320
Control Period
111.444412
111.651329
109.779358
111.531326
109.614464
111.028381
109.620865
113.232635
109.905350
110.475388
Control Period
112.089439
109.861824
109.759293
113.184036
110.334946
109.486877
109.754372
110.116699
112.708862
Control Period
110.251297
109.576447
109.298813
109.892990
112.965057
109.665756
112.548065
110.241859
112.501923
Control Period
112.549889
109.964188
112.568672
109.839706
109.655685
111.984253
109.632187
109.252380
112.145569
109.629120
Control Period
109.827393
109.436386
112.440125
109.955360
110.955070
112.926468
109.485245
109.681213
109.162460
Control Period
109.586334
109.572830
109.619934
113.419907
109.683777
110.041214
109.579071
110.524155
Control Period
112.889923
112.736603
109.573090
109.315262
109.795685
109.605789
109.662598
109.633247
110.479935
Control Period
113.232254
112.760223
109.577988
109.755997
109.116669
109.731750
109.708511
108.843361
109.824707
Control Period
109.960129
109.908829
109.575516
109.793793
109.921570
109.562500
109.709663
109.472549
109.338333
Control Period
109.514206
109.761887
109.440445
109.562241
109.685501
110.976929
109.690750
112.079422
110.297058
Control Period
112.758530
111.405563
109.602463
109.500511
109.322906
112.109314
110.652603
109.646500
109.499451
Control Period
113.160614
109.948349
109.690628
111.221283
110.018982
109.337280
109.595840
109.459259
109.465958
Control Period
109.562691
109.821312
109.807266
109.413376
109.591904
109.737305
109.638367
111.634201
108.949539
Control Period
111.341217
112.293060
109.059006
109.900063
109.730652
110.051300
109.592415
109.742081
109.446564
Control Period
113.484001
112.734909
111.189499
112.034012
109.806015
109.619934
109.954559
109.847839
Control Period
113.428741
110.805824
110.608894
111.940544
112.578239
112.641342
110.432480
110.072220
110.596161
Control Period
112.065056
109.412506
109.102592
112.181763
111.147812
109.625244
109.969437
109.542015
109.738205
Control Period
110.497635
109.717117
109.919746
110.517281
109.673187
109.759232
109.547516
109.289085
109.575546
110.043549
Control Period
112.905853
109.526817
109.074234
109.640518
109.703995
109.595398
109.619392
109.500061
109.212799
Control Period
113.233093
109.824577
109.675613
109.699646
113.121094
109.463013
110.137634
109.639389
109.714813
Control Period
110.157761
109.536316
109.908417
109.757507
113.307007
109.458435
110.679390
112.590530
109.786690
110.639389
Control Period
112.261826
109.932251
109.520958
109.749184
110.056801
113.060196
109.438660
109.733185
Control Period
109.521408
109.953568
109.726501
109.828575
110.308441
112.926590
109.611130
113.080322
109.820061
Control Period
112.025505
109.755005
112.799423
109.653885
113.370018
109.543777
113.043549
109.662781
110.155548
Control Period
113.310783
109.802307
111.850433
109.566650
111.525085
109.827332
111.466431
109.592735
Control Period
110.876190
110.701309
109.597244
110.628189
109.689888
110.990143
109.618851
111.530884
109.640961
111.646080
Control Period
111.794655
111.644096
111.534210
110.974686
111.990623
110.617088
112.266205
Control Period
110.698463
111.633598
112.868546
110.125023
109.672134
110.057190
110.544609
112.217789
111.230438
111.182365
Control Period
111.739647
109.078140
109.648064
113.081024
110.136444
112.764862
110.173798
113.035614
109.987900
Control Period
110.634918
112.061951
109.905121
109.687805
109.668060
109.514755
109.598335
110.000671
113.007675
109.810181
Control Period
109.725601
109.770981
109.434204
109.692513
109.185661
109.499168
110.050873
109.424164
109.823586
Control Period
111.960037
109.837982
109.597374
109.692673
109.569344
109.455902
109.388191
109.732315
109.730942
Control Period
110.999069
109.636581
109.857025
111.889343
109.158691
109.662209
109.776192
109.822083
Control Period
113.163971
112.524643
110.526398
112.334877
109.774910
111.218887
112.623322
110.788673
111.711548
Control Period
110.001663
109.267326
108.821152
109.755524
112.655136
110.005661
109.783485
109.771164
110.306786
Control Period
112.700287
109.765884
113.199776
109.729691
109.793381
109.297958
109.597733
112.495483
111.115265
Control Period
112.868515
109.700806
109.436287
113.258560
109.942749
109.786110
109.376541
109.919197
113.051872
Control Period
110.228447
112.747391
109.624924
109.464218
109.710495
112.125214
109.777565
109.597092
109.887589
Control Period
109.648384
112.996964
109.696831
109.510620
109.739975
110.346207
112.687393
109.751999
109.719231
Control Period
110.533218
111.599747
112.083420
109.615677
109.395966
109.339935
111.896255
110.481537
109.411011
112.323715
Control Period
109.882370
110.685440
113.134109
109.652451
109.840286
110.643326
109.780510
110.138496
Control Period
112.930687
109.814720
109.676033
109.407516
109.379585
112.384224
110.627586
109.872833
109.400925
Control Period
112.044258
109.624741
109.809723
112.987686
109.983681
111.265121
111.192123
109.654877
111.547012
Control Period
111.999809
109.879326
113.206757
109.969826
109.838844
109.659393
109.372604
112.720444
110.206467
Control Period
112.066269
110.261887
109.852448
112.883011
109.430626
113.165543
109.493637
109.706337
Control Period
113.271683
112.681915
112.261475
110.616608
111.527908
109.225571
109.935616
110.039551
109.769287
Control Period
113.420349
109.419205
110.489792
112.574463
109.644165
110.332962
113.249786
105.803421
105.826691
Control Period
107.065628
117.364479
117.291428
117.324989
117.321503
117.304153
117.315552
117.296738
117.307457
117.297638
117.288643
117.322052
117.325378
117.312958
117.323807
117.314117
117.303741
117.326591
117.340637
117.318909
117.301888
117.254501
117.285217
117.307999
117.298813
118.177948
