57.9194
56.2711
54.9616
55.2901
56.1274
56.4035
56.8776
56.2795
56.9684
56.4407
56.9726
56.3624
56.7618
55.6527
55.9443
56.87
55.8568
57.1364
54.6554
56.3826
56.7478
56.3557
55.8023
56.2021
55.7154
56.2437
56.2351
55.7044
56.1406
56.7208
55.8053
56.4504
55.9287
56.4224
56.2082
55.8005
56.3642
55.2835
55.8119
56.5366
56.0278
56.4995
54.9424
55.3676
54.2564
55.757
56.205
56.1592
56.1502
56.4745
56.6436
55.5784
56.3479
56.1461
55.9768
56.3023
56.516
55.7386
56.3683
56.1783
56.414
55.2567
56.3643
56.1982
56.4436
55.9551
55.6345
56.1078
56.2277
56.0294
56.4974
55.7509
56.8456
56.367
56.7179
56.7276
56.1661
56.2936
56.6813
55.9339
55.6392
55.9942
55.7042
56.8334
56.4355
56.4966
56.4129
55.9351
56.462
56.6336
56.4279
56.5927
56.2155
56.4841
56.8165
56.3049
55.6372
55.2361
56.0999
56.1752
55.6246
56.2883
56.6037
56.2161
56.2864
56.8856
56.3681
56.8667
56.3316
56.8597
56.6597
56.2833
55.4846
56.6987
