117.828323
117.355453
117.365791
117.358719
117.333855
117.330841
117.307808
117.342369
117.360733
117.361984
117.335297
117.340866
117.314758
117.329117
117.357788
117.330460
117.341347
117.307068
117.321983
117.329025
117.359009
117.335709
117.369919
117.365921
117.341568
117.380829
117.367996
117.331551
117.310272
117.320923
Control Period
109.856735
109.701088
109.683968
109.643677
109.755142
109.641281
109.399551
110.484734
109.019867
Control Period
109.732445
109.454498
105.818848
109.596802
109.830147
106.120453
109.674301
109.594620
106.513626
Control Period
109.756699
109.363739
109.669632
108.874619
109.789917
109.633636
109.523483
108.168869
Control Period
112.004608
109.480545
109.390465
109.615067
109.647392
109.692902
109.783424
109.639420
109.617477
Control Period
110.107422
109.530113
109.392128
109.547546
109.816803
109.621979
109.502594
110.101151
109.552414
Control Period
111.065376
109.773567
109.384125
109.653305
109.663902
111.392197
111.485054
109.607552
Control Period
111.304581
110.252068
112.099838
110.334915
110.099327
112.938492
109.806465
112.717789
109.590431
Control Period
110.014717
109.485031
109.544998
109.664154
112.911484
109.751877
109.349121
109.801247
109.876862
Control Period
109.890114
109.598267
109.811707
109.800446
109.571007
109.809479
110.171616
109.436447
Control Period
110.194214
110.168190
112.906235
112.683296
109.492607
110.030746
109.438019
113.103836
109.536255
Control Period
109.748703
113.326431
109.883682
109.414780
109.671295
109.718781
112.915009
109.798271
113.328384
Control Period
109.881569
109.851837
109.298172
109.150238
110.050049
109.319901
109.978783
112.065216
109.960289
Control Period
109.639099
109.999359
110.813057
109.898018
109.662277
112.083778
109.600647
109.551811
109.732803
Control Period
113.528191
109.778847
109.644989
109.508255
109.760063
108.718597
109.774139
109.806244
109.428223
Control Period
110.055557
109.620354
109.786758
109.662949
109.529053
109.613373
109.616287
109.366432
109.976959
Control Period
111.036926
109.392479
109.434433
110.000702
111.751328
110.074341
110.805695
109.295685
109.498108
Control Period
110.479874
109.596992
109.630173
109.381989
109.823105
109.683228
109.511330
109.636154
109.683365
Control Period
110.263939
109.713570
109.710846
109.517059
109.742912
109.746368
109.355423
109.283707
109.624733
Control Period
109.801086
109.617729
109.589127
109.856705
109.682945
110.014877
109.847397
109.406654
109.671356
109.284805
Control Period
109.449799
109.555489
109.623108
109.509506
112.384125
109.597122
109.969887
110.170334
109.573311
Control Period
109.864609
109.752060
110.323807
109.501472
109.352539
109.749504
109.812103
109.692963
109.612480
Control Period
112.060226
110.074463
109.577316
109.446045
109.844833
109.723328
109.911865
109.687042
109.493057
Control Period
111.060730
109.573700
109.108192
109.721436
109.712006
109.526909
109.612450
109.575615
109.566116
Control Period
113.060608
112.138275
109.681412
110.737732
109.666077
109.676987
109.827133
110.677086
109.604294
Control Period
113.195198
109.974045
110.065979
111.842781
109.732452
109.477158
109.720612
112.950462
109.565887
Control Period
113.156357
110.879715
109.911163
109.686844
109.705597
109.838242
109.827103
109.897758
109.987137
111.018433
Control Period
109.582848
109.790649
109.685883
112.295837
109.996834
109.741058
109.614113
109.812256
Control Period
110.103264
112.506653
109.856186
113.205025
109.463043
109.860703
109.533539
109.355743
109.539429
Control Period
109.699295
109.630371
109.668510
110.489883
112.313538
109.390213
109.643646
112.127106
Control Period
113.443390
109.795197
109.771042
113.144928
109.836098
112.445541
109.934814
109.663841
110.233826
Control Period
112.863007
109.333862
109.828674
109.642593
112.646912
109.465851
113.222214
109.595200
109.856186
110.254593
Control Period
113.137726
110.631325
109.562180
109.570465
110.465561
109.532608
109.775131
109.742783
Control Period
113.181274
111.129341
112.099228
109.571609
109.540604
111.796318
110.425980
109.554108
109.574944
Control Period
110.110847
108.666527
109.533951
113.029823
109.408646
110.150238
112.450401
110.681091
112.397980
109.792961
Control Period
109.447166
113.147743
109.419266
109.561798
109.428482
109.794495
109.533150
109.668289
Control Period
112.224701
111.091110
112.465027
110.429024
109.632545
112.807068
110.526306
109.326599
113.176224
Control Period
112.964005
109.432388
113.009727
109.702530
113.014053
109.716866
113.413254
109.870049
113.022110
Control Period
113.361855
109.591843
109.849602
113.297668
109.755142
109.639587
109.929024
109.837631
109.725403
Control Period
109.783615
110.144348
109.543198
109.880035
109.288254
109.422852
109.602654
109.973083
109.495911
Control Period
109.472862
109.628929
109.853119
109.787903
109.663513
113.016289
109.590149
109.660416
109.572098
Control Period
109.589058
109.760384
109.457214
109.700989
109.610657
109.241341
108.469376
109.429344
111.556992
109.534851
Control Period
109.832962
109.658752
109.250175
109.586464
109.944443
109.315033
109.300858
109.648102
109.694427
Control Period
109.844254
109.617218
109.539581
108.653282
109.682686
109.582428
109.710236
109.726685
109.812927
Control Period
113.633636
109.573471
109.585983
109.747841
109.668060
109.470779
109.741379
109.596992
109.658211
Control Period
113.626465
109.429947
109.440506
109.725342
111.498878
109.616447
109.559906
109.856514
110.343933
Control Period
112.971588
109.614594
111.373596
109.466911
109.570305
109.408295
112.209503
109.786110
109.621094
Control Period
109.766403
109.847580
109.688354
111.877823
109.299454
109.856613
109.656418
109.026596
Control Period
111.415489
110.814621
109.771362
109.874557
109.559845
111.659164
109.713341
112.519394
109.865410
110.178528
Control Period
109.912064
109.378525
109.423203
109.722748
110.293472
112.864769
109.427139
110.301636
Control Period
113.354622
109.709854
110.416672
112.411842
109.581497
109.325531
109.615555
110.146011
109.455490
109.716606
Control Period
109.337372
110.033478
109.483139
109.489151
109.762558
109.628326
109.520576
109.237251
Control Period
112.179550
110.616638
109.929916
109.670563
113.477730
109.848831
113.301346
109.574844
Control Period
113.249695
109.647713
109.519165
112.109924
110.129951
109.750145
109.863457
113.161247
110.029861
Control Period
110.235138
112.502495
109.692444
112.742279
110.225540
109.641792
110.169151
109.804611
110.762016
Control Period
109.987198
109.531097
109.270592
109.697021
111.484192
109.307709
109.820389
109.621277
110.140610
Control Period
111.039612
112.487106
110.059677
109.913116
110.007423
109.518982
109.301895
109.823936
Control Period
111.847939
110.080582
113.092957
109.497498
112.978012
109.337791
113.096771
110.038559
112.745026
Control Period
110.006500
109.609756
109.728638
111.842239
109.592865
109.571587
109.343933
109.700737
109.694496
Control Period
110.502655
109.533157
109.628830
109.330147
109.919067
109.978531
109.736923
109.969345
113.229698
Control Period
109.827972
109.848099
109.982758
109.549728
109.614746
109.582718
109.315071
110.551651
109.334244
Control Period
113.156219
109.701157
111.203262
109.823105
109.672516
109.789337
113.471268
109.764099
109.559326
Control Period
109.594879
109.483459
109.642746
109.901215
109.904831
109.741989
109.572739
110.005760
109.583199
Control Period
109.775520
109.712448
109.960251
110.371170
109.620636
109.694626
109.942467
109.696350
109.243202
Control Period
113.539993
109.754852
109.807106
111.133469
108.915741
112.483139
109.723999
111.173477
109.488419
Control Period
110.333115
109.716583
109.507675
109.606880
109.472000
109.930206
109.995743
109.701538
109.969666
Control Period
109.419205
109.691620
109.383362
109.484283
109.420731
109.697021
109.672836
109.660606
109.688576
Control Period
111.114853
109.556129
109.578079
109.600037
112.716957
109.949280
109.561981
109.115616
112.403038
Control Period
110.863808
109.955551
109.340096
109.783234
112.773117
109.648956
109.630524
109.526169
109.706177
Control Period
109.786430
112.320221
109.195778
109.899071
109.743584
111.289024
112.683014
109.622498
109.987900
Control Period
111.482849
109.331459
109.940506
110.186203
112.156509
111.736572
111.869858
110.862785
109.586525
Control Period
112.197891
110.337921
111.389694
111.137314
111.718140
111.107452
109.611588
112.459969
Control Period
112.720734
109.965248
109.573601
109.765091
112.669472
109.898209
109.553856
112.900703
Control Period
112.778625
109.455170
110.136963
113.377502
109.654404
110.394432
112.461029
112.296036
Control Period
113.087036
111.076645
112.446815
110.205086
109.686050
113.073601
109.623260
109.700165
110.069214
Control Period
113.131744
109.395325
109.704803
113.210945
109.443069
113.010590
109.653984
109.294464
109.857697
Control Period
109.891487
112.830658
110.024612
112.754364
109.738693
113.026176
110.311646
113.223419
109.763962
Control Period
109.786751
109.642715
109.185921
109.750786
112.963074
109.541061
109.741882
109.684158
110.652481
Control Period
109.512512
111.360550
109.850204
109.473373
109.496826
109.376801
109.814941
109.608582
109.597694
109.723267
Control Period
109.794785
109.574432
108.442337
109.501122
106.011612
110.251358
109.276001
109.247421
110.117218
Control Period
109.783356
109.648994
109.925056
109.709824
109.539070
109.596481
110.023422
109.693443
109.601089
Control Period
110.086685
109.702400
109.529152
109.577217
109.533279
110.079422
109.658401
109.666367
109.784096
Control Period
111.191010
109.439453
109.442978
109.158524
109.700226
109.525696
109.784607
109.756134
Control Period
112.021118
109.593628
111.606430
109.502815
111.978012
109.775940
111.531105
109.660187
111.109985
Control Period
112.318939
109.888611
108.896835
109.767868
110.130630
112.872574
109.811356
109.555168
109.645569
Control Period
113.489853
109.745667
109.821091
109.751740
109.832611
109.690460
109.553055
110.123299
109.990082
Control Period
112.195938
111.289314
112.535393
109.483078
110.039680
109.733627
110.183136
109.771515
109.725021
Control Period
109.524574
112.650436
110.535744
109.642563
113.347649
110.258331
109.721664
111.673126
109.570114
Control Period
109.496193
111.717888
111.179932
109.629311
111.606110
110.440475
109.684067
109.427460
109.551491
109.457085
Control Period
109.632294
111.547653
109.311966
109.510208
109.833191
110.318947
109.523201
109.579941
Control Period
112.751038
110.567230
109.256348
111.713791
110.506271
109.677338
109.820068
109.776413
Control Period
113.255585
109.392418
112.305862
109.621536
111.465248
111.131584
111.883934
111.521317
112.117371
Control Period
109.866241
109.411873
109.509026
113.055199
109.354431
109.035072
109.487808
109.761124
112.788193
Control Period
110.138557
109.551132
109.345413
109.504768
110.255356
112.940414
110.076256
109.676956
109.854912
Control Period
109.646118
109.663391
109.815781
111.261726
109.260284
109.395775
111.702049
109.819489
109.398178
Control Period
111.953598
113.686722
110.820000
109.607681
112.239105
109.596802
109.700195
109.812668
110.718689
109.502274
Control Period
111.917152
109.572388
110.065857
109.628609
109.620453
109.529053
109.718269
111.746338
109.234528
Control Period
109.586624
109.502396
109.933380
109.643234
109.595009
109.634949
109.468895
109.870781
109.940765
Control Period
113.358559
109.639137
113.428284
110.226791
109.838623
109.523102
109.501953
112.467903
110.527359
Control Period
111.647171
111.708954
109.613831
109.674210
109.441956
111.242310
111.468384
109.548286
112.376801
Control Period
113.496185
109.731232
109.791039
109.747009
109.619812
110.170364
109.632446
109.880997
112.046341
Control Period
111.177155
109.882782
109.527489
109.661530
109.474426
109.581566
109.682816
111.780670
109.256958
Control Period
109.604446
109.570847
108.878975
109.893341
109.517952
109.706787
109.811646
109.834045
109.184258
Control Period
110.736359
109.247330
111.664482
109.367264
109.512543
111.557152
109.727425
111.279808
109.822174
109.820892
Control Period
109.681412
111.719330
109.739517
109.885536
109.832932
109.700737
109.752640
Control Period
112.867172
113.323135
109.875679
111.012573
109.865952
112.348389
109.693825
110.725922
111.697861
Control Period
111.416580
111.803772
111.828354
111.538017
110.856255
111.803871
111.543808
111.978210
110.912933
Control Period
111.023743
112.345795
109.503876
112.850204
109.395264
113.287392
109.770401
113.003166
109.810883
Control Period
111.466591
109.709953
109.721695
109.512001
111.963654
111.050430
109.385506
109.474495
Control Period
113.080292
109.751518
110.054657
109.529121
109.361053
109.095963
109.529022
109.979904
109.745087
Control Period
113.228958
109.142464
109.780449
111.523712
111.367485
111.897667
111.185242
112.182877
109.687744
113.113754
Control Period
109.696991
109.399040
109.427261
110.330139
109.210526
109.885857
109.708221
109.336700
112.345985
Control Period
109.750847
112.501152
110.022202
109.794525
109.559555
109.554947
111.020737
109.475494
109.441986
Control Period
109.580734
109.162308
109.348740
112.294685
110.674820
109.865219
109.234650
105.803680
105.792511
Control Period
105.825851
105.831261
105.840637
105.818497
105.813889
105.823616
107.290237
105.828735
