77.3333
73.2212
70.6769
68.6697
67.1123
65.9281
65.0421
64.3958
63.9263
63.5945
63.3683
63.2194
63.1336
63.0799
63.0608
63.068
63.0895
63.1235
63.16
63.204
63.2501
63.3027
63.356
63.4112
63.4638
63.5111
63.558
63.6007
63.6417
63.6924
63.7374
63.7826
63.8259
63.8678
63.9061
63.9399
63.9764
64.0113
64.0444
64.0794
64.1138
64.1449
64.1821
64.2134
64.2412
64.2691
64.297
64.3257
64.3517
64.3773
64.401
64.4211
64.439
64.4608
64.4818
64.5019
64.5214
64.5387
64.5583
64.5715
64.589
64.6087
64.6266
64.6395
64.6565
64.6761
64.693
64.709
64.724
64.7358
64.7501
64.7641
64.7756
64.7855
64.7992
64.8082
64.813
64.8209
64.8306
64.8397
64.8465
64.8525
64.8671
64.8775
64.8808
64.8874
64.8917
64.8959
64.8999
64.91
64.9161
64.9267
64.9318
64.9387
64.951
64.9561
64.9602
64.9615
64.9661
64.9743
64.9793
64.9829
64.985
64.9939
64.9974
64.9968
64.9984
65.006
65.0061
65.0106
65.017
65.019
65.0212
65.0241
65.0286
0
