333.081
103.5
89.9062
91.2188
106.062
91.2188
97.3438
175.312
147.75
40.8125
89.9062
87.375
94.7188
76.2812
94.0303
88.0645
-6.15625
67.7578
96.0625
115.281
93.6562
49.4062
-32.4375
101.969
104.781
171.375
83.6562
199.688
115.906
86.2812
124.333
107.291
88.75
94.9688
8.38721
113.75
5.53125
89.3032
72.6562
86.9033
96.1562
89.9688
176.258
4.375
94.875
87.5
98.6562
42.5483
146.625
191.438
62.8711
96.2119
-5.7417
73.9375
30.9375
94.9375
85.6665
98.4688
39
59
74.5938
33.125
88.625
88.7188
136.062
166.062
112.188
124.062
101.094
57.2188
118.606
97.4062
92
64.25
81.2812
96.125
83.2119
91.0625
85.5161
6.78125
83.8438
94.0605
163.625
137.562
95.9062
83.7812
74.25
44.7095
94.9688
86.25
94.8125
121.5
47.9062
208.969
102.281
124.25
99.9062
91.2188
76.9355
72.4849
78.8125
120.156
-6.70947
93.7188
72.9375
64.3438
136.344
88.6875
48.2188
86.125
89.875
85
94.9375
82.5
129.25
-11
