0.709423
0.746498
0.776648
0.794986
0.811294
0.816341
0.811107
0.804149
0.804548
0.799838
0.799796
0.809757
0.802202
0.800546
0.804993
0.804674
0.804837
0.805433
0.816212
0.807212
0.805695
0.811489
0.821586
0.812329
0.81318
0.807106
0.802567
0.800942
0.812031
0.810976
0.813032
0.805877
0.80198
0.806422
0.80752
0.80271
0.800843
0.807054
0.80717
0.806997
0.804376
0.802462
0.803452
0.806913
0.808758
0.803563
0.803867
0.799756
0.816956
0.805157
0.809169
0.809313
0.805465
0.801358
0.800984
0.801248
0.809961
0.803887
0.809001
0.802897
0.807703
0.809873
0.806445
0.791517
0.807278
0.803692
0.800364
0.799756
0.803999
0.802765
0.806505
0.805514
0.811008
0.805744
0.808057
0.802905
0.812243
0.808602
0.811689
0.80954
0.806923
0.806818
0.806461
0.816852
0.81688
0.811936
0.814083
0.807101
0.808796
0.806661
0.799352
0.802945
0.802757
0.800657
0.796577
0.799455
0.798762
0.804475
0.813876
0.801119
0.807674
0.804901
0.802518
0.813949
0.811201
0.808277
0.799919
0.80331
0.801659
0.798781
0.807295
0.808838
0.803376
0.805914
