3847.5
5893
5814
6071
6125
5774
5754
5501.5
5387
5288
5442.5
5466.5
5600.5
5466.5
5675
5422
5407
5446.5
5481.5
5734.5
5576
5541.5
5813.5
5675
5367.5
5497
5189
5427
5596
5466.5
5616
5486.5
5442
5482
5427
5482
5580.5
5833.5
5576.5
5635.5
5556.5
5596
5367.5
5442.5
5347.5
5466.5
5387.5
5486.5
5600.5
5482
5407
5466.5
5561
5467
5695
5521
5581
5387.5
5699.5
5422.5
5466.5
5541
5565.5
5501.5
5328
5615.5
5481.5
5699.5
5615.5
5640
5502
5427
5482
5675
5546
5635.5
5675
5576
5521
5407
5695
5635.5
5541
5501.5
5600.5
5447
5462
5502
5466.5
5640.5
5506.5
5596
5774
5482
5481.5
5367.5
5407
5635.5
5561
5466.5
5581
5328
5486.5
5640.5
5462
5482
5675
5407
5328
5640.5
