918
918
918
910.952
872.565
851.705
839.029
835.846
841.166
843.623
847.826
848.373
848.016
844.701
850.826
848.584
843.967
846.192
844.846
847.331
845.258
844.042
845.204
842.398
834.365
833.195
835.902
841.825
848.182
847.296
841.418
839.996
842.314
843.786
848.916
847.635
845.69
846.975
850.503
846.024
843.304
843.528
844.092
846.929
845.168
842.941
844.188
848.18
847.21
847.653
844.83
844.988
844.884
842.309
845.189
848.92
848.92
849.109
847.228
844.479
847.514
845.141
848.074
841.769
843.28
844.777
845.224
843.643
845.406
849.546
848.554
846.337
844.38
840.289
842.161
844.514
844.662
843.346
849.452
845.887
842.507
842.134
838.219
840.273
842.799
842.059
837.818
835.18
839.409
839.764
841.952
845.473
845.926
849.671
849.191
850.868
850.447
851.712
852.088
850.031
846.443
845.738
847.583
845.573
845.571
845.437
844.677
841.343
842.04
848.764
849.386
848.019
848.16
846.688
843.041
844.065
843.683
838.757
