60
60.4442
61.4635
62.3134
63.0287
63.6411
64.1793
64.6546
65.0775
65.456
65.8044
66.1193
66.4171
66.6928
66.9512
67.1959
67.4231
67.6385
67.8479
68.0427
68.2294
68.4112
68.5866
68.7679
68.9305
69.0821
69.229
69.3727
69.5054
69.6339
69.7584
69.8785
69.9959
70.1087
70.2194
70.3233
70.4238
70.5193
70.6109
70.7013
70.7882
70.8715
70.9584
71.0355
71.1162
71.1917
71.2661
71.3368
71.4049
71.4698
71.529
71.5841
71.637
71.6905
71.7442
71.7959
71.8424
71.8942
71.9399
71.9794
72.0196
72.0563
72.0953
72.1291
72.1627
72.2011
72.2311
72.2629
72.2981
72.3271
72.3549
72.3831
72.4125
72.4363
72.4602
72.4819
72.5055
72.5329
72.5532
72.5739
72.591
72.6125
72.6318
72.6513
72.6701
72.6913
72.7123
72.7303
72.7468
72.767
72.7823
72.7945
72.8052
72.8173
72.8291
72.8424
72.8536
72.8622
72.8724
72.8805
72.8947
72.9067
72.9162
72.9241
72.9306
72.9427
72.9505
72.9575
72.9652
72.9707
72.9788
72.9841
72.9913
72.9982
73.0057
0
