0.945039
0.969037
0.953297
0.939862
0.929165
0.920511
0.912776
0.906208
0.900011
0.89521
0.890026
0.886234
0.88213
0.878463
0.875031
0.871695
0.868824
0.866223
0.863268
0.860722
0.858453
0.856354
0.855308
0.852078
0.84982
0.84788
0.846274
0.844227
0.842582
0.841086
0.83955
0.8382
0.836849
0.835655
0.834173
0.832882
0.831521
0.830459
0.829483
0.828405
0.827335
0.826832
0.825311
0.824847
0.823789
0.822954
0.822227
0.821308
0.820591
0.819642
0.818872
0.818186
0.817688
0.817151
0.816589
0.815858
0.815796
0.814861
0.814073
0.813796
0.813175
0.812875
0.812345
0.811952
0.811928
0.811005
0.810857
0.810943
0.810045
0.80973
0.809482
0.809348
0.80872
0.808548
0.80815
0.807991
0.80798
0.80748
0.807338
0.806853
0.806866
0.806629
0.806401
0.806334
0.806139
0.80602
0.805582
0.805414
0.805578
0.805025
0.804845
0.804593
0.80444
0.804412
0.804596
0.80421
0.803917
0.803946
0.803618
0.803908
0.803641
0.803371
0.803215
0.803165
0.80333
0.802919
0.80293
0.802969
0.802662
0.802809
0.802584
0.802557
0.802479
0.802522
0.802231
0
