5709.83
5923.66
6005.81
5927.34
5906.28
5868.7
5827.16
5745.75
5802.42
5923.66
5916.31
5917.44
5911.94
5919.55
5921.16
5921.55
5926.09
6028.06
5933.56
5960.73
5885.91
5916.25
5917.47
5957.62
5922.38
5913.75
5920
5916.88
5917.03
5928.79
5917.44
5901.72
5896.75
5914.97
5938.25
5951.78
5878
6048.78
5922.41
5919.97
5937.25
5914.97
5844.79
5919.97
5917.5
5922.47
5929.77
5915
5897.91
5893.06
5953.91
5911.87
5933.59
5917.53
5926.19
5923.69
5915.16
5920.03
5916.34
5922.76
5911.38
5929.94
5888.38
5915.03
5943.67
5903.19
5913.78
5917.53
5923.66
5916.31
5845.09
5917.59
5866.09
5953
5912.55
5946.03
5938.5
5902.78
5869.56
5924.91
5924.91
5904.16
5834.62
5923.62
5895.81
5943.12
6063.03
5926.12
5868.56
5972.79
5931.09
5922.47
5923.75
6006.84
5967.47
5897.88
5778.28
5900.53
5913.78
5970.34
5932.34
5893.44
5963.12
5923.69
5918.78
5875.78
5923.62
5853.41
5913.18
5994.47
5963.58
5935.97
5871.09
5918.69
5901.06
6011
