113.257
117.304
117.303
117.311
117.305
117.322
117.344
117.318
117.316
117.299
117.3
117.319
117.313
117.321
117.329
117.305
117.286
117.301
117.293
117.291
117.318
117.306
117.324
117.333
117.308
117.324
117.324
117.301
117.3
117.299
117.301
117.301
117.301
117.296
117.289
117.287
117.298
117.284
117.293
117.279
117.29
117.305
117.294
117.314
117.313
117.321
117.321
117.331
117.319
117.313
117.298
117.291
117.31
117.319
117.32
117.297
117.32
117.315
117.303
117.31
117.293
117.306
117.278
117.285
117.306
117.29
117.293
117.293
117.304
117.294
117.297
117.312
117.296
117.293
117.286
117.296
117.324
117.293
117.288
117.283
117.316
117.303
117.308
117.307
117.32
117.329
117.336
117.326
117.333
117.338
117.31
117.307
117.313
117.323
117.307
117.305
117.3
117.305
117.308
117.323
117.324
117.33
117.321
117.294
117.326
117.328
117.307
117.303
117.315
117.309
117.3
117.314
117.324
117.304
117.309
0
