57.9564
59.8844
59.8732
59.888
59.8778
59.8972
59.9047
59.8885
59.8924
59.8916
59.884
59.8886
59.8876
59.8854
59.9035
59.8828
59.8733
59.8932
59.8713
59.8794
59.8874
59.8836
59.8961
59.8965
59.8844
59.8946
59.8979
59.878
59.8826
59.8778
59.8782
59.8822
59.8705
59.8765
59.8688
59.877
59.8754
59.863
59.8674
59.8718
59.8673
59.8811
59.8763
59.8915
59.8896
59.9072
59.8887
59.9025
59.8972
59.8894
59.8812
59.8814
59.885
59.8965
59.8919
59.8836
59.8969
59.8987
59.8841
59.8782
59.8778
59.8945
59.874
59.8756
59.8903
59.8781
59.8818
59.8815
59.8835
59.8823
59.8895
59.8846
59.8795
59.8746
59.876
59.8869
59.8992
59.8732
59.8756
59.871
59.8846
59.8769
59.886
59.8708
59.9017
59.898
59.9006
59.8957
59.9035
59.9015
59.8862
59.8858
59.9021
59.8854
59.876
59.8864
59.8795
59.8797
59.8803
59.9009
59.9001
59.8928
59.8882
59.881
59.9033
59.8941
59.8854
59.8828
59.8784
59.8854
59.8771
59.8866
59.8806
59.8869
59.882
0
