117.516571
117.284737
117.302177
117.285309
117.274590
117.254623
117.251419
117.266724
117.310463
117.289246
117.311615
117.319008
117.327393
117.315521
117.298630
117.280128
117.292923
117.290527
117.287811
117.319939
117.308289
117.302460
117.263069
117.295006
117.296387
117.287682
117.317825
117.299744
Control Period
117.291931
117.284546
117.301147
117.296326
117.298370
117.320221
117.310623
117.317886
117.311172
Control Period
117.316322
117.288605
117.304260
117.275101
117.307556
117.322403
117.297501
117.312637
Control Period
117.330528
117.312477
117.307358
117.330597
117.314209
117.304482
117.299454
117.288544
Control Period
117.291962
117.295326
117.307808
117.314369
117.308868
117.292709
117.297379
117.333855
117.335457
Control Period
117.300003
117.323486
117.303070
117.302078
117.303802
117.331070
117.350555
117.347458
117.323898
Control Period
117.340576
117.314819
117.332993
117.359299
117.363708
117.353790
117.381538
117.328476
117.319839
Control Period
117.385468
117.341949
117.325180
117.287430
117.307770
117.299805
117.316704
117.304482
117.295105
Control Period
117.312775
117.288742
117.293983
117.318726
117.300064
117.333694
117.361343
117.325058
117.311996
Control Period
117.308159
117.269180
117.294846
117.282784
117.308960
117.308258
117.322014
117.298592
Control Period
117.298561
117.293343
117.308319
117.314148
117.321823
117.288284
117.301056
117.310272
117.263298
Control Period
117.309891
117.287811
117.322914
117.318268
117.314651
117.338913
117.326813
117.332794
Control Period
117.295357
117.325531
117.294434
117.311073
117.310562
117.309402
117.332611
117.324768
117.328094
Control Period
117.320541
117.308258
117.290337
117.360764
117.353920
117.313118
117.307487
117.307068
Control Period
117.331680
117.304474
117.336418
117.341766
117.318466
117.353027
117.312607
117.331100
117.319489
Control Period
117.319199
117.289795
117.300797
117.333115
117.316032
117.292191
117.303909
117.271973
Control Period
117.262909
117.302277
117.279449
117.280640
117.273346
117.308029
117.281860
117.296097
Control Period
117.309601
117.320961
117.303940
117.288452
117.300644
117.320671
117.280319
117.281281
Control Period
117.283806
117.308769
117.282013
117.296799
117.288223
117.277054
117.312065
117.304611
117.282272
Control Period
117.286110
117.280060
117.286049
117.280991
117.292221
117.322525
117.294083
117.286560
Control Period
117.297600
117.306305
117.345024
117.356186
117.321732
117.301186
117.300224
117.312927
117.315361
Control Period
117.320061
117.274979
117.301407
117.293343
117.311066
117.320251
117.326141
117.293823
Control Period
117.325539
117.317215
117.317123
117.310242
117.319778
117.333572
117.324829
117.347137
Control Period
117.353989
117.337219
117.325638
117.313728
117.328995
117.338051
117.320251
117.330269
117.350372
Control Period
117.327164
117.318146
117.321243
117.295296
117.274246
117.286972
117.323868
117.320351
Control Period
117.300125
117.309631
117.282593
117.304611
117.344864
117.357788
117.336258
117.352859
117.330017
Control Period
117.286079
117.321053
117.330879
117.321243
117.344925
117.335197
117.318649
117.333504
Control Period
117.334274
117.291779
117.288223
117.298401
117.313026
117.309441
117.296928
117.286621
117.294754
Control Period
117.322144
117.313057
117.317566
117.307007
117.293915
117.293922
117.262527
117.286499
Control Period
117.306015
117.280510
117.297951
117.316673
117.281601
117.299042
117.320221
117.290817
Control Period
117.283104
117.295609
117.323074
117.301407
117.308548
117.290726
117.300705
117.290146
117.312256
Control Period
117.343361
117.293091
117.316452
117.301254
117.262756
117.292000
117.281342
117.308098
117.312668
Control Period
117.294083
117.299973
117.325211
117.312447
117.300034
117.285797
117.275482
117.312897
Control Period
117.305923
117.280159
117.290558
117.353249
117.313156
117.260353
117.285408
117.295166
117.284447
Control Period
117.305283
117.283714
117.282082
117.290207
117.302368
117.276703
117.291580
117.276230
Control Period
117.289413
117.285217
117.280060
117.309120
117.316132
117.276894
117.270882
117.272095
117.290726
Control Period
117.287781
117.308609
117.312378
117.325348
117.338821
117.298050
117.269600
117.249634
Control Period
117.258972
117.292923
117.286591
117.299393
117.303360
117.291229
117.276443
117.260544
Control Period
117.288132
117.282883
117.281601
117.298019
117.310852
117.314339
117.285660
117.280350
Control Period
117.257507
117.252350
117.272675
117.278854
117.285889
117.311844
117.298874
117.278275
117.277405
Control Period
117.285721
117.291046
117.294403
117.281540
117.305923
117.285217
117.285919
117.288483
Control Period
117.313980
117.291679
117.299744
117.268509
117.305504
117.322113
117.344894
117.290466
117.292992
Control Period
117.282181
117.284897
117.288734
117.257599
117.277054
117.324356
117.304764
117.298141
117.329727
Control Period
117.322624
117.310394
117.289505
117.300003
117.315491
117.320450
117.316483
117.338974
Control Period
117.333023
117.317024
117.288132
117.322052
117.319229
117.303711
117.318909
117.302917
Control Period
117.320961
117.331680
117.344482
117.334396
117.307358
117.316643
117.318787
117.293884
117.318787
Control Period
117.305763
117.327232
117.296318
117.326782
117.318756
117.331650
117.321732
117.336960
Control Period
117.313728
117.329536
117.354843
117.337891
117.324997
117.321152
117.327293
117.336899
117.331200
Control Period
117.338821
117.318436
117.310173
117.288315
117.311203
117.312286
117.317635
117.323425
117.351334
Control Period
117.316315
117.285797
117.296997
117.314148
117.318115
117.323898
117.332062
117.313789
Control Period
117.297058
117.301537
117.281822
117.289024
117.341446
117.317345
117.294876
117.280579
117.275360
Control Period
117.279068
117.266594
117.303970
117.274658
117.277122
117.322464
117.306816
117.300545
Control Period
117.280899
117.371140
117.322525
117.310883
117.307648
117.294113
117.294525
117.298309
Control Period
117.296127
117.284546
117.293762
117.304192
117.340836
117.331230
117.358978
117.323868
117.341278
Control Period
117.332031
117.326492
117.319107
117.291107
117.325317
117.334244
117.320099
117.310753
Control Period
117.323364
117.297180
117.272507
117.279358
117.284164
117.304031
117.294144
117.311523
117.303070
Control Period
117.328194
117.302338
117.341858
117.324638
117.298630
117.317444
117.314781
117.333473
Control Period
117.307968
117.317024
117.318848
117.346657
117.293915
117.303391
117.324188
117.306107
117.323074
Control Period
117.309662
117.274429
117.285728
117.301605
117.291519
117.294525
117.299454
117.348602
Control Period
117.327805
117.297028
117.330170
117.321762
117.309570
117.317444
117.294693
117.278397
Control Period
117.282944
117.299652
117.295135
117.288864
117.278107
117.288635
117.278458
117.296669
117.324997
Control Period
117.322624
117.300964
117.320160
117.285660
117.334946
117.299042
117.282974
117.303268
Control Period
117.291718
117.282143
117.249054
117.293091
117.269638
117.279938
117.284767
117.271866
117.280731
Control Period
117.291901
117.276642
117.294754
117.305183
117.274277
117.291580
117.273056
117.272865
Control Period
117.330109
117.294693
117.306885
117.312454
117.290176
117.293304
117.303909
117.309723
117.310501
Control Period
117.291641
117.270554
117.264381
117.285477
117.280060
117.306107
117.299011
117.320831
Control Period
117.312126
117.287613
117.294975
117.309341
117.304321
117.291168
117.272545
117.273857
Control Period
117.277283
117.295105
117.306046
117.291519
117.302940
117.275810
117.290497
117.305283
117.295715
Control Period
117.288986
117.295776
117.301147
117.295326
117.306244
117.322815
117.321983
117.300415
Control Period
117.312988
117.283455
117.310814
117.293243
117.296799
117.270142
117.276901
117.311996
117.292831
Control Period
117.278885
117.304192
117.298309
117.279007
117.310822
117.324188
117.293953
117.286720
117.294724
Control Period
117.314079
117.326210
117.307556
117.294525
117.298111
117.322495
117.294083
117.340706
Control Period
117.269119
117.262589
117.308098
117.301819
117.310364
117.316803
117.289505
117.306915
117.294655
Control Period
117.284576
117.298309
117.303810
117.319427
117.304550
117.289375
117.278336
117.262756
Control Period
117.289474
117.277504
117.277054
117.277115
117.254494
117.292389
117.295616
117.324417
Control Period
117.308548
117.288956
117.286880
117.272896
117.279198
117.283142
117.303833
117.317307
117.327484
Control Period
117.361214
117.351265
117.323326
117.337051
117.319107
117.303711
117.286530
117.312958
Control Period
117.324417
117.313087
117.301407
117.302597
117.287392
117.291359
117.298462
117.248993
117.264893
Control Period
117.291870
117.316353
117.292191
117.302048
117.288895
117.289566
117.267105
117.253693
117.275421
Control Period
117.290977
117.257187
117.270432
117.265854
117.282883
117.281250
117.317986
117.306076
Control Period
117.287003
117.299042
117.312454
117.324829
117.321793
117.329315
117.333755
117.318588
117.318756
Control Period
117.319489
117.293152
117.276321
117.293762
117.293884
117.311234
117.320320
117.301216
Control Period
117.300064
117.328674
117.312737
117.320068
117.311996
117.293411
117.315201
117.291290
117.302368
Control Period
117.326843
117.302979
117.314468
117.275772
117.295044
117.303551
117.342400
117.294815
Control Period
117.303070
117.293533
117.307388
117.321663
117.315201
117.356476
117.317474
117.341507
117.321030
Control Period
117.343491
117.350525
117.334076
117.319550
117.312836
117.322624
117.336418
117.311806
Control Period
117.307526
117.331299
117.348831
117.330948
117.358688
117.329025
117.347748
117.326111
Control Period
117.295746
117.340607
117.309601
117.330780
117.345734
117.327652
117.332893
117.324738
Control Period
117.350723
117.353851
117.312447
117.300194
117.347137
117.325150
117.353729
117.324860
117.330627
Control Period
117.317627
117.325089
117.332611
117.364349
117.350945
117.360481
117.316322
117.338303
Control Period
117.338593
117.306686
117.312134
117.307999
117.294113
117.335358
117.294876
117.293251
Control Period
117.320160
117.288956
117.305984
117.320831
117.302628
117.293373
117.321060
117.297310
117.311615
Control Period
117.319168
117.342880
117.306717
117.291389
117.304222
117.316132
117.314499
117.305824
Control Period
117.360291
117.368225
117.329987
117.324638
117.314178
117.304222
117.275742
117.302979
Control Period
117.301697
117.326691
117.290947
117.295837
117.299713
117.311844
117.307518
117.320572
117.287170
Control Period
117.287201
117.317345
117.326431
117.323013
117.340736
117.304672
117.301697
117.254471
Control Period
117.274818
117.309540
117.297501
117.291931
117.297638
117.301437
117.303520
117.307297
117.285095
117.327484
Control Period
117.294144
117.314110
117.302490
117.316162
117.319778
117.314369
117.293533
117.288094
Control Period
117.308380
117.281631
117.309952
117.300865
117.309601
117.322021
117.290848
117.329056
117.317734
Control Period
117.321915
117.335846
117.316071
117.358849
117.320610
117.291138
117.323486
117.317406
Control Period
117.310425
117.340317
117.324188
117.326561
117.295517
117.337120
117.333572
117.322784
Control Period
117.291679
117.350594
117.320702
117.342010
117.347717
117.317276
117.323654
117.346016
117.340096
Control Period
117.348541
117.286652
117.332031
117.325500
117.335457
117.312515
117.286880
117.281120
Control Period
117.279236
117.276031
117.318848
117.297668
117.285477
117.295303
117.288994
117.319969
Control Period
117.325378
117.356865
117.308929
117.327011
117.329666
117.307167
117.334015
117.317413
Control Period
117.359169
117.333572
117.369888
117.333893
117.308868
117.319489
117.293533
117.309792
117.323715
Control Period
117.304382
117.288033
117.323074
117.309921
117.297211
117.300575
117.316635
117.318909
Control Period
117.301666
117.275101
117.303482
117.276352
117.294052
117.303879
117.318466
117.309021
117.340446
Control Period
117.340736
117.308319
117.298180
117.318237
117.324890
117.301888
117.325920
117.298019
117.308258
Control Period
117.301025
117.301636
117.316803
117.330879
117.294876
117.315964
117.302841
Control Period
117.314430
117.261986
117.280289
117.299232
117.283875
117.319290
117.296478
117.327232
117.320511
Control Period
117.334595
117.303070
117.326912
117.293732
117.311264
117.306656
117.307419
117.326851
Control Period
117.286621
117.304031
117.310654
117.375549
117.363770
117.346146
117.337982
117.290627
117.297638
Control Period
117.314362
117.314720
117.294365
117.295135
117.272125
117.293884
117.319107
117.316994
117.316956
Control Period
117.306396
117.325027
117.321602
117.331520
117.329346
117.296478
117.308479
117.280609
117.284866
Control Period
117.265381
117.267906
117.284775
117.299652
117.320290
Control Period
117.255585
117.265381
117.307449
118.128769
117.303299
