117.851044
117.343323
117.343582
117.328094
117.330078
117.353569
117.324287
117.343140
117.335938
117.332863
117.316101
117.304962
117.329956
117.324417
117.315582
117.359489
117.343262
117.310211
117.311844
117.366714
117.341759
117.362427
117.367203
117.336578
117.354462
117.420578
117.373695
117.350273
117.360153
Control Period
117.381790
112.026627
113.080032
113.188675
113.598083
113.125694
113.284958
109.676254
113.495590
Control Period
110.851517
113.282974
113.094208
113.122467
112.579773
112.964577
113.022400
113.429665
113.462143
Control Period
114.962204
116.152161
113.274948
115.028580
113.392609
113.094398
116.128189
113.405151
114.927040
Control Period
117.334595
117.296257
113.480865
113.337730
114.256866
117.303299
115.615074
113.324707
113.768578
Control Period
114.283417
113.368515
113.584541
113.467102
113.599167
115.851326
114.147995
113.453186
Control Period
113.606247
114.257629
117.370270
117.371170
117.392670
115.372063
113.655037
113.395004
Control Period
117.347137
113.579102
113.886917
117.328865
117.329346
116.005722
113.375870
115.979996
Control Period
117.405251
116.178116
117.357407
117.358917
117.345444
117.374367
117.354462
115.853149
113.835556
Control Period
117.339676
117.295776
113.258621
113.339294
113.415588
113.444130
113.366432
113.333923
113.341660
Control Period
116.119392
113.452606
113.916229
113.292542
113.511459
115.122658
112.934433
115.905182
113.207329
Control Period
113.496643
113.438591
115.709473
116.873276
115.264061
113.508415
116.169250
113.546021
Control Period
117.329727
113.263962
113.452454
113.228767
113.332413
114.008896
113.480637
113.795547
Control Period
117.359268
114.017822
113.640640
114.411232
117.348289
117.337662
117.341019
113.717819
Control Period
113.334145
117.337433
117.311813
117.320831
117.313728
115.310814
113.693604
113.379936
115.961700
Control Period
117.338974
115.198822
116.903198
115.377792
115.521408
113.559326
113.073151
117.366211
117.313339
117.308289
Control Period
117.309402
117.328323
113.417122
113.539780
114.818848
113.530365
114.751839
113.386688
117.357635
Control Period
116.251457
113.455292
113.722557
113.735779
115.027107
113.298599
115.826523
113.394745
113.383133
Control Period
114.730438
113.368736
113.346016
113.740257
115.156921
117.338272
117.185822
113.494370
Control Period
113.317795
113.654846
113.151260
117.347969
117.353500
117.345764
115.725403
114.829605
Control Period
113.251556
117.315491
117.317375
113.428421
117.318588
117.336830
115.820061
113.614975
117.329956
Control Period
117.303329
116.195908
113.285408
117.312225
117.345276
113.068573
113.748322
117.339783
Control Period
117.353729
117.342117
114.611458
117.311584
117.342270
113.325821
117.327835
117.316063
117.332001
Control Period
117.358658
113.154236
117.342407
117.335297
117.349030
113.105988
113.307266
113.632385
117.368256
Control Period
117.347488
117.328255
117.322372
117.339874
117.333504
117.337730
117.338013
116.677696
Control Period
117.329819
115.305695
117.302277
113.192703
117.315773
117.314880
117.316673
117.329254
Control Period
113.313377
117.323456
113.237885
117.341026
117.300537
115.246048
117.298431
113.403358
117.324677
Control Period
117.302399
113.463646
113.201889
114.926559
117.347580
117.294022
117.329346
116.241440
Control Period
114.281830
117.331871
117.314400
116.924736
117.329437
117.348038
114.165756
117.332092
115.002396
Control Period
117.373917
113.455780
114.547585
115.954437
117.358109
117.346939
117.334213
117.376671
116.487717
Control Period
117.359711
117.342911
116.185028
114.219681
113.396706
113.268478
113.309250
114.647583
Control Period
117.369247
114.439713
117.374687
117.376701
117.390305
117.375900
117.381760
117.326431
116.738907
Control Period
117.360825
115.140671
112.926331
113.426720
113.418274
117.348030
117.343391
116.115967
Control Period
114.580574
116.072479
117.352005
117.352097
113.730560
115.910942
117.345444
117.351364
113.538658
Control Period
117.352036
113.380035
117.334496
117.351646
113.382881
117.355614
117.382874
113.498779
Control Period
117.346436
113.273315
114.653503
116.592575
117.343170
117.393890
117.372955
117.348640
117.379166
Control Period
117.341476
117.346909
117.337082
114.906174
113.210335
113.460159
113.674500
113.593216
Control Period
113.604736
117.351936
117.333855
117.351486
117.338722
117.357376
117.047295
114.951462
Control Period
117.349922
117.361313
117.327553
117.326492
117.357376
117.323334
117.326019
117.306915
Control Period
117.322372
117.322624
117.304901
113.605087
117.361023
113.843872
117.230789
117.320999
117.279449
113.316223
Control Period
117.326370
113.490845
114.189087
117.245117
117.332191
117.149887
117.340958
117.325378
117.309280
Control Period
113.200287
113.522919
115.966530
114.876740
116.969795
113.401344
113.350723
113.391708
Control Period
113.339363
113.497849
113.604706
113.383232
113.222458
113.331711
113.656067
113.602882
113.297279
Control Period
117.362305
116.793182
113.531746
113.470749
117.362846
115.493317
113.560509
113.526428
117.345695
Control Period
117.371674
117.361092
116.767746
115.576607
113.734207
114.036514
113.480957
117.332611
Control Period
117.327972
117.337570
116.294083
116.002457
117.196510
115.946243
117.327713
117.328896
117.323517
Control Period
117.343422
115.080414
116.908096
114.044708
113.238365
114.315582
113.396545
114.106560
Control Period
117.334854
117.292542
117.330780
117.081024
113.424286
113.543518
113.770401
117.315361
117.315842
Control Period
117.329437
114.382271
116.941437
113.613922
113.025185
113.349854
113.532547
115.915619
117.343140
Control Period
117.335327
114.960129
113.609116
114.817825
114.527359
113.471130
117.337280
113.257828
113.681282
Control Period
117.298981
113.458435
116.942139
115.014877
113.495262
114.666718
117.201057
113.394180
113.379837
Control Period
117.346054
117.349060
113.787552
113.205757
117.323578
113.401886
113.532898
116.233505
113.390564
Control Period
115.469116
116.762497
112.810783
113.609795
113.367424
117.188354
113.329178
Control Period
113.276443
117.329788
113.501953
117.322433
117.326843
113.424385
117.320068
116.927994
115.413567
Control Period
117.322815
114.208603
117.347015
117.325470
113.161499
115.875778
117.318527
114.271835
114.173859
Control Period
117.311523
117.304733
117.319748
113.728226
113.177795
113.757759
113.923775
117.363968
Control Period
117.381569
113.356323
117.377151
115.706367
113.703522
114.713348
113.396576
113.443970
Control Period
117.355614
113.730270
113.786942
117.328735
117.325378
116.624710
117.349472
117.324928
113.390366
Control Period
117.317184
117.011490
115.383163
113.535873
113.419167
113.585220
113.632736
115.540001
Control Period
117.332001
117.342590
117.347107
117.348511
117.346207
116.853409
115.625664
117.364349
117.340195
117.355904
Control Period
114.092766
113.322144
113.263138
113.287041
113.318657
113.717247
115.932861
116.231613
Control Period
117.333954
113.409760
114.517250
116.621056
117.332153
116.626305
114.932892
114.013153
113.191971
Control Period
117.329758
117.329185
117.212738
114.706558
113.441086
113.173477
113.608932
113.395233
Control Period
113.215904
114.955231
116.741638
117.328064
113.315262
113.599426
113.338303
113.504608
113.396866
Control Period
114.952766
113.529152
113.436676
115.096451
113.663200
114.276932
113.364960
113.429634
Control Period
117.339905
117.371391
113.793213
113.685028
117.390686
113.826141
113.388062
115.404572
Control Period
117.354431
113.427391
117.298080
117.351868
117.355362
117.334747
117.331131
117.316513
Control Period
117.325470
113.567749
117.328384
113.583710
117.324356
113.366753
117.319901
113.580475
Control Period
117.329758
117.335815
115.557823
117.334305
117.370178
113.460190
117.394432
117.353439
Control Period
117.353760
117.355484
117.366592
113.342751
117.397186
117.368988
113.503555
117.375076
114.949051
Control Period
117.331200
115.295395
116.357315
115.318977
113.561569
115.812798
114.030434
113.611137
113.878113
Control Period
117.347809
116.118721
113.210915
113.490524
112.593445
113.415489
117.340797
113.314018
115.165604
Control Period
117.349022
114.937851
113.405632
113.447388
117.326942
113.259293
115.715103
113.608322
113.073380
Control Period
117.350914
117.353439
113.376251
113.425629
113.894493
117.346588
116.665924
113.241379
113.380768
Control Period
117.360321
116.387131
116.378113
115.472702
117.144226
117.297890
113.525116
Control Period
113.133026
117.311905
115.629150
115.964539
117.304672
113.246017
117.318466
117.316704
Control Period
117.295837
117.299934
113.427933
117.336731
117.319550
116.003174
117.322273
113.257507
117.324799
Control Period
115.244156
115.819611
117.315872
117.314079
113.409119
117.316864
113.198303
114.977440
117.372925
Control Period
117.359840
113.077820
114.308731
115.878944
114.415810
116.139778
113.346077
113.177055
Control Period
113.120071
113.673309
113.340736
113.256577
114.387329
115.738342
113.975487
115.633347
117.347458
Control Period
117.347076
117.128609
117.332443
117.336639
117.311172
117.364487
117.343712
116.892868
Control Period
117.326813
117.343361
117.338181
117.292099
117.314751
116.941925
113.606529
113.480957
113.350464
Control Period
117.351295
113.306747
113.379616
113.253502
113.364159
113.517242
115.439331
113.418335
114.005219
Control Period
117.347168
117.323746
117.335808
117.322945
117.315392
117.326721
113.226364
113.471802
Control Period
117.321472
113.307266
114.797859
117.333374
117.359131
116.258911
113.255455
117.327393
117.326019
Control Period
117.366463
115.004700
116.641571
114.345596
115.802208
113.872833
115.292862
113.910210
116.337982
Control Period
114.451645
113.299072
113.344894
113.611969
117.340096
117.298721
114.154465
113.674751
Control Period
113.162109
113.973541
116.713951
117.349091
117.340256
116.929375
114.785568
112.795807
113.513535
Control Period
117.352737
113.543396
113.681824
113.535042
113.504128
113.275040
113.257477
113.717499
113.226944
Control Period
117.352318
117.366081
113.136482
113.356293
113.262787
117.354782
113.716125
113.595612
113.749504
Control Period
114.087166
113.487579
113.529404
114.697823
117.322876
115.051010
113.998016
113.103867
Control Period
113.348770
113.244125
113.240219
113.370079
113.754242
113.107071
113.315010
113.075394
113.765503
Control Period
117.320221
117.341095
117.375519
113.702713
114.810364
113.322685
115.403648
113.427490
Control Period
117.322044
112.664413
117.354591
113.615555
115.992676
117.334976
114.591324
113.061630
Control Period
117.363556
117.365692
117.332642
117.321243
117.325790
117.341309
114.016800
117.348801
Control Period
117.351837
117.343430
117.317314
113.351517
117.342010
115.147934
117.325150
117.321983
113.250145
Control Period
117.314972
117.318237
113.911331
113.354660
116.809189
117.321411
117.339104
Control Period
117.334846
117.292480
117.322815
117.331200
117.339172
117.327011
117.342239
117.343933
Control Period
117.354591
117.343262
117.350815
117.363457
117.325760
113.475845
117.337631
117.321152
117.348038
Control Period
117.349472
117.331650
113.585121
117.311073
117.315781
117.355194
113.105026
117.364639
Control Period
117.339203
114.052124
117.369507
117.372604
113.463486
117.370621
117.354752
113.555489
Control Period
114.344604
115.985794
117.311646
116.432449
117.311394
117.304352
117.350914
117.351547
117.339493
Control Period
117.317123
113.732544
115.492416
117.329887
117.350464
117.360962
117.396416
117.369476
117.340897
Control Period
117.370209
113.605728
113.555199
113.380928
113.193405
114.160156
115.126526
113.644768
116.322784
Control Period
113.610497
113.299202
112.854561
113.360481
113.588638
116.246017
117.361221
117.034363
Control Period
113.312096
113.795425
114.642784
115.871071
117.339363
117.339966
117.326591
117.338272
Control Period
117.302399
113.408096
113.470078
116.034180
117.335487
117.345566
117.334465
116.482529
117.298981
Control Period
117.311142
116.607971
116.137756
116.126274
115.306076
113.381599
113.573563
113.811745
Control Period
117.327621
117.318787
117.327805
117.342369
114.819519
113.144318
113.540253
117.131134
Control Period
117.363388
117.330597
117.364639
117.357605
117.348221
117.368706
113.668320
117.367905
Control Period
117.343872
117.360474
114.182022
117.330566
117.313278
115.989021
117.337090
113.638275
117.350784
Control Period
117.346237
113.253220
114.142685
116.232513
117.299713
117.333893
117.342209
117.337189
117.329086
Control Period
117.321533
117.341888
117.326721
113.367966
117.213211
117.332932
117.331490
114.613785
113.509056
Control Period
117.367294
115.499458
113.430496
116.103043
113.613762
113.218658
117.339172
113.432129
113.638657
Control Period
116.686310
117.369537
117.312607
117.327744
117.355392
117.335648
117.336479
117.329147
Control Period
117.348221
117.346817
117.332230
117.328644
117.355194
118.152710
118.228256
