56.6465
58.5842
58.5767
58.5959
58.5948
58.5933
58.5819
58.5894
58.5815
58.5819
58.5893
58.5939
58.5872
58.5901
58.5795
58.5881
58.5987
58.5883
58.5881
58.5835
58.5932
58.5892
58.5984
58.5745
58.597
58.5868
58.589
58.5818
58.592
58.6017
58.5857
58.5946
58.5951
58.5891
58.5893
58.5876
58.5829
58.5998
58.58
58.594
58.6014
58.597
58.594
58.5973
58.5893
58.6011
58.6014
58.6065
58.5929
58.5966
58.6065
58.5823
58.5924
58.6062
58.6038
58.5956
58.6009
58.5962
58.5813
58.6064
58.6109
58.6157
58.5848
58.5976
58.5916
58.5891
58.593
58.5885
58.605
58.5878
58.6037
58.5936
58.5825
58.5753
58.5886
58.5807
58.59
58.6042
58.5966
58.5965
58.6028
58.5889
58.5959
58.5788
58.5922
58.598
58.5886
58.5903
58.586
58.6051
58.5809
58.5877
58.5749
58.571
58.5751
58.5804
58.5706
58.5695
58.5943
58.5873
58.5819
58.598
58.5818
58.5917
58.5821
58.581
58.5714
58.5784
58.5752
58.5838
58.581
58.5828
58.58
58.589
58.5885
