160
158.076
157.158
156.382
155.725
155.165
154.683
154.264
153.897
153.575
153.289
153.031
152.799
152.588
152.393
152.211
152.039
151.881
151.731
151.587
151.449
151.319
151.194
151.073
150.954
150.842
150.732
150.627
150.525
150.426
150.331
150.236
150.144
150.057
149.968
149.882
149.796
149.715
149.638
149.561
149.489
149.421
149.353
149.282
149.216
149.153
149.092
149.031
148.973
148.915
148.858
148.805
148.747
148.694
148.644
148.596
148.547
148.5
148.454
148.407
148.364
148.324
148.287
148.245
148.204
148.164
148.125
148.089
148.05
148.016
147.982
147.95
147.918
147.888
147.851
147.82
147.79
147.76
147.734
147.706
147.681
147.656
147.631
147.606
147.579
147.555
147.534
147.511
147.489
147.465
147.446
147.425
147.403
147.38
147.356
147.333
147.315
147.295
147.276
147.263
147.25
147.237
147.226
147.211
147.197
147.182
147.169
147.152
147.14
147.125
147.113
147.101
147.091
147.082
147.071
