117.806786
117.285759
117.294945
117.273956
117.274879
117.243423
117.257248
117.253799
117.306877
117.289154
117.260422
117.265022
117.299805
117.272125
117.269348
117.257729
117.299683
117.296959
117.294174
117.291618
117.279709
117.247200
117.262878
117.275452
117.290237
117.283936
117.308128
117.288834
117.315262
117.311142
Control Period
117.270981
117.270142
117.286911
117.286301
117.306305
117.290176
117.282623
117.272736
Control Period
117.302597
117.308929
117.268860
117.300354
117.337891
117.364609
117.300385
117.288986
Control Period
117.313950
117.327713
117.310562
117.304764
117.347076
117.340134
117.330780
117.287613
117.287712
Control Period
117.328003
117.305893
117.345245
117.371811
117.340668
117.320770
117.355873
117.339615
Control Period
117.311424
117.322594
117.317307
117.306847
117.305664
117.325951
117.324707
117.322205
Control Period
117.341187
117.317375
117.330780
117.333153
117.318619
117.342117
117.334213
117.295235
117.304794
Control Period
117.320221
117.300003
117.299423
117.307457
117.295166
117.294205
117.321053
117.303741
Control Period
117.294945
117.306465
117.301605
117.297119
117.296188
117.315582
117.329216
117.337570
Control Period
117.329117
117.334457
117.295937
117.310654
117.310654
117.330849
117.307205
117.333405
117.318054
Control Period
117.300957
117.293633
117.303299
117.277756
117.292038
117.323013
117.344894
117.373245
Control Period
117.316063
117.317947
117.321663
117.298599
117.288223
117.294373
117.303040
117.320320
117.327011
Control Period
117.303810
117.331680
117.336731
117.369659
117.325470
117.345734
117.300537
117.307907
117.295258
Control Period
117.291748
117.320129
117.312096
117.331802
117.295547
117.322144
117.301315
117.300034
117.321793
Control Period
117.306534
117.299835
117.314117
117.301498
117.319519
117.312668
117.305664
117.295425
Control Period
117.286430
117.318176
117.296097
117.313629
117.303680
117.309891
117.300003
117.281403
Control Period
117.301117
117.314529
117.303833
117.317383
117.298111
117.336319
117.315262
117.330948
117.317375
Control Period
117.329788
117.297539
117.328796
117.302277
117.336128
117.329887
117.318268
117.308640
Control Period
117.280418
117.303940
117.309341
117.312195
117.323227
117.303162
117.323486
117.349182
Control Period
117.358818
117.332413
117.339134
117.321411
117.289505
117.296478
117.308830
117.313828
117.291397
Control Period
117.312256
117.324097
117.314758
117.318146
117.305153
117.330490
117.340866
117.341446
Control Period
117.352356
117.323997
117.350845
117.347107
117.321793
117.299454
117.324036
117.324860
117.328964
Control Period
117.300194
117.320633
117.315170
117.344704
117.315582
117.318176
117.318756
117.322723
Control Period
117.325188
117.317986
117.309761
117.328003
117.315521
117.303230
117.309921
117.270653
117.287933
Control Period
117.312637
117.316284
117.319519
117.339783
117.324356
117.319008
117.316544
117.317795
Control Period
117.298523
117.311584
117.329025
117.308098
117.335075
117.308258
117.308640
117.332764
117.331451
Control Period
117.343323
117.334656
117.320770
117.324539
117.313118
117.323715
117.342178
117.326401
Control Period
117.339104
117.338493
117.344254
117.323265
117.346436
117.331451
117.342720
117.348099
117.313690
Control Period
117.301788
117.310623
117.364517
117.337982
117.319107
117.326492
117.346558
117.296127
117.359039
Control Period
117.347931
117.361824
117.385857
117.338882
117.334015
117.338852
117.329117
117.304062
Control Period
117.350204
117.323578
117.350975
117.327362
117.340485
117.296959
117.342560
117.296898
Control Period
117.292389
117.289948
117.326111
117.312126
117.355202
117.323807
117.342331
117.332642
Control Period
117.331802
117.316574
117.348480
117.349922
117.366364
117.355942
117.361824
117.359680
117.344833
Control Period
117.334335
117.326660
117.307137
117.323395
117.309219
117.307266
117.325760
Control Period
117.316704
117.314430
117.314781
117.298492
117.304253
117.360733
117.326752
117.299332
117.297119
Control Period
117.278534
117.281502
117.296036
117.331200
117.300514
117.316666
117.291077
117.302818
117.315292
Control Period
117.310654
117.288284
117.316833
117.306366
117.325729
117.307617
117.295837
117.325150
117.326492
Control Period
117.318687
117.313950
117.330208
117.320290
117.306114
117.315010
117.318787
117.311554
Control Period
117.357254
117.338272
117.329025
117.339745
117.321312
117.339554
117.326370
117.311295
117.330460
Control Period
117.346054
117.336060
117.355904
117.307419
117.341858
117.373535
117.318306
117.307648
Control Period
117.334686
117.354813
117.374077
117.364510
117.361183
117.381210
117.349091
117.336159
Control Period
117.327652
117.370239
117.314110
117.364761
117.331230
117.365051
117.341408
117.306778
117.307999
Control Period
117.311554
117.288383
117.314430
117.319839
117.304764
117.332191
117.326172
117.310181
Control Period
117.319778
117.335938
117.275742
117.325760
117.361404
117.326973
117.320602
117.358490
117.373985
Control Period
117.357887
117.367462
117.338112
117.355392
117.382019
117.372734
117.328964
117.332764
117.351166
Control Period
117.370110
117.373215
117.370911
117.341087
117.340225
117.303650
117.328896
117.347969
117.328705
Control Period
117.365280
117.347008
117.326523
117.374268
117.378784
117.308319
117.341980
117.351227
117.331299
Control Period
117.366211
117.356865
117.354752
117.356415
117.347229
117.333214
117.350372
Control Period
117.343033
117.335327
117.353889
117.377090
117.329155
117.326050
117.349281
117.367035
117.354340
Control Period
117.331039
117.353889
117.341629
117.355133
117.306564
117.349602
117.350464
117.351044
Control Period
117.331802
117.368546
117.351326
117.381210
117.322693
117.341888
117.353889
117.354240
Control Period
117.344643
117.297218
117.347778
117.355934
117.326492
117.334145
117.312164
117.312897
117.325920
Control Period
117.316925
117.333633
117.364487
117.347427
117.343521
117.326050
117.345444
117.359589
Control Period
117.334854
117.336449
117.338882
117.316643
117.323326
117.349792
117.354462
117.351547
Control Period
117.376923
117.358780
117.356155
117.326370
117.336761
117.366814
117.387939
117.350586
Control Period
117.335068
117.328194
117.327202
117.320480
117.352768
117.347549
117.326431
117.331940
117.328484
Control Period
117.360382
117.347168
117.336578
117.385086
117.351685
117.373825
117.328003
117.360413
Control Period
117.343071
117.377090
117.365440
117.362816
117.337051
117.363235
117.360512
117.334747
117.330078
Control Period
117.335808
117.338654
117.332153
117.307777
117.366081
117.349274
117.353729
117.368698
Control Period
117.348579
117.332802
117.339233
117.340096
117.357918
117.377472
117.350914
117.359550
Control Period
117.352707
117.341629
117.348640
117.362305
117.387299
117.379486
117.366241
117.372955
117.384644
Control Period
117.367035
117.358879
117.375298
117.371460
117.414429
117.362175
117.389313
117.372131
Control Period
117.377922
117.342682
117.367615
117.357574
117.352646
117.344131
117.347649
117.342361
Control Period
117.345985
117.310242
117.340485
117.326492
117.354019
117.334526
117.383133
117.365082
Control Period
117.359039
117.329468
117.329536
117.334213
117.356415
117.347427
117.367966
117.359268
117.332092
Control Period
117.339325
117.314720
117.350342
117.329147
117.331520
117.388763
117.363358
117.363007
Control Period
117.377792
117.345886
117.330276
117.362175
117.379715
117.330307
117.336319
117.327652
Control Period
117.318657
117.332642
117.317413
117.340637
117.326401
117.314560
117.354462
117.375618
Control Period
117.364380
117.346909
117.307457
117.337891
117.336517
117.363197
117.311996
117.321022
Control Period
117.368805
117.345245
117.359100
117.343201
117.332703
117.352005
117.357727
117.368546
Control Period
117.336189
117.356575
117.337311
117.364838
117.344223
117.338882
117.364868
117.377472
117.361923
Control Period
117.343903
117.376030
117.326782
117.322021
117.353790
117.344772
117.369057
117.340485
Control Period
117.334274
117.343109
117.308319
117.319962
117.329056
117.351044
117.354309
117.377274
117.329147
Control Period
117.304764
117.318405
117.336197
117.307487
117.278976
117.306076
117.330429
117.337830
117.332413
Control Period
117.305954
117.320389
117.341629
117.313889
117.312477
117.326782
117.368446
117.366974
Control Period
117.328964
117.308350
117.321411
117.343811
117.335266
117.329056
117.361725
117.353500
Control Period
117.340454
117.329117
117.339355
117.305984
117.356003
117.341118
117.347610
117.330879
117.339073
Control Period
117.362785
117.332321
117.342178
117.337021
117.340607
117.340927
117.348602
117.369568
Control Period
117.367203
117.330078
117.311234
117.328766
117.319870
117.329254
117.360031
117.322205
117.334366
Control Period
117.340927
117.351105
117.357635
117.372513
117.353821
117.360443
117.321854
117.332642
Control Period
117.369156
117.334595
117.374046
117.334465
117.343750
117.378334
117.291359
117.319778
117.324188
Control Period
117.320511
117.332382
117.347328
117.370621
117.371643
117.326981
117.373024
117.315201
Control Period
117.343933
117.389603
117.342148
117.338722
117.352097
117.324928
117.327202
117.335037
Control Period
117.314720
117.324318
117.336761
117.312027
117.332993
117.295776
117.295296
117.320129
Control Period
117.331459
117.314621
117.324738
117.321213
117.329498
117.322784
117.332672
117.310051
117.371552
Control Period
117.359268
117.366112
117.356575
117.356834
117.346085
117.350723
117.312454
117.355583
117.340057
Control Period
117.337479
117.349823
117.338371
117.342270
117.310883
117.341278
117.325920
117.328613
Control Period
117.312416
117.315552
117.304962
117.322586
117.356857
117.335838
117.336830
117.330566
117.336128
Control Period
117.343582
117.287781
117.338821
117.343071
117.311584
117.318878
117.341446
117.302658
Control Period
117.322014
117.343719
117.331879
117.357727
117.322815
117.347549
117.329758
117.348351
Control Period
117.344383
117.322815
117.306366
117.309082
117.301285
117.363647
117.321251
117.309692
117.316452
Control Period
117.280548
117.334915
117.324997
117.311073
117.319397
117.322754
117.309120
117.322693
Control Period
117.331100
117.316994
117.307617
117.298981
117.311104
117.309982
117.294464
117.314850
Control Period
117.297989
117.285980
117.293983
117.296127
117.293732
117.279808
117.275131
117.285538
117.255615
Control Period
117.268669
117.298874
117.258362
117.277153
117.299362
117.306595
117.278526
117.284256
Control Period
117.304550
117.313309
117.317795
117.289726
117.293823
117.285126
117.256165
117.289665
117.308990
Control Period
117.312698
117.315750
117.311356
117.299042
117.294815
117.267715
117.276131
117.276123
Control Period
117.267044
117.293182
117.301315
117.267616
117.262650
117.304733
117.308899
117.325470
Control Period
117.308640
117.302368
117.315651
117.328094
117.354271
117.347229
117.318146
117.326111
117.313690
Control Period
117.362885
117.329216
117.338242
117.317085
117.301926
117.331619
117.318268
117.347488
Control Period
117.344925
117.335297
117.333023
117.321915
117.342361
117.340897
117.335136
117.330498
Control Period
117.326691
117.335068
117.341408
117.364128
117.396027
117.356506
117.348892
117.319550
Control Period
117.320251
117.351906
117.315521
117.309891
117.303329
117.329056
117.318649
117.304413
117.331711
Control Period
117.319550
117.335709
117.335678
117.311264
117.300323
117.310852
117.307037
117.325630
117.319359
Control Period
117.302017
117.300095
117.311386
117.299011
117.290016
117.311295
117.338753
117.340736
Control Period
117.337120
117.332993
117.349442
117.341026
117.324677
117.325882
117.306145
117.339264
Control Period
117.333153
117.321793
117.298141
117.286911
117.296577
117.298752
117.301605
117.300606
117.294662
Control Period
117.333313
117.285858
117.308258
117.331741
117.331482
117.315933
117.307137
117.340195
117.328827
Control Period
117.291931
117.276573
117.292511
117.302910
117.292892
117.313347
117.327133
117.336411
117.324608
Control Period
117.344063
117.317345
117.287811
117.298271
117.329315
117.343613
117.325920
117.296860
Control Period
117.319229
117.331619
117.333572
117.300064
117.332672
117.352737
117.319611
117.298141
117.300674
Control Period
117.302307
117.350342
117.307838
117.339165
117.340958
117.320190
117.334915
117.335037
Control Period
117.336990
117.360611
117.370239
117.363968
117.364288
117.350815
117.327972
117.342331
Control Period
117.318306
117.293564
117.323486
117.316254
117.322205
117.314651
117.326309
117.311584
Control Period
117.310043
117.346436
117.329117
117.342300
117.323807
117.339233
117.303619
117.323044
117.300125
Control Period
117.290298
117.291046
117.281952
117.300385
117.315681
117.306496
117.317505
117.303589
117.276321
117.281921
117.294754
117.307907
117.276443
117.276062
117.281631
117.304512
117.297951
117.289825
117.278946
117.299164
117.327103
117.337723
117.280190
117.275520
117.289093
117.316162
117.313858
118.665184
