5655.31
6576.39
6709.59
6748.4
6669.17
6333.37
6495.34
6460.6
6523
6500.3
6428.76
6617.97
6558.9
6472.03
6460.03
6511.8
6575.6
6436.27
6428
6510.53
6443
6675.67
6488.43
6488.87
6608.55
6569
6390.17
6520.93
6476.9
6429.37
6594.83
6410.57
6519.63
6516.9
6526.93
6472.66
6446.48
6526.28
6432.57
6586.33
6453.03
6477
6504.93
6482.23
6474.07
6535.9
6615.63
6462.63
6444.1
6477
6504.21
6543.1
6490.43
6498.33
6491.69
6477.97
6510.57
6378.67
6536.4
6544.67
6646.28
6486.13
6409.97
6401.77
6522.33
6541.43
6512.8
6630.31
6564.37
6545.93
6381.17
6434.23
6547.38
6526.97
6455.37
6486.9
6316.8
6450
6518.3
6671.53
6460.69
6627.69
6489.45
6446.79
6457.03
6543.34
6600.13
6352.52
6505.77
6586.17
6401.62
6645.87
6478.57
6442.1
6451.67
6486.17
6493
6491.47
6554.27
6525.28
6557.5
6490.93
6471.37
6460.27
6455.27
6492.34
6484.97
6551.86
6620.8
6483.83
6523.97
6434.2
6423.4
6486.47
