160
149.187
150.409
151.642
152.743
153.561
153.556
151.856
153.243
153.197
153.58
151.895
153.114
153.65
154.459
154.262
154.82
153.679
154.36
154.493
153.681
152.246
154.272
154.751
154.441
155.72
155.891
155.215
154.8
154.455
154.029
154.728
154.56
154.699
154.921
154.473
155.063
154.518
154.971
154.138
155.386
154.471
154.427
154.627
154.72
155.3
155.687
155.711
155.088
154.503
154.334
154.487
153.684
154.882
155.064
154.334
154.726
154.844
152.727
153.417
154.091
155.035
155.276
154.723
153.013
154.403
152.907
153.599
155.662
156.272
156.276
155.231
155.426
155.405
155.325
155.094
154.681
154.018
152.857
152.155
154.167
154.241
154.563
154.646
154.753
154.292
154.524
155.314
154.156
154.201
155.022
154.667
154.772
155.31
155.62
154.896
154.21
154.17
153.027
155.396
155.322
155.101
155.948
154.971
154.909
154.252
153.231
154.631
154.362
155.504
155.215
155.184
154.633
154.207
