3927
5798.5
5952
6204
6692.5
6613.5
6712.5
6382
6475.5
6456
6594
6535
6594
6614
6535
6554.5
6461
6495.5
6653
6308
6500
6515
6712.5
6554.5
6515
6653
6520
6402
6495.5
6421.5
6520
6495
6441.5
6574.5
6495.5
6362.5
6456
6515
6574.5
6539.5
6421.5
6377
6495
6534.5
6515
6751.5
6456
6495.5
6476
6535
6456
6579.5
6574
6476
6554.5
6559.5
6322.5
6495.5
6594
6692.5
6515
6362
6461
6633.5
6534.5
6746.5
6436.5
6594
6382
6416.5
6515
6692.5
6421.5
6495.5
6382
6672.5
6845
6574.5
6421.5
6554.5
6416.5
6441.5
6460.5
6805.5
6554.5
6248.5
6707
6535
6554.5
6456
6416.5
6480.5
6554.5
6554.5
6480.5
6613.5
6653
6480.5
6594
6495
6495.5
6535
6475.5
6633.5
6594
6495.5
6397
6594
6347.5
6436.5
