0.708701
0.755889
0.750262
0.747654
0.748899
0.75682
0.737976
0.761723
0.748717
0.752746
0.740824
0.753949
0.751421
0.75696
0.750232
0.753502
0.738781
0.757511
0.753902
0.743774
0.742044
0.757393
0.753899
0.748234
0.754699
0.748413
0.749664
0.746195
0.748489
0.749843
0.751126
0.752448
0.750189
0.750894
0.745709
0.755336
0.7483
0.75217
0.746811
0.755393
0.745414
0.750633
0.751224
0.751395
0.755194
0.751276
0.745483
0.747099
0.748114
0.74974
0.750917
0.742505
0.758994
0.751365
0.745143
0.753709
0.750407
0.739865
0.753485
0.75301
0.75076
0.75227
0.749736
0.741821
0.759105
0.737606
0.754462
0.759463
0.751704
0.74817
0.747427
0.754065
0.747925
0.748342
0.750165
0.747598
0.752755
0.743745
0.74418
0.757461
0.752134
0.747076
0.751016
0.752946
0.748462
0.749884
0.751548
0.747775
0.750092
0.752345
0.75148
0.74479
0.754708
0.754557
0.746831
0.745676
0.749998
0.742174
0.764833
0.748452
0.746093
0.756387
0.744249
0.751179
0.747152
0.743009
0.760707
0.745961
0.75321
0.748603
0.748808
0.748754
0.750097
0.75206
