0.723586
0.776719
0.750279
0.753845
0.757542
0.748362
0.756869
0.752466
0.741887
0.752826
0.750487
0.745138
0.739206
0.749419
0.751497
0.732928
0.766395
0.753435
0.737985
0.75589
0.763219
0.741487
0.751871
0.746658
0.745655
0.756507
0.750055
0.755774
0.7514
0.749126
0.749454
0.745825
0.750604
0.744492
0.751641
0.748371
0.749421
0.755078
0.752047
0.742935
0.755532
0.753683
0.738399
0.765892
0.749662
0.719043
0.768744
0.754434
0.744929
0.753387
0.736951
0.769318
0.746158
0.749927
0.752022
0.745866
0.748186
0.763041
0.740524
0.74585
0.759875
0.740449
0.750537
0.758342
0.744347
0.7516
0.740249
0.740508
0.751918
0.762174
0.753182
0.742878
0.753388
0.752782
0.738769
0.757747
0.753547
0.759535
0.755878
0.73592
0.742535
0.747346
0.754202
0.756067
0.747926
0.743948
0.748058
0.758775
0.758255
0.756385
0.737013
0.757922
0.744502
0.748139
0.753536
0.745912
0.741476
0.766828
0.717471
0.763799
0.760268
0.734928
0.766262
0.747351
0.755428
0.759449
0.736008
0.763813
0.738504
0.752813
0.747014
0.744932
0.760391
0.744889
