918
918
918
961.44
957.691
946.891
934.032
925.267
933.88
934.112
936.175
934.976
934.969
938.643
932.541
929.477
930.931
933.005
932.383
928.466
931.77
935.498
934.955
937.913
928.826
929.426
929.981
924.377
920.807
926.479
925.4
926.599
930.247
925.354
929.978
928.957
928.086
926.68
928.102
930.873
929.526
933.005
928.541
930.968
932.168
931.902
932.84
934.187
932.297
926.33
928.257
931.146
932.346
932.114
929.892
930.395
930.483
930.907
932.051
932.051
931.498
937.774
935.899
933.591
926.033
926.727
931.386
936.468
935.332
933.16
932.5
925.769
922.431
920.056
926.193
929.601
927.156
925.765
928.055
928.741
938.223
940.823
939.877
931.01
933.023
926.416
926.956
929.72
931.931
929.695
924.514
932.142
931.856
927.412
932.49
924.943
926.05
929.047
931.552
932.251
932.611
933.065
930.244
928.94
925.975
926.426
927.917
929.974
932.291
932.692
933.477
930.795
924.537
925.368
924.126
927.513
931.488
932.196
