117.445663
117.266624
117.271164
117.280060
117.283844
117.267166
117.293381
117.300446
117.323837
117.291779
117.271652
117.302628
117.275162
117.276993
117.290398
117.302017
117.320007
117.316765
117.292511
117.316452
117.302078
117.294785
117.284225
117.316574
117.295197
117.322754
117.342010
117.305054
117.314331
117.289436
Control Period
112.105789
110.409279
112.712570
113.247711
112.867172
113.422012
111.700737
111.211548
112.724838
Control Period
113.431358
113.020866
113.393822
113.057632
113.400642
111.257759
113.190369
111.615456
113.245888
Control Period
114.259460
112.960609
113.394493
113.284866
113.330460
112.981628
113.290695
113.506271
Control Period
117.314720
113.388161
115.073502
113.141731
114.096062
115.570236
113.584900
112.944122
Control Period
117.306976
117.297180
115.767776
117.303360
117.314018
113.244156
117.312546
113.102203
117.311584
Control Period
113.334145
113.468094
113.467621
113.232101
113.302399
112.611488
113.590141
113.382500
113.497665
Control Period
117.303162
114.706970
116.996735
117.330841
116.818375
117.317665
113.350784
113.445152
113.781761
Control Period
113.461281
113.613785
115.038078
117.349953
117.318977
113.722336
113.668640
113.273819
115.173309
Control Period
117.312637
117.332993
117.362206
116.824989
113.942078
113.362595
113.126434
113.283554
Control Period
113.247421
113.367294
113.569885
113.634949
113.407166
114.342911
115.364319
113.616165
113.428352
Control Period
113.232452
113.361435
117.050140
114.534561
113.452545
113.368835
113.835938
117.330818
113.623550
Control Period
117.316071
117.326721
117.292770
116.299713
114.313019
113.376640
112.806465
113.123260
Control Period
117.310623
116.311813
117.304581
117.306183
113.508736
117.331299
117.326210
116.934052
113.427109
Control Period
117.302208
117.026276
113.406624
113.899261
117.270973
117.302811
117.292801
113.537567
Control Period
113.293121
113.546753
115.481018
117.334747
117.306015
117.296860
117.322655
117.272644
117.275871
Control Period
117.276894
113.119522
113.235809
113.148514
112.958145
113.418976
116.617371
115.248642
Control Period
113.890495
116.586464
117.308228
113.977341
117.272095
117.296448
116.957214
117.279846
117.151871
Control Period
117.334816
113.310074
113.310112
116.887520
117.289085
117.263298
117.306686
117.319519
117.327744
Control Period
117.287140
114.838531
113.351875
113.283264
113.360062
114.540894
115.282974
117.318497
Control Period
117.336060
113.404579
113.336288
113.248672
112.877533
113.177338
115.856476
113.555359
113.552795
Control Period
113.325249
113.299515
113.296478
117.314941
117.322594
117.268829
117.296127
113.355583
Control Period
117.306786
115.971619
117.337692
117.324898
113.351936
117.326851
117.321472
113.482117
117.328354
Control Period
117.329185
115.355743
113.380798
117.328285
117.287170
113.238556
115.095047
117.306656
Control Period
117.331039
117.317696
117.305923
115.253891
117.325211
117.326401
117.301437
113.290817
Control Period
117.285728
117.311523
117.326080
117.328415
113.183929
117.321701
115.273666
117.312775
Control Period
117.323868
117.334656
117.322876
117.307587
117.325218
113.715424
117.301346
117.297760
Control Period
117.323135
117.300323
113.308029
117.272186
117.280128
114.124573
117.288513
112.669922
Control Period
117.318085
117.330177
113.536034
117.309372
113.216583
117.314079
113.586182
117.315491
114.597664
Control Period
117.344963
113.760544
117.342010
113.238174
117.300613
114.175201
117.287010
117.305984
Control Period
117.321884
117.332573
113.373062
113.370590
117.324188
117.318718
116.285019
113.233337
Control Period
117.350723
117.357506
113.324539
117.335426
113.726181
117.329758
116.728806
117.319580
117.352219
Control Period
113.631935
117.331970
117.330429
114.137505
113.164261
117.335617
117.321854
117.336899
Control Period
117.330627
114.784065
117.338242
113.354530
117.341476
117.338142
113.263046
117.349182
117.362114
Control Period
114.893120
117.349411
117.359802
113.214371
117.351044
117.343964
113.527939
113.166656
Control Period
117.326431
117.383171
115.914749
117.356354
117.367035
117.335747
117.323364
113.426498
117.370209
Control Period
117.333664
113.519295
117.353317
117.318047
112.996483
117.343811
117.322845
113.746880
Control Period
117.293915
115.994881
117.292892
117.275009
116.830177
113.492867
117.319328
114.289375
Control Period
113.162842
117.335068
113.133568
117.382050
117.341057
115.323967
113.260803
117.320641
117.349121
113.920090
Control Period
116.212418
117.327652
117.335938
117.338425
117.329567
117.306976
117.320862
113.819710
Control Period
117.312988
112.587814
117.312157
117.277634
113.353348
117.321953
113.450943
116.523392
117.300034
Control Period
117.295578
117.324066
113.098785
113.611801
115.386429
117.306244
117.280067
116.304611
Control Period
113.599777
116.703934
117.311295
117.333794
117.299103
117.313538
117.337761
113.838882
113.346786
Control Period
117.314362
113.218529
113.279388
115.504158
117.295517
117.331169
117.351295
117.323486
117.058174
Control Period
117.329346
117.307709
117.318146
117.306274
116.990273
115.024544
116.708603
117.341019
116.267365
Control Period
117.332161
117.319901
115.769150
117.330879
114.977692
115.710052
117.328224
116.938400
117.350693
Control Period
117.332382
116.676697
114.980576
114.031937
113.524796
117.292709
117.341629
117.315903
Control Period
117.300644
117.326561
117.337219
117.305573
117.309509
113.131653
117.344673
113.595711
Control Period
117.361374
113.264320
117.342049
113.853149
117.345947
116.914948
113.479965
117.340416
117.308350
Control Period
117.318909
113.501923
113.201599
117.323868
117.314911
117.330048
117.325920
113.377693
113.475876
Control Period
117.326431
117.345085
117.332130
117.326782
116.835617
116.019653
113.983040
113.383652
Control Period
117.328033
113.459900
112.822563
114.626083
115.368576
117.337219
113.474045
113.243645
Control Period
117.361923
116.720833
117.350655
117.350334
113.401566
116.502594
117.347748
117.126556
Control Period
117.334366
117.347458
117.304001
117.329666
113.205566
112.856323
117.304131
117.324219
117.349243
Control Period
117.332703
113.476830
113.999870
117.326874
117.327103
117.311424
114.673920
112.908478
Control Period
117.312576
117.323578
117.348190
117.322906
112.982880
113.551712
116.346626
117.345276
117.371201
Control Period
116.777252
113.377090
113.359772
114.794983
117.314850
117.337402
117.335678
117.319359
117.352646
Control Period
117.354874
116.222656
113.234978
113.179230
115.833893
114.871010
113.635712
113.556351
113.186371
Control Period
117.324707
115.287743
113.345093
113.584351
117.292862
117.337440
113.335777
113.110077
116.370750
Control Period
115.558502
113.836838
113.543327
114.166595
115.974434
117.319427
117.337021
115.615395
Control Period
117.313057
113.559036
113.343170
117.338364
117.333115
117.322144
113.591553
113.497787
Control Period
117.335907
117.338112
117.346657
117.315994
117.328735
117.350945
117.320641
114.819397
Control Period
117.343681
117.357407
113.392738
117.322014
116.780899
117.321472
117.340286
113.568733
117.317413
Control Period
117.331459
113.996994
113.514526
113.626114
114.692383
117.321411
113.294373
113.203362
116.010719
Control Period
117.319138
116.860092
117.297951
116.274658
113.181282
113.530563
116.276291
117.321793
117.316284
Control Period
116.097954
114.594208
113.659393
113.198944
113.099617
113.473724
113.206909
113.777145
Control Period
117.294884
113.313217
114.422592
115.843040
113.843964
114.211014
116.277893
117.283844
115.773666
Control Period
117.299744
117.279167
117.301117
117.327423
117.329666
116.185318
113.846367
117.332802
Control Period
117.335068
117.308487
117.331131
116.428284
117.306427
115.840805
117.311066
116.913605
Control Period
117.318016
117.335526
117.069984
117.312607
117.292603
117.296967
114.411102
117.307037
Control Period
117.310303
117.304832
117.332260
117.324997
117.325951
117.320251
117.304703
113.213989
Control Period
117.288834
117.293243
114.625885
117.330910
117.314301
117.317337
117.315170
117.280449
117.723648
Control Period
117.299072
113.319839
116.072540
117.309891
116.790115
117.305573
115.632446
Control Period
117.326782
117.331299
113.406593
117.318787
117.319969
116.050751
117.308701
113.294083
117.305786
Control Period
117.286560
117.298019
113.823395
117.321411
115.204514
117.323517
116.538879
117.361183
Control Period
117.323807
117.331940
112.997215
117.323296
117.312607
113.400421
117.316666
117.318626
113.208282
Control Period
117.326401
114.543938
117.286407
117.290298
117.327072
117.336029
117.296860
117.335068
113.451172
115.174271
Control Period
117.308769
113.355774
113.283936
113.498215
113.301697
116.597633
115.700607
113.613342
114.287903
Control Period
113.332413
113.647522
113.858597
114.345665
113.190590
116.054115
112.892700
113.372993
113.084190
Control Period
117.275711
117.292671
113.380417
116.026428
113.290619
113.631294
113.814590
117.302399
Control Period
117.297249
113.322372
115.924988
117.273857
113.138466
114.705093
117.299774
117.316643
117.306244
Control Period
117.297028
113.516571
113.451706
113.611328
113.113022
117.307007
117.325600
116.214523
Control Period
115.187363
117.328926
117.335167
117.333115
115.853249
117.308548
113.483742
117.333145
113.553246
Control Period
117.290527
117.307457
113.495262
117.297150
117.286438
117.285049
117.308838
113.411362
117.276482
Control Period
115.575104
113.230782
117.331940
117.321632
115.337860
113.165634
117.322495
117.329987
117.185349
Control Period
117.337891
117.323425
117.339905
117.352036
113.377350
113.403168
113.274109
114.716736
Control Period
117.312546
117.323135
112.970978
117.281250
117.291779
117.319870
113.209732
116.346725
Control Period
117.338142
117.301498
114.629379
117.347679
117.359230
113.388382
117.316032
117.329636
113.250015
117.271423
Control Period
117.299774
116.553185
113.904671
112.916641
112.882843
117.314819
116.907326
Control Period
117.319427
115.790146
117.315071
117.325760
117.329086
116.734558
115.536926
113.360123
113.401794
Control Period
117.307747
117.374016
117.355042
117.320831
117.334045
113.454849
117.324417
113.683838
117.307518
Control Period
117.303101
113.518623
113.310272
113.359871
117.344101
115.039810
116.485184
Control Period
117.341507
117.338181
117.294876
117.321564
117.338432
116.657471
117.333534
113.347076
117.296829
Control Period
117.285339
117.318237
116.063362
117.314621
117.349022
117.334717
117.352829
117.368797
117.324898
Control Period
117.358276
113.627197
117.053696
117.330338
116.134079
113.620514
117.324570
117.325539
Control Period
113.385056
113.887901
117.335709
117.318817
117.290146
117.309830
116.672516
113.194496
113.123489
Control Period
117.340134
114.623520
113.526749
113.097763
117.326111
117.300705
117.280510
117.282303
113.138878
Control Period
117.301346
114.134491
113.374084
113.470306
113.417343
113.409988
113.307968
115.023911
116.349442
Control Period
117.277855
117.277756
117.277504
117.309341
116.307236
117.300797
117.278656
116.289474
Control Period
115.242111
117.275810
117.296417
117.297058
114.325439
113.368546
117.321411
117.331680
117.298492
Control Period
117.325821
117.335678
113.410591
116.958267
117.333252
113.591232
113.801506
117.323746
Control Period
117.332161
117.307709
117.315613
117.330910
117.296738
117.298141
117.315613
117.334717
Control Period
117.339073
117.302979
113.276443
117.315651
113.260315
117.289085
114.179520
117.313950
117.302139
Control Period
117.291168
117.301117
117.321533
113.202370
117.260162
117.288704
113.384834
117.352356
117.293533
Control Period
117.306107
116.029022
113.645340
116.579231
117.270531
117.298752
113.275330
115.524834
114.733696
Control Period
117.301826
116.474564
115.624001
113.855972
113.449829
113.314972
113.503174
113.361923
Control Period
117.322273
113.393951
115.064034
116.710464
117.305466
117.300995
117.342049
117.319168
117.313789
Control Period
117.104996
115.658752
114.418076
116.685760
115.270081
116.282944
114.153564
113.217178
114.084061
Control Period
117.307388
113.895805
117.304291
117.313599
117.324097
115.552353
117.354942
Control Period
117.323685
117.344513
114.349060
117.353531
117.333664
117.288605
117.322235
112.969788
117.320641
Control Period
117.328003
117.335556
117.313507
113.296860
117.301567
112.599457
117.312317
113.998367
Control Period
117.312958
117.295876
113.407967
117.314049
117.312096
113.371742
117.320099
117.327232
117.289185
Control Period
117.292542
113.337372
117.285057
115.001892
117.294662
113.134399
117.287140
117.286911
Control Period
117.312386
115.539459
117.310402
117.320450
117.299652
116.483871
115.919235
113.538368
113.034973
Control Period
117.282722
117.267807
117.291138
117.256699
117.275879
117.264389
117.280060
117.298981
117.300125
117.302048
117.277283
117.284637
117.280289
117.277084
117.312286
117.307388
