80
57.0204
60.7571
62.4741
63.1289
63.6661
63.2014
62.8481
63.2956
62.6263
63.2151
62.7558
63.0361
63.2074
63.5802
63.1747
63.0247
62.8649
62.6249
62.7929
63.2032
63.6323
63.2684
62.9698
63.5662
63.2359
62.3674
63.0317
62.9143
63.4208
63.6461
62.9599
64.053
63.2402
62.9929
63.1107
62.6732
62.9671
62.7544
63.643
63.9357
62.5085
62.9663
62.8967
62.661
63.2557
63.4592
63.4477
62.237
62.9019
64.1301
62.9388
62.9786
62.8527
62.5611
62.8595
63.1336
62.6273
61.6412
62.8981
63.2282
63.954
63.7597
63.4558
62.8811
62.8343
62.9101
63.05
62.6391
63.3442
62.7278
62.9436
63.7683
62.8502
62.9032
62.9479
63.0867
62.5949
63.8826
63.5607
63.3407
62.9407
62.7504
62.591
63.3899
62.826
63.2445
62.9493
62.8353
63.4231
62.5385
62.9504
62.9754
63.2246
62.4683
63.2634
63.2735
63.1992
62.9854
63.1777
62.7924
61.9806
63.5378
63.2431
63.3875
63.0973
62.9494
62.9284
63.5826
62.5944
62.4604
62.6581
63.8941
63.3829
