0.72378
0.917207
0.897855
0.911854
0.908672
0.881129
0.896083
0.901292
0.910149
0.897723
0.899123
0.90692
0.88672
0.896088
0.900036
0.906358
0.897301
0.906215
0.900819
0.897273
0.896567
0.897377
0.906914
0.893604
0.905283
0.893472
0.900238
0.92001
0.891364
0.888911
0.903596
0.907657
0.890527
0.899677
0.91267
0.903981
0.899815
0.893034
0.892832
0.911388
0.893814
0.899447
0.903235
0.893114
0.909518
0.902229
0.883201
0.912962
0.900579
0.89484
0.897053
0.898629
0.908552
0.900692
0.906895
0.897089
0.894364
0.920967
0.880684
0.901115
0.90073
0.893152
0.892794
0.892949
0.916399
0.903301
0.902754
0.88826
0.901844
0.899202
0.892196
0.912432
0.897349
0.903393
0.896837
0.89287
0.899221
0.910499
0.904687
0.884764
0.91024
0.882093
0.921485
0.897866
0.89831
0.895614
0.90848
0.899065
0.90123
0.895965
0.897773
0.895697
0.903877
0.903563
0.905671
0.898577
0.894333
0.905606
0.89775
0.903672
0.898234
0.904977
0.897862
0.888246
0.901051
0.902013
0.900182
0.90523
0.900955
0.894701
0.898902
0.894583
0.900777
0.904211
