56.5928
56.7489
56.1395
56.1705
56.082
56.759
56.6446
56.7338
56.5943
56.9522
56.677
56.7013
56.6549
57.0042
56.8185
56.7522
56.6284
56.8839
56.6766
56.8553
56.7904
56.9733
56.8964
57.1776
56.6645
56.814
56.7637
56.4227
56.7666
56.674
56.7905
57.096
57.2184
57.2102
56.7553
56.745
56.4081
56.8165
56.8906
56.7388
56.5332
56.9322
56.9142
56.5827
56.6333
56.7494
57.2057
56.7538
56.629
56.8509
56.9104
57.0345
56.7105
56.9408
56.2486
56.6994
56.7671
55.88
56.4672
56.6694
56.3817
56.8549
57.0284
56.8845
56.7911
56.7545
56.8761
56.6921
56.6377
56.2649
57.0331
56.56
56.7069
56.7098
56.9413
56.8529
56.424
56.7537
56.848
56.9033
56.491
57.4563
56.8612
56.8018
56.8168
56.7444
56.5181
56.9281
56.6683
56.4904
56.7407
56.6342
56.9514
56.4506
56.6065
57.1351
56.9781
56.6088
56.6671
56.7546
56.4144
56.2832
56.7719
56.544
56.6387
57.1503
56.8331
56.7601
56.9642
56.947
56.5907
57.1007
56.6696
56.9883
