3961.5
5992
6011.5
6263
7121.5
7101.5
7313
7155
6870
7062
6791
7253.5
6909.5
7042.5
7175
6969
6929.5
7121.5
7042.5
6949
7042.5
7194.5
7002.5
7003
7042.5
7067.5
6771.5
7101.5
7008.5
7008.5
7042
7002.5
7061.5
6929.5
7121
7042.5
7042
6969
7194.5
7081.5
7022.5
6870.5
7101.5
6870.5
6969
7062
7121
6830.5
7042
7002.5
6870.5
6969
7081.5
6870
7081.5
6884.5
6830.5
6910
6929.5
7161
7082
6949
7062
6830.5
6870
7115.5
6909.5
7062
7068
7293
6929.5
6983
7095.5
6870
6890
7180
6969
7008.5
7062
6890
7081.5
7042
6929.5
7160.5
6983
7076
7082
7082
6949
7121.5
6831
7028.5
7135
6943.5
7062
7062
6870.5
7160.5
7101.5
7141
6949.5
7076
6850.5
7008.5
6791.5
7022.5
6949
7121
7082
6969
