918
918
918
988.47
1000.49
998.373
987.79
986.952
985.099
983.318
983.819
984.125
984.277
979.085
980.968
975.526
977.754
983.554
983.497
982.585
975.838
972.501
974.208
978.002
982.086
991.031
984.358
970.876
975.597
983.882
984.989
983.979
983.99
990.654
983.273
982.129
982.637
978.032
980.589
981.247
977.134
978.584
978.588
980.673
983.088
983.122
981.445
982.029
983.944
984.176
979.348
979.778
991.765
991.58
991.252
989.994
991.118
982.362
982.362
978.918
979.988
981.301
982.253
982.277
984.453
983.927
985.331
982.013
975.281
975.779
979.898
992.084
986.264
979.208
973.601
980.771
986.918
990.808
983.659
983.914
983.316
987.723
985.381
985.262
986.237
980.01
979.225
976.801
976.739
973.9
976.606
981.85
984.839
980.973
971.909
975.989
975.884
978.2
980.701
982.598
982.356
981.613
989.606
982.266
980.251
982.321
981.952
988.308
992.684
985.426
980.974
977.653
976.648
978.838
980.729
983.53
980.51
978.424
