5617.96
6777.77
7043.37
7199.07
7014.28
7035.77
7034.2
6990.23
6994.13
6997.1
7100.27
6963.33
7105.37
6956.37
6888.14
7001.57
7017.57
7130.24
7064.2
6966.8
6926.73
6921.13
6827.47
7129.73
7260.23
6907.83
6840.1
6979.23
7019.45
6999.83
6871.17
7142.97
7021.9
6989.8
7089.27
6950.13
6987.48
7079.53
6971.9
6999.77
6959.67
6953.57
6999.39
7032.5
6988.67
6962.93
6995.61
7093.23
6991.53
6768.32
7004.33
7006.48
7024.19
6978.14
7169.3
7066.03
6979.13
6974.66
6981.73
6999.4
6958
7010.24
6972.9
7064.17
7130.1
6990.13
6920.14
6764.8
7113.07
7136.27
7108.07
6860.87
6881.6
6925.17
7138.43
6994.8
7011.45
6914.9
7045.38
7002.07
6981.55
7120
7014.77
7046.93
7001.17
7054.8
6947.5
6898.57
6942.6
7075
7175.07
6920.57
7002.13
6955.43
6951.9
6963.33
7004.83
7014.37
6845.27
7142.55
7038.53
6959.8
7007.14
6877.17
6915.71
7140.77
7085.33
7064.1
7019.23
6957.67
6963.33
6946.23
7058.73
7039.97
