0.722958
0.91611
0.918517
0.906017
0.875718
0.905097
0.906275
0.89199
0.906511
0.897731
0.885123
0.90386
0.908603
0.888205
0.909357
0.896748
0.909959
0.890535
0.902323
0.901855
0.899297
0.896545
0.897648
0.915543
0.902961
0.879366
0.904819
0.909791
0.899286
0.908945
0.877984
0.911194
0.897496
0.89658
0.901621
0.911251
0.899671
0.897528
0.883123
0.915478
0.897557
0.896216
0.897427
0.904825
0.901068
0.901167
0.895025
0.894471
0.908047
0.90877
0.897123
0.908213
0.893195
0.898472
0.896606
0.893607
0.903322
0.902868
0.895242
0.895816
0.909303
0.897519
0.893988
0.893391
0.907334
0.904121
0.894789
0.912997
0.899428
0.891973
0.899153
0.902006
0.908242
0.891996
0.906872
0.894786
0.899363
0.903737
0.908459
0.883582
0.915357
0.880089
0.902835
0.90604
0.906186
0.889867
0.903679
0.904937
0.894244
0.891371
0.908188
0.897515
0.903625
0.907251
0.90038
0.899669
0.895125
0.900916
0.90021
0.892068
0.898126
0.90596
0.899604
0.906279
0.8944
0.9014
0.889022
0.913588
0.88767
0.906186
0.90321
0.906787
0.910111
0.895134
