0.708839
0.886881
0.891439
0.89166
0.899678
0.90414
0.899706
0.902568
0.898916
0.89847
0.90112
0.903304
0.898407
0.897723
0.899639
0.905575
0.894668
0.896531
0.902253
0.901035
0.90119
0.89784
0.903903
0.897974
0.89724
0.904649
0.903467
0.897371
0.8966
0.89859
0.906209
0.896554
0.90118
0.898023
0.903162
0.891829
0.902248
0.900687
0.910701
0.888098
0.902267
0.906149
0.896357
0.901617
0.89934
0.8952
0.902181
0.89828
0.901379
0.899275
0.907869
0.892038
0.898516
0.898553
0.904996
0.900166
0.901967
0.897698
0.902804
0.897079
0.897942
0.899072
0.904017
0.899874
0.903689
0.899696
0.896706
0.899529
0.89628
0.902421
0.904661
0.896913
0.898488
0.902631
0.896913
0.903338
0.899041
0.901954
0.892279
0.903997
0.901853
0.89913
0.898535
0.90054
0.897813
0.908623
0.895495
0.893147
0.9041
0.902378
0.898955
0.901457
0.897593
0.899105
0.903211
0.897277
0.904314
0.900102
0.898135
0.903162
0.900854
0.895913
0.90091
0.89817
0.89926
0.903487
0.893951
0.903432
0.901409
0.899733
0.895481
0.904517
0.898923
0.895425
