57.8366
55.5636
55.5201
55.8631
55.1356
55.7983
56.2835
55.8573
56.3125
56.0711
55.1576
55.9971
56.3302
55.9399
56.4726
55.6838
56.3429
55.7127
56.5255
56.8916
56.6842
56.1619
55.7177
55.9545
56.5183
56.2792
56.431
56.2959
56.049
56.6987
55.2107
55.5969
55.9264
55.8366
55.9339
57.0007
56.6382
56.4323
55.7364
56.7721
56.4413
56.0602
55.7444
56.07
56.2205
56.2327
55.7508
55.446
56.4085
56.8292
55.5578
56.1143
55.6243
55.7117
55.4261
55.7905
56.3557
56.4079
55.9688
55.6849
56.3067
55.8661
55.5645
55.1094
55.9112
56.6434
56.2269
56.7539
55.5614
55.5505
56.1736
56.7733
56.6702
55.5685
55.7613
55.9495
55.9485
56.2378
56.3549
55.4225
56.5708
55.0699
55.9902
56.3983
56.9184
56.2119
56.7958
56.8391
55.9875
55.2718
56.1973
56.6973
56.6148
57.0378
56.7863
56.5542
56.0956
56.2292
56.2933
55.1387
55.7211
56.279
56.0146
56.4407
55.4952
55.2831
55.1872
56.521
55.8651
56.4765
56.4248
56.6552
56.9787
56.8038
