3907.5
5739
5892.5
6401.5
6969
7048
7199.5
7081.5
7175
7081.5
7115.5
6909.5
7219.5
7042
7141
6943.5
7239.5
7081.5
7022.5
7042
6909.5
6929.5
6923.5
6771.5
7160
7155
6924
6791
7042
7174.5
7002.5
6969
7174.5
6890
7160.5
6864.5
7062
7022.5
7140.5
6949
7022.5
6989
6929.5
7101.5
6963
7096
7101.5
7234
6870
6791
7175
7062
6910
7121
7042.5
7095.5
6910
7081.5
6870.5
6850.5
6989
6924
6983
7141
6943.5
6772
7101
7062
7175
6870.5
6811
6805.5
7101.5
6890
7081.5
7155
7028.5
7002.5
7042.5
7022.5
6909.5
6983
7042
7042
6909.5
6850.5
7042
7200
7081.5
6850.5
6909.5
7028
6929.5
6923.5
7008.5
6712.5
7253.5
7155
7062
6831
7042
6983
7253.5
7101.5
6909.5
6929.5
7081.5
6929.5
7101.5
7115.5
