117.594719
117.302460
117.288673
117.330719
117.293472
117.293533
117.319397
117.335167
117.304512
117.318977
117.337540
117.295837
117.275200
117.293243
117.316574
117.329155
117.330750
117.341217
117.277924
117.319489
117.319489
117.296738
117.306976
117.327133
117.297379
117.386017
117.369186
117.323967
117.316986
117.305214
Control Period
116.648575
109.535583
109.434204
109.459167
109.723740
109.766724
109.699936
109.422333
109.419487
Control Period
113.199966
109.675743
107.855682
105.861183
109.830460
109.415039
107.615845
105.801117
105.818527
109.225510
Control Period
109.399040
106.327332
109.537025
107.745605
105.808762
108.278336
109.717346
105.822655
Control Period
105.798019
109.679459
109.537025
109.540222
109.517441
109.461411
109.461151
108.025574
109.642365
109.520645
Control Period
109.665222
109.533569
109.636383
109.461212
109.676193
109.521149
109.452415
109.721756
109.790718
Control Period
109.991714
109.674110
109.640411
109.551422
109.946854
109.363167
109.610046
109.818237
109.369217
Control Period
109.797920
109.882019
109.817856
109.566208
112.913727
109.880768
109.681793
109.515747
110.382660
Control Period
109.814049
109.955040
109.740570
109.843742
109.521088
112.002884
109.416611
109.579010
109.401794
Control Period
110.794144
109.334465
109.285477
109.561981
109.698143
109.765633
109.689285
109.648384
109.761734
Control Period
112.283043
109.733246
109.680481
109.905762
109.372452
109.621735
109.197601
109.266113
Control Period
113.183075
110.046524
112.601341
109.694206
110.144897
109.480164
111.584930
110.605408
109.676994
Control Period
110.900925
109.540161
111.238754
109.848602
111.498848
110.009628
109.541664
109.991837
Control Period
110.875748
109.849503
109.701767
109.956703
113.016251
109.676956
109.416122
112.896286
110.185989
Control Period
109.672287
112.956390
110.887199
109.883041
109.277634
109.991013
109.633148
111.699425
109.631226
Control Period
109.957413
113.295044
109.699356
109.743103
109.666397
110.219452
111.513123
110.022690
109.641472
Control Period
109.451263
109.813980
109.521667
109.572670
110.080444
109.767265
109.974625
109.854912
Control Period
109.461571
109.449310
109.667007
109.640862
109.461823
109.535904
109.527100
109.491806
Control Period
110.827682
111.330338
109.450363
109.919746
109.463234
110.784637
113.275070
109.391838
Control Period
109.454720
109.955009
110.021408
112.963364
110.054565
111.594429
111.291679
109.951393
113.388092
Control Period
110.004639
110.572739
112.014084
109.729538
111.680031
111.155930
109.744293
112.422623
110.922852
Control Period
110.875969
111.589478
109.698883
111.019615
110.356857
110.722076
109.725220
108.814049
109.413506
Control Period
113.106979
110.092834
109.613663
109.828766
109.366013
109.455841
110.694206
109.890434
112.057152
109.541443
Control Period
112.546204
108.507393
106.064484
109.717438
109.454300
109.224548
107.903259
109.704025
Control Period
109.498245
109.463264
109.600250
109.502975
109.408607
109.474213
109.736389
109.438721
Control Period
113.091522
111.840866
112.558716
111.890182
111.528702
110.982758
111.422241
110.179611
109.941315
112.975777
Control Period
112.871964
110.736191
109.491837
113.400955
110.003876
113.265503
109.727806
109.605827
112.363388
Control Period
110.041855
109.759903
110.635582
109.760544
109.511780
109.776291
109.716934
109.476868
109.657562
Control Period
108.924286
109.675232
109.929695
109.839355
109.889984
109.847488
109.705887
109.385857
Control Period
109.282684
109.652382
109.650146
109.571487
109.472061
109.709885
109.795937
109.701828
110.063583
Control Period
113.530624
109.610306
109.758789
113.051483
109.528671
109.572449
109.633530
109.624382
109.676224
109.787231
Control Period
109.976639
109.395172
109.969566
109.477821
109.429413
105.875549
109.456772
109.609406
Control Period
109.634460
109.839745
110.714653
109.662308
109.687622
109.434975
109.472763
109.543327
113.607239
Control Period
109.381180
109.906235
109.864059
113.339966
109.368065
109.694176
110.038910
109.707611
108.899582
Control Period
113.231682
109.461121
109.900513
109.570305
109.145248
109.726143
109.978622
109.464005
113.138535
Control Period
109.648003
109.898399
109.753120
109.734726
109.299774
109.802078
110.843292
109.612900
109.466209
Control Period
109.870850
109.631943
109.767075
109.468063
110.086975
109.619781
111.730972
109.725792
Control Period
109.517700
111.343491
109.853699
109.558945
109.494461
109.917503
110.062721
109.899139
113.158691
Control Period
112.719360
109.634109
113.243362
110.202820
113.000229
109.592743
112.639137
110.772644
109.479996
Control Period
111.727173
109.490974
109.391327
109.917282
109.574020
109.546844
109.439171
109.675644
Control Period
111.539330
109.665985
111.752609
111.440865
109.715012
109.667297
109.531876
110.131554
109.725342
Control Period
113.383102
112.784256
109.631165
110.866112
111.385345
109.512253
110.458237
109.939873
109.649338
Control Period
110.311325
109.490173
113.296608
109.581696
109.434563
109.543869
109.211647
109.797028
109.511520
Control Period
109.604446
109.910141
111.819458
109.647041
109.699615
109.662079
109.461281
109.733025
113.133568
Control Period
109.439232
113.035843
109.119041
109.567001
109.902496
112.892609
109.690918
109.699844
109.772156
Control Period
110.221313
109.050308
109.756958
109.991714
109.511971
109.555359
109.561378
109.756577
110.028481
109.375710
Control Period
109.516319
109.310822
113.138145
109.608963
108.947426
110.230560
109.746429
109.712990
109.392258
Control Period
109.546432
109.623718
110.251137
109.607010
109.438049
109.413246
109.632004
109.418915
Control Period
109.711517
110.751167
112.048897
109.603516
109.454720
109.302078
112.160294
109.996063
109.713242
Control Period
110.105148
109.853821
109.144958
109.524933
113.618080
110.572250
109.590912
109.589729
109.717667
109.698303
Control Period
113.136642
108.596321
110.015778
109.737732
109.300575
109.976768
109.465790
109.583908
109.432709
108.658340
Control Period
109.670082
109.982269
109.724129
109.520157
109.859520
106.465408
108.265472
109.511932
106.242371
Control Period
112.762009
106.739578
108.185921
109.308701
109.542976
109.514786
107.960320
109.686203
107.460480
107.058884
Control Period
109.930847
106.170753
109.510368
109.534050
109.465378
109.565567
106.979813
108.520226
109.567711
Control Period
111.265282
109.677795
109.420670
109.285507
106.406273
109.262787
109.521217
109.516289
109.600479
Control Period
113.182556
109.323647
109.815712
109.804733
109.359482
110.019363
110.051773
109.756516
109.678787
Control Period
112.866180
109.562943
113.291679
109.741760
109.579330
109.415710
109.584610
112.657349
109.509369
Control Period
112.394882
109.518906
109.080154
109.342270
109.910751
109.440865
109.420700
112.507454
110.685539
Control Period
109.851265
109.545250
112.719742
109.506622
111.562241
110.110146
109.783714
109.486275
112.116737
Control Period
109.442528
109.820000
109.378113
109.716606
109.749214
109.605057
109.524384
112.798370
109.534851
Control Period
109.688004
110.524384
109.777573
109.464417
109.694336
110.068863
110.474396
109.477631
109.453598
Control Period
109.380356
109.584061
109.231812
109.643875
109.743774
109.613441
109.585541
109.660675
109.348129
Control Period
113.300034
109.666527
109.456833
109.611008
109.581154
110.138496
109.615356
109.595840
109.890076
Control Period
112.515297
109.529724
109.352066
109.646591
109.426849
109.452957
109.431969
109.589478
109.702332
Control Period
112.556732
109.746628
109.879456
112.430977
109.588257
109.665024
111.663101
109.549469
Control Period
113.025887
110.793091
112.516190
109.667877
109.286369
112.466949
109.647202
113.260132
110.000702
Control Period
110.258240
109.524094
112.484863
110.650909
112.132095
109.539230
109.573280
111.708221
110.743553
Control Period
113.094330
108.620384
109.272537
109.523392
109.722816
111.576096
109.528900
112.006050
110.510048
109.556320
Control Period
109.422501
109.520065
109.386978
105.822975
109.199135
109.372742
106.395645
109.503967
109.559875
Control Period
109.805283
109.606171
109.612411
109.662048
109.607559
109.507645
109.637955
109.810913
109.559998
Control Period
113.625763
112.213089
109.516991
109.536102
112.264000
110.343262
109.920837
109.502815
Control Period
110.669762
110.662308
110.406555
113.137123
109.863808
110.548607
109.681664
111.577347
111.880066
Control Period
111.612320
109.535172
109.658241
109.395233
109.087807
109.835846
109.632195
112.880707
109.602272
109.817245
Control Period
111.908035
109.586334
109.578720
109.599548
109.606812
109.756226
109.659042
109.552673
109.560486
109.676414
Control Period
109.541122
109.340485
109.843933
109.453087
109.732254
108.786499
106.196732
109.324928
Control Period
112.924957
109.675552
109.570366
109.629822
109.797058
111.877411
109.560448
109.256165
109.658752
Control Period
112.786041
109.803520
109.614143
109.861374
109.482941
109.693855
109.607872
109.632896
109.502304
Control Period
112.679932
110.029922
109.591553
109.698364
109.606461
112.430725
109.892670
109.991867
109.644577
109.616348
Control Period
109.807617
109.422272
109.310913
106.165535
108.967072
109.647141
107.781891
109.297729
109.636963
Control Period
111.330978
109.386208
109.701691
109.470657
109.692543
109.548416
109.608833
109.711899
109.618683
Control Period
113.562851
109.381310
109.525375
109.505951
109.667969
109.690277
109.295837
109.239044
109.531677
Control Period
109.689697
109.808960
109.070305
109.257828
109.383331
110.098175
110.155899
109.604446
110.136925
Control Period
109.288223
109.428894
112.650658
109.649124
109.502502
112.152603
109.506691
109.554527
109.607841
Control Period
111.765602
109.503998
111.539902
111.463013
109.924988
109.404800
109.681664
109.909988
109.735809
Control Period
109.773506
112.901154
109.447556
109.918427
109.678078
109.550751
109.546631
109.461319
112.300766
Control Period
110.643265
112.261345
111.073341
110.818405
112.132355
110.886177
111.636230
111.743042
Control Period
109.629852
111.038269
111.241951
110.639168
111.294662
111.226273
111.142685
109.807419
112.343201
Control Period
110.803268
109.389023
109.237984
109.664261
111.151779
109.577728
109.887939
109.540573
110.014175
Control Period
109.837021
109.727356
109.694534
110.025116
109.784866
109.759460
109.403748
110.490654
109.881729
111.897156
Control Period
112.036835
109.620224
109.673409
109.471329
109.461380
109.761765
109.707138
109.876251
Control Period
109.604614
109.402267
109.737762
109.707390
111.005188
109.845154
112.086563
109.854660
Control Period
110.073730
111.702820
111.210114
110.633598
111.919067
111.365189
109.825348
112.310333
112.316101
Control Period
109.248474
109.771683
113.349342
110.334976
109.693123
109.825378
111.306114
109.736130
111.454750
Control Period
111.958084
109.753021
109.484283
111.390274
112.051834
110.190460
109.105728
109.607712
110.776932
Control Period
110.937790
111.186142
111.706619
112.162170
109.787613
109.679077
109.818718
110.026718
109.111420
Control Period
109.650146
109.428131
109.608734
109.786209
109.803741
112.553185
109.609665
110.522141
112.886169
Control Period
109.815712
109.610718
110.021919
112.450493
109.649506
109.963654
109.789246
109.944992
109.940704
Control Period
109.820251
109.533829
109.931038
112.184647
109.465820
109.574814
111.304161
109.753601
111.557022
Control Period
110.004799
110.075195
109.436447
112.350021
109.726112
109.748161
109.519653
112.191132
109.343781
109.506882
Control Period
113.602020
109.415970
109.879166
109.944901
109.592125
109.818237
109.632858
106.673599
Control Period
112.428162
109.878624
109.811935
112.042786
109.571548
109.712990
112.445122
109.757950
109.631775
Control Period
109.373764
113.445503
110.021057
109.556580
109.786789
109.684540
109.833084
110.998207
109.679008
Control Period
111.055588
109.391678
109.525314
110.495712
109.786880
109.559235
112.123199
109.377533
111.039200
Control Period
109.618500
109.315170
113.234337
109.419388
109.549500
109.476669
109.786499
109.575836
109.858208
110.702179
Control Period
111.798630
109.534653
109.715744
107.011520
109.301498
109.945862
107.375839
109.478622
109.756035
109.797501
Control Period
112.383522
105.926468
109.541306
109.604675
108.275871
109.435013
109.510620
109.817307
109.879616
Control Period
107.032158
109.674911
109.672668
109.456032
109.645218
109.677475
109.498108
109.648804
109.233566
Control Period
110.458237
109.493500
111.490402
111.476639
109.623932
111.143707
109.831329
109.374847
109.619644
Control Period
110.574814
111.837791
111.344925
111.912094
110.416260
109.868355
109.890747
109.801376
Control Period
113.091362
110.101151
109.267456
112.076355
109.973923
112.935013
109.700989
109.813408
109.707520
Control Period
109.419075
109.721695
109.780449
109.543999
112.018593
110.639458
109.576324
109.407295
109.656097
Control Period
112.110367
109.728195
111.402687
110.015778
109.598114
109.674431
109.816223
109.718018
111.041275
111.281891
Control Period
109.973152
109.707230
109.495232
109.575546
112.706337
109.461121
109.592445
109.309372
109.524063
Control Period
110.552925
109.557281
109.234299
109.613091
109.232422
109.677727
109.622719
110.051582
112.292252
Control Period
117.318848
117.298752
117.298813
117.289246
117.314529
117.310532
117.293472
117.300957
117.284348
117.305923
117.337151
117.302048
117.311905
117.299362
117.286911
118.167778
117.301857
