0.708266
0.743552
0.773228
0.784448
0.780601
0.792246
0.784939
0.791146
0.787949
0.786881
0.795226
0.776562
0.791492
0.799258
0.802486
0.783084
0.784358
0.76917
0.782957
0.793198
0.789895
0.785959
0.7945
0.78033
0.788074
0.77157
0.784851
0.786234
0.797345
0.796335
0.784684
0.791443
0.785637
0.795483
0.786644
0.78666
0.792802
0.780477
0.78763
0.787714
0.796186
0.798012
0.794807
0.793597
0.784342
0.772087
0.786958
0.796804
0.788789
0.777227
0.788636
0.789714
0.784645
0.793263
0.787193
0.788158
0.781866
0.786791
0.792048
0.794577
0.785578
0.793905
0.804716
0.761254
0.774933
0.791765
0.789345
0.783639
0.782746
0.80027
0.771242
0.78959
0.786032
0.78717
0.795083
0.791923
0.789858
0.787103
0.782034
0.783445
0.777909
0.785586
0.782084
0.804315
0.778067
0.802507
0.780256
0.776193
0.792533
0.790477
0.782282
0.795763
0.765616
0.794858
0.791274
0.78724
0.782856
0.777237
0.786983
0.786593
0.790359
0.799555
0.794689
0.784687
0.790598
0.79271
0.787018
0.793659
0.792315
0.786881
0.793907
0.791334
0.787994
0.795807
