113.452
118.652
125.323
128.027
129.174
129.284
129.204
128.797
129.69
130.969
130.083
129.571
129.158
129.174
129.605
129.648
128.694
128.78
129.32
130.14
130.657
129.159
129.806
131.319
130.124
128.723
129.479
130.378
129.613
129.353
128.943
129.605
128.774
128.771
128.397
128.787
128.249
129.877
130.691
130.289
129.996
130.018
130.357
129.036
129.148
129.493
129.666
129.526
129.74
129.326
128.446
129.573
129.631
129.977
128.373
129.711
130.141
129.039
129.815
129.645
127.855
127.639
129.968
130.511
129.145
129.159
129.083
130.245
129.929
128.521
128.901
129.02
129.408
129.462
131.237
129.444
129.364
129.094
129.228
129.141
129.707
130.143
129.464
129.498
128.307
129.655
129.712
129.31
129.497
130.799
129.523
128.804
128.848
129.137
129.349
128.728
127.618
127.949
128.849
129.269
130.246
129.011
129.687
130.105
129.343
128.963
129.346
129.473
129.957
129.702
129.443
131.21
131.092
128.95
