-183.473
-798.867
-356.621
-118.467
18.5518
-33.2002
-18.6001
-47.4136
-74.9331
29.5669
107.104
10.3667
-12.6206
8.8335
-23.5864
23.6001
11.8623
-69.8999
-71.3794
33.6553
46.3667
-63.0332
-14.0332
85.5518
32.5332
-24.4829
-67.6333
23.2998
29.5332
1.44824
-23.5669
42.5
37.3105
70.2666
-68.5864
-9.6665
-53.7666
-111.035
75.1333
-80.3794
11.9331
33.0688
88.1001
-3.8667
34.6206
-40.5
-100.138
54.7998
88.8965
84.7334
-108.621
-30.6001
-4.2334
50.8667
-15.4829
-30.6895
7.8335
-55.3667
20.7588
153.896
-50.3667
-12.8965
4.4668
-27.6895
-21.0332
-34.2334
11.4668
20.2412
37.8335
-1.24121
-23.9653
53.4331
-113.2
-75.0347
54.6665
78.8335
4.79297
17.1724
-31.9331
-2.31055
47.3667
-15.0669
-24.793
101.767
-93.9312
15.0669
-10.2759
-36.2998
-71.5518
120.104
50.3999
-28.7002
-98.1377
5.56689
91.7334
166.867
-68.2759
-125.448
-11.8335
-44.4136
11.7002
23.9653
-28.2998
15.8276
10.0669
6.8623
-62.8999
19.7241
20.5332
-7.44824
-89.8335
1.41357
101.333
-31.9287
