5683.47
6298.87
5856.62
5618.47
5481.45
5533.2
5518.6
5547.41
5574.93
5470.43
5392.9
5489.63
5512.62
5491.17
5523.59
5476.4
5488.14
5569.9
5571.38
5466.34
5453.63
5563.03
5514.03
5414.45
5467.47
5524.48
5567.63
5476.7
5470.47
5498.55
5523.57
5457.5
5462.69
5429.73
5568.59
5509.67
5553.77
5611.03
5424.87
5580.38
5488.07
5466.93
5411.9
5503.87
5465.38
5540.5
5600.14
5445.2
5411.1
5415.27
5608.62
5530.6
5504.23
5449.13
5515.48
5530.69
5492.17
5555.37
5479.24
5346.1
5550.37
5512.9
5495.53
5527.69
5521.03
5534.23
5488.53
5479.76
5462.17
5501.24
5523.97
5446.57
5613.2
5575.03
5445.33
5421.17
5495.21
5482.83
5531.93
5502.31
5452.63
5515.07
5524.79
5398.23
5593.93
5484.93
5510.28
5536.3
5571.55
5379.9
5449.6
5528.7
5598.14
5494.43
5408.27
5333.13
5568.28
5625.45
5511.83
5544.41
5488.3
5476.03
5528.3
5484.17
5489.93
5493.14
5562.9
5480.28
5479.47
5507.45
5589.83
5498.59
5398.67
5531.93
