0.708575
0.752055
0.781723
0.799065
0.799265
0.798735
0.81022
0.799858
0.808253
0.806078
0.801738
0.806794
0.799608
0.80558
0.810568
0.80288
0.799206
0.804462
0.803421
0.803328
0.803544
0.808755
0.80471
0.805777
0.80094
0.804412
0.819196
0.804544
0.798482
0.807775
0.808611
0.797796
0.808948
0.805346
0.808089
0.808337
0.814351
0.809717
0.806051
0.810337
0.804782
0.803182
0.807397
0.815306
0.812057
0.805414
0.810622
0.804092
0.804758
0.803606
0.79995
0.811219
0.808156
0.808278
0.809018
0.801422
0.809907
0.805245
0.807297
0.79885
0.807198
0.80074
0.800331
0.808583
0.801711
0.809165
0.80522
0.80984
0.803014
0.808837
0.804603
0.809213
0.810449
0.814886
0.80335
0.811115
0.81047
0.803012
0.810143
0.805041
0.801267
0.807521
0.813446
0.808831
0.811517
0.809739
0.804686
0.810415
0.803996
0.802374
0.808388
0.799401
0.805312
0.811044
0.807965
0.80395
0.799262
0.813392
0.8086
0.819046
0.815258
0.806656
0.810476
0.808972
0.807284
0.813666
0.807664
0.80881
0.810099
0.813394
0.809235
0.805101
0.80376
0.796936
