0.72394
0.754639
0.796572
0.817489
0.828805
0.806686
0.824338
0.825504
0.838664
0.831228
0.834321
0.831835
0.822121
0.812369
0.805687
0.832707
0.836462
0.846587
0.834669
0.829271
0.83019
0.840169
0.829968
0.824588
0.827845
0.843181
0.825276
0.829713
0.819827
0.815119
0.833784
0.820242
0.833909
0.818969
0.817561
0.818463
0.822054
0.834823
0.836025
0.836838
0.833014
0.835207
0.822513
0.82589
0.833221
0.840562
0.831574
0.839663
0.835917
0.837834
0.811021
0.820029
0.827321
0.822646
0.839549
0.829231
0.831647
0.839036
0.828401
0.826511
0.830713
0.829461
0.787892
0.842526
0.839596
0.826206
0.833551
0.834593
0.829924
0.810931
0.842785
0.82709
0.813824
0.836866
0.828577
0.833329
0.823779
0.831592
0.835817
0.835565
0.8387
0.808839
0.830174
0.811373
0.825666
0.809431
0.825726
0.849191
0.824043
0.827409
0.825156
0.807453
0.849835
0.830263
0.826662
0.821658
0.80962
0.826954
0.818946
0.826285
0.825106
0.818209
0.822942
0.824433
0.829169
0.826309
0.819
0.829106
0.824547
0.827726
0.822492
0.830895
0.826436
0.823633
