117.852478
117.320831
117.330559
117.334625
117.345825
117.287643
117.325600
117.326523
117.359619
117.336517
117.340286
117.354630
117.354111
117.353699
117.326813
117.352829
117.360512
117.427811
117.367805
117.347931
117.352478
117.337471
117.313698
117.329926
117.359940
117.387558
117.374336
117.346497
117.337891
Control Period
117.322945
117.356033
122.122940
117.368988
117.985405
117.346947
122.345856
117.364418
Control Period
126.132797
123.814850
126.529404
126.687042
125.493019
124.007675
124.033569
125.884293
Control Period
129.173050
128.762115
127.596313
126.628738
129.205124
124.667328
128.951355
129.234695
Control Period
130.780579
129.269760
128.982468
129.110046
128.972000
128.342773
128.769928
129.164642
Control Period
130.408630
129.704407
129.052963
129.136154
129.142365
129.009216
129.029282
128.785797
Control Period
128.785645
128.769119
128.886337
130.768860
130.619110
130.433502
126.165405
126.561920
Control Period
128.815521
128.512054
128.878525
129.056259
130.945831
130.946335
126.662018
Control Period
134.191467
128.512192
128.820160
129.245819
129.648895
128.604614
128.807709
Control Period
134.128769
128.799133
129.154785
130.646973
128.983765
134.268326
129.002914
132.767807
Control Period
131.585220
128.878326
128.373123
133.603424
129.281662
128.907013
130.858521
129.177124
Control Period
134.250626
128.707748
129.102631
128.739258
128.751999
129.177475
129.004868
128.831604
Control Period
129.074402
128.201630
128.950851
129.253113
129.133469
129.915268
129.578156
128.955719
Control Period
128.841217
128.099518
129.976700
128.278656
128.754211
128.983673
131.500381
Control Period
134.410172
131.525894
130.788452
130.812683
126.440193
126.984055
126.861374
129.016296
Control Period
129.119781
129.136200
129.044388
128.848358
129.200867
128.473694
131.493088
131.865921
Control Period
129.207962
129.758972
131.496735
130.543671
126.330368
126.900993
126.123047
129.187332
Control Period
128.919891
128.828552
128.839676
129.025177
128.785797
128.463364
128.600281
Control Period
128.567291
129.229019
131.350037
128.544067
128.240295
130.335327
128.977158
Control Period
134.073822
129.189926
134.232162
128.514847
128.568573
128.275848
128.947205
129.316345
Control Period
134.178680
128.838974
132.491226
129.112396
131.679428
129.506943
128.744293
130.705627
Control Period
129.861954
130.644226
128.188599
129.153595
128.726532
128.481857
129.055649
Control Period
128.200226
130.995239
128.894684
130.436218
130.636154
129.218170
131.071198
128.999619
Control Period
134.185379
129.020126
133.478302
128.878372
134.030655
128.772278
128.658600
133.529663
Control Period
134.009598
128.848770
130.789505
129.635040
129.610840
128.437469
128.682709
130.978821
Control Period
130.071198
127.155655
129.087357
128.364441
128.959396
128.637436
128.665344
128.843781
Control Period
128.820541
131.042206
131.261414
128.937820
128.729340
128.539581
129.022079
Control Period
132.561829
128.981476
132.042526
129.039902
128.299133
133.027267
128.696442
130.111816
Control Period
128.570755
130.960632
128.661499
128.993759
130.067993
130.801346
128.737122
Control Period
128.963684
130.909119
128.709885
128.474213
130.080170
130.521881
128.255875
128.910019
Control Period
128.564697
128.476837
130.149628
128.865631
128.642975
128.865479
129.038406
130.206085
Control Period
128.506241
129.055161
131.180481
130.919266
128.411453
128.749542
128.906174
130.510010
Control Period
128.244705
130.585693
126.306366
129.873154
128.797577
128.699875
128.913635
128.885696
Control Period
128.882370
129.016098
128.973145
128.627960
128.982300
128.385193
128.557251
128.627747
Control Period
128.634430
128.882080
128.814728
126.761444
128.464935
128.630554
128.592499
128.798080
Control Period
128.429016
128.777954
129.308487
128.552490
129.011169
128.744583
128.673248
Control Period
130.174622
126.574112
126.199417
126.343132
129.364868
129.674881
129.213440
128.444824
Control Period
129.237381
128.461411
131.578629
128.584564
128.997086
131.094910
131.187256
Control Period
133.996292
128.949570
129.052826
131.234467
128.678879
134.042786
128.881088
131.423523
Control Period
128.910080
134.083527
128.576126
128.894974
130.946838
129.187653
Control Period
129.025574
128.546432
133.164032
128.749176
132.525848
128.381561
128.815033
130.760468
Control Period
134.123962
129.142242
129.227722
129.273849
128.840393
129.567581
129.948227
132.992706
Control Period
128.877899
128.510727
128.628448
133.529633
128.113953
133.163040
129.040100
Control Period
130.269119
129.591064
128.916794
128.513824
129.048187
129.058884
126.542343
130.346207
Control Period
128.952286
128.584473
130.953445
128.381989
129.359802
128.892670
128.871338
129.190979
Control Period
133.934204
128.345673
128.970047
128.790436
128.809143
128.636154
128.965637
Control Period
128.808868
131.225662
128.787842
129.106018
129.563812
129.958344
130.209824
128.489990
Control Period
129.091843
129.021561
128.425537
134.432541
128.508804
129.229279
129.010330
Control Period
131.240387
131.099106
128.836548
128.807098
130.849503
128.837769
129.149536
129.101151
131.839584
Control Period
130.084320
128.472870
129.296265
129.148605
128.331650
128.698486
128.739105
Control Period
129.163910
128.518661
128.709213
127.277603
129.461090
129.069061
126.925507
130.821762
Control Period
128.833984
128.403580
128.919296
129.272644
128.766876
130.847687
130.720551
Control Period
129.194092
128.987427
130.737823
130.034500
128.649338
128.872604
130.968185
129.603394
Control Period
134.185699
128.658340
129.062180
130.808289
129.703094
128.761063
128.800323
129.834778
Control Period
128.620926
128.425018
130.161209
130.748169
126.150017
126.303711
129.178696
127.397247
Control Period
130.615143
130.799561
130.768387
128.891388
128.533340
129.147705
129.220032
Control Period
134.258499
129.030273
128.793182
131.222015
128.360550
129.395782
129.190872
130.873795
Control Period
130.281982
130.487274
128.271332
128.799423
129.100677
127.151932
129.178268
Control Period
128.417053
132.085144
129.098877
128.929947
130.650757
128.000610
130.985413
130.353470
Control Period
128.430466
129.200287
128.978790
128.829788
134.210663
128.495712
128.531326
130.485474
129.198502
Control Period
127.093216
127.575836
128.721573
129.110107
127.097992
127.756416
126.284096
Control Period
128.968842
126.798782
126.365723
126.957985
127.340668
127.076416
128.800812
128.800735
Control Period
134.120789
128.651672
128.705154
129.149796
129.619843
129.130402
129.841217
130.528580
Control Period
134.021408
129.843658
131.086029
130.626205
130.192322
129.607208
129.756104
128.952133
Control Period
128.969177
130.950409
130.639099
126.754242
129.045227
129.209274
128.450073
128.930557
Control Period
128.789307
129.098526
129.029053
129.514465
130.896637
128.552505
128.458176
Control Period
129.281982
128.372162
128.883392
128.495148
131.267807
128.835266
128.646179
128.880325
Control Period
133.403381
129.228455
130.314026
130.590515
128.860382
129.173218
129.136765
131.253632
Control Period
132.287674
129.326752
128.950684
128.690521
128.810532
130.424683
130.766541
130.177795
Control Period
128.973816
128.982529
128.791672
128.543289
127.561829
127.881920
126.853859
130.582275
Control Period
131.365189
127.852921
128.212311
128.902817
128.316452
128.815674
128.628998
129.116547
Control Period
128.921082
129.543335
129.047302
131.347656
126.327774
129.872803
128.219681
128.878555
Control Period
133.700043
130.694336
130.914078
126.590691
126.366173
128.906647
128.685928
Control Period
128.419327
128.354584
128.708282
133.392700
129.363266
128.839417
129.155945
Control Period
134.160217
130.351166
129.058304
133.105286
128.727646
132.350525
129.281021
132.861313
Control Period
128.806183
131.612961
128.600647
129.043396
130.409851
129.159332
128.967072
128.953217
Control Period
131.502014
128.988770
128.866943
128.678436
128.826279
128.303192
130.224869
129.523010
Control Period
128.793533
129.087204
128.854980
131.089355
130.770844
126.438179
128.623749
Control Period
128.803101
130.064575
130.193604
129.052292
128.808289
128.586975
129.231522
129.084442
Control Period
129.040924
129.250626
130.506317
128.399139
128.761795
129.260925
128.883102
129.024094
Control Period
132.589508
129.352020
128.702911
132.106079
126.202591
130.660324
128.965759
129.075424
Control Period
129.098267
130.444366
126.646530
131.397339
130.777603
130.896362
131.185730
130.697632
Control Period
133.166229
129.050842
128.844543
128.981827
128.434372
129.220963
128.950272
129.059265
Control Period
128.905533
131.114044
129.620255
129.405365
128.748444
128.920349
128.320801
130.947617
Control Period
129.872391
128.696899
126.481888
128.106979
128.993088
129.175171
126.822014
Control Period
131.232086
129.290176
128.428131
128.851196
128.586685
129.071365
130.934967
130.843643
Control Period
129.906113
129.852249
130.502838
126.864609
130.725861
130.414780
130.674774
128.751190
Control Period
134.217224
128.267776
129.187073
128.871429
129.423004
128.793060
128.741608
126.980515
Control Period
129.550491
130.948700
128.200348
128.834305
130.002304
130.541077
128.404678
Control Period
134.237671
128.843842
133.544861
128.674301
129.193634
129.208603
128.688995
133.998215
Control Period
134.171478
128.083710
128.919769
128.826462
127.806015
128.890747
128.681091
130.803909
131.265533
Control Period
130.958496
126.454498
127.222527
126.874588
130.110016
128.902817
128.642273
Control Period
128.887360
128.367493
129.095932
128.779510
129.411774
128.520355
128.871613
128.512054
Control Period
128.125000
129.498718
131.504517
129.198624
128.670944
128.832321
128.751358
Control Period
129.115265
129.839111
128.153412
129.078400
130.246429
128.650757
128.082306
130.270264
130.701477
Control Period
129.127594
128.805954
128.785156
128.902557
128.791656
127.958176
128.509338
128.944794
Control Period
128.392029
128.438721
126.382523
128.709656
124.289948
129.049438
127.721214
127.963867
Control Period
129.122314
127.278473
126.664574
128.473785
128.652893
126.561020
128.891907
Control Period
128.589249
128.603073
128.521667
128.873993
130.553467
130.166199
126.105179
129.376770
Control Period
130.511261
130.207733
130.029282
128.457245
128.584869
128.477020
128.617691
Control Period
133.256775
131.115356
129.255554
129.019714
128.853729
130.751266
129.468155
128.612213
Control Period
128.673538
128.511108
128.804001
130.089050
128.924988
128.795654
128.744293
129.941788
Control Period
128.666016
130.762115
130.721466
130.764511
129.069763
128.900253
128.921661
Control Period
134.033508
128.999603
128.874725
131.478210
128.908508
129.294662
128.567749
130.679779
Control Period
129.137146
131.619720
128.655548
128.206406
128.928482
128.379669
130.879242
128.934204
Control Period
128.880417
128.959045
128.545288
128.895584
130.535721
126.570366
130.356964
Control Period
128.476990
130.781372
130.919067
130.040741
128.983078
128.707642
128.742615
128.115845
Control Period
129.069382
129.365356
128.890686
128.557861
132.693054
128.800568
128.935104
Control Period
133.953339
129.912323
128.658783
128.871063
130.221054
130.459167
128.977982
128.600037
Control Period
132.107071
128.591034
129.131393
130.920197
129.022079
128.631073
128.680725
130.531708
Control Period
129.835587
130.834717
128.738144
128.709244
130.502335
128.867355
128.613983
Control Period
133.951996
132.442261
128.221954
134.255997
129.174103
130.400955
130.026016
Control Period
129.099136
132.775299
128.803528
134.133148
128.997345
131.843719
129.002655
134.083130
129.082184
Control Period
129.185944
128.739655
128.642395
131.505493
126.625664
128.868729
122.363739
Control Period
134.093506
134.216095
134.211212
134.216919
134.099518
134.132675
134.147522
134.138092
134.111481
134.061890
134.210266
134.162689
134.245514
134.218628
134.322968
134.304611
134.353210
134.279327
134.252533
134.346466
134.281021
134.202789
134.074280
134.241318
