117.541473
117.242912
117.236252
117.269638
117.262077
117.247269
117.251808
117.256256
117.262619
117.250496
117.234818
117.245468
117.283134
117.273346
117.278076
117.279808
117.302017
117.285049
117.269882
117.271263
117.286781
117.300926
117.303871
117.286659
117.287712
117.321732
117.306625
117.260834
117.263550
Control Period
121.242142
117.307068
123.015167
117.295044
122.681091
117.318588
123.997406
117.265884
122.836731
Control Period
124.828903
126.954269
123.013245
125.432701
127.615997
124.191971
123.492126
126.265503
Control Period
127.857887
128.938507
127.833374
127.564095
127.880127
128.155746
128.176575
127.981537
Control Period
127.489471
128.191254
128.061661
127.826462
127.543839
128.013947
128.258423
127.673538
127.793892
Control Period
128.284348
126.846527
127.811066
127.762367
128.035233
127.970505
127.876930
Control Period
131.860062
127.956070
128.083740
132.803925
128.470627
127.185349
130.168518
130.553757
Control Period
127.661758
127.100700
127.681000
128.543549
128.069916
127.754150
127.884285
129.123489
Control Period
133.436829
127.260925
128.150681
132.045166
127.581123
128.750549
128.018173
Control Period
127.852036
129.376541
127.138084
132.667480
127.743683
129.995682
127.832611
129.173218
128.238495
Control Period
127.615646
132.452454
127.254593
127.356964
128.234497
127.587326
127.708771
128.054245
Control Period
127.671875
129.014206
133.065002
128.060455
127.768799
129.878845
128.150497
Control Period
126.551102
129.635773
127.408028
126.716034
127.946823
128.157669
127.799942
129.282272
Control Period
131.688095
130.100311
127.857285
127.698425
129.261993
127.585472
128.057465
Control Period
127.955261
132.271683
127.165894
132.524628
127.710785
131.630051
126.873695
132.648712
128.436981
Control Period
128.328247
128.278687
128.189728
127.855873
126.475616
127.949921
132.147125
127.192863
Control Period
128.323074
127.711517
127.530144
128.550049
128.207962
127.115906
128.352249
Control Period
127.515717
128.501953
128.152512
128.328552
128.116638
132.056427
128.899445
128.139557
128.670502
Control Period
128.208008
128.384064
126.301697
131.751129
127.899353
128.480606
128.683014
Control Period
127.978111
127.372894
128.331421
127.709946
129.817932
128.401245
130.804672
127.842972
Control Period
127.760353
127.876709
127.975906
128.340515
132.142685
127.695038
128.205215
128.539276
Control Period
132.836090
128.044769
129.816803
127.904892
129.356186
132.300125
127.262878
127.684128
Control Period
134.062332
127.850052
129.736252
127.204285
127.769241
128.225540
127.611649
127.569214
Control Period
130.693787
127.789345
131.280457
130.156708
127.396957
127.657181
127.495682
129.970718
Control Period
127.805725
128.604996
127.511200
127.457054
128.334015
127.247131
128.271637
Control Period
132.205765
128.102570
127.619415
127.752350
128.091782
129.291321
127.878304
Control Period
133.916748
133.193344
127.844193
132.319870
127.280609
133.437439
128.190598
132.387619
Control Period
129.810913
127.940544
127.844002
131.286301
128.024536
128.601151
127.582016
127.560196
Control Period
127.969536
127.911652
127.719872
127.710175
127.557022
127.679718
127.948990
Control Period
129.140472
130.983551
127.331650
127.819618
127.905701
130.445511
131.991394
128.333572
Control Period
133.782272
132.769928
128.156418
128.107162
127.402084
128.937347
127.876099
127.991043
Control Period
128.063004
127.655487
127.714340
127.952354
127.894882
127.221863
127.029922
Control Period
127.887230
127.671875
129.896332
128.367905
130.957413
127.693596
131.434113
127.731110
133.245605
Control Period
128.343689
133.682434
128.065598
127.500130
127.884506
128.208603
128.302917
128.187134
Control Period
128.460480
132.520966
129.046844
128.194122
132.397186
127.999870
127.547302
Control Period
127.977051
129.429855
127.409409
132.950104
129.182907
127.750114
133.795319
126.176445
Control Period
134.101044
129.008453
133.006775
128.064163
130.572189
130.831589
128.378372
128.406647
Control Period
131.317062
127.679741
127.687714
133.553986
127.908035
128.084229
129.514496
130.692474
Control Period
127.957214
130.363708
127.499771
127.241791
128.889191
127.974564
130.189148
131.630371
Control Period
128.124161
130.771210
130.612732
127.499710
130.944931
131.188766
127.624611
130.465530
Control Period
130.472534
127.349564
130.767395
131.349213
127.803940
126.554909
128.074020
127.749893
Control Period
132.992371
127.768066
127.980453
127.273216
128.270401
127.984390
127.757439
128.046722
Control Period
127.957726
129.462433
128.727463
127.823196
133.116730
128.013702
Control Period
133.045792
128.429794
133.949051
132.605377
128.077118
127.784546
128.056580
131.643097
Control Period
133.964737
129.979874
126.280167
130.174271
130.643097
127.922882
130.538818
Control Period
131.025146
127.827972
129.958313
127.593857
129.345673
127.748932
128.406006
129.024261
Control Period
128.097153
132.959579
127.669983
133.135910
127.744003
130.791580
127.880096
129.317978
Control Period
131.560928
127.409698
130.656311
128.024857
128.325958
128.119843
127.559204
127.581223
Control Period
133.881958
127.377663
128.193344
128.199646
127.776550
128.039230
128.133942
128.487640
Control Period
133.972412
127.720673
127.500290
128.204773
127.480774
127.089508
128.069977
Control Period
128.205032
127.197403
131.334656
127.291328
127.484863
127.711777
127.379288
127.331772
Control Period
134.008453
129.048615
127.631485
130.485245
130.024414
127.437218
129.929855
Control Period
128.029724
127.557693
132.293350
127.685822
133.910950
128.211777
128.813721
127.936859
Control Period
128.934341
130.072388
128.241180
131.340118
127.757629
131.715973
128.129883
128.403687
Control Period
133.826599
128.304321
132.552917
128.191971
128.134399
127.626465
128.547806
128.358719
Control Period
128.484451
127.844193
127.893349
128.274429
128.878433
128.023514
128.194275
129.321793
Control Period
128.269318
132.828064
128.862854
127.928604
132.182556
129.544800
127.743622
Control Period
127.812225
129.812164
127.332092
128.264099
128.140961
132.299652
129.098938
127.953720
Control Period
134.043839
127.918655
130.050980
128.180038
131.964767
127.729439
127.868156
127.129593
127.621475
Control Period
127.861664
126.682755
127.994278
128.268280
127.450592
128.127136
128.326752
Control Period
131.553894
129.309418
128.119232
128.122147
128.007584
127.941406
127.175842
131.763031
130.372162
Control Period
127.916382
128.418686
128.359131
128.687775
128.665146
127.795807
127.648865
127.455933
Control Period
128.396667
128.063553
127.725601
128.092773
128.387390
128.146362
127.558502
Control Period
132.112442
133.072449
128.249344
127.997253
127.817184
128.188416
127.957245
129.591934
Control Period
131.473572
127.501434
127.970398
127.527779
127.839325
126.566040
128.016388
129.295319
Control Period
132.504959
128.254089
128.246277
131.510117
129.365112
128.199432
128.184540
Control Period
127.820709
129.613251
127.143814
127.643616
128.566345
128.208771
129.439423
132.245300
Control Period
133.937805
128.832962
128.157440
128.196381
129.281052
128.367966
130.247620
128.403839
Control Period
128.197113
127.624573
127.515747
132.260132
127.563934
129.430008
126.863037
Control Period
134.089859
127.894051
127.625351
127.471741
129.182251
132.678909
128.244904
128.123718
Control Period
128.280121
129.775742
128.010437
130.103943
127.816544
129.032318
128.135773
Control Period
128.278275
132.507141
128.112732
132.453979
127.908356
129.712982
128.047104
128.772308
Control Period
132.533447
127.595039
133.585632
128.262360
129.318756
128.392670
128.014679
Control Period
134.104797
132.527161
128.227325
131.943939
127.575424
130.555176
128.000671
130.119080
Control Period
130.188705
127.366913
130.389771
127.488983
127.994873
128.390076
127.932739
Control Period
134.014206
132.983170
127.990211
128.851105
128.489288
129.508362
128.519394
127.871201
Control Period
133.328094
128.962433
128.036438
127.691681
129.026489
127.939972
130.289917
132.126404
Control Period
128.368195
128.035828
128.279648
128.189346
127.934875
131.533310
127.480034
128.034241
Control Period
134.274567
128.478333
128.303528
127.584892
132.333191
127.997475
128.420700
129.590759
Control Period
129.319397
132.003937
127.653923
128.257889
128.953949
127.500931
127.956482
127.363800
Control Period
128.131424
128.076797
128.437088
128.049500
127.771240
129.969666
127.821983
Control Period
130.854980
130.222015
128.182312
128.139771
131.714020
128.880188
128.149948
127.484161
Control Period
132.824768
128.568893
132.564484
127.818695
130.328293
131.137878
126.606529
131.360901
Control Period
130.583771
127.835617
130.779358
128.330017
127.754456
130.613220
128.094620
131.312103
Control Period
127.864807
130.827454
127.993607
133.378433
127.753342
128.242661
132.839005
Control Period
127.857758
128.731934
127.719101
132.154877
129.186783
128.351776
133.975769
128.487808
Control Period
127.908264
131.839905
130.568771
127.686584
127.734299
128.101059
128.059784
128.099136
Control Period
134.006134
128.358749
131.455933
127.381981
127.860092
132.979340
128.053284
128.048599
128.853607
Control Period
133.507202
128.218811
127.620895
128.165665
127.966141
128.139099
127.844002
127.652412
Control Period
130.221786
128.335846
128.563644
128.334427
127.486755
128.453461
127.822723
127.819550
Control Period
128.246185
131.755676
128.454269
128.043701
127.564865
129.599930
131.729889
Control Period
127.134949
127.549248
128.063553
127.231102
127.907486
128.632828
128.613892
128.099670
Control Period
129.527161
127.276451
128.122986
130.122314
130.847290
127.987007
128.065857
130.849365
Control Period
128.210724
130.951996
128.004517
131.543335
127.965981
132.404297
128.206497
Control Period
128.950592
127.851707
130.279449
128.045242
127.269730
132.373596
128.332214
127.753830
132.612671
Control Period
130.104706
130.369720
128.076065
128.129639
127.510757
128.475067
127.758652
127.749405
Control Period
127.171707
127.826012
128.454178
128.047913
127.926018
127.998268
Control Period
130.351578
128.115173
133.040543
129.300156
132.795578
129.355530
127.406853
132.081696
128.836700
Control Period
128.182983
133.167328
127.473763
132.975266
128.372803
127.587738
127.871712
Control Period
133.961243
127.904579
133.615585
127.855972
133.868408
127.279900
132.845505
Control Period
134.026245
128.412140
131.899490
127.807137
132.681061
127.659515
132.445053
128.599945
Control Period
130.328278
128.658981
128.235611
132.097290
128.470627
129.227386
127.541473
127.959778
Control Period
129.333664
128.837402
128.261749
132.426849
130.018677
128.093628
130.760834
Control Period
128.256439
132.388611
128.157242
128.700317
127.156349
128.451843
132.938309
128.435013
Control Period
132.564255
127.595100
129.771744
127.929276
126.944351
131.795593
128.287964
Control Period
134.143326
127.398270
132.606369
128.473282
128.473145
133.045013
128.261017
129.091492
Control Period
128.411423
130.436188
127.882980
130.208649
128.131195
128.073624
131.439804
Control Period
127.830856
132.525223
128.306976
129.013031
133.862625
127.022659
128.413849
128.302155
Control Period
134.159363
127.938110
133.299957
126.270050
129.892548
127.882812
128.261276
129.222687
Control Period
131.837189
127.692802
127.409950
133.965408
127.688446
130.014435
132.393372
127.562241
Control Period
134.085373
131.022217
130.653214
129.416122
128.617020
127.928131
127.571167
128.442596
Control Period
134.090729
127.227417
127.940933
128.032486
127.915207
128.945602
127.944450
128.432251
Control Period
133.489685
127.956451
127.968323
128.726532
128.741028
127.238235
127.582626
127.109924
Control Period
127.312508
127.662048
127.674591
126.981827
127.917633
134.008484
Control Period
134.045792
133.942947
133.969666
133.924545
134.060852
134.073532
134.124161
134.038666
133.952698
134.052292
133.990402
133.980133
134.017731
133.985062
134.902679
134.045654
