3962
5972
5952
5972
5952
5853
6011.5
5952
5932.5
5952
5932.5
5972
5972
5853
5932.5
5913
5972
5972
6031
5952.5
5972
5932.5
5952
5853
5952.5
5893
5932
5972
5952
5971.5
5897.5
5892.5
5912.5
5912.5
5992
5971.5
6011
5932
5932
5912.5
5892.5
5932.5
5971.5
6071
5972
5952
5833.5
5912.5
5912.5
5952
5972
5932.5
5932.5
6026
5952.5
5972
5972
5992
5932.5
5992
5972
6091
5774
5893
5932.5
6006.5
5972
5873
5972
5952
6011
5952
5912.5
5912.5
6110.5
5952
5952.5
6130
6031.5
5952
5833.5
6090.5
5972
5972
5972
5814
5952.5
6170
5838
5912.5
6011.5
5972
5893
6031
5952.5
6085.5
5912.5
5932.5
5952
5972
6031
6051
5952.5
5932.5
5893
5971.5
5972
5932.5
5972
5991.5
