117.858398
117.321342
117.306015
117.339005
117.330948
117.320961
117.334747
117.328583
117.341339
117.310883
117.320068
117.333603
117.331940
117.331680
117.350914
117.347809
117.346146
117.353439
117.352646
117.327011
117.322052
117.315140
117.333786
117.332993
117.320770
117.335907
117.327454
117.325790
117.289795
Control Period
117.319641
117.324707
117.296959
117.307007
117.319046
117.375259
117.363068
117.370499
117.335770
Control Period
117.336029
117.355804
117.336830
117.336868
117.345917
117.350082
117.345215
117.333183
117.354141
Control Period
117.341888
117.330429
117.294914
117.319489
117.321503
117.324707
117.291519
117.303970
Control Period
117.291428
117.306595
117.302177
117.345795
117.347870
117.350723
117.315140
117.341728
Control Period
117.327072
117.325180
117.277344
117.270973
117.275589
117.323006
117.332863
117.293243
117.310051
Control Period
117.299942
117.309250
117.285088
117.315521
117.296227
117.317444
117.344315
117.341888
Control Period
117.312836
117.323654
117.293915
117.315781
117.296928
117.306717
117.322975
117.308189
Control Period
117.290146
117.280098
117.302048
117.319107
117.335129
117.361404
117.330399
117.324127
Control Period
117.345978
117.384033
117.321854
117.307068
117.311966
117.329987
117.302628
117.314331
117.328476
Control Period
117.279099
117.301285
117.310242
117.331390
117.309921
117.320892
117.281181
117.338684
Control Period
117.313377
117.324448
117.311172
117.316994
117.306496
117.312027
117.345535
117.386978
117.365021
Control Period
117.336159
117.296707
117.297028
117.317345
117.299072
117.311172
117.295296
117.303009
117.306274
Control Period
117.293983
117.305435
117.305252
117.328903
117.305344
117.311646
117.313248
117.293243
Control Period
117.324257
117.296539
117.303711
117.329987
117.296677
117.310883
117.309280
117.296677
Control Period
117.308411
117.311996
117.326340
117.327682
117.322403
117.321251
117.318268
117.317123
Control Period
117.320961
117.327362
117.332993
117.312897
117.323166
117.317665
117.333282
117.336197
Control Period
117.330399
117.345917
117.310562
117.322372
117.335526
117.348541
117.348068
117.328323
Control Period
117.307106
117.356384
117.324860
117.325180
117.324799
117.326431
117.337250
117.344162
117.338364
Control Period
117.323578
117.298241
117.283875
117.291290
117.312607
117.322464
117.303711
117.300224
Control Period
117.316452
117.329376
117.331070
117.342751
117.313759
117.319008
117.341980
117.325851
117.335907
Control Period
117.322754
117.334076
117.330780
117.349922
117.348862
117.310211
117.307205
117.282211
Control Period
117.300896
117.291107
117.301956
117.341408
117.353348
117.337311
117.354591
117.347549
117.322876
Control Period
117.313728
117.306686
117.309982
117.298462
117.311295
117.331329
117.296509
117.323013
117.326279
Control Period
117.321213
117.315361
117.307098
117.348801
117.309219
117.331909
117.340988
117.322945
Control Period
117.350433
117.355270
117.339775
117.340416
117.319260
117.322906
117.334976
117.348251
117.358658
Control Period
117.341949
117.313507
117.353989
117.331902
117.327866
117.359390
117.330078
117.331512
Control Period
117.317726
117.316895
117.304642
117.315742
117.293762
117.308167
117.298431
117.335068
117.346085
Control Period
117.340767
117.326843
117.357185
117.354431
117.373344
117.328186
117.342178
117.321762
117.322906
Control Period
117.324768
117.307556
117.340164
117.346939
117.326241
117.308411
117.324509
117.367424
Control Period
117.311813
117.362564
117.323547
117.368896
117.354141
117.350464
117.363037
117.332901
Control Period
117.337723
117.335457
117.349594
117.344193
117.356644
117.374496
117.362305
117.350372
Control Period
117.369507
117.369949
117.372345
117.354782
117.334045
117.321152
117.321701
117.335938
117.336227
Control Period
117.336227
117.344353
117.337692
117.344986
117.355713
117.394592
117.376991
117.354881
Control Period
117.345764
117.383873
117.362083
117.348099
117.351456
117.340866
117.373154
117.359100
Control Period
117.360611
117.338112
117.315201
117.328896
117.311234
117.345764
117.308289
117.291046
117.309052
Control Period
117.304863
117.276451
117.314781
117.313057
117.324219
117.367615
117.372223
117.346817
Control Period
117.321472
117.345917
117.350143
117.330017
117.347076
117.351395
117.390816
117.367142
117.314751
Control Period
117.310471
117.313538
117.318367
117.294846
117.322273
117.342850
117.327934
117.305954
Control Period
117.332993
117.335556
117.337051
117.311424
117.316284
117.326912
117.305435
117.312134
Control Period
117.319809
117.298370
117.294334
117.300186
117.289093
117.329437
117.340195
117.337692
117.346497
Control Period
117.366745
117.377922
117.333344
117.356613
117.305634
117.300705
117.328796
117.321411
Control Period
117.305923
117.307205
117.292862
117.310814
117.379295
117.302109
117.310814
117.294434
Control Period
117.333923
117.303101
117.287003
117.286652
117.288223
117.310852
117.296097
117.313339
Control Period
117.313187
117.286751
117.289185
117.315781
117.331909
117.292068
117.298851
117.315361
117.296356
Control Period
117.292862
117.286880
117.298561
117.315460
117.322273
117.315422
117.285057
117.312286
Control Period
117.319107
117.288803
117.318085
117.308731
117.303841
117.296860
117.300034
117.320221
117.345596
Control Period
117.308197
117.309570
117.306305
117.307198
117.295364
117.300476
117.299522
117.363586
Control Period
117.346146
117.354591
117.338882
117.339233
117.313858
117.304382
117.320610
117.345505
117.339706
Control Period
117.342751
117.338211
117.338242
117.313446
117.357666
117.312256
117.310783
117.340927
Control Period
117.321442
117.303680
117.353600
117.336380
117.319427
117.318787
117.298912
117.299484
Control Period
117.320068
117.309021
117.296326
117.312798
117.341698
117.332733
117.338814
117.328194
117.331711
Control Period
117.319069
117.326340
117.327293
117.334915
117.308548
117.333221
117.346268
117.330048
Control Period
117.350143
117.364128
117.372993
117.346695
117.314972
117.334465
117.290657
117.319359
Control Period
117.340958
117.347168
117.354652
117.413635
117.351227
117.338882
117.352066
117.316032
117.350273
Control Period
117.334244
117.323898
117.317474
117.291168
117.339996
117.305954
117.339844
117.324188
Control Period
117.340416
117.310654
117.280579
117.297890
117.312866
117.276230
117.274948
117.313278
117.289978
Control Period
117.294434
117.312706
117.310303
117.290756
117.296288
117.301056
117.353500
117.323296
Control Period
117.330688
117.340866
117.312485
117.314369
117.320160
117.367813
117.331520
117.317635
117.328644
Control Period
117.315071
117.367043
117.304321
117.309402
117.286591
117.315422
117.321762
117.339142
Control Period
117.292130
117.339104
117.309692
117.305435
117.340637
117.318878
117.323364
Control Period
117.339325
117.339172
117.356995
117.335327
117.337189
117.323166
117.346436
117.365829
117.346657
Control Period
117.347778
117.366493
117.312958
117.339066
117.354942
117.354591
117.327942
117.325760
Control Period
117.354240
117.344894
117.336121
117.371643
117.382019
117.406906
117.396255
117.396164
117.382172
Control Period
117.368988
117.346878
117.383392
117.380066
117.352325
117.361504
117.332092
117.337791
117.358047
Control Period
117.349281
117.348351
117.394943
117.383232
117.320320
117.322845
117.335518
117.336258
Control Period
117.333473
117.339523
117.338211
117.318398
117.352768
117.355743
117.339325
117.351395
117.356384
Control Period
117.336029
117.300896
117.357925
117.332413
117.340736
117.320282
117.330017
117.343491
Control Period
117.330879
117.332642
117.325668
117.338142
117.328064
117.346657
117.331009
117.349571
Control Period
117.323685
117.340698
117.357697
117.381218
117.361725
117.378273
117.340546
117.354721
Control Period
117.316063
117.315613
117.305435
117.330460
117.310364
117.336197
117.327843
117.336227
Control Period
117.341278
117.311485
117.289055
117.303200
117.313759
117.312096
117.320320
117.306976
Control Period
117.299744
117.298111
117.344101
117.340446
117.357758
117.351715
117.362656
117.391068
Control Period
117.353149
117.335968
117.322174
117.321213
117.314369
117.302818
117.302658
117.315811
Control Period
117.333504
117.322113
117.326431
117.304352
117.325790
117.328506
117.364799
117.359039
Control Period
117.327301
117.325279
117.328033
117.331589
117.302780
117.314789
117.340027
117.345955
Control Period
117.331589
117.351166
117.355621
117.343742
117.320961
117.373215
117.346909
117.339874
Control Period
117.332321
117.310684
117.336258
117.353951
117.358170
117.345024
117.316864
117.357407
117.344994
Control Period
117.349762
117.350334
117.345596
117.353210
117.332291
117.336479
117.306015
117.317413
Control Period
117.350693
117.335426
117.314819
117.325790
117.341248
117.365662
117.342972
117.376892
Control Period
117.326050
117.329315
117.344193
117.350945
117.307999
117.335648
117.360031
117.346687
Control Period
117.293472
117.302017
117.320450
117.321503
117.322525
117.328156
117.299744
117.324066
Control Period
117.324738
117.332291
117.326141
117.353920
117.371582
117.322784
117.338150
117.332901
Control Period
117.325729
117.348068
117.332550
117.341858
117.351547
117.346817
117.346466
117.335167
117.364510
Control Period
117.343842
117.344574
117.342148
117.357056
117.329666
117.312416
117.298752
117.326981
117.317734
Control Period
117.313568
117.335236
117.340164
117.344284
117.323196
117.367393
117.347168
117.326210
Control Period
117.283905
117.310532
117.338333
117.320641
117.325439
117.318146
117.331039
117.329178
117.331482
Control Period
117.344101
117.317535
117.328224
117.339355
117.345535
117.357666
117.324417
117.335266
Control Period
117.336227
117.360130
117.363678
117.353668
117.335358
117.333084
117.330246
117.339134
Control Period
117.314781
117.348381
117.348892
117.327621
117.332474
117.361984
117.353180
117.352448
117.374176
Control Period
117.339233
117.350624
117.320129
117.298233
117.308990
117.349251
117.337059
Control Period
117.306786
117.348709
117.344574
117.323006
117.332901
117.340256
117.309723
117.291199
117.331779
Control Period
117.322052
117.314621
117.341087
117.349915
117.344032
117.311172
117.319778
117.363136
Control Period
117.344292
117.316986
117.313950
117.311104
117.320221
117.322983
117.300323
117.322556
117.310623
Control Period
117.306076
117.315201
117.318756
117.327774
117.299072
117.326141
117.328674
117.331551
Control Period
117.278244
117.296349
117.321693
117.333115
117.294365
117.286621
117.323395
117.336060
117.354210
Control Period
117.311005
117.336639
117.312958
117.299622
117.285828
117.301247
117.288071
117.341537
Control Period
117.331390
117.333084
117.295258
117.304733
117.324257
117.297882
117.322723
117.332733
Control Period
117.289246
117.280258
117.305183
117.321533
117.339615
117.370560
117.323547
117.333984
117.344193
Control Period
117.290016
117.310532
117.337982
117.359360
117.345024
117.326309
117.357254
117.340736
Control Period
117.332962
117.387909
117.376068
117.307487
117.360229
117.361725
117.342468
117.357697
Control Period
117.332642
117.351746
117.354691
117.365921
117.315002
117.323196
117.343323
117.344383
117.334656
Control Period
117.339645
117.320801
117.314720
117.331268
117.335068
117.341919
117.332581
117.346817
117.338593
Control Period
117.315071
117.277542
117.276672
117.278526
117.313889
117.263138
117.256256
117.301086
Control Period
117.302658
117.301758
117.297729
117.312096
117.334496
117.274399
117.316605
117.327545
117.312416
Control Period
117.297180
117.300514
117.315460
117.315712
117.309921
117.287201
117.297470
117.308640
Control Period
117.301666
117.330368
117.336517
117.305565
117.342117
117.300415
117.316383
117.318146
Control Period
117.329536
117.349281
117.324417
117.312607
117.300095
117.347969
117.326370
117.328033
117.311455
Control Period
117.313629
117.326210
117.357956
117.327042
117.327103
117.315742
117.335709
117.318115
Control Period
117.313408
117.343422
117.302399
117.301987
117.322372
117.322525
117.315773
117.316223
Control Period
117.316452
117.322754
117.315041
117.325287
117.290466
117.319939
117.313728
117.336868
117.334305
Control Period
117.325317
117.322845
117.327484
117.315613
117.322876
117.295998
117.329498
117.350174
Control Period
117.314331
117.313339
117.307678
117.316803
117.313629
117.319168
117.303299
117.332764
Control Period
117.308128
117.306755
117.303009
117.323967
117.331139
117.355362
117.342941
117.346207
117.365921
Control Period
117.370972
117.390884
117.382812
117.355553
117.341309
117.337021
117.345856
117.345886
Control Period
117.291710
117.301987
117.343994
117.297882
117.314400
117.330017
117.324097
117.323486
117.323074
117.329758
117.348030
117.344513
117.320030
117.316093
117.298401
117.297470
117.303513
117.318115
117.306046
117.261505
117.271202
117.296707
117.298553
117.334717
117.359207
117.294434
117.300034
117.288895
117.307869
