0.723958
0.737713
0.679149
0.663807
0.637595
0.634373
0.643158
0.637077
0.656811
0.659397
0.68593
0.683372
0.714422
0.712576
0.705561
0.738837
0.754386
0.754287
0.752485
0.761784
0.761317
0.763907
0.767497
0.778751
0.773921
0.783889
0.786518
0.794052
0.769152
0.780765
0.786439
0.787363
0.793526
0.789162
0.793665
0.792121
0.795495
0.801053
0.787179
0.798097
0.803383
0.803583
0.80322
0.798388
0.797978
0.795794
0.808944
0.796876
0.794135
0.80032
0.787652
0.789731
0.799701
0.796215
0.80317
0.79707
0.780147
0.801433
0.799891
0.797651
0.795799
0.798581
0.797074
0.794886
0.797898
0.799327
0.801233
0.797815
0.786776
0.804589
0.804591
0.798492
0.797465
0.801026
0.793362
0.797252
0.796853
0.794207
0.803524
0.801129
0.807885
0.791278
0.803808
0.800301
0.796906
0.797024
0.800636
0.806856
0.800481
0.796472
0.793923
0.797675
0.796474
0.800281
0.807397
0.805806
0.807898
0.800318
0.797726
0.80179
0.803238
0.796384
0.80517
0.79799
0.796622
0.809967
0.796555
0.78963
0.792616
0.801943
0.795592
0.787509
0.791959
0.783208
