60
67.3791
77.5432
85.0655
90.2065
92.8974
94.7005
95.3379
95.591
94.4965
93.4105
93.2257
92.4133
90.9517
89.9407
89.0123
88.1263
87.6541
87.2316
86.6406
86.1036
85.3204
85.0375
84.7785
84.7066
84.4666
84.4372
83.7213
83.8119
83.7371
83.2644
83.0739
83.6186
83.4171
83.5153
83.6079
83.1981
82.9547
83.1311
83.554
82.8542
82.61
82.3379
82.3481
82.0162
82.4943
82.8335
83.4538
82.7206
82.393
83.5078
83.9629
83.7299
83.2003
83.2202
83.2598
83.5083
83.7212
83.2866
83.0554
83.4118
82.6026
83.2496
83.2481
82.7443
82.8722
82.7865
82.341
83.7501
82.8874
82.9371
83.0583
82.8632
83.4796
83.0709
83.3989
83.9214
83.4806
82.7338
82.6893
82.8803
82.8715
82.4974
83.3026
83.1417
83.9595
83.7808
83.0044
83.2201
83.1235
83.2534
83.0335
82.8545
82.9022
82.8727
82.7844
82.3633
82.5169
82.3759
82.2319
82.3652
82.7253
82.701
82.5173
82.8987
82.8361
82.7728
83.5416
83.1647
83.4836
83.9239
83.865
83.6448
84.0245
