57.9167
60.4886
59.8849
61.3657
61.1005
61.6255
62.9459
62.5563
64.1671
63.6523
65.364
65.0854
67.3215
66.856
65.5326
67.4533
68.5391
68.4711
68.4934
68.9815
68.7313
68.4739
68.4385
69.2809
68.8674
69.583
69.963
70.4173
68.472
69.2344
69.4618
69.5156
70.0802
69.6875
70.0196
69.9131
69.963
70.3625
69.3132
70.3419
70.4487
70.4759
70.492
70.1555
69.8731
69.6594
70.8521
70.5358
69.9308
70.1123
69.8
70.0035
70.755
70.2467
70.8442
70.4402
69.0684
70.537
70.5069
70.3528
70.4068
70.254
70.4652
70.3298
70.1226
70.2036
70.3969
69.8462
69.686
70.334
70.5264
70.2906
70.0277
70.7838
70.0729
70.407
70.8682
70.4544
70.6488
70.2845
70.8353
69.5618
69.9132
70.1293
69.8392
70.3238
70.556
70.7427
70.6689
70.5338
70.2868
70.4268
70.0574
70.2202
70.8491
70.8274
70.9457
70.6784
70.3492
70.3939
70.6021
70.2371
70.895
70.2505
70.2304
71.3003
70.479
70.272
70.1264
70.9267
70.8202
70.1711
70.186
69.5132
