56.6592
58.7402
59.1171
58.8421
59.0481
59.8727
59.975
61.2238
61.7387
61.5901
62.5666
63.3206
62.2019
63.8609
64.6851
63.9609
64.8716
63.6339
64.8444
64.8477
64.823
65.3804
64.7899
65.4951
65.2391
65.3564
65.005
65.6036
64.9558
64.8652
64.8721
66.747
65.7165
66.2373
66.3561
65.9088
65.7712
66.3029
66.2593
66.0062
65.8504
65.4495
65.865
65.7227
66.902
66.4311
66.0219
65.7423
66.0793
66.0495
66.8691
66.0181
66.1857
66.3155
66.4668
66.5546
67.148
65.4416
65.7758
66.4101
65.5235
66.4902
66.084
66.4878
66.5408
65.8847
66.0246
66.591
66.8095
66.1471
65.9722
66.4045
66.129
65.8208
66.8134
66.0446
66.2435
66.4972
66.9868
66.9779
66.3101
67.2853
66.6824
66.1756
66.7541
66.6902
66.2137
65.7984
65.4886
66.6191
66.1336
66.7071
66.7601
66.2473
66.2839
65.8046
65.5426
66.0227
66.4813
66.029
66.3232
66.2165
66.1628
66.5429
66.2277
65.6289
66.5264
66.354
66.8504
66.4717
66.2618
66.7474
66.8436
67.2911
