80
81.9947
88.1763
92.4452
95.8296
97.144
97.87
98.1926
97.6948
96.5311
95.2925
95.2415
94.232
93.823
92.8801
91.2966
90.8541
90.7759
91.0228
90.5526
90.2794
89.6364
89.171
88.9641
88.9849
88.7664
88.9529
88.6809
89.0228
88.6751
88.3243
88.2891
88.3149
88.3057
88.223
88.2606
87.949
87.8375
88.0527
88.1369
87.6901
87.7021
87.7618
87.8715
87.5627
87.5345
87.586
88.5153
88.0592
87.6054
88.6178
88.6422
88.4769
88.2259
88.2057
88.3739
88.5326
88.0137
88.1456
88.2
88.473
87.9736
88.4048
88.4779
87.8841
87.8284
87.8607
87.5468
88.5715
87.4161
87.6551
88.0291
87.8129
88.3664
88.324
88.3121
88.935
88.7104
87.9237
87.7318
87.68
87.9107
86.9775
87.6286
87.638
88.233
88.1249
87.6769
88.283
88.5578
88.531
88.2902
87.9594
87.7443
87.7499
87.8963
87.8152
88.3129
88.1871
87.796
87.8969
88.195
88.0497
88.0343
88.1603
88.0286
88.4798
88.9935
88.4747
88.4436
89.0158
89.1051
88.6232
88.7545
