59.289761
58.572769
58.542912
58.878403
58.638241
58.587425
58.590050
58.560993
58.555809
58.583710
58.578655
58.583427
58.614433
58.575615
58.604641
58.585217
58.607651
58.580734
58.536034
58.566784
58.580994
58.562271
58.592800
58.549984
58.521568
58.567520
58.666977
58.540161
58.560478
Control Period
58.753983
58.741600
58.782433
58.730431
58.745918
58.726433
58.746750
58.694115
Control Period
58.729118
58.730976
58.733727
58.764961
58.708801
58.712257
62.149345
58.764896
58.759487
Control Period
58.729759
58.720608
58.756958
58.748322
59.579296
58.772545
58.731968
58.737312
58.801952
Control Period
59.801216
60.222080
58.773407
58.811008
58.825378
58.717087
58.779938
58.768063
58.734657
Control Period
58.745792
62.195904
58.721855
59.250877
62.095520
58.722237
60.547264
58.701920
Control Period
63.766403
61.002335
58.861343
58.721664
61.847198
62.284225
58.816162
59.427071
58.758175
60.056702
60.972095
Control Period
61.999073
61.383072
59.152451
61.985344
62.394432
58.736771
62.209984
62.180832
Control Period
61.818207
62.259521
60.888512
62.253502
61.235970
62.398849
62.175522
60.879234
Control Period
60.948669
62.056831
61.801826
61.338718
61.126720
60.942688
62.915260
Control Period
63.726208
61.148895
64.738174
62.211105
62.556671
61.264450
62.948448
63.244514
61.260674
Control Period
61.320160
64.853561
64.823936
63.896866
64.753510
61.743584
61.852512
60.617218
Control Period
63.920097
61.775135
61.084160
63.665760
62.733444
60.937824
62.881470
Control Period
64.895996
64.783165
62.589218
64.125122
64.891869
60.897186
64.843872
Control Period
64.873383
63.345474
64.877342
64.873184
64.889824
64.884384
64.875648
64.861725
Control Period
64.862885
64.803299
60.888672
64.854782
64.808701
64.868195
62.640129
Control Period
64.874405
64.820221
64.836761
64.854172
64.864349
64.887810
64.918823
64.902527
64.885025
Control Period
62.853024
64.888672
64.861115
60.747139
64.858459
64.893440
64.842682
61.126625
Control Period
64.854019
64.838142
64.880356
64.849922
64.849564
64.839905
64.841759
64.801849
Control Period
64.941086
64.767036
64.883774
64.776833
64.808807
64.852356
64.903809
64.870049
Control Period
64.841309
64.809280
64.807968
64.834213
64.781219
64.816704
Control Period
68.728897
64.871643
64.821053
64.858719
64.834244
64.815201
64.733055
64.783035
Control Period
64.792290
64.708511
64.747269
64.845825
64.827133
64.807587
64.807846
Control Period
67.764603
64.799713
65.148697
64.827484
67.538818
64.847610
64.860931
64.870209
64.798141
Control Period
64.824959
67.576126
64.782883
64.800575
64.851486
64.982849
64.854843
Control Period
67.785599
64.846268
64.867073
64.878273
64.874878
64.882561
64.762115
65.954086
Control Period
64.839493
65.675774
64.872063
64.924446
64.886719
64.831711
Control Period
70.685471
65.030182
64.852127
64.841949
64.857216
64.851555
64.862686
64.847679
Control Period
64.831390
65.983650
64.841476
64.787643
64.785278
64.768639
64.808769
64.839676
Control Period
64.835838
64.951904
64.843109
64.834846
64.828995
64.880997
64.880417
Control Period
64.786148
64.871140
64.891266
64.845566
64.909790
64.882202
64.918785
64.828545
Control Period
65.992889
68.483681
68.595970
68.542267
66.950081
65.645920
64.936996
Control Period
64.979965
64.898109
65.334335
67.305725
67.334244
65.199455
64.963715
Control Period
68.411102
65.171585
64.921158
64.947327
68.368835
68.325729
64.876640
64.876350
Control Period
67.604156
67.654015
64.902588
64.873695
65.884064
68.728928
64.845505
Control Period
64.880417
64.865761
67.587616
67.911293
64.937309
64.878723
66.300323
Control Period
64.909851
64.921341
67.442207
66.494751
64.891998
64.859421
66.878975
Control Period
67.057053
64.916321
64.923935
66.306496
68.446075
64.877701
65.058273
68.837662
Control Period
66.888763
65.451523
68.308449
64.854210
64.861694
68.507492
64.943008
Control Period
68.687454
64.881119
64.878914
65.835556
64.825760
66.928734
64.873276
Control Period
68.434052
64.827553
65.734787
64.866653
64.840736
68.402176
64.824005
Control Period
64.856644
67.570206
64.830780
65.789536
64.868126
64.781662
Control Period
68.068924
64.885536
64.805435
67.679550
64.869507
66.906403
64.847610
64.856644
Control Period
66.153503
64.864380
64.882492
68.615105
64.955360
64.865150
Control Period
71.212860
64.865540
65.191330
68.453568
64.899902
67.981628
65.709122
64.863815
Control Period
68.535004
65.752701
64.973724
68.661316
64.922501
64.930908
68.808548
Control Period
64.912514
67.158752
67.538399
64.943298
65.738342
68.140320
64.860291
64.883553
Control Period
64.914276
64.907974
68.492294
64.929886
64.972992
67.041183
64.937347
Control Period
67.177124
64.909027
68.447845
64.960037
64.971130
67.171906
64.918304
Control Period
66.145630
64.910721
66.130432
64.880386
68.052895
64.966751
64.992386
68.316513
Control Period
70.122330
64.895813
65.586014
68.320351
64.863136
65.804474
68.491486
64.901154
Control Period
68.452835
64.911522
64.841156
68.444321
64.829468
66.909988
64.854301
Control Period
64.849701
68.050270
64.790176
68.485947
64.858177
66.079971
64.828506
Control Period
68.261246
64.828575
68.476067
64.873314
68.655777
64.885506
65.715332
Control Period
64.862137
68.792320
64.827393
68.671173
64.802658
68.518845
64.792961
Control Period
68.498207
64.758942
67.907684
64.793274
68.167419
64.799553
68.633858
64.877792
Control Period
68.859138
64.811142
67.430145
68.379364
68.126404
64.853951
67.576126
64.826080
Control Period
66.615524
65.051521
65.688416
65.666557
64.912704
65.950012
64.821632
Control Period
66.395134
64.839073
66.068069
64.864670
66.801315
64.877823
66.584702
Control Period
67.270142
67.994522
65.783173
68.048576
64.845154
66.731262
65.466400
64.792358
66.759781
Control Period
64.825348
64.818848
68.227676
64.791428
65.671066
64.806778
Control Period
67.550880
64.809219
68.437630
64.796959
67.617310
64.747330
68.514435
65.447777
Control Period
64.778656
64.765022
67.604614
64.790977
67.976517
64.787102
68.243774
65.725410
Control Period
67.462082
64.832321
68.462112
64.776260
64.897568
68.496155
Control Period
67.484001
64.843842
67.580574
67.856293
64.849701
68.348770
66.569412
64.793533
Control Period
68.503677
64.851074
65.888191
64.769440
64.723557
67.718140
64.738846
Control Period
64.777924
64.770874
68.619492
64.804291
67.296677
67.131165
64.771713
Control Period
66.426559
65.298561
66.088058
68.461922
65.021317
68.541275
66.285217
68.354874
64.840736
Control Period
67.633118
67.540382
67.701759
64.846016
68.227676
64.908096
66.521309
Control Period
64.862595
68.310783
64.823486
65.200638
66.198975
64.804443
68.454849
Control Period
67.916832
64.783875
68.008255
64.752190
64.799393
65.755676
64.843231
66.917755
Control Period
64.858307
66.490784
67.879868
64.735649
65.862144
68.600250
Control Period
64.830750
64.774979
68.329346
64.864449
68.242691
64.831360
68.341980
64.816605
64.819366
Control Period
64.850876
68.590042
64.824829
66.348679
65.404320
64.801315
66.926682
Control Period
67.904671
64.881119
67.958527
66.965279
64.942177
68.469185
65.096283
68.290306
Control Period
66.669571
66.628036
64.923996
68.437920
65.903778
64.858017
64.890594
Control Period
67.743805
64.859329
67.550591
66.473083
64.787773
68.440575
65.261795
64.831070
Control Period
64.856224
68.287262
66.776222
64.795776
65.843781
68.423645
Control Period
68.475555
68.472260
65.164833
64.829407
67.759644
66.787781
67.418243
Control Period
68.472412
67.159775
64.917114
68.771744
68.707581
65.005600
65.811234
67.659836
Control Period
65.319321
68.543457
64.911392
64.876991
68.329498
64.983490
65.856644
Control Period
68.334854
64.889404
67.186371
67.704353
67.175842
68.420700
Control Period
64.935555
68.403137
64.892799
68.654404
66.116486
67.157921
66.758400
64.868736
68.354401
Control Period
65.642975
65.805023
68.360413
64.844101
65.312485
68.397980
64.866501
Control Period
70.160477
64.822906
68.920158
66.374687
64.852188
67.632095
64.782181
68.490974
64.750885
Control Period
66.047195
68.243484
64.866493
66.345886
68.348160
65.064957
67.915329
Control Period
66.156128
64.880638
64.896896
68.343933
65.279518
65.456253
68.482300
Control Period
64.857437
68.218140
66.572670
64.852158
65.079803
64.897537
64.836288
67.073090
Control Period
64.821243
64.801025
68.376381
64.844765
65.873215
64.828186
64.875679
Control Period
68.611267
64.810684
68.029114
67.032349
64.861435
66.386780
68.361572
64.859810
Control Period
68.263809
64.831940
64.868446
68.196350
66.977409
64.882339
64.914627
Control Period
64.854271
67.530182
67.738434
64.857727
64.880798
68.510658
68.577438
Control Period
66.972481
68.761726
65.437920
64.917473
66.675392
68.058464
64.842819
68.414177
Control Period
64.830338
64.824539
68.724419
65.329056
67.773987
66.582245
64.971169
66.942909
Control Period
64.897858
65.877502
68.521957
64.825851
67.065857
67.442978
65.355423
Control Period
67.373856
64.826271
64.859360
65.576927
68.307838
64.831871
64.855934
Control Period
64.803680
64.770782
65.540924
64.776932
66.696259
68.190628
64.769760
64.791779
Control Period
64.806625
64.798431
68.520638
64.805923
66.484634
67.906204
64.836098
Control Period
66.304161
68.003494
67.112839
64.759071
67.867393
66.538689
64.783463
Control Period
64.765984
64.760063
67.751389
67.070335
64.762688
65.776764
68.596001
64.748764
Control Period
68.210403
64.845566
68.749313
64.777504
64.811356
68.464607
65.647644
65.079300
Control Period
65.682266
64.831741
68.578629
64.779457
64.769218
67.671814
67.202400
Control Period
67.902016
65.913025
64.932030
66.447838
68.264740
64.836700
64.843391
Control Period
68.582466
66.086655
66.907455
67.036774
64.832413
68.689697
65.441116
64.766434
Control Period
68.403961
64.800537
66.088898
67.912704
64.791611
64.887260
66.709213
Control Period
64.833633
68.269699
64.888443
64.990593
67.022339
64.778336
64.829315
65.418785
Control Period
65.443619
67.991585
66.151489
68.590622
64.732635
66.459778
68.028793
64.812576
Control Period
68.213211
66.529785
64.860001
64.832962
68.213669
65.474045
Control Period
69.016068
68.513947
64.845276
66.186554
67.411171
66.021820
67.953186
64.855484
Control Period
67.635422
66.048706
64.848640
68.397217
64.902977
68.452316
66.653442
64.835236
Control Period
67.693726
64.856194
66.690018
65.092545
66.030533
67.977310
66.948700
64.805153
Control Period
69.857346
64.960678
65.596802
67.412834
67.829056
64.854340
64.978561
68.489250
Control Period
68.233856
68.461853
64.938339
68.496964
66.544067
64.858109
64.822876
68.392639
Control Period
64.909668
68.544327
68.396637
68.497856
64.907806
68.490303
64.959717
Control Period
71.557121
71.578018
71.539749
71.542435
71.541565
71.552582
71.577438
71.542053
71.543716
71.554886
71.558113
71.564224
71.556160
71.542114
71.558243
71.531845
71.545601
71.540894
71.546204
71.541275
71.553436
71.549309
71.545731
