117.488678
117.315552
117.370049
117.338562
117.333313
117.328995
117.297180
117.357727
117.363487
117.352226
117.349564
117.329247
117.334656
117.367935
117.369980
117.336929
117.365509
117.343071
117.358719
117.330460
117.301117
117.285019
117.285858
117.304802
117.297600
117.311363
117.330917
117.304260
117.269218
Control Period
117.276443
117.304260
117.313446
117.310822
117.303452
117.314369
117.290237
117.294754
117.303841
Control Period
122.499069
117.297409
117.318527
117.279808
117.297630
117.327744
117.297028
117.317444
Control Period
117.285156
117.326401
117.303551
117.328964
117.303581
117.347198
122.354721
117.335739
Control Period
120.766373
120.038849
119.212036
117.919907
117.342239
122.224800
121.927040
121.721886
122.407455
Control Period
121.826523
117.336578
122.268257
121.213791
122.054565
122.174561
120.028351
121.960480
Control Period
124.150307
122.103935
122.955292
122.448135
122.765633
122.230049
122.527840
122.462433
Control Period
124.793533
123.088417
123.380127
126.836868
122.176003
121.894081
127.120224
127.008316
Control Period
122.414886
123.646240
126.817093
125.808800
122.167778
124.003006
124.320290
126.940155
Control Period
128.689789
128.912415
127.122589
126.691162
126.531876
129.124908
128.814240
125.346336
Control Period
126.632645
129.204865
126.088348
124.687523
127.365051
126.542305
129.203705
Control Period
130.518890
126.331749
126.493118
129.632355
128.224960
128.814819
128.763199
128.482620
Control Period
129.596863
130.164612
128.812317
129.228226
131.695526
128.954041
128.779617
Control Period
128.722839
128.922089
134.058212
129.185669
128.869949
132.693817
128.785797
128.500763
129.116226
Control Period
134.225433
134.151001
134.123489
133.929382
131.866089
129.761688
128.789185
Control Period
134.104736
133.282471
134.071045
134.037918
129.350754
129.206268
134.183838
134.079941
Control Period
134.081238
134.058655
128.708221
134.082153
128.885468
134.130783
128.840515
Control Period
131.173859
134.036453
134.096832
134.295654
134.160324
134.076508
134.126587
134.074463
Control Period
133.992859
134.053467
134.141373
134.136261
134.039612
133.989960
133.932098
133.947174
Control Period
134.004395
133.945160
134.047363
133.940643
133.948700
134.060760
134.057892
Control Period
138.720993
133.936127
133.932190
134.005447
136.620178
134.029633
133.946442
Control Period
134.106964
134.015015
134.124252
138.238434
134.074951
134.133636
138.371460
133.785950
Control Period
138.405090
133.835876
137.912659
133.940735
138.067780
134.112122
138.319031
Control Period
134.922531
133.891998
133.960602
134.061707
135.033981
133.990723
138.292542
134.026535
Control Period
141.465958
134.031464
135.188843
138.339996
133.966049
138.773758
136.276886
134.055786
Control Period
134.763367
138.259125
134.001068
138.363861
134.052353
137.950134
134.048950
Control Period
138.384293
134.006104
134.192474
134.061340
134.325378
138.548218
138.099167
134.177124
Control Period
134.173660
134.083618
134.037918
135.114349
138.556519
138.633057
138.298859
Control Period
138.632904
137.000793
138.501984
138.206085
138.358978
138.435699
138.284698
Control Period
141.783554
138.266052
138.224258
139.090790
138.039551
138.608963
138.312317
134.764587
Control Period
138.282944
138.250977
138.691437
138.631592
137.855927
135.444931
138.784485
Control Period
138.418015
137.204376
134.568512
134.268158
134.194855
134.153351
137.025665
Control Period
140.598358
138.281311
138.782211
137.936310
135.800293
134.214981
135.719803
138.475342
Control Period
134.253220
138.753540
138.495422
138.740738
134.156219
134.162262
138.782913
Control Period
138.471039
135.252380
134.347351
138.514526
138.655457
137.480652
134.324921
Control Period
138.404724
138.668854
138.626617
135.132294
134.226379
138.425507
138.630280
137.035828
Control Period
142.862335
138.605499
134.307526
136.792511
138.609192
139.010178
136.143829
138.472229
Control Period
138.709534
138.440323
134.362518
134.101654
138.434586
137.402679
134.098236
Control Period
138.625824
137.940918
136.902679
138.712387
138.445038
135.841599
138.578552
Control Period
136.378601
138.987869
138.427170
135.241241
138.396362
136.058746
138.322052
134.094696
Control Period
138.366089
134.098267
138.135910
136.972321
137.373886
138.578140
134.054749
Control Period
142.132217
138.575989
134.360672
138.297577
136.848328
136.378494
138.198593
134.742279
Control Period
138.062469
138.659607
135.004761
138.207047
134.612350
138.527008
138.870483
Control Period
138.402206
138.185440
138.386505
134.165634
138.967682
138.491455
138.781281
138.360382
Control Period
134.252899
138.503845
138.130890
136.593887
138.533051
134.447815
138.720703
Control Period
142.216034
134.274780
138.875366
138.656281
134.149567
138.508606
138.858337
Control Period
134.325897
135.657379
138.322357
135.283539
134.758560
138.775650
136.362213
Control Period
136.990662
136.061035
138.217194
138.668945
134.742554
138.582764
138.657822
134.380676
Control Period
142.723526
135.655838
138.780121
134.583221
138.548309
138.600891
135.996475
138.396896
Control Period
139.317154
138.355469
138.338379
138.671234
138.268448
134.148407
Control Period
134.590973
138.082794
137.568832
134.861267
138.387070
137.088959
137.698822
Control Period
138.507416
134.236038
138.790558
138.341949
136.560608
138.318359
135.719040
Control Period
137.144775
138.498871
134.478333
138.388641
135.738739
138.051361
134.488617
138.159882
Control Period
134.070053
138.385635
134.118011
138.484650
134.258636
138.448349
138.541595
Control Period
138.550339
135.180252
138.210022
134.383545
138.427887
134.024353
138.320038
Control Period
134.002991
138.057953
134.672028
138.335678
133.950500
138.401642
134.884354
138.577301
Control Period
138.998749
138.343109
138.472443
134.062180
137.280640
138.124878
138.303589
Control Period
142.332291
138.185974
137.835770
138.118790
137.081482
138.455841
136.922852
Control Period
141.161926
136.081375
138.522110
137.048157
138.301025
135.937759
138.334686
136.223114
Control Period
138.477188
134.535904
138.623779
137.490021
138.459869
138.255005
138.102844
Control Period
138.397644
138.385574
137.101471
138.149750
136.716919
138.606781
138.678436
138.579559
Control Period
136.795044
137.967224
133.961395
138.471069
137.937088
138.126923
138.331970
Control Period
137.901154
137.742874
138.379776
134.583298
138.498077
134.667725
138.353516
Control Period
138.741669
138.704865
137.985535
138.168259
138.102203
134.050751
138.293610
138.206665
Control Period
137.545853
138.283691
138.335266
134.704071
138.664520
137.024994
136.043518
Control Period
138.311584
135.110748
138.440521
138.480804
138.101288
138.076385
137.048798
138.362564
Control Period
138.605865
138.323395
135.388184
138.634521
135.393066
138.783173
138.183426
Control Period
141.097855
137.826630
138.091583
138.200745
138.339905
133.972168
138.162872
Control Period
138.060257
135.039551
138.300964
138.339813
134.708252
138.377182
137.299591
138.500580
Control Period
138.335419
138.364166
136.099548
138.604355
138.288055
137.725891
138.301147
Control Period
138.370300
134.422821
138.542999
136.866013
138.394409
138.076477
137.430466
Control Period
138.143707
136.302277
137.500610
138.108826
138.538239
138.106873
138.204102
133.946045
Control Period
138.169662
138.243713
135.584702
138.576508
139.197815
138.416138
138.305542
Control Period
138.308441
138.615051
138.089355
137.053925
138.477371
138.257339
136.871429
Control Period
138.338135
138.433624
134.790726
138.980743
138.209015
134.641418
138.380127
Control Period
140.817795
138.506073
138.360107
137.950653
138.463898
138.604156
135.365509
Control Period
138.311005
136.919495
138.635361
138.472473
134.069244
138.453094
138.954620
Control Period
139.413452
138.598724
138.248062
137.421631
137.233826
138.449188
138.865570
134.043732
Control Period
138.245697
134.790436
137.972229
138.198914
138.581375
136.070755
137.610748
138.083893
Control Period
138.435104
138.804642
134.139709
138.256439
138.702759
137.526947
137.181915
Control Period
138.317413
135.334778
138.569946
138.883301
138.412903
138.503082
137.578339
Control Period
141.501541
138.420349
136.209091
137.753174
138.491486
138.212570
135.532501
138.423264
Control Period
142.881821
136.284027
138.298660
138.305054
138.083389
138.400101
134.103973
Control Period
141.998596
137.795746
136.410629
138.226624
137.616867
138.513916
138.239975
137.685791
Control Period
138.695267
138.240692
136.495331
138.507111
137.413544
138.520233
Control Period
137.289505
135.684601
138.855423
136.639648
136.291412
138.986603
134.597214
138.197983
Control Period
138.272995
137.650909
135.270996
138.502869
138.621002
137.465347
138.506943
Control Period
137.940765
138.350342
138.574463
137.285950
138.376312
138.067688
137.505981
Control Period
142.219269
138.219803
138.176315
138.217957
137.061951
138.059235
138.510559
Control Period
138.193146
138.194717
138.695892
137.205688
138.539764
138.102463
134.111847
Control Period
142.982971
138.319366
138.489685
138.374207
137.329468
137.404541
138.364517
138.163040
Control Period
138.308289
138.349640
134.547714
138.631485
138.903519
135.675491
137.138916
Control Period
140.164124
137.995300
138.505722
138.510208
138.060181
138.152924
138.523926
137.128845
Control Period
139.576019
138.282364
138.561478
138.175659
137.785248
137.562378
138.551880
138.024475
Control Period
139.022659
138.248322
134.204315
138.617599
138.244705
137.730011
137.736633
Control Period
137.482971
138.232864
138.349243
137.781158
138.669632
138.170380
138.781097
Control Period
141.149445
138.515625
137.606415
138.550964
138.046051
137.297470
138.324219
Control Period
138.576294
138.065216
138.086624
135.268921
139.005829
138.427429
137.712799
138.613983
Control Period
141.522491
136.980347
138.316513
138.187134
134.828583
138.304031
138.133026
138.078629
Control Period
137.920532
134.734680
138.169922
138.241760
137.100616
138.525345
138.439148
Control Period
138.651108
138.310394
138.161041
138.889725
138.281158
136.338989
137.483490
Control Period
140.253662
137.244705
138.407013
137.866486
138.197540
138.222275
137.599731
135.492065
Control Period
138.788727
137.675995
138.616409
138.145691
134.108444
138.193405
138.354004
Control Period
138.652161
138.413940
137.519135
135.663544
138.218170
138.108994
137.482452
Control Period
142.381042
134.738953
138.383575
138.595932
137.287842
138.949860
138.308578
137.603714
Control Period
138.554901
138.828125
138.182190
138.113953
138.492828
137.978088
Control Period
141.830292
135.592316
138.133926
133.962585
137.981659
138.310562
134.148010
Control Period
142.704895
137.314819
136.042908
138.386902
139.048859
137.879684
138.484711
Control Period
137.416443
138.222946
138.434631
136.700867
137.287994
138.444611
137.200668
138.482468
Control Period
138.139709
137.088959
138.055756
134.240356
138.120453
138.919266
137.902756
Control Period
138.521545
136.223358
138.175354
138.554230
138.062469
135.819839
138.688324
Control Period
137.987137
138.229599
138.451492
138.607574
138.307648
138.244034
138.116577
Control Period
138.099640
138.165131
135.762619
138.734268
138.861633
138.661896
136.929092
Control Period
138.694427
138.358582
138.375732
138.145416
138.156189
137.914658
138.456879
Control Period
150.614441
150.676025
150.656250
150.659653
150.641663
150.648193
150.637848
150.654526
150.642715
150.671967
150.665192
151.504349
150.664093
