160
165.305
177.595
186.568
191.752
194.19
195.552
196.877
197.521
197.921
198.383
199.018
199.476
198.815
199.269
198.855
198.622
199.429
198.324
198.158
197.802
197.816
197.062
196.584
197.387
197.728
197.594
198.065
198.932
197.796
198.076
197.969
198.507
198.03
197.393
197.631
198.506
199.029
198.805
198.583
198.869
197.703
197.866
197.695
197.692
196.062
196.393
197.195
197.371
197.373
198.219
198.264
198.217
197.672
197.416
197.556
196.803
196.214
196.542
197.48
198.297
198.825
198.536
198.392
198.32
198.312
198.52
198.91
198.176
198.136
198.239
197.812
198.169
199.173
199.15
198.448
197.866
198.447
198.99
199.728
199.237
198.731
198.065
198.202
197.826
197.72
197.672
197.561
197.63
197.821
197.665
197.483
196.821
196.65
197.226
196.825
197.728
197.932
197.819
197.982
197.887
197.706
197.734
197.857
198.338
198.445
198.568
198.272
198.22
199.099
198.88
198.775
199.294
199.801
