5702.95
5930.97
5521.63
5137.77
5018.17
5030.07
5108.4
5015.17
5051.83
5111.03
5069.37
4944.41
4947.77
4959.83
5023.4
4985.9
5059.52
4968.63
4956.93
4931.37
4967.83
5014.41
4941.9
5107.37
5004.37
4995.28
5063.87
4984.87
4969.1
4983.79
4990.9
5038.43
4980.63
4961.43
5010.21
5120.23
4999.86
4998.07
4961.03
4979.53
4927.93
5036.3
4989.83
4948.66
4878.77
5096.59
5022.97
4973.34
5012.5
5120.93
4942.73
4978.31
4970.1
5004.03
4965.93
4880.33
5048.59
5126.83
5047.48
5074.13
4974.45
4962.3
4981
5013.52
4989.9
5072.52
5014.9
4906.66
4991.07
4990
4999.17
5031.59
5057.48
4966.77
4974.86
4979.5
5104.17
5012.14
5068.47
4901.14
4944.38
4971.67
4988.9
5005.73
4948.17
5086.53
4925.45
5039.67
5009.6
5034.9
4894.28
4928.13
4946.79
5046.97
5031.52
5045.9
5065.03
4974.45
4999.83
5077.07
4985.72
4980.87
5000.5
4976.72
5101.24
4987.93
4947.73
5008.31
5064.83
5009.24
5002.52
5031.8
4942.45
4938.1
