3927.5
5912.5
5932.5
6071
5759
5288
5169
5030.5
4951.5
5074
5110
5244.5
5031
5031
5011
4856
4912
5165.5
4896
4991.5
5110
4975
5090.5
4952
5129.5
5110
5070.5
5050.5
5070
4876
5011
5130
5090
5011
5130
5303.5
4935.5
5031
5070.5
4912
4971
5169.5
5011
4935.5
4817
5050.5
5030.5
5051
5090
5011
4892
4872
4916
5070
4912
4912
5129.5
5169.5
5070.5
5050.5
5090
4892
5031
5130
4971.5
4872.5
4931.5
4912
4892
5090
5031
4932
5070
5011
5110
5050.5
5189
4836.5
4951.5
5090
4971.5
4876
5090
4951.5
4856
5189.5
5110
4836.5
4856.5
5090
5149.5
5130
5011
5150
4892.5
5031
4932
5050.5
5110
4912
4951.5
5169.5
5050.5
5090
4892
5011
4892
4971.5
5011
5070
