270.352
77.5312
89.9375
77.5938
83.7188
81.2188
67.5938
87.4062
119.645
97.3438
83.2119
160.188
99.7812
72.5625
84.9688
20.4375
46.6562
158.031
87.375
98.0938
49.4062
55.4375
33.1934
70.0605
81.375
74.0645
86.9395
37.375
76.3125
80.0312
18.0312
48.5483
76.3125
75.0938
63.125
58.1875
76.3125
13.0312
62.6875
43.0312
80.7744
-24.5757
75.0625
156.781
83.7812
82.5938
105.562
41.9688
66.3125
126.719
95.875
70.875
68.9062
23.5312
71.3438
76.5806
89.6562
127.656
79.1611
54.1562
96.125
162.161
80
73.875
81.2812
109.438
38.0938
99.8438
77.625
79.1934
75.0938
161.438
73.8438
80
70.0938
78.75
72.5312
102.839
87.2188
156.469
72.5625
77.5312
70.0938
76.375
-1.51611
55.3125
29.7095
133.625
152.094
181.594
89.875
-3.09375
6.1875
96.8125
88.6562
77.9033
43.875
98.375
68.9062
73.8438
88.4375
148.062
177.188
130.25
81.2812
66.4062
77.5
151.594
118.031
71.4062
37.0938
76.3125
48.5
-22.875
104.219
-11
