4199.5
5952
6337.5
5952.5
5952.5
5972
5972
5972
5972
5972
5719.5
5912.5
5932
6031
5952.5
5952.5
5952.5
5853.5
5932.5
5912.5
5774.5
5992
6065.5
6011.5
5932
5932
5932
5912.5
5972
5932.5
5952.5
6091
5912.5
5952
5873
5972
5952.5
5972
5952
6150
5893
5833.5
5912.5
5798.5
5972
5952.5
5877.5
6031
5972
5892.5
6071
5952
6130
5952.5
5932.5
5932.5
5952
5952
5912.5
5932.5
5932.5
5972
5972
5932.5
5853
5873
5932.5
5971.5
5952
5952
5912.5
5952
5932
5912.5
5912.5
5892.5
5952
5893
5932
5932
5952
5972
5952
6130
5912.5
5912.5
5774.5
5952
6204
5972
5992
5932.5
6031
5912.5
5972
5972
5972
5853
5798.5
5892.5
5972
5972
5972
5892.5
5971.5
5932
5932
5932
6244
5893
