5682.1
6889.43
7093.97
7018.7
7079.03
6991.53
6995.97
6971.57
7087.17
6900.7
7047
6987.77
6978.93
7098.73
7097.17
6934.97
6917.33
6947.5
7002.48
6884.53
7013.13
7068.07
7107.21
7033.73
6892.4
7010.53
6913.24
7025.5
7097.87
7025.5
7024.76
6917.8
7151.72
7012.67
6930.57
7027.17
6926.47
6991.62
6978.63
7083.57
6978.37
7044.83
6902.14
6998.07
7079.97
6876.07
6962.28
7067.13
7081.4
6956.93
6974
6982.03
6992
7025.87
6903.13
6953.3
7193.1
7078.27
6938.86
6914.93
6858.1
7164.13
7007.43
6893.55
7048.94
6964.67
7072.17
6988.3
7003.27
6883.97
6989.9
6985.87
6973.9
6978.27
7082.07
7012.17
7086.4
6972.57
6992.7
6855.52
7117.27
6973.8
7040.45
7051.9
6917.57
6936.17
7207.57
6981.83
6943.53
6943.03
7115.03
6981.31
6894.7
7002.37
7039.93
7000.23
7004.45
7064.63
7056.67
6956.3
6925.97
7045.48
7005.23
7128.59
6953.37
6968.53
6961.53
7009.9
6976.33
6951.5
7006.53
6983.45
7056.9
6908.23
