0.722231
0.868499
0.861541
0.833869
0.861852
0.848321
0.846239
0.857209
0.846319
0.846448
0.85626
0.852571
0.84575
0.852659
0.853852
0.846919
0.847266
0.852716
0.853513
0.845786
0.856079
0.850052
0.852457
0.84002
0.833958
0.847506
0.866941
0.846293
0.852095
0.843463
0.857349
0.847706
0.850393
0.841166
0.855397
0.859001
0.844401
0.846138
0.848607
0.860101
0.847667
0.847231
0.855082
0.845339
0.844094
0.861897
0.84047
0.868837
0.841595
0.84787
0.843064
0.855387
0.84722
0.846016
0.850089
0.852685
0.863356
0.841872
0.838952
0.84986
0.861453
0.859384
0.842413
0.843832
0.857277
0.849267
0.872818
0.831219
0.846284
0.842739
0.874747
0.839474
0.836332
0.86205
0.849262
0.835388
0.877788
0.835164
0.832302
0.852277
0.866266
0.871874
0.812001
0.869249
0.840331
0.855355
0.845535
0.853344
0.84556
0.851136
0.846437
0.854653
0.851195
0.848172
0.867628
0.847343
0.839036
0.843788
0.85454
0.839438
0.851321
0.863133
0.848672
0.8451
0.852239
0.846497
0.848371
0.845927
0.8448
0.863547
0.8536
0.839937
0.842126
0.867661
