80
64.5365
65.0848
66.2104
65.3322
66.4106
66.2698
66.025
66.3209
66.5135
65.8281
66.4243
66.5207
66.1646
66.7936
67.4901
66.9927
66.4332
66.3462
66.5687
65.7653
66.1888
66.5157
67.1743
66.7288
65.2471
65.1491
65.7364
65.6357
66.2267
65.9558
66.5131
65.9845
66.728
66.2564
66.2505
66.9194
66.23
65.9579
65.7724
66.7722
66.5289
66.5757
66.4167
66.126
66.1525
66.2771
65.5242
66.9612
66.839
66.5059
65.9639
66.2001
65.9956
65.88
65.4243
65.361
67.0692
66.9503
65.9901
65.5766
65.5809
66.9175
66.4947
65.6167
66.2818
66.0693
67.7781
66.5702
66.3613
65.3732
66.7892
66.0852
65.1428
65.75
66.0959
65.2798
67.3343
66.2996
65.2018
64.6487
66.1582
67.3456
65.2191
66.6039
65.6292
65.6431
66.3639
66.4808
65.945
65.7409
66.0756
66.2661
65.8367
65.738
66.9778
66.8176
66.176
66.111
66.6528
65.8072
65.5339
66.5296
66.4746
66.7907
66.7067
66.3446
66.063
65.8664
65.4432
66.0154
66.2611
65.5785
65.3814
