113.407
117.242
117.257
117.257
117.241
117.235
117.252
117.253
117.26
117.244
117.245
117.273
117.26
117.285
117.262
117.264
117.267
117.277
117.264
117.268
117.263
117.26
117.267
117.263
117.279
117.287
117.287
117.29
117.308
117.29
117.306
117.298
117.3
117.295
117.303
117.305
117.323
117.304
117.291
117.331
117.31
117.305
117.321
117.351
117.335
117.337
117.325
117.312
117.308
117.32
117.327
117.301
117.309
117.33
117.314
117.308
117.309
117.322
117.351
117.312
117.309
117.3
117.296
117.282
117.282
117.275
117.296
117.282
117.291
117.28
117.285
117.309
117.313
117.3
117.304
117.311
117.317
117.348
117.311
117.321
117.329
117.334
117.329
117.334
117.339
117.355
117.36
117.349
117.327
117.322
117.317
117.32
117.315
117.315
117.313
117.324
117.34
117.327
117.341
117.322
117.331
117.317
117.339
117.373
117.349
117.362
117.339
117.331
117.344
117.339
117.33
117.331
117.331
117.335
