59.629631
58.769379
58.724861
58.714561
58.636642
58.525406
58.548672
58.525856
58.535233
58.550335
58.566975
58.537376
58.555969
58.504028
58.556831
58.547649
58.530144
58.627907
58.544640
58.547199
58.547394
58.528095
58.552322
58.525600
58.533279
58.548195
58.600670
58.543457
58.539551
Control Period
58.721245
58.704128
58.774784
58.713440
58.738434
58.689217
58.781570
58.697441
Control Period
58.749123
58.719616
58.747009
58.778595
58.734753
58.731647
58.697853
58.760834
58.727234
Control Period
58.716064
58.727169
58.739838
58.754848
58.730850
58.745918
58.695969
58.702721
58.821251
Control Period
58.734592
58.690559
58.761055
58.706848
58.742813
58.722527
58.703999
58.700703
58.796097
Control Period
58.732288
58.687679
58.690273
58.704449
58.698013
58.676064
58.748322
58.736862
Control Period
58.760674
58.737854
58.729057
58.717888
58.731007
58.699585
58.735809
58.725727
58.732544
58.750496
Control Period
58.713058
58.797440
58.706718
58.717472
58.736576
58.725567
58.726398
58.710243
58.705761
Control Period
58.736771
58.756351
58.740448
58.711327
58.740639
58.755295
58.743744
58.739712
Control Period
58.712578
58.742142
58.805473
58.730591
58.722336
58.691902
58.735649
58.691711
58.716480
Control Period
58.681568
58.694206
58.766720
58.742657
58.686050
58.729279
58.715775
58.752544
Control Period
58.747742
58.706432
58.730270
58.835903
58.702370
58.720802
58.703617
58.725632
Control Period
58.770302
58.714462
58.777153
58.711998
58.778465
58.701538
58.762272
58.714336
Control Period
58.752319
58.702881
58.745121
58.744003
58.720993
58.719009
58.731583
58.737793
58.716606
Control Period
58.828159
58.728958
58.762978
58.736450
58.775360
58.740543
58.740513
Control Period
58.744129
58.736671
58.721375
58.742817
58.766975
58.741821
58.763039
58.718750
58.748352
58.728096
Control Period
58.765087
58.786240
58.752098
58.722626
58.714592
58.770752
58.723232
58.736961
58.720642
Control Period
58.751968
58.738239
58.766174
58.757668
58.728256
58.737762
58.704479
58.841183
58.746399
Control Period
58.746559
58.751713
58.736736
58.733856
58.751457
58.679390
58.774464
58.721954
58.755455
Control Period
58.742050
58.735809
58.710274
58.767647
58.717087
58.741760
58.697887
58.734528
58.722401
Control Period
58.736259
58.743073
58.751808
58.751038
58.727615
58.739040
58.689598
58.762589
58.746208
Control Period
58.749664
58.714176
58.777634
58.728992
58.817375
58.722561
58.766113
58.705345
58.730431
Control Period
58.700096
58.731262
58.705345
58.752769
58.760323
58.751137
58.730850
Control Period
58.753059
58.736095
58.726784
58.722237
58.763618
58.764095
58.845695
58.710434
58.740097
58.736065
Control Period
58.761887
58.759262
58.752480
58.755840
58.734913
58.848511
58.726753
58.739006
Control Period
58.714493
58.734818
58.706432
58.803902
58.725952
58.743553
58.831680
58.766113
Control Period
58.717247
58.756157
58.805374
58.736931
58.731682
58.770336
58.765694
58.725090
58.724609
Control Period
58.722176
58.747135
58.842499
58.782784
58.736897
58.697121
58.763840
58.727840
Control Period
58.754974
58.764896
58.768703
58.778721
58.747456
58.731041
58.769981
Control Period
58.752224
58.741280
58.758015
58.738655
58.756767
58.742687
58.729919
58.705471
58.788258
Control Period
58.741539
58.774498
58.735710
58.755043
58.736862
58.777248
58.769859
58.756031
58.734558
Control Period
58.824608
58.720734
58.754013
58.715424
58.734016
58.779297
58.728638
58.759491
58.705376
Control Period
58.792702
58.728321
58.794785
58.764450
58.747330
58.778305
58.744831
58.741280
Control Period
58.708511
58.724190
58.717598
58.721535
58.763008
58.748482
58.751808
58.757057
Control Period
58.761215
58.743935
58.730305
58.769344
58.759583
58.763039
58.739071
Control Period
58.772354
58.712513
58.787102
58.749279
58.779297
58.710625
58.742111
58.756191
Control Period
58.761375
58.763840
58.780579
58.798271
58.770813
58.757858
58.734367
58.736450
58.816444
58.776962
Control Period
58.733727
58.749054
58.756706
58.740669
58.788834
58.735649
58.762207
58.740158
58.768929
58.833954
Control Period
58.772354
58.723072
58.724510
58.760414
58.737053
58.740929
58.729858
58.787682
Control Period
58.769310
58.770016
58.766560
58.786560
58.740257
58.758530
58.772831
58.748161
Control Period
58.765373
58.777248
58.748512
58.732994
58.807938
58.746784
58.729027
58.763298
58.762207
Control Period
58.760834
58.745152
58.781792
58.715393
58.763935
58.735779
58.750305
58.745857
Control Period
58.747330
58.751358
58.850529
58.759521
58.785088
58.716705
58.759933
58.773758
58.777695
Control Period
58.779266
58.765152
58.816002
58.752575
58.762848
58.739006
58.783455
58.734047
58.798622
Control Period
58.720032
58.765888
58.753571
58.769695
58.735138
58.775620
58.773026
58.759521
Control Period
58.745888
58.759777
58.738335
58.773888
58.764896
58.766335
58.754944
58.808929
Control Period
58.741055
58.775742
58.773567
58.747421
58.760674
58.764832
58.744225
58.784641
Control Period
58.843262
58.736481
58.749153
58.772354
58.722466
58.751137
58.767647
58.789024
58.776608
Control Period
58.852543
58.759010
58.758339
58.780350
58.742622
58.786430
58.731422
58.762432
58.742271
Control Period
58.797184
58.784737
58.784706
58.745758
58.765694
58.745087
58.761314
58.726273
58.782593
Control Period
58.769024
58.780449
58.726463
58.754017
58.756386
58.776512
58.841057
58.787422
58.736450
Control Period
58.769920
58.812927
58.713120
58.759583
58.757984
58.759457
58.744896
58.839874
58.742912
Control Period
58.728321
58.744957
58.744034
58.739586
58.717407
58.772289
58.740097
58.787392
58.757759
Control Period
58.759071
58.770882
58.745598
58.738914
58.749695
58.758461
58.745598
58.823486
Control Period
58.724831
58.758240
58.719391
58.750336
58.721474
58.758656
58.785503
58.759842
58.726654
58.723358
Control Period
58.744675
58.727615
58.745888
58.786530
58.806271
58.747936
58.772835
58.732098
58.737568
Control Period
58.763840
58.752735
58.739681
58.748833
58.817600
58.716991
58.738434
58.785313
Control Period
58.745567
58.772129
58.720253
58.733055
58.759201
58.773952
58.871040
58.769630
58.754242
Control Period
58.728096
58.765121
58.752800
58.783485
58.752670
58.807102
58.817635
58.745346
58.748894
Control Period
58.782913
58.758465
58.776642
58.702335
58.752769
58.761566
58.856544
58.751389
Control Period
58.796478
58.732224
58.727997
58.753696
58.752609
58.729538
58.732254
58.805344
58.718689
Control Period
58.754913
58.718304
58.738625
58.742943
58.739517
58.718750
58.761375
58.833763
58.777473
Control Period
58.753342
58.740990
58.758659
58.703392
58.708290
58.749119
58.701569
Control Period
58.749283
58.747009
58.724701
58.737759
58.751518
58.733986
58.732094
58.774498
58.751999
Control Period
58.766720
58.723072
58.704994
58.764706
58.750912
58.737282
58.699680
58.735680
Control Period
58.715328
58.721695
58.762306
58.708382
58.756737
58.765343
58.682720
58.725662
58.739265
Control Period
58.739838
58.685730
58.770973
58.728287
58.760735
58.752064
58.721054
Control Period
58.727966
58.704765
58.767616
58.725632
58.759132
58.751106
58.764641
58.746368
58.766273
Control Period
58.730175
58.753601
58.753410
58.748482
58.733887
58.747200
58.753601
58.749474
Control Period
58.735519
58.749374
58.712418
58.755424
58.740833
58.737122
58.740097
58.781376
58.747971
Control Period
58.737534
58.729057
58.743103
58.710720
58.712128
58.906113
58.718109
58.767807
Control Period
58.736511
58.858368
58.750816
58.768639
58.720642
58.766174
58.737953
58.761055
58.748802
Control Period
58.763039
58.737503
58.770176
58.747360
58.732674
58.760704
58.728577
58.764290
58.762207
Control Period
58.735008
58.742302
58.795197
58.694977
58.757378
58.738594
58.739136
58.715233
Control Period
58.751266
58.722336
58.744766
58.757504
58.773827
58.756832
58.751198
58.764992
Control Period
58.777695
58.773888
58.767071
58.756962
58.746719
58.751743
58.723167
58.718849
58.758751
Control Period
58.752384
58.871136
58.720131
58.755295
58.711266
58.749855
58.757729
58.732544
58.736671
Control Period
58.762466
58.765442
58.757950
58.758339
58.746979
58.772095
58.762783
58.785633
58.802177
Control Period
58.767326
58.753853
58.860031
58.775295
58.766079
58.745152
58.743805
58.739391
Control Period
58.711586
58.779743
58.756638
58.861919
58.755165
58.773346
58.718750
58.759422
Control Period
58.787041
58.740864
58.759903
58.767006
58.856255
58.777184
58.746269
58.777374
58.730270
Control Period
58.776257
58.744289
58.762657
58.754333
58.740547
58.709888
58.782402
58.743553
58.773506
Control Period
58.757378
58.754498
58.744766
58.758369
58.736481
58.859871
58.768192
58.775520
58.756065
58.758301
Control Period
58.787392
58.747841
58.740898
58.779072
58.737373
58.785469
58.731201
58.743805
Control Period
58.749313
58.821953
58.765759
58.774849
58.750881
58.752419
58.742783
58.739712
Control Period
58.832222
58.754658
58.768288
58.784351
58.782753
58.776768
58.801311
58.759232
Control Period
58.781506
58.778912
58.776062
58.783424
58.747936
58.801407
58.772705
58.772514
58.773117
58.773056
Control Period
58.738335
58.781761
58.758942
58.779518
58.805153
58.760002
58.852257
Control Period
58.754814
58.760094
58.763264
58.799328
58.788448
58.763870
58.761406
58.732449
58.833023
Control Period
58.743294
58.751713
58.759903
58.755455
58.790623
58.753502
58.757408
58.756866
Control Period
58.811234
58.718239
58.767677
58.751328
58.795681
58.731392
58.758049
58.805248
58.795837
Control Period
58.843201
58.829727
58.758270
58.751457
58.736031
58.766624
58.745247
58.776962
58.746559
Control Period
58.778881
58.786880
58.728767
58.710850
58.728542
58.742973
58.766209
58.716736
58.743645
Control Period
58.760254
58.800705
58.791229
58.746658
58.769539
58.751072
58.778111
58.751617
58.743904
Control Period
58.750145
58.823551
58.749474
58.743523
58.741440
58.742847
58.753601
58.755104
Control Period
58.742882
58.773918
58.814209
58.754272
58.735649
58.783585
58.795937
58.715363
Control Period
58.761566
58.767616
58.761024
58.755135
58.748802
58.756035
58.743454
58.815617
58.769539
Control Period
58.766365
58.776222
58.740639
58.739357
58.748959
58.719265
58.757824
Control Period
58.750240
58.800766
58.772320
58.767937
58.770622
58.786530
58.770782
58.765087
58.779423
Control Period
58.760994
58.756226
58.715263
58.820225
58.747139
58.761440
58.716064
Control Period
58.761314
58.766624
58.763458
58.780544
58.879234
58.774017
58.753056
58.758465
58.764771
Control Period
58.771137
58.768417
58.776001
58.750015
58.777634
58.772064
58.721794
58.789154
Control Period
58.726849
58.760925
58.757469
58.790497
58.757759
58.779198
58.800320
58.784927
Control Period
58.753857
58.775490
58.835648
58.757183
58.775681
58.731617
58.761696
Control Period
58.765343
58.759552
58.757664
58.773632
58.826591
58.735905
58.786911
58.773632
58.845089
58.733215
Control Period
58.781631
58.755680
58.773857
58.863583
58.776928
58.800766
58.759617
58.772675
58.786530
Control Period
58.774208
58.772289
58.796478
58.732765
58.779266
58.766880
58.753342
58.816383
Control Period
58.748062
58.781406
58.764191
58.775810
58.746113
58.736931
58.742657
58.731773
58.743553
Control Period
58.748993
58.764801
58.767746
58.762718
58.817154
58.769379
58.774784
58.799103
Control Period
58.769505
58.753761
58.762112
58.753693
58.738815
58.803967
58.779427
58.739296
Control Period
58.786655
58.713890
58.762466
58.732323
58.761917
58.763744
58.823677
58.736351
58.781570
Control Period
58.740318
58.734081
58.830879
58.780190
58.761791
58.753822
58.724670
58.767967
58.722755
Control Period
58.753502
58.755455
58.831039
58.740799
58.746498
58.755806
58.758976
58.757473
Control Period
58.747169
58.774338
58.759647
58.863232
58.739456
58.787712
58.752350
58.725922
Control Period
58.438656
58.442879
58.442017
58.425217
58.417183
58.430946
58.419937
58.420513
58.424671
58.431999
58.410339
58.447586
58.455902
58.415489
58.443680
58.444351
58.481827
58.433983
58.444511
58.419201
58.428638
58.423584
58.450272
58.441505
58.430466
58.413506
58.443073
