729.063
-54.5
-146.633
-119.067
-137.067
-65.0688
50.8999
-14.1724
-129.167
76.6333
61.7998
10.8999
20.2759
-7.2666
-110.1
-9.37939
51.5669
50.8623
79.2334
-104.167
-60.9312
43.3335
6.8999
54.9331
-47.7334
47.0688
84.2412
-29.6665
-13.8335
-31
-138.333
-77.7002
77.4136
70.6665
180.533
-63.1333
26.7241
0.333496
-49.2666
-17.793
-8.8999
39.1333
-42.4136
-152.7
62.8335
-42.7241
70.9668
28
-12.4331
25.9331
8.48291
-43.0332
-77.4668
20.207
111.967
-26.2334
147.367
77.7588
-113.133
-52.3335
128.414
-89.1001
-212.933
75.4136
-85.1333
28.6001
2.9668
160
-37.7666
-202.3
54.8999
35.4331
84.1377
17.4331
-78.1001
80.2334
24
-6.65527
-0.0668945
-18.1001
2.3335
164.414
-71.2998
3.31055
-175.5
18.1724
-3.2334
-130.767
-12.793
13.4668
107.533
-17.5171
75
-3.27588
-84.1001
29.2334
134.7
-18.793
-44.0332
27.6895
-60
42.4482
-22.0332
37.2412
75.6001
-131.467
52.2666
42.0347
-87.4331
116.433
-195.833
-83.7588
119.633
118.367
