57.9611
58.101
58.3089
58.3507
58.9247
59.2257
59.402
59.0224
58.9568
59.6783
59.2639
59.403
59.2951
58.7966
59.1529
59.5298
58.2452
59.5086
59.3348
58.0967
59.3515
59.612
59.3227
59.3043
59.6682
59.0767
59.1234
58.7182
59.8892
59.9084
59.0456
59.4629
59.8932
59.4136
59.0597
58.3686
58.2451
57.8812
59.0571
59.9008
59.9161
58.9414
59.918
57.4863
59.253
59.3476
59.2858
59.0265
59.3523
59.4771
59.546
58.9907
59.1597
58.2067
59.1105
58.6087
59.058
58.2232
58.0958
59.2517
59.9125
58.554
58.7419
58.8654
58.7902
59.3001
59.3133
59.4036
58.921
59.1112
59.6939
59.4268
59.8266
59.3242
58.7967
58.7394
59.5125
59.1698
59.0553
58.4715
58.9342
59.512
58.3903
58.4263
58.8645
59.1953
59.656
58.9331
59.4952
59.9021
59.728
59.2602
59.3186
58.7318
58.8112
58.9968
59.0355
57.4461
57.422
59.1673
58.7283
58.6102
58.9373
59.406
59.8052
58.7959
59.3863
59.1906
59.3527
59.3019
58.9696
59.4693
59.5402
59.915
