117.612320
117.311005
117.290627
117.318558
117.315994
117.316032
117.299744
117.331558
117.323303
117.325150
117.301857
117.296829
117.360764
117.314339
117.289886
117.309311
117.343353
117.311844
117.276321
117.299011
117.304993
117.290718
117.320992
117.312897
117.306885
117.344994
117.313950
117.321091
Control Period
113.250656
113.259010
113.431839
112.885788
113.453217
113.536606
111.906174
112.905090
Control Period
112.801376
112.733124
112.788193
112.718498
112.823868
113.455078
113.156639
113.608414
113.216125
113.226562
Control Period
113.453117
116.845947
113.474655
114.016861
112.750305
113.442566
113.408325
115.287102
Control Period
113.338112
113.287170
116.075935
115.371422
113.493088
113.632706
114.020126
117.194687
113.623680
Control Period
117.360260
117.339165
116.375610
114.997887
113.376038
113.514847
114.742241
113.183716
Control Period
117.356354
113.720261
117.370979
117.334686
113.277504
117.331650
117.379684
113.398468
Control Period
117.321594
113.628799
115.758820
117.320480
117.320389
117.329086
117.301254
117.244415
Control Period
113.430115
115.190369
117.321564
113.287170
112.961990
117.309952
117.368835
117.106491
Control Period
117.335876
117.310532
113.163940
117.296989
117.322815
114.073280
117.344833
117.339676
Control Period
117.395073
117.365829
117.343521
116.386719
117.314240
113.497314
117.294014
117.295746
Control Period
117.319611
113.279175
113.323364
117.324097
117.324539
117.313629
115.279778
113.399780
Control Period
114.028160
117.318848
117.337051
117.309723
114.827873
113.155678
113.459518
116.499741
117.299622
Control Period
117.312637
113.291641
113.214142
114.766754
116.302811
117.292671
117.336411
117.298592
117.188766
Control Period
117.290848
117.293983
116.237183
113.594116
113.374336
117.059525
117.338593
Control Period
117.344284
117.331421
113.580643
117.325241
115.292740
117.309090
117.296921
117.322754
117.302689
Control Period
117.335968
117.313690
117.327011
117.315041
117.311104
116.724480
117.306656
116.842239
Control Period
117.330811
117.301888
117.311264
113.072449
117.308060
117.323013
113.488449
117.333054
117.308060
Control Period
117.316673
117.352158
117.319458
117.340706
113.446785
113.369507
115.529633
117.313187
117.329636
Control Period
117.352257
113.460480
114.698822
115.997467
116.277283
117.350204
117.330467
117.151360
Control Period
114.496094
116.211006
117.301025
116.272476
113.165115
117.324707
114.366241
117.322754
113.401375
Control Period
117.317085
117.343903
117.359489
114.484512
117.376129
113.324829
117.363327
117.325089
Control Period
117.354752
113.830719
117.337120
117.342178
113.340767
117.313248
117.288956
114.719803
115.925156
Control Period
117.275070
115.410561
113.437881
117.336227
117.345505
113.348450
114.153061
117.334435
Control Period
117.307266
113.355171
113.433411
113.502785
116.992035
117.340836
113.089249
114.176102
Control Period
117.299011
113.617371
116.989792
113.518974
117.319748
117.307648
117.331329
116.628578
113.300255
Control Period
117.338531
113.453728
113.293472
115.739487
117.300034
117.311005
117.321823
117.371841
113.332443
Control Period
117.311905
116.249504
113.517311
113.286789
113.132797
114.120773
116.433472
117.347580
Control Period
117.330109
112.811264
113.346176
113.456512
112.832291
112.996254
114.270813
115.319138
113.223709
Control Period
114.716537
113.045822
114.315262
113.253090
113.415588
115.860092
114.381348
116.594299
116.319618
Control Period
117.324127
114.022980
115.921310
117.291008
117.348000
117.263680
117.278175
117.290726
Control Period
117.272766
114.830627
117.335106
117.314720
117.358849
116.342880
117.311417
117.329605
Control Period
117.352669
117.361923
117.305023
117.329857
113.620735
117.338242
117.358368
117.326561
Control Period
113.482880
117.306686
114.250496
117.331711
115.233185
117.308029
114.079391
117.313019
117.356613
Control Period
113.612869
117.344452
113.468002
117.329254
117.325378
113.236801
117.334457
117.329727
113.162369
117.373276
Control Period
115.722076
117.277855
115.084641
113.609344
114.564125
116.744003
113.553406
113.328293
117.296227
Control Period
117.312958
117.317245
117.293922
116.285728
114.007294
113.458755
113.517662
113.580261
117.333153
Control Period
117.339844
117.332230
113.413116
113.493530
113.321121
116.268188
117.315903
116.654594
Control Period
114.873795
114.034142
113.374496
113.122017
114.253021
117.357536
117.331810
114.408798
113.347137
Control Period
113.250465
113.509979
113.235397
113.633728
113.204414
113.386658
113.506943
113.303131
113.219742
Control Period
117.348129
117.324097
116.901596
115.413986
114.181953
112.729538
113.634750
113.418625
Control Period
113.418686
117.338432
117.338211
117.334976
117.359619
117.377281
113.550949
115.960922
117.320160
Control Period
117.328384
116.861603
115.000702
113.619781
113.274658
113.887589
113.545761
113.248642
113.691742
Control Period
117.334114
117.325348
117.296860
115.627548
117.234085
117.325729
117.325470
117.331207
Control Period
117.321571
117.352219
117.312378
117.334274
117.337410
117.362213
117.339645
117.358047
Control Period
117.349854
113.344254
117.386719
117.338501
117.344162
117.350464
117.381348
117.350815
113.449341
Control Period
117.352097
117.326752
116.091042
117.381439
115.966019
117.345795
113.321350
117.344643
Control Period
113.888763
117.325241
117.332260
113.576576
117.337952
117.363358
116.236481
113.714020
117.370560
Control Period
117.334564
117.318016
114.222046
113.592735
114.745506
117.320709
117.338943
113.820572
117.341789
Control Period
117.387207
114.500031
113.427963
117.374336
117.363136
116.442719
113.522781
116.776413
Control Period
117.353600
115.508575
117.319229
113.310883
114.258209
114.842941
113.128571
114.432220
116.803230
Control Period
117.340897
113.851425
113.480347
113.564415
114.852097
117.349632
117.362305
117.328796
Control Period
117.364090
113.116318
117.356606
117.355583
113.191238
114.417183
117.322403
117.301857
113.547226
Control Period
117.308159
117.296677
117.311844
117.216797
117.322563
116.314751
117.323685
117.355804
Control Period
117.328285
117.309120
117.325058
117.315140
117.344925
117.327652
116.299263
117.332993
117.343399
Control Period
117.322083
117.337479
117.338242
116.760193
114.519974
113.367325
113.441284
113.474106
Control Period
117.368225
116.152863
117.362846
117.346588
114.614716
117.362175
117.382202
114.663651
117.382492
117.339035
Control Period
117.324577
117.335426
113.796158
113.473602
115.471588
113.575684
113.987106
113.454590
113.233536
116.391098
Control Period
113.207581
115.403328
113.247711
113.532127
113.308830
115.714172
113.661888
114.261185
Control Period
113.168060
113.021027
113.245117
113.857246
117.370049
115.454117
113.982620
113.323715
113.483170
Control Period
113.833153
115.591232
113.538177
115.846718
114.961090
116.579773
114.403618
116.103333
113.613693
115.030426
Control Period
117.360062
115.969536
113.482910
116.320961
113.469986
116.987038
115.694855
113.291550
116.341568
Control Period
113.302399
113.704384
114.982880
117.346878
112.647423
117.323166
117.342049
Control Period
117.288864
117.300827
117.197083
117.302139
117.254684
117.295837
117.287552
117.329254
117.320671
Control Period
117.304581
113.942810
117.298943
117.312027
113.094116
117.332382
117.344955
117.335938
Control Period
116.534180
117.338402
113.561920
117.321503
115.908356
117.367073
117.311325
117.340576
117.357178
Control Period
117.347519
115.702591
117.314972
112.950081
117.315002
117.322495
117.328445
117.321632
Control Period
117.354172
117.331451
113.134567
117.341217
117.215622
117.350662
113.358566
117.347008
113.884293
Control Period
117.342270
113.367233
113.440445
113.424988
114.549438
113.496185
114.310013
117.332962
Control Period
117.325378
116.653412
113.592003
113.504578
113.322464
113.642181
113.585464
Control Period
113.959427
117.358337
117.331131
117.347008
115.220123
117.310150
117.317566
113.409760
117.331230
Control Period
117.318848
117.345123
113.397858
117.341629
113.665085
117.383873
117.363838
117.365509
117.356857
Control Period
117.331841
113.768448
117.392990
113.593658
117.311584
113.867393
117.327393
113.552444
117.359940
Control Period
117.386749
117.375870
113.162781
113.714241
117.346207
117.367294
117.324005
117.354660
Control Period
114.207260
117.336197
117.334305
113.379745
117.342529
117.175583
116.100639
117.332771
Control Period
117.347549
117.361534
117.380508
117.336929
113.409248
117.326111
117.308258
113.725601
117.315964
117.331268
Control Period
117.318466
117.324219
117.323265
117.338593
114.433762
113.218628
113.156219
113.426086
117.355362
Control Period
117.357376
113.497536
114.185791
113.511650
113.999069
115.254150
114.554916
115.251549
Control Period
117.331970
117.326141
116.025215
113.904900
113.546783
113.324608
113.619072
113.419525
Control Period
113.643036
115.544891
116.886978
117.351295
117.345444
117.327484
117.334885
117.322685
117.308929
Control Period
117.325500
113.223358
113.114746
114.874969
117.332802
117.355652
117.328323
117.315071
113.017731
Control Period
117.337540
113.128860
113.744034
116.146461
117.343491
117.348640
113.771042
113.515358
114.057083
Control Period
117.341728
115.752060
117.315643
113.029182
114.161728
114.921921
112.712128
116.796097
113.568893
Control Period
117.327553
116.919136
115.050980
113.235008
113.186630
114.674973
116.977440
113.114563
117.117279
Control Period
117.323647
113.127647
114.568192
117.332703
115.994019
113.041664
115.178268
113.169952
Control Period
117.315170
113.327873
117.331520
117.308769
113.368317
117.316483
117.336319
117.371140
117.348572
Control Period
117.301407
113.258080
115.022202
113.267998
117.302277
117.338364
113.281471
117.314369
Control Period
117.317535
113.497215
117.336548
117.094818
113.928543
117.347717
117.323975
Control Period
113.244797
117.309250
117.288063
117.290588
117.311424
117.288635
117.292992
117.303940
Control Period
117.313248
117.315170
117.300476
117.335747
115.803040
117.302368
117.340607
117.322304
Control Period
113.967072
117.345345
117.344803
117.321953
117.309120
117.341599
117.344864
113.416122
117.351013
Control Period
117.344032
115.516960
115.077667
117.346016
113.249886
117.332230
117.335648
113.640991
Control Period
117.330978
117.327873
117.364128
113.642883
117.375900
116.843002
117.356155
113.655365
117.335876
Control Period
115.006073
117.350174
117.316025
113.123940
113.345474
116.131134
117.319901
117.332443
115.679779
Control Period
117.352287
117.316353
113.653793
113.366722
116.225021
117.316483
117.328964
115.859940
Control Period
117.361145
117.320320
114.006142
117.364288
117.339142
117.328865
117.355942
117.379868
117.337891
Control Period
117.327682
113.632256
117.341537
117.148804
117.321823
113.040421
117.318085
117.317055
113.411011
Control Period
117.358490
117.368576
117.339035
117.324188
115.945984
117.328156
115.568962
114.222244
Control Period
113.438751
115.088196
116.929665
115.314621
116.447525
114.661179
117.164581
115.200806
116.562363
Control Period
117.312286
113.226074
114.393158
117.245117
117.317856
117.336548
115.649155
113.833565
113.384735
Control Period
113.220062
113.362816
113.177765
113.529190
115.133057
117.316772
117.324898
117.323074
Control Period
117.295197
113.125763
114.752289
117.351746
113.248093
116.798340
117.322144
117.113922
117.367203
Control Period
117.357536
116.489311
117.322083
117.332703
117.326340
117.308418
116.050560
113.413155
113.535553
Control Period
117.323227
113.569916
113.296097
115.832672
117.335808
117.325058
116.274719
113.530495
Control Period
113.603935
117.310852
116.100830
114.219490
113.178177
113.613892
113.119743
113.260513
114.138718
Control Period
115.526169
113.468964
113.492287
113.346909
113.443871
113.404861
116.737183
117.360832
117.254532
Control Period
117.323837
116.231491
113.267326
117.320953
117.345856
114.763168
117.308029
117.318115
114.286400
Control Period
117.310493
117.316513
114.805313
116.317307
117.348030
117.324707
117.304863
117.324478
117.366562
Control Period
117.330208
113.145248
113.279488
114.031006
117.005280
115.140732
116.803619
117.321732
Control Period
117.306717
113.069855
117.350014
115.185242
113.124962
117.355843
117.347748
117.322876
113.305122
Control Period
117.344101
117.350693
117.327232
116.303772
113.212357
112.984924
113.653732
Control Period
117.337219
117.331680
113.343742
117.390335
117.380478
113.157211
117.340485
113.544479
Control Period
117.352707
117.354980
117.353210
117.352707
113.455009
117.376740
117.392670
117.391235
117.392197
Control Period
117.351135
113.576416
117.392227
113.088165
117.359459
117.348068
113.579300
117.386978
113.633919
Control Period
117.403046
117.374588
117.364258
117.390465
117.356735
117.362885
117.353607
117.317726
117.355522
117.355164
117.373444
117.336227
117.335617
117.337921
117.316544
117.312798
117.331299
117.360092
117.323547
117.369507
117.353439
117.348190
117.318237
117.309052
117.318237
117.358467
117.313538
