57.9718
55.8406
55.5742
55.2986
55.2586
56.2264
56.7049
56.4529
55.971
56.2073
56.3027
55.942
57.1241
55.7527
55.6929
56.2925
56.9281
57.3051
55.8849
56.2523
54.2117
56.4584
55.4289
56.7697
55.5849
54.9414
55.7441
54.6552
55.9092
56.7361
56.2168
55.5294
56.4073
56.2185
55.9553
56.5747
57.0448
55.5062
55.6251
55.8272
56.619
56.5248
56.6451
55.4515
56.2703
56.3776
55.6603
56.4332
56.1388
56.1778
56.4833
56.635
56.7113
54.9716
56.3481
55.9354
55.5066
55.8691
56.6652
56.2845
56.1888
55.9398
56.6387
56.7585
56.3188
56.3673
55.9853
56.1464
56.0254
55.9907
56.4279
56.1505
56.3115
55.4262
56.0529
56.1317
56.0395
56.679
55.7469
56.1487
56.4084
56.7373
56.1653
56.9977
56.6917
56.824
56.4609
56.335
56.4702
56.653
56.8092
56.1773
56.9377
56.145
56.5066
56.7959
56.6827
56.3185
55.632
56.7485
56.69
56.7809
56.4082
56.3114
56.6753
57.558
56.8312
55.9552
55.3635
56.953
56.2624
56.5593
56.7314
55.8824
