0.724647
0.698007
0.694677
0.691233
0.690733
0.702829
0.708811
0.705661
0.699638
0.702591
0.703784
0.699275
0.714051
0.696909
0.696161
0.703656
0.711601
0.716314
0.698561
0.703154
0.677647
0.70573
0.692861
0.709621
0.694811
0.686767
0.696801
0.683189
0.698865
0.709202
0.70271
0.694117
0.705091
0.702731
0.699441
0.707184
0.71306
0.693828
0.695313
0.69784
0.707738
0.70656
0.708064
0.693144
0.703379
0.70472
0.695754
0.705415
0.701735
0.702222
0.706041
0.707938
0.708892
0.687145
0.704351
0.699193
0.693833
0.698364
0.708315
0.703556
0.70236
0.699248
0.707984
0.709481
0.703985
0.704591
0.699816
0.701831
0.700317
0.699884
0.705348
0.701882
0.703894
0.692827
0.700661
0.701646
0.700494
0.708488
0.696837
0.701858
0.705104
0.709216
0.702066
0.712472
0.708647
0.7103
0.705762
0.704187
0.705877
0.708162
0.710116
0.702216
0.711721
0.701812
0.706333
0.709949
0.708533
0.703982
0.6954
0.709357
0.708625
0.709762
0.705102
0.703893
0.708441
0.719475
0.710389
0.699439
0.692044
0.711912
0.70328
0.706991
0.709143
0.69853
