918
918
918
984.415
995.857
990.134
992.852
988.456
984.096
982.887
980.424
982.891
979.779
981.522
984.319
983.644
983.449
987.307
985.447
986.284
982.291
982.189
987.546
990.109
990.572
988.534
991.404
991.709
988.104
985.204
983.57
986.373
983
984.093
981.061
980.826
981.026
983.058
974.899
977.141
980.849
985.887
983.476
983.207
979.517
983.448
984.355
983.193
983.64
984.545
979.865
978.109
978.839
980.902
982.841
984.399
981.664
979.431
979.431
990.708
984.115
977.361
977.009
979.813
981.619
979.125
979.401
983.748
980.226
979.73
980.947
980.845
982.685
981.52
981.395
980.408
986.67
983.372
980.274
980.934
983.119
979.981
981.026
980.241
980.309
975.671
977.526
974.759
977.885
977.529
975.625
974.022
975.062
979.817
974.997
982.197
977.577
977.702
977.555
979.119
975.929
984.277
983.22
973.56
974.915
972.273
974.97
974.42
967.375
969.674
977.352
977.312
977.757
979.404
980.179
977.063
978.736
975.656
