3887
5932.5
5972
6381.5
6949.5
6909.5
7273.5
7008.5
7121
7234
6890
7008.5
7082
6989
7062
6989
6949
7194.5
7239.5
6929.5
6870
6850.5
6969
7062
7081.5
6949.5
7160.5
6943.5
7042
7115.5
7081.5
7175
6943.5
7022.5
7003
7121.5
7155
6963.5
6949.5
7194
7022.5
6989
6969
7003
6929.5
7175
7135
7160.5
7174.5
6870
7155
7081.5
6983
7095.5
6963
7180
7352
6943.5
7101.5
6963
7042.5
7042.5
6969
7174.5
6924
7062
7008.5
7082
6929.5
6949
6904
6963
7042
7022.5
7003
7062
6943.5
7141
6929.5
7194.5
7062
7214
7101
7121.5
7003
7002.5
7121
6983
7096
7062
6949.5
7121
6890
6909.5
6712.5
7042.5
7219.5
6870
7175
6949.5
7194
7022.5
6943.5
6870
6929.5
7062
6924
7022.5
7096
6969
