5671.7
6771.17
7114.45
6945.63
7087.93
7087.2
7024.17
7049.27
6950.67
7062.24
6965.13
6944.07
7013.5
7003.9
6922.83
7037.2
6983.27
7079.86
7002.03
6892.87
6948.73
6990.73
7040.77
6942.6
6993.9
7072.1
7058
7032.69
6943.93
7067.47
6978.13
7060.63
7004.7
6996
6959.37
7163.17
6955.17
6925.83
6899.24
7048.23
7005.37
7073.8
6921.38
6981.87
7023.23
6991.07
6981.9
7093.6
7035.13
6985.4
6958.72
6961.23
6968.83
7054.7
7044.67
6774.47
7131.86
7135.07
7007.03
6943.93
6963.87
7049.9
6994.47
6913.07
7070.43
7009.93
6975.66
7002.03
6963.21
7023.3
7002.5
7019.73
6874.76
7065.97
7061.97
6986.8
6956.3
7062.76
6979.1
7015.7
6998.63
7092.76
6962.9
7055.33
6937.48
7007.13
7038.07
7032.07
6979.2
6904.9
7096.4
6856
7092.4
6997.5
7002.93
6968.73
7063.8
6833.03
7021.14
7193.2
6972.9
7052.83
6946.07
7011
7140.9
6954.03
6846.43
7000.8
6991.1
6967.07
6984.5
7062.31
6966.53
7061.62
