113.425
110.681
109.013
109.527
109.117
109.169
109.732
110.137
111.342
109.596
110.434
110.296
110.053
110.407
110.303
109.274
109.962
109.651
109.765
109.693
109.872
109.076
109.44
109.486
109.297
109.312
109.615
110.385
110.332
109.725
110.533
110.243
110.104
110.328
110.253
110.085
110.556
111.257
110.678
109.635
110.184
110.147
110.104
110.448
110.051
109.871
110.317
110.335
110.539
110.727
110.584
109.88
110.126
110.161
110.176
110.516
109.61
110.063
110.042
110.611
110.172
111.15
110.233
110.234
110.272
110.408
110.877
110.588
110.469
110.648
110.221
110.023
110.643
109.643
110.231
110.598
110.478
110.103
110.818
110.138
110.589
110.373
111.055
110.145
110.589
110.592
110.466
110.391
111.782
110.78
110.258
110.897
109.627
111.456
111.159
111.327
110.269
111.204
110.004
109.574
111.155
110.802
111.157
110.57
110.842
111.199
110.964
111.009
111.516
109.669
110.422
109.782
110.187
110.711
