60.208096
59.887199
59.865696
59.877823
59.878689
59.917763
59.892960
59.901535
59.941345
59.883842
59.853729
59.883904
59.866493
59.895905
59.916031
59.889729
59.884766
59.911842
59.906815
59.915520
59.886017
59.906208
59.904129
59.892448
59.925632
59.872002
59.896866
59.870399
59.908157
59.883423
Control Period
55.924957
55.504513
55.595901
56.150978
57.095009
57.328224
56.882530
54.047840
54.035393
Control Period
54.038048
56.914623
54.050499
54.010017
56.897507
54.250206
57.919071
54.033951
58.053696
Control Period
57.760414
54.308258
54.043587
54.062496
54.038689
55.925629
57.622047
54.627968
Control Period
54.823074
58.052769
54.064285
54.060001
56.445633
54.044033
57.773697
54.047874
54.016068
Control Period
57.806595
57.623741
57.161312
56.280384
56.191010
54.045090
54.074562
56.547714
56.306786
Control Period
58.984993
56.458595
56.235039
55.979584
54.450462
55.198559
57.768959
57.616032
57.651779
Control Period
58.443649
57.472130
57.525345
55.003456
55.910847
55.152382
57.775585
57.495647
54.068737
54.505280
57.628349
Control Period
55.508354
54.071136
57.550625
55.942657
54.409889
57.718178
55.798691
54.777824
57.961823
Control Period
54.090816
56.809090
56.654655
56.580132
57.471264
54.081215
57.083710
57.546047
55.548798
Control Period
55.665886
57.835232
55.578815
57.826141
55.960896
54.055233
57.442238
56.057251
54.156799
Control Period
54.880096
54.917313
57.657536
57.767326
54.927582
54.373886
57.613533
57.841858
55.284386
Control Period
57.841408
57.755486
57.482624
54.827168
57.158016
57.572098
57.398911
56.397858
57.683136
Control Period
56.523968
56.577858
56.000000
54.072258
54.079552
57.699520
57.573692
55.128189
54.119553
Control Period
54.070686
54.069248
57.515007
57.842430
55.566719
56.073151
56.338882
54.066689
54.048676
Control Period
56.015938
56.056351
55.007648
54.599747
57.978111
57.679008
57.751583
57.495361
55.070560
Control Period
54.981537
56.681087
57.220287
57.611938
57.669376
57.725121
57.596416
57.796448
Control Period
55.449310
56.511806
57.707809
57.939522
57.508446
57.787712
57.815170
57.720963
Control Period
57.505219
54.049728
55.880318
54.057602
57.818848
57.472130
54.480705
55.814819
Control Period
55.940002
56.359840
55.485504
55.143681
57.594337
57.777374
55.099487
57.279743
57.565666
54.277473
Control Period
54.046303
54.082592
54.071777
54.479362
54.051743
54.049313
54.219296
54.734913
54.170433
58.013409
Control Period
55.246689
57.654243
55.886433
57.642464
54.086594
55.692482
56.064034
57.839584
54.031647
Control Period
55.648033
57.872448
54.484608
54.019745
56.976353
54.029762
54.021599
55.537277
57.667328
Control Period
55.851040
56.366272
56.022270
57.870464
57.203362
57.888832
56.242432
56.712929
Control Period
54.064003
54.049858
55.578659
57.834240
57.429024
54.063454
54.059040
57.600670
Control Period
57.399231
54.073761
56.566113
54.003231
54.036320
55.394562
54.080322
54.011551
54.907455
55.197601
Control Period
54.143074
57.286240
54.070274
54.887711
57.118752
56.584866
56.752895
57.323326
54.076195
Control Period
54.148960
54.254753
54.060158
54.050621
54.471840
54.049507
54.576256
57.629120
57.743073
Control Period
54.860226
55.535873
57.815487
54.102242
57.324638
57.545410
54.200798
54.055328
Control Period
56.045952
56.889374
56.653694
57.069759
54.877537
54.325790
57.651424
57.698883
57.892128
57.674240
57.318626
Control Period
58.068096
57.658272
55.581791
55.402592
54.591904
57.492477
56.737534
54.044640
56.373695
56.206913
Control Period
54.042877
54.040737
54.062656
57.518082
54.051136
56.485214
56.377693
56.979202
Control Period
56.202881
57.024925
55.237152
57.890976
54.192062
55.953247
55.995777
56.556450
57.241409
57.777824
Control Period
56.000546
57.538208
55.381920
54.626816
57.972610
56.221951
54.072704
56.562019
57.589661
Control Period
57.291901
56.504898
55.474400
54.039295
57.649406
54.440319
55.303230
57.835648
55.110046
55.903679
Control Period
57.683746
57.539680
57.811775
55.966530
57.359264
56.263359
55.520226
54.522591
55.222496
57.857792
Control Period
57.372993
57.911232
55.877857
57.773087
57.562210
55.762272
57.668770
57.574368
55.900608
Control Period
56.048832
57.193474
54.162239
55.487938
57.526817
54.109951
56.917248
54.055904
54.053596
Control Period
56.421379
54.181313
56.338562
55.883842
57.564064
54.048065
54.938210
Control Period
57.517662
57.373024
57.767105
58.023521
54.080769
54.041439
54.050621
54.291649
54.733185
54.805569
57.414558
Control Period
57.586563
57.542526
57.763744
55.085373
55.128544
55.120766
55.707520
57.889889
57.746433
Control Period
56.852959
55.889374
55.869858
56.489021
56.244415
58.028225
57.774464
57.771553
54.154655
56.173855
Control Period
57.887104
56.126015
57.779358
55.371712
54.934464
57.597057
55.805634
57.659744
Control Period
54.408192
54.431458
55.337250
56.058334
54.056255
54.080994
57.609665
57.629887
Control Period
57.433216
57.171135
57.218208
57.691170
54.038273
54.039200
54.064800
57.280960
57.495968
Control Period
57.704033
57.327904
54.047455
54.055138
56.377182
56.351040
57.299168
56.686592
57.550209
Control Period
54.056221
54.033859
56.731937
55.851841
56.251457
57.431648
56.891937
54.033630
54.083328
Control Period
57.819199
57.550144
56.671646
54.030594
57.706848
57.629055
55.266846
55.622272
57.952000
Control Period
57.667870
54.023552
56.215874
57.325665
56.125854
56.688095
57.091232
55.846592
56.325665
54.077919
Control Period
57.457695
55.724735
55.343071
55.093407
55.492256
57.733536
54.717155
58.206367
55.831619
Control Period
57.982529
54.299133
57.558720
56.192673
57.742691
57.410080
54.107841
56.572639
Control Period
56.725822
57.379456
57.574463
55.124641
56.142399
57.383102
57.335518
55.414848
Control Period
57.602047
57.577408
55.763008
57.887070
57.658211
54.319744
56.194717
56.688480
Control Period
56.963234
54.055008
54.086113
54.061539
54.375587
54.044735
56.388222
55.798401
Control Period
56.014366
56.232513
57.529217
57.924095
55.574013
54.053696
57.905891
54.577217
56.148895
56.787457
57.081631
Control Period
56.128960
54.374786
57.138786
55.810402
57.739231
55.516098
54.839840
Control Period
54.927841
54.464958
57.552128
55.747681
54.924286
54.059296
54.669731
57.706909
56.379040
Control Period
54.104481
54.570366
54.437984
57.730110
58.111809
58.067295
55.152191
54.268639
54.029533
Control Period
56.265152
57.222145
57.427967
56.005920
57.936928
57.695713
55.869217
57.534401
Control Period
57.776768
55.925312
57.567455
55.459106
57.774784
55.471550
54.918114
55.203682
56.463905
57.019363
Control Period
54.085953
56.183998
57.191647
56.255009
57.527264
54.071617
56.179619
57.184929
54.060478
Control Period
54.899136
57.547775
55.244576
56.025249
55.174500
57.524033
54.722466
58.049759
56.150143
Control Period
59.799488
54.495743
57.778625
56.045891
57.626881
54.691650
55.395519
57.850975
56.063683
Control Period
57.884895
56.163231
57.665756
56.772064
54.091423
57.757919
55.878593
57.853920
Control Period
55.983040
57.385376
57.218784
56.178753
55.738400
55.833824
57.431679
56.680481
55.939648
54.797791
Control Period
57.628128
55.860672
57.783455
55.243523
55.860481
57.828835
54.053085
56.470207
56.577309
Control Period
54.052574
55.812191
57.534431
56.417057
57.104195
54.081314
56.895168
56.238014
Control Period
55.748768
54.350273
57.588833
54.693214
55.544670
58.059551
57.582432
54.097885
57.560833
Control Period
55.259487
54.791679
57.833183
54.806015
57.023552
56.244286
54.527519
57.750626
55.991875
Control Period
56.453312
57.634174
55.037598
55.291809
54.774529
55.060478
57.854176
57.585022
54.225216
Control Period
55.739357
56.946175
56.631134
54.093597
57.679871
58.054562
55.495171
55.488350
57.722435
Control Period
57.257664
55.635296
54.927105
57.508640
56.677536
56.422112
56.568192
54.071999
56.286179
Control Period
57.552605
57.633858
55.966942
54.653473
57.978653
55.000576
55.311775
56.394402
Control Period
54.071392
54.056419
54.181694
54.524513
54.807999
55.162880
57.495808
57.544609
56.990273
Control Period
56.988541
56.216129
54.091743
54.237503
57.870338
57.712513
56.018112
55.592033
55.749214
Control Period
57.515839
54.055424
56.923294
56.987392
54.063999
57.532543
56.124413
54.395424
57.586975
Control Period
54.685696
55.079521
57.777088
55.117058
56.835617
57.255295
54.063614
55.648830
57.892899
57.740829
Control Period
55.783394
55.427902
57.827808
57.661667
57.583427
55.653503
55.753761
54.837280
Control Period
56.846527
54.104671
57.347359
56.306816
54.065632
54.696159
57.771072
Control Period
57.468575
55.898239
56.095039
57.470047
54.058304
56.373119
57.753922
54.039936
56.180862
Control Period
57.525536
56.229309
57.570206
54.046883
56.406178
57.679840
54.444511
56.018784
57.753952
Control Period
57.845695
56.177952
57.595840
54.024288
57.782402
55.545601
57.559776
57.845314
56.258495
Control Period
56.108639
57.745983
54.059586
56.301792
56.487103
57.052574
56.512573
54.109825
57.109280
Control Period
57.034912
57.511490
57.473057
55.944672
57.266754
56.727711
57.736382
55.793762
57.490974
Control Period
57.971329
56.152702
57.636482
57.600544
56.772446
55.864319
57.526272
54.940575
55.760799
Control Period
56.675011
56.856289
56.561661
57.022881
57.997120
55.649666
57.745987
56.083488
Control Period
55.782562
57.660126
56.457600
57.389854
55.837822
57.189598
55.844162
54.336990
57.649792
Control Period
57.851585
57.648094
55.848640
56.689919
54.069214
57.616608
55.263939
54.622463
57.788673
55.950401
Control Period
57.932381
55.782242
57.524994
57.815742
56.292255
54.039776
55.903969
57.246819
Control Period
57.191772
56.922592
56.983681
56.071869
57.409153
55.317726
55.009438
57.723869
Control Period
59.930847
55.850784
57.608543
55.742302
58.356575
55.453568
56.595329
58.598915
54.110466
55.845154
Control Period
57.620735
57.517502
54.076736
57.038498
57.123489
54.063713
57.863426
56.072063
56.346878
54.049473
Control Period
57.923203
57.601631
55.971138
54.054272
56.974209
56.818817
57.532288
56.895233
57.869823
57.736320
Control Period
55.706589
57.738049
55.961952
57.509056
55.724129
57.969921
54.059326
56.622944
54.012833
Control Period
56.883102
57.322369
54.094688
57.141182
55.799232
57.730049
55.959999
57.823296
55.805473
Control Period
55.646622
57.990753
55.706017
57.803936
55.674881
57.439262
56.022270
58.083649
Control Period
56.877247
57.688576
56.287743
57.661758
57.527298
54.837250
55.127747
56.862881
56.637409
57.318657
Control Period
57.228256
55.825951
57.212128
55.987743
57.635681
55.289635
54.121281
57.539490
56.026627
Control Period
54.940289
54.868927
55.252289
56.635902
54.045536
54.323555
55.053635
57.959106
57.609055
Control Period
57.634239
56.890911
56.996925
57.430401
54.540001
57.649437
54.755234
58.091103
Control Period
56.202240
55.898273
57.307041
57.029732
56.720928
55.473473
58.089890
57.745216
55.742973
Control Period
55.865185
55.850494
57.579842
56.385506
56.251648
57.820065
56.241249
57.001122
57.227425
57.586784
Control Period
56.093277
55.826691
55.963264
57.638912
57.615681
54.473282
55.770432
57.883652
Control Period
57.678593
58.415775
54.062176
56.379715
56.759331
54.043167
56.370174
56.953983
56.889378
55.561760
Control Period
57.606976
57.092606
57.657501
56.270050
57.379967
57.751968
55.828926
54.075294
57.594433
55.494911
Control Period
59.897858
56.599487
56.992577
57.437469
57.958786
57.615170
59.237408
56.766594
56.517822
56.557091
Control Period
57.721344
57.641247
57.996323
56.722561
56.184608
56.292511
56.353374
56.031006
56.537376
Control Period
56.703648
57.107330
55.799519
57.676704
55.940865
57.212929
54.701279
54.770111
56.326561
54.570366
Control Period
57.852863
54.389313
55.679550
54.202400
56.315617
54.923935
55.210754
55.623390
54.073761
Control Period
57.692192
56.004063
57.568642
56.919838
56.915455
56.567776
57.167358
56.014496
57.727135
Control Period
58.045570
56.047840
56.665634
54.086975
57.669441
56.041950
56.977310
56.769791
54.057121
Control Period
55.874657
57.459938
56.397472
57.501343
57.603806
56.361633
57.975075
54.041245
55.818237
Control Period
59.835938
54.065025
57.574242
54.083359
57.861248
56.214302
57.101570
56.089699
57.757217
Control Period
55.795521
54.069244
55.141376
57.822464
57.481667
55.439838
54.992226
58.257118
57.196095
59.890369
59.894592
Control Period
59.873856
59.892864
59.891903
59.878529
59.900127
59.884995
59.899330
59.902786
59.890434
59.901825
59.898880
59.918015
59.897247
59.906815
59.905121
59.914749
59.888832
59.906784
59.896832
59.900032
59.896194
59.880863
59.884766
59.886208
59.871010
59.896351
59.886208
59.903904
59.897667
