117.766876
117.292000
117.290756
117.294144
117.304451
117.319290
117.326401
117.293472
117.345085
117.294655
117.311584
117.301025
117.272224
117.326721
117.331421
117.321854
117.324799
117.341949
117.357666
117.343521
117.316895
117.333824
117.327682
117.328735
117.341728
117.345856
117.330627
117.325821
117.336868
Control Period
117.305374
109.792252
109.833786
109.714172
111.165222
109.841667
109.356125
109.478401
109.641541
Control Period
109.609924
109.602242
106.703903
109.622971
110.086594
109.384514
109.383163
106.818947
109.901825
107.081886
Control Period
111.636864
109.654587
109.550751
109.696289
109.774879
109.540161
109.214523
109.598236
109.524734
109.497665
Control Period
109.602982
107.834778
109.758560
109.557312
107.453728
109.735580
108.378235
109.868988
109.486786
Control Period
109.478180
109.356506
108.333504
109.510269
107.334457
109.617188
109.752861
109.708321
109.426369
Control Period
110.218941
109.622147
109.485443
109.791298
109.819458
109.713120
109.638206
109.656357
109.643875
Control Period
109.802948
109.948578
109.431610
109.688187
109.444229
109.835068
113.229767
109.717987
Control Period
113.303871
110.247101
113.472061
109.778305
109.710434
113.006180
110.117661
109.960800
112.484093
Control Period
109.507675
109.468704
109.636192
109.988449
109.610657
109.446785
109.379555
109.728027
109.523804
Control Period
109.435196
109.525757
110.097275
111.904831
111.319229
109.763077
111.678398
111.819046
109.271774
Control Period
113.113403
110.534821
109.837570
109.904510
109.636475
110.295227
109.941574
109.763008
109.635170
Control Period
112.967873
109.469925
109.787643
109.688644
109.879395
109.658463
109.334885
109.937180
109.753403
Control Period
112.527588
109.606781
109.664062
109.874115
109.700195
113.314651
109.585793
109.670563
109.715424
Control Period
111.806427
111.144958
109.830208
109.964569
109.905121
111.839676
109.941086
109.545181
109.477409
109.572189
Control Period
109.267014
109.015617
109.892899
110.023331
105.960129
110.041504
109.860260
109.680161
109.728989
Control Period
112.516861
109.731972
109.328224
109.418816
109.874939
109.691132
109.665634
109.532288
109.897018
Control Period
110.195839
109.267334
109.975677
109.030113
109.687202
109.609955
109.402908
109.909637
109.777863
Control Period
109.770782
109.830048
109.650558
109.408356
110.015457
109.617149
109.606339
109.801956
110.187584
109.761444
Control Period
109.343170
110.976830
108.815460
109.716446
109.602943
109.615776
110.062149
109.479744
109.558754
Control Period
112.702271
109.547485
109.624893
109.548035
109.678017
109.500801
109.950623
108.641571
109.896164
109.626144
Control Period
109.820801
106.417122
109.699265
109.359329
109.331390
108.080864
109.335419
110.018784
109.617661
Control Period
109.464676
107.680542
109.639969
109.805145
109.986725
109.770561
109.425407
109.740929
109.447296
Control Period
109.558113
109.246559
107.371712
109.714081
109.579102
109.656540
110.219551
109.846718
109.655457
110.013634
Control Period
109.666397
109.758972
109.858429
106.342331
109.647774
109.476898
109.419327
109.615074
109.371490
109.810852
Control Period
110.012703
109.756767
109.403198
109.805344
109.688095
106.189499
109.618118
109.385567
109.944542
Control Period
111.915741
109.679138
109.702080
110.058975
109.641113
109.859772
109.749756
109.821533
106.103546
Control Period
112.975838
109.827042
109.536133
109.771103
109.436508
109.192963
109.740387
113.205666
109.778145
Control Period
109.854874
109.627228
111.610275
109.656067
109.802017
110.104797
109.564514
113.154083
109.613541
109.523872
Control Period
109.525604
109.745819
109.781120
109.729858
109.978012
109.723198
109.869377
109.645508
Control Period
113.810715
109.661026
112.237022
109.688385
110.878723
109.606461
109.530014
109.816132
109.565689
Control Period
111.092804
109.741150
109.530243
113.046310
109.752319
109.702751
109.520065
110.089340
109.708801
Control Period
112.416260
110.887909
110.019295
109.649376
109.868355
108.971649
109.714943
109.636414
109.772675
Control Period
109.745697
109.581573
111.053253
109.536423
111.634460
111.873215
109.716003
109.824036
109.988701
Control Period
109.757248
109.468445
113.058914
109.633377
110.978050
109.939262
109.948639
109.912865
109.578079
Control Period
109.558014
110.391418
109.402176
109.556099
110.233414
109.538818
111.915169
109.827713
Control Period
110.003067
109.507553
111.814079
111.223488
109.703171
111.901703
111.485123
109.537659
109.678146
Control Period
111.217667
111.950073
111.302917
111.900253
110.796036
111.969025
110.395874
111.675461
111.679680
Control Period
111.453979
111.321793
109.669502
109.888412
109.684998
111.705276
109.548477
112.985443
109.847008
Control Period
109.982239
109.761765
109.624062
109.653984
109.663261
109.395874
109.328224
109.487427
109.822433
Control Period
113.269760
109.676956
109.588959
109.521347
110.541885
109.867111
109.784164
109.662689
109.746170
Control Period
112.253983
109.892479
111.078018
109.386879
109.920837
109.673569
109.591812
109.380005
Control Period
109.689529
109.404800
110.062302
109.640640
109.727997
110.512070
112.819038
109.716766
109.667679
109.802559
Control Period
113.318207
109.515366
110.020416
109.791458
109.530975
109.687164
109.629761
113.043808
109.492157
Control Period
109.862625
109.469696
109.830147
110.090912
109.798492
109.529373
109.739548
112.528191
109.610458
Control Period
110.555771
109.376740
109.396896
109.671455
111.672546
109.617661
109.799423
109.441727
109.827942
109.351654
Control Period
112.624222
109.650940
109.772324
109.684036
109.597595
109.682755
109.913956
112.206268
109.717407
Control Period
112.727554
109.546913
109.727173
109.738144
109.656509
109.822014
109.674881
111.786880
Control Period
110.842148
109.534111
111.461029
110.952545
109.483292
109.542374
111.025345
109.854813
112.153534
Control Period
111.582809
112.129562
110.499809
112.919456
110.004227
109.887840
110.371681
109.671074
109.476196
Control Period
110.382339
113.029922
110.201599
109.679047
109.594269
109.949631
112.987076
109.613052
109.819138
Control Period
110.064957
109.778076
109.696991
110.100128
109.476639
110.126816
110.020767
109.833786
109.822975
Control Period
110.797607
109.679741
109.679039
109.920410
112.202942
109.645760
109.924797
109.624031
109.656570
109.511108
Control Period
109.853500
109.650177
110.571259
113.794052
109.372833
109.478363
109.552834
109.666496
109.865829
Control Period
109.673630
109.731422
109.865089
109.806915
113.276062
109.726913
109.800896
109.834877
Control Period
113.499840
111.426270
109.860092
111.498848
109.391525
109.977440
109.994209
109.660706
109.508102
110.347397
112.482468
Control Period
109.801788
109.624352
107.337982
107.878143
109.697922
109.910721
109.775200
109.978722
Control Period
109.722656
109.887009
109.735550
112.853668
109.627968
109.847748
109.811775
109.560448
109.518143
Control Period
113.136803
109.767258
109.700897
109.814369
109.123009
109.623077
110.011108
109.705986
109.498108
Control Period
110.092995
109.339844
109.787811
110.115967
109.685699
109.773468
112.856064
110.781860
113.060928
Control Period
110.688156
111.799713
111.033951
109.604156
109.604607
109.679070
109.604706
109.815430
109.718338
Control Period
113.224670
112.782654
110.094048
109.720573
109.928253
112.172287
109.605499
111.674400
109.357285
Control Period
111.271164
109.985886
109.751328
109.481888
112.850815
109.968292
109.769989
109.661377
Control Period
109.442276
109.948479
110.511429
109.779739
109.651329
109.866463
113.383484
109.894592
110.051201
109.814850
Control Period
112.946396
109.424927
110.132706
109.557724
109.660194
109.690918
109.803902
110.955711
Control Period
109.731552
109.377762
109.651749
112.270912
109.843903
109.561188
112.889572
109.667587
110.675842
111.957092
Control Period
110.449730
112.891968
109.703232
109.986046
109.660767
109.933601
113.132385
109.687134
111.372482
Control Period
113.291740
111.492317
109.459488
112.809059
109.593475
109.780869
109.766113
109.592133
109.509689
Control Period
113.126945
110.245316
109.380318
112.624069
110.039902
109.791679
109.821121
109.428734
109.765244
Control Period
113.278526
109.643204
109.533508
110.589798
109.590721
112.240929
109.760254
109.599327
111.594368
Control Period
113.550812
110.345245
109.591583
109.724609
109.749954
109.642181
110.242172
109.508286
109.629730
109.564865
Control Period
109.912827
109.486015
109.523483
109.349594
110.772926
109.801315
111.994781
109.800385
Control Period
112.026817
109.527771
109.569153
109.640640
111.802948
111.219711
109.543045
112.587234
110.409668
110.103683
Control Period
109.589279
109.612259
109.792221
109.744995
109.842560
109.578629
109.683678
109.819679
109.122017
Control Period
110.413086
109.822945
111.201729
109.727234
109.698143
109.914917
111.939270
109.688675
109.673477
Control Period
110.713219
112.533752
109.693466
109.690819
112.223457
110.056129
109.690430
111.098404
109.678627
Control Period
113.686234
110.309921
109.734619
112.584991
109.576508
109.441757
109.778816
109.600800
109.590942
Control Period
110.908157
109.334686
112.206757
109.686844
109.738625
109.699875
109.259392
109.353790
110.739555
Control Period
112.589722
109.526566
109.345985
112.125031
110.226852
109.825409
113.495361
110.553345
109.672768
Control Period
109.864929
109.600250
109.710785
110.161819
109.489441
109.752548
109.708832
113.304733
109.652512
Control Period
109.641953
109.720673
109.757477
113.343231
109.639557
110.003235
113.300934
109.951843
109.945312
Control Period
112.837502
109.570206
109.730789
113.197571
109.944992
109.560226
109.616669
109.533020
109.362106
Control Period
112.575043
109.864189
111.101471
111.544930
111.917755
109.543198
109.535423
112.960480
110.454437
Control Period
112.108833
111.022049
109.615814
109.759109
109.955902
108.893051
109.771652
110.036987
Control Period
111.240677
110.992386
109.810715
111.073669
109.730942
109.694176
109.902496
110.531677
112.321953
Control Period
113.225311
109.888062
109.882492
109.884293
110.026077
109.698593
109.869949
109.792320
113.063133
Control Period
112.682014
109.788834
109.550659
109.223839
109.717247
109.933029
110.055489
112.916092
110.331070
Control Period
110.344704
109.683426
109.600922
110.841827
110.353790
112.895493
110.300797
109.105850
Control Period
113.052414
111.294495
109.716187
112.792892
109.837921
109.867393
113.110527
113.084702
113.278015
Control Period
110.175323
110.251678
112.490143
110.021317
112.278427
109.503296
109.581154
112.639038
110.078209
108.431229
Control Period
111.670395
109.812355
109.833443
109.841476
109.172485
113.211166
110.090401
Control Period
109.823196
110.515938
112.668098
109.603325
110.490524
111.881538
109.564804
111.666786
109.969887
112.782822
Control Period
110.159805
110.228928
109.465218
109.705063
109.097214
109.317123
109.438400
109.601089
Control Period
113.484291
109.669151
112.919296
109.659203
112.969757
109.579552
112.691902
109.478149
112.650909
Control Period
112.551483
109.623260
111.820992
109.409988
113.241989
109.615616
112.629730
109.447037
112.086426
Control Period
113.305084
109.571297
112.786179
109.916382
112.325760
109.485344
112.128860
110.117020
112.309692
Control Period
110.364227
110.438080
109.478821
109.605316
112.455170
110.379837
109.817444
109.610146
Control Period
111.977089
111.869156
111.986404
109.683426
112.131683
110.623810
111.845856
111.520287
109.267654
111.136322
Control Period
110.296478
109.704544
109.580444
109.729538
109.332481
109.646011
112.765472
109.394684
109.582428
Control Period
109.686943
109.675110
109.373154
109.372955
109.291458
109.512772
109.796860
109.880035
Control Period
111.565155
111.419968
109.554626
111.577927
112.160957
110.438911
109.942017
110.980286
112.753983
Control Period
112.134277
109.568741
111.445824
110.723099
110.010979
111.898911
111.088928
109.546722
Control Period
111.735168
111.939453
111.774658
109.511429
110.303650
110.899139
111.414597
111.196060
111.638176
111.067360
Control Period
111.303482
110.835876
109.436386
112.479744
110.701538
110.025284
109.822563
109.458145
Control Period
111.578430
110.946625
109.368317
109.507233
111.887489
111.175522
111.431870
112.213890
Control Period
110.600327
109.762299
109.775520
110.025696
110.168831
112.715553
112.647964
112.880157
Control Period
113.078018
109.517250
109.511391
110.902847
111.584229
111.006012
111.585632
110.787743
110.699005
Control Period
113.305893
110.297539
109.512543
109.884354
109.930618
112.784225
109.381088
112.972511
Control Period
110.914078
111.533218
112.034721
111.140228
111.547333
111.108704
112.409668
109.905884
113.051132
Control Period
109.691872
109.597153
109.839455
109.526878
109.367485
109.764893
109.629631
109.883423
109.719139
Control Period
109.839104
109.730042
110.442719
112.158913
109.366302
109.314369
109.894272
111.072678
111.975838
Control Period
111.808197
109.546883
109.774139
109.515579
109.583328
108.923363
109.394211
109.705536
109.788605
Control Period
110.530396
111.834854
109.612259
111.753052
109.585754
109.624733
109.694946
109.265282
109.777985
Control Period
111.420288
110.968163
112.215515
111.719711
110.175873
109.493790
108.982780
117.302490
Control Period
117.355202
117.341568
117.348251
117.349762
117.328476
117.337372
117.355774
117.363968
117.336029
117.379295
117.392990
117.402817
117.362595
117.364700
117.334084
117.344543
117.328415
117.338974
117.311966
117.318878
117.348221
117.381729
117.362206
117.347046
