59.325504
58.589855
58.555424
58.582047
58.640129
58.563072
58.589310
58.565311
58.563744
58.567970
58.560898
58.579647
58.697502
58.547295
58.599678
58.591743
58.585602
58.593311
58.589600
58.573280
58.571007
58.688831
58.606369
58.616478
58.570816
58.548512
58.577663
58.612289
Control Period
58.695969
56.740673
56.654976
56.509983
55.665504
55.694176
55.765663
58.084610
57.463776
Control Period
57.395042
55.370018
57.674431
55.391136
55.897152
55.501694
55.343613
56.991394
55.334366
Control Period
55.313984
57.345634
57.092415
55.868095
57.595901
56.274910
55.346817
55.381699
Control Period
58.776031
55.331230
56.462593
57.511902
55.474846
57.583870
55.317921
56.067936
57.704834
Control Period
55.418365
55.396736
55.773151
56.338623
56.350014
57.550079
57.551712
55.922302
56.072990
Control Period
56.659485
56.187294
56.258659
56.518753
57.460800
57.019234
57.020416
55.397186
55.316994
Control Period
56.810593
55.356224
56.885506
57.310081
56.914177
56.976738
55.474880
55.496319
57.577309
Control Period
56.571457
57.481918
55.816574
56.477951
57.543232
55.380447
56.583267
57.245983
55.401920
Control Period
57.488770
57.543777
55.903873
56.573441
55.905823
57.811935
55.772415
56.609055
57.060352
Control Period
56.914337
57.526176
56.778465
55.347008
56.702621
57.711357
55.398499
56.481247
57.535873
Control Period
57.360893
57.094818
57.104095
55.387585
57.102913
57.312992
57.225952
55.329632
56.815262
Control Period
57.270653
55.591202
55.411457
55.458366
56.913986
55.540962
55.710594
56.173889
55.533310
Control Period
56.413055
55.911491
56.365025
57.609726
57.460159
55.440323
55.356384
56.865150
57.352287
Control Period
57.676609
57.606239
55.340511
55.382080
56.499935
56.476830
57.646591
57.526047
Control Period
58.503357
56.667488
56.641888
57.094017
57.545761
55.467842
55.326271
55.298687
55.385696
Control Period
56.904610
57.056416
56.169632
55.975040
55.475838
55.338402
55.482079
55.432350
55.357441
Control Period
56.881218
57.048225
56.025566
56.091202
55.434528
55.360992
55.533279
55.619423
55.332703
55.514275
Control Period
57.422142
57.506912
56.956993
57.373089
57.452255
55.393730
57.187904
57.134239
56.357506
Control Period
58.438015
56.779903
57.536705
55.335617
56.885345
55.672096
57.631683
57.546783
Control Period
57.591167
57.695709
57.785378
57.479359
57.572319
57.308033
57.318081
Control Period
56.526398
57.299393
55.312447
56.494305
55.634018
57.603680
56.636383
55.341537
55.410656
Control Period
58.792191
56.529568
55.346722
57.169983
55.902721
57.622498
56.575935
55.342270
55.389503
Control Period
56.490913
56.536129
55.341667
55.989151
55.452095
55.361633
56.214401
55.684158
Control Period
57.485790
56.582466
55.363232
55.354179
57.891518
55.546494
55.360126
55.316353
Control Period
57.502655
56.043617
55.516991
57.380478
56.986916
57.621471
57.543968
57.077984
55.335777
Control Period
57.545120
57.590111
55.460831
55.789886
57.418686
55.312447
56.151230
55.867615
57.485920
Control Period
57.448769
57.530205
57.502815
57.523521
57.628033
57.490242
57.494019
55.353630
55.330879
Control Period
57.379967
57.054497
55.450176
57.666306
55.452866
55.328514
57.570335
57.522690
Control Period
56.296543
55.877090
56.069664
57.274303
55.505890
55.360962
55.361534
55.381409
55.373119
Control Period
55.374176
55.340832
56.743263
57.172287
55.960800
57.621346
57.784386
56.270271
Control Period
57.381889
57.553825
57.509247
55.561821
55.688515
57.430717
57.416161
56.211327
56.204735
56.520798
Control Period
56.200928
56.512451
57.408287
57.539776
56.555870
57.661438
55.561375
56.497345
Control Period
57.599648
56.707199
56.963425
57.295837
55.342239
56.742210
57.530624
56.183266
55.339935
Control Period
57.469986
57.585281
55.405151
57.424927
56.816673
56.906944
56.766209
56.869503
Control Period
57.003967
55.363426
55.579136
57.359295
55.812962
56.590336
56.599743
57.293633
57.332577
55.353889
Control Period
56.362080
56.720894
57.583618
55.328285
56.882721
57.292480
55.323296
56.678944
57.331169
Control Period
58.767998
55.563232
56.158207
56.737213
57.441887
56.921059
56.108864
57.751423
Control Period
57.475872
56.565536
57.348511
57.423168
56.621216
55.383873
57.424416
55.676865
57.330399
57.242142
Control Period
55.376900
55.385376
57.596992
57.743168
57.548126
57.495743
57.291107
55.665024
Control Period
55.418686
55.366528
56.985886
56.850113
57.076897
56.731777
56.498306
55.400673
55.899490
Control Period
56.520576
56.676926
55.980095
56.364319
55.380157
55.357346
57.507614
57.630783
56.224640
Control Period
57.413025
56.411041
57.216351
56.737022
57.189919
55.442429
56.728546
57.228416
56.913246
Control Period
56.093346
57.439102
57.427742
56.956768
56.298752
57.730339
57.805214
55.318146
55.569054
Control Period
57.177086
55.658531
55.689758
55.372799
57.425278
57.392609
57.609856
55.947487
55.355843
Control Period
56.873505
55.621151
57.514080
57.603294
56.400925
56.364098
56.352127
56.272766
Control Period
55.675423
57.665344
57.459167
56.199490
56.415138
56.371361
55.683647
55.871456
57.727875
Control Period
57.830238
55.363617
55.366592
56.006973
57.485474
55.393345
55.796928
57.021824
56.940735
55.362816
Control Period
56.574783
57.521824
56.562111
55.685184
57.720032
56.401505
55.613731
57.459167
56.260574
Control Period
58.598526
55.343903
56.943810
56.800415
57.175968
56.648705
57.115425
57.158016
56.891647
Control Period
58.795807
55.332130
56.159615
57.493984
56.547073
56.388351
55.580673
57.474754
56.492638
Control Period
57.476608
56.482819
57.010559
56.842945
57.470078
56.352257
55.595901
57.491585
56.632927
56.999264
Control Period
55.331871
56.980480
56.825439
55.382591
55.425888
57.391678
57.537857
56.318913
Control Period
56.494881
57.405312
57.581474
57.569603
55.590271
57.400223
57.551487
57.502850
56.367363
56.485283
Control Period
57.473854
55.390656
56.779072
57.565281
55.383488
57.453026
56.279106
56.607010
55.817726
Control Period
56.529312
57.339649
57.608093
56.698303
57.526913
56.677952
57.223267
Control Period
56.951424
57.286591
55.366272
56.795776
57.605408
55.522465
57.005630
56.975197
55.377182
55.321442
56.122944
Control Period
57.455040
57.502365
57.381729
55.323425
55.393150
55.379074
56.851486
57.427391
57.448128
Control Period
57.662880
56.371326
57.368195
56.690655
57.572128
56.399490
56.726913
57.373856
56.651329
57.680542
Control Period
57.406273
57.161758
57.137280
56.691971
57.325890
56.894783
57.136543
55.901184
Control Period
57.624191
56.547905
55.687008
57.593216
56.498207
57.512512
57.666336
56.544384
57.524323
Control Period
57.165920
55.346466
56.936672
56.968224
56.851517
55.335392
57.146015
55.398018
56.381119
Control Period
56.640030
57.339745
56.850014
57.314720
55.378464
57.303490
56.761826
57.132927
57.385281
Control Period
57.154945
56.239361
57.450493
56.220161
57.415459
55.370079
56.922813
57.050751
56.481632
Control Period
55.731262
55.811295
56.417408
56.737377
56.935165
55.843040
56.368477
56.634815
57.306847
Control Period
56.746655
57.292290
55.396385
57.081696
56.757313
55.487709
57.513313
56.114975
56.352993
Control Period
57.109375
55.577824
57.644226
56.475838
57.621727
56.304031
55.611458
57.646400
55.713730
Control Period
56.346146
56.436512
57.298466
55.319138
57.519485
56.716290
55.399010
57.436607
57.388863
Control Period
56.543198
57.132160
57.050461
55.330944
56.423393
57.530594
57.550400
56.594208
56.210304
Control Period
55.413025
57.022049
56.814400
57.311359
57.105759
55.328094
55.443329
57.308735
56.405533
Control Period
56.161537
55.959232
57.430397
57.573280
55.432449
56.640770
56.971359
56.976387
Control Period
56.409248
57.341152
57.034973
55.322594
57.525120
56.137600
56.136417
57.601982
56.375999
56.408417
Control Period
57.440254
56.348419
55.289505
56.623550
57.278046
55.371971
57.346912
57.552643
Control Period
57.455807
57.523106
57.438976
57.303581
57.068031
56.920158
55.734947
55.698494
55.698273
55.963234
Control Period
55.965664
56.651329
57.538078
57.388321
55.363487
55.354561
56.501057
56.710175
Control Period
57.565662
55.737247
57.630302
56.440800
56.163139
57.400768
56.434975
56.682274
57.453217
Control Period
56.761280
57.245121
57.156860
55.343262
56.581795
57.844193
57.659519
56.871742
55.353790
Control Period
56.840736
56.822304
55.296703
55.382080
57.310913
55.437023
56.733727
56.736511
56.742657
Control Period
57.221249
56.507328
57.551712
55.863457
56.304382
57.483902
55.655838
57.429535
57.166111
57.161633
Control Period
57.534111
56.514977
56.416862
57.444767
57.512768
56.317055
55.475807
57.616928
56.481438
Control Period
57.468288
56.218655
55.612701
57.355167
56.214687
55.360897
57.379776
56.381218
55.357246
Control Period
57.380127
56.514591
55.424831
57.698784
55.450207
56.888771
57.243103
55.386559
57.589279
56.755520
Control Period
57.293571
57.075840
56.698883
57.534496
56.372032
56.491936
57.612450
56.413986
57.495522
Control Period
58.019394
55.740067
56.840672
55.340225
57.459713
56.574883
57.480095
56.585251
57.648254
56.440163
Control Period
56.720642
57.470978
56.815903
56.224541
57.678272
56.919647
57.288128
57.191971
56.664127
Control Period
56.302528
57.464863
56.424835
57.346432
56.399105
56.786369
57.264732
57.123550
55.343967
56.823647
Control Period
56.425278
57.573215
56.554817
57.451263
56.397728
57.507645
56.482979
57.528130
55.342850
Control Period
57.126976
57.820927
56.646561
57.711361
57.436417
56.951103
56.784477
57.273247
56.976257
57.397472
Control Period
56.548958
57.069183
56.271393
56.549698
57.427456
55.379425
56.514557
57.489281
56.739391
55.825409
Control Period
57.501247
55.851265
56.531197
57.125534
57.436863
57.000420
57.007523
57.165154
Control Period
56.236542
56.624577
55.489697
57.342625
56.569344
56.769600
56.382145
55.398209
57.476288
56.495743
Control Period
57.689312
56.287262
57.576706
57.668385
56.513023
57.431870
56.536003
Control Period
58.178017
56.817245
55.353855
56.092575
57.591648
57.506622
56.192192
56.213505
55.819359
55.317635
Control Period
57.386559
57.055744
55.374496
56.554337
55.611519
56.473923
56.580929
57.675457
56.368065
Control Period
56.459999
57.735744
56.615265
57.326622
55.370815
56.960896
55.478176
57.148285
55.320511
Control Period
56.816193
57.016064
55.389534
57.183136
55.375549
57.320705
55.346336
57.276031
55.337536
Control Period
57.427967
55.558048
57.581505
56.335327
57.589729
55.361855
55.316513
57.014114
57.452194
56.332066
Control Period
56.552418
56.490528
55.357086
57.013374
57.544769
56.507484
57.619968
55.747040
Control Period
58.767200
56.956257
57.092319
57.557213
57.453377
57.368958
55.343491
55.331459
Control Period
55.513374
56.717377
56.162498
56.466972
55.909119
57.589630
57.499905
55.342529
56.394653
56.761726
57.117088
55.466465
Control Period
57.414433
57.484447
56.592094
56.198208
57.632896
57.220413
56.444061
55.319939
57.087967
Control Period
57.571743
57.538239
56.707489
56.422848
57.554176
56.303970
56.165405
57.437279
56.436481
55.360611
Control Period
57.303070
57.350403
57.198463
57.024254
57.006302
57.503265
57.667038
55.411552
Control Period
56.686333
56.813118
57.544479
57.810719
56.477310
57.634460
57.603394
56.267235
57.432320
57.335266
Control Period
57.048512
56.518848
55.582397
57.661407
56.504227
56.749729
57.256195
57.508675
56.644318
56.474014
Control Period
56.865822
57.550690
57.582397
57.408066
57.350655
57.099167
56.436478
56.573025
56.443230
56.296707
Control Period
57.431038
57.395805
57.543713
57.492386
57.630173
57.393951
57.660866
57.583427
Control Period
56.352512
57.625053
56.747200
57.456703
56.379906
57.079617
57.469887
56.479969
56.781696
Control Period
56.454369
57.363007
56.518913
57.323006
56.491425
57.115807
57.126400
56.658722
57.714016
Control Period
57.389313
56.476799
57.489281
56.521027
57.681759
56.440964
57.844093
56.510399
57.461472
Control Period
57.712032
56.391392
56.335037
57.686913
56.553280
57.571838
55.843971
55.959393
57.423874
57.481949
Control Period
55.361183
57.573601
56.558975
55.317120
57.471199
56.557022
57.525887
57.339455
56.553375
Control Period
57.680161
56.590687
57.545280
56.454750
57.502724
56.675102
57.752254
56.719742
57.437664
Control Period
57.543072
56.991550
55.328255
55.418495
56.971775
57.132065
56.477310
57.610912
Control Period
58.457565
58.445217
58.462112
58.451614
58.450211
58.455681
60.702271
59.067810
