4001.5
5893
5853.5
6145
6692.5
6811
6732
6500.5
6327.5
6633.5
6653.5
6481
6402
6831
6515.5
6574.5
6673
6500.5
6441
6515
6475.5
6441.5
6652.5
6500.5
6481
6515
6579
6559.5
6481
6594
6480.5
6456
6475.5
6579.5
6283
6653.5
6726.5
6520
6475.5
6534.5
6421.5
6520
6401.5
6421.5
6421
6614
6594
6397
6535
6554.5
6535
6461
6515.5
6421
6535
6613.5
6613.5
6613.5
6456
6495.5
6476
6692.5
6456
6613.5
6475.5
6791
6401.5
6515.5
6500
6441
6476
6303
6673
6574
6520
6535
6673
6673
6515
6515
6500
6461
6401.5
6554.5
6500
6845
6495
6322.5
6653
6751.5
6594
6347.5
6594
6672.5
6495.5
6342.5
6534.5
6436.5
6288
6613.5
6475.5
6633.5
6456
6515
6554.5
6673
6673
6421.5
6367.5
6362.5
