113.39
112.699
112.376
113.108
114.893
116.701
114.882
114.596
115.93
114.047
116.422
114.987
115.592
115.566
115.198
117.313
114.844
116.102
114.834
116.433
115.752
115.848
115.597
116.418
114.103
114.795
115.863
115.727
115.063
116.742
115.419
116.572
116.069
116.21
114.949
115.486
115.043
113.986
114.956
115.923
115.817
116.444
116.462
114.724
116.447
115.064
115.617
114.612
114.16
116.861
114.506
116.141
116.129
115.987
114.592
114.297
114.652
115.266
115.253
114.192
115.021
117.322
115.643
116.042
116.233
116.101
115.027
115.537
116.359
115.218
115.565
116.521
114.955
115.299
114.535
114.06
113.834
114.357
114.452
116.048
115.839
115.491
115.361
115.725
115.781
116.172
116.845
115.462
115.7
115.844
116.101
115.678
116.781
116.403
116.166
114.367
114.4
114.624
115.609
115.369
114.187
116.887
114.992
114.406
113.98
115.21
114.579
114.579
117.206
115.582
116.232
116.696
115.29
116.291
