0.70719
0.847752
0.811579
0.799333
0.780965
0.799892
0.798766
0.796658
0.795099
0.807643
0.792327
0.802468
0.792481
0.805522
0.797744
0.784673
0.815488
0.797926
0.802212
0.794075
0.803294
0.794866
0.803702
0.797583
0.810018
0.805971
0.792142
0.797595
0.80426
0.804727
0.786872
0.795863
0.81233
0.800103
0.799324
0.800324
0.79861
0.80315
0.798328
0.788122
0.806399
0.798733
0.797951
0.810467
0.798701
0.800259
0.798193
0.80204
0.799356
0.781289
0.81848
0.797491
0.791656
0.80276
0.803687
0.808139
0.798931
0.799622
0.800684
0.805698
0.794088
0.77723
0.810214
0.803263
0.796462
0.802022
0.808091
0.795707
0.79919
0.795556
0.797586
0.803094
0.811531
0.800992
0.806703
0.799802
0.795853
0.797486
0.804297
0.791526
0.795777
0.805012
0.799726
0.798254
0.796095
0.799143
0.807566
0.799384
0.798262
0.797224
0.797508
0.811206
0.790933
0.792554
0.80739
0.812772
0.798901
0.798147
0.795814
0.803243
0.804344
0.792903
0.806242
0.800188
0.806175
0.794906
0.801327
0.799025
0.785691
0.807739
0.790062
0.794724
0.806333
0.797841
