5604.6
6515.87
6670.38
6824.6
6567.21
6504.3
6396.41
6589.52
6500.72
6465.43
6455.67
6651.62
6385.58
6493.13
6555.59
6528.2
6431.9
6586.73
6638.3
6391.13
6460.53
6541.73
6487.2
6454.03
6477.23
6584.1
6506.5
6451.1
6477.63
6483.83
6519.73
6496.65
6493.73
6530.35
6420.43
6516.38
6547.41
6497.07
6631.48
6452.37
6446.07
6535.97
6391.34
6467.5
6499.03
6605.55
6476.69
6468.4
6512.17
6513.73
6572.86
6499.03
6464.53
6458.27
6398.07
6476.69
6514.73
6529.27
6550.52
6479.33
6535.57
6537.13
6544.62
6497.67
6494.76
6487.5
6554.6
6473.33
6442.97
6484.57
6447.67
6453.9
6497.47
6415.1
6648.23
6528.76
6505.37
6489.47
6580.3
6510.41
6427.73
6497.43
6531.45
6506.57
6484.57
6458.66
6551.1
6508
6586.4
6440.13
6419.5
6588.59
6598.17
6421.4
6255.2
6544.37
6477.31
6542.77
6532.2
6537.31
6493.37
6463.72
6404
6485.53
6581.43
6567.73
6519.03
6485.27
6526.07
6617.23
6550.3
6412.76
6492.43
6446.07
