117.471199
117.259521
117.269241
117.263489
117.267136
117.297699
117.278107
117.298019
117.321472
117.346588
117.303040
117.285629
117.287643
117.294884
117.307007
117.314850
117.315552
117.321854
117.268478
117.282364
117.295364
117.285690
117.280449
117.295868
117.294266
117.313568
117.287903
117.294914
117.286690
117.316315
Control Period
112.803329
113.099548
110.260101
112.154526
113.225754
111.314781
111.274109
112.841599
Control Period
110.241821
113.673027
113.273918
111.981857
112.112289
113.035934
113.281441
112.630524
110.378052
113.151108
Control Period
113.071777
113.215805
113.644379
113.002884
112.550079
113.542625
113.597885
112.235809
Control Period
115.427872
113.309761
117.335739
115.225952
113.524292
113.630020
115.882370
116.096573
113.600479
Control Period
117.338783
115.838974
117.341949
116.464607
117.349152
115.781250
117.314178
116.178467
Control Period
117.295166
115.933441
114.741699
113.639969
115.390785
113.565826
115.574112
113.442177
114.352005
113.395325
Control Period
113.255424
113.221725
117.282051
113.697502
113.143066
116.354813
117.300446
113.712326
Control Period
117.317154
117.342590
117.307358
117.340958
113.632706
113.059387
115.440155
116.002213
Control Period
117.327972
114.919067
113.944511
113.451523
113.353470
113.663872
113.181946
113.006622
113.571518
Control Period
117.313118
117.304771
117.288925
116.507584
115.484673
115.109634
117.308609
117.332870
114.150307
Control Period
117.292740
113.296967
117.340775
114.824318
113.396767
113.120834
114.583847
116.036606
Control Period
113.255936
117.323685
113.314720
113.254013
117.125122
117.303589
113.256134
116.478149
117.309723
117.302528
Control Period
117.310822
117.328323
117.239578
115.429184
113.312958
112.936417
114.669151
116.299652
Control Period
113.294945
113.773087
117.324898
115.399902
113.392868
117.314369
113.583130
117.350174
115.350693
Control Period
117.304260
117.339294
117.313126
117.329567
117.322235
117.275230
117.301186
117.319519
Control Period
117.318588
117.315613
117.317947
113.497154
113.258209
113.502945
112.906784
113.473923
115.000450
116.498077
Control Period
116.119423
117.288162
117.141502
115.582047
113.492416
117.299583
115.395355
Control Period
117.326843
116.153671
113.398590
113.634628
115.415741
113.919456
113.449089
115.370117
Control Period
117.301849
117.306236
113.486969
117.300476
117.302750
113.277817
117.324005
117.310883
117.285408
Control Period
117.284225
113.124611
116.968353
117.322334
117.293472
113.369766
113.360703
117.293472
Control Period
117.300194
113.390625
113.566498
113.592316
115.573471
117.311714
117.315643
117.289093
117.295044
Control Period
117.288986
114.817856
113.349823
116.621307
117.297791
116.350975
113.309982
115.743134
Control Period
117.279617
117.285339
117.284637
117.275841
114.195198
112.894852
116.966980
117.287003
117.296539
Control Period
117.311676
115.238205
113.111710
112.810532
113.311935
113.158752
113.503876
114.380257
113.271072
Control Period
113.861053
114.778816
113.460129
114.562561
116.819641
115.171265
116.438431
117.313950
Control Period
117.301888
115.327042
113.478149
117.329315
117.310112
114.051872
113.333954
117.323166
Control Period
117.336510
117.320320
117.315964
113.429565
113.778595
117.312546
117.316063
114.092834
113.644798
Control Period
117.268448
114.937889
113.713409
113.341888
113.426079
113.170723
117.326591
117.317627
Control Period
117.319969
114.492706
116.240990
117.130463
117.310944
116.259773
117.303772
117.307739
117.314148
Control Period
117.286911
114.025116
116.044128
113.871674
115.518082
113.810463
116.706017
116.088257
117.356766
Control Period
117.328064
117.341217
117.325630
117.338242
117.329506
116.227554
114.899582
114.005089
Control Period
113.293152
112.630753
115.083069
117.321030
117.324577
116.920517
117.345985
117.366371
117.331070
Control Period
117.325027
114.972221
113.518982
115.156540
117.292892
116.786972
117.326752
117.301636
Control Period
117.301086
113.179108
117.321922
117.264099
113.484634
113.371521
113.009407
115.099426
114.510368
Control Period
117.298752
113.291359
113.403137
115.119171
117.258339
117.084641
113.132706
117.296036
Control Period
117.308868
113.464638
113.402466
113.425346
113.152573
114.200516
115.816544
117.302528
117.313156
Control Period
117.296890
114.473221
114.142143
113.277054
113.120636
113.530853
113.512772
113.618652
112.899361
Control Period
117.281853
117.294014
113.311775
112.923073
116.209854
114.431648
113.237411
Control Period
113.307327
117.277634
113.527008
117.307770
114.250496
117.295364
115.711586
117.309059
117.319077
Control Period
117.359100
113.204636
117.325218
117.331360
113.339775
117.310814
117.322495
113.341888
Control Period
117.341507
114.139587
117.332321
117.286079
113.600159
117.278145
117.281631
117.291779
Control Period
114.639908
117.360153
117.331200
117.345535
117.320282
116.214371
113.372833
117.287109
117.286911
Control Period
114.103996
114.323517
113.650238
113.623360
113.613190
113.437469
115.129089
117.320961
117.314240
Control Period
117.308990
116.256035
117.285629
113.544388
115.719872
117.332672
116.793694
117.338684
117.305252
Control Period
117.332031
113.417343
113.629410
113.556671
114.879745
117.326813
114.667740
113.460999
Control Period
113.469215
117.321884
117.310974
117.291809
113.311325
113.523041
113.629601
117.340195
117.350594
Control Period
117.349442
113.415810
113.768539
113.363136
113.367935
114.319008
116.369698
115.601532
113.948639
Control Period
112.999420
113.374077
113.310043
113.500160
113.237823
114.857758
113.639870
115.193756
117.326492
Control Period
117.304230
117.325760
117.322205
117.304062
117.319359
116.139877
117.306816
114.868576
Control Period
117.289085
113.714912
115.011871
113.816254
112.990051
113.653343
113.446846
113.351334
117.280701
Control Period
116.477402
114.418716
117.294014
117.279388
117.286499
113.455643
115.604034
117.312164
Control Period
117.304031
115.852448
117.280121
117.324509
113.479462
117.278915
117.277374
113.233826
116.233765
Control Period
117.303169
117.211136
113.098297
113.389793
117.108414
117.266144
117.298691
114.971069
Control Period
113.125633
113.117340
113.206528
114.446243
115.724960
117.306114
115.815323
114.915939
113.666367
Control Period
112.958405
113.081116
113.711365
117.307549
113.214340
113.514877
117.255844
114.278305
113.349792
Control Period
114.751167
117.295998
113.561218
113.660095
114.900192
113.261414
113.886047
113.547577
117.000641
Control Period
117.316986
117.308128
113.590462
113.321991
115.781113
116.032738
113.446503
113.915741
116.684509
Control Period
117.296158
117.287743
113.150970
113.152351
113.434914
117.279358
116.818436
113.607010
113.663521
Control Period
117.279068
116.115295
113.937119
113.384445
113.290405
113.176102
113.569504
113.309662
Control Period
114.793152
113.091072
114.473854
115.533699
117.263428
116.921700
115.369987
114.164734
113.576927
Control Period
117.304611
117.334656
117.318375
117.324356
117.328827
117.293533
117.330528
117.340027
Control Period
117.328033
113.415901
113.421661
117.311714
117.280670
115.868134
113.192513
117.326401
Control Period
117.344063
117.303207
117.332764
113.339104
116.326523
117.295486
117.316002
113.418045
114.707199
Control Period
117.303970
113.011711
117.291779
117.307098
117.296707
117.272766
113.072479
117.310501
Control Period
117.304703
114.956253
117.321533
117.317825
114.545532
113.231323
117.335068
117.309341
115.585121
Control Period
117.346497
113.090401
117.311104
114.738113
113.394470
114.529892
116.418076
113.384094
Control Period
113.581787
117.309952
114.994308
115.467522
117.288254
113.352509
117.275269
117.282394
113.284348
Control Period
117.260422
117.269501
115.504639
113.436989
117.261375
117.259583
117.301666
115.580994
113.481018
Control Period
117.326302
117.310562
117.304062
116.087746
115.509537
113.054337
113.370438
113.514938
Control Period
117.281723
113.239166
113.489342
113.224228
115.397369
115.943771
117.287102
116.933121
117.285950
Control Period
117.305725
117.311142
117.288132
116.418816
114.042786
117.294556
117.315582
117.107841
114.606209
Control Period
117.298492
117.267487
113.451904
113.354523
117.312988
113.396927
113.295898
114.264061
117.247620
Control Period
117.282333
114.583359
117.151398
113.120255
113.481857
117.292419
114.510117
113.387390
114.937538
Control Period
117.294205
113.466240
114.252838
114.147141
114.838852
113.216385
113.326630
115.736069
113.454781
Control Period
117.055519
114.906113
113.073151
113.648453
113.069275
113.410400
113.073181
114.849243
Control Period
117.278244
113.265152
113.126366
113.039169
113.413055
113.463104
113.637535
113.171326
114.112793
Control Period
117.305084
116.765503
114.252579
113.342758
113.542847
113.395462
113.324539
112.927582
Control Period
113.318367
116.627869
117.308128
113.265213
113.530624
114.633057
113.310532
114.866112
113.205185
Control Period
117.314911
117.287262
113.434525
117.292381
117.303421
116.402367
113.299873
113.237534
Control Period
117.292709
117.288864
117.250656
116.493790
113.033371
117.305756
117.283356
113.363487
115.741730
Control Period
117.283646
117.298561
117.282043
116.442047
114.992188
113.530396
113.373505
113.476990
Control Period
113.040543
113.508423
113.379364
114.194275
115.680420
116.579422
117.286400
117.303391
117.280449
Control Period
117.267136
112.935776
113.430656
116.972832
117.310493
117.284576
117.298622
113.296959
Control Period
113.349663
117.298019
117.297890
117.316574
113.753822
113.304993
115.117058
117.251968
117.339073
Control Period
117.316254
113.160355
113.080765
116.689758
117.269669
117.290077
117.295647
117.273178
113.344894
Control Period
117.314758
117.278885
117.300354
117.301468
117.296707
117.257019
117.290146
117.221825
Control Period
117.311745
116.183678
117.302750
117.310722
115.012253
113.421471
113.185921
113.966621
Control Period
113.127365
117.330399
117.339706
117.321793
117.326591
117.145599
113.290016
112.722115
117.277344
Control Period
117.348770
116.384895
117.334015
113.090820
117.301155
113.127586
117.309410
113.424515
Control Period
117.295616
115.164612
117.308517
117.293213
113.452576
117.302917
117.304863
116.358498
113.425949
Control Period
117.281693
117.278435
117.296219
117.306656
113.318268
113.417084
113.850845
Control Period
117.307426
117.311356
117.319870
117.306564
117.309082
113.074303
117.312027
117.306946
Control Period
113.236160
117.305824
117.225983
117.313217
117.312347
117.318336
117.280609
117.361252
113.274109
Control Period
117.314400
117.285439
113.480766
117.311066
113.435776
117.283966
117.298851
113.710464
117.260544
117.280800
Control Period
113.449661
113.188545
116.020416
113.314911
116.593445
113.234657
116.074974
113.060837
Control Period
113.443909
113.559525
115.582809
115.943939
113.341278
113.844894
113.435135
113.179321
117.267456
Control Period
115.350304
113.520065
115.117630
113.673538
113.340485
116.551743
113.582077
113.191650
117.289764
Control Period
117.334274
113.751007
117.277466
115.767105
114.982208
116.862625
115.081787
115.994461
113.427582
Control Period
117.269669
117.280640
116.978500
115.013092
113.616959
113.475296
113.651779
115.666687
Control Period
117.306137
113.498917
114.414368
113.116768
113.387299
113.310333
114.133568
113.447418
115.065315
Control Period
117.287521
115.877380
116.792892
115.882210
117.331711
117.302597
117.313858
117.309822
Control Period
117.322723
113.298882
117.277122
117.255524
114.805054
113.122620
113.254883
113.801826
114.792542
116.650909
Control Period
113.079102
116.828545
113.158882
113.439423
115.435486
113.218140
113.361023
113.681030
115.208000
Control Period
113.773987
113.657501
113.789246
114.989059
114.064484
113.179871
115.085022
113.303452
Control Period
117.311356
116.156387
113.562683
113.505150
116.450623
116.514725
114.661858
113.513954
Control Period
115.006462
116.261185
114.116516
115.619614
113.843552
115.765602
113.641922
113.523201
113.430046
Control Period
117.278885
113.244324
113.425659
113.206879
113.567398
114.387299
116.355835
115.168030
116.550339
Control Period
117.291641
117.304764
117.270432
117.288574
117.281982
117.292130
117.266174
117.307068
Control Period
117.271584
113.364410
113.348289
113.223778
117.263260
117.293442
117.305954
117.292389
Control Period
117.292641
114.214661
117.276093
113.262848
117.270660
117.290405
114.941315
117.243332
Control Period
117.265984
117.307617
113.203522
117.271904
117.291580
116.659103
117.273468
117.291138
Control Period
117.252640
113.314758
117.272934
113.496033
113.333183
117.266464
117.303070
113.084000
Control Period
117.315170
117.290939
117.318718
113.427612
117.306564
117.298241
113.092224
117.281540
117.277786
Control Period
117.258682
117.236130
117.241058
117.259613
117.259453
117.258911
117.252731
117.276413
117.253281
117.273216
117.255104
117.269669
117.278015
117.248260
117.260635
