60
64.7695
73.0658
79.0252
83.0148
84.0946
84.8027
83.9448
83.733
82.2954
81.4733
80.2851
79.4681
79.2236
78.2877
76.9982
76.5054
76.1647
75.906
75.9424
76.2584
75.8262
75.405
75.3531
75.3028
74.8566
74.8142
74.8637
74.7672
74.1198
73.9212
73.6578
74.0012
74.1629
73.8849
74.0889
74.0039
73.9026
73.2108
74.4914
74.1927
74.1463
74.1926
74.1681
74.1426
74.3969
75.0304
74.8052
75.0379
74.941
74.4727
74.21
73.7385
73.6598
74.1878
74.0924
74.4108
73.7256
74.0759
74.1863
73.965
73.4432
73.4411
73.5303
73.2404
73.4688
73.6445
73.671
73.7401
73.5818
73.701
73.8554
74.2822
74.204
73.9327
73.8259
74.1158
73.5407
74.2675
73.6937
74.0341
73.2375
73.7829
74.4317
75.0023
74.506
73.8464
73.2432
74.2488
74.2304
73.8552
73.8976
73.8119
74.017
74.2423
73.8266
72.8777
72.8937
72.6995
73.214
73.3847
73.1088
74.0911
73.9159
73.6897
73.368
74.3372
74.17
74.0393
73.8572
73.8834
73.1968
73.3042
73.5023
