160
152.518
152.175
153.494
153.79
152.992
152.755
152.404
152.029
151.384
151.379
150.933
151.39
151.489
151.078
150.462
150.446
150.796
151.107
151.696
152.159
152.004
152.142
152.032
152.051
151.752
152.149
152.265
152.456
152.21
152.779
153.433
152.921
152.616
152.428
152.603
152.745
152.153
151.931
153.044
153.021
153.018
153.348
153.369
153.352
153.49
154.362
154.112
154.195
154.485
154.056
153.502
153.466
153.189
153.688
153.695
154.081
153.29
153.433
153.623
153.321
153.163
153.342
153.371
153.391
153.514
153.411
153.161
153.479
153.405
153.155
153.189
153.545
153.256
153.249
153.34
153.591
152.822
153.489
153.179
153.497
152.857
153.44
153.591
154.117
153.629
152.965
152.523
153.646
153.426
153.186
153.078
153.262
153.595
153.903
153.515
152.486
152.459
152.257
152.984
152.98
152.777
153.751
153.445
153.251
152.864
153.705
153.559
153.216
153.453
153.19
152.776
152.675
152.453
