80
78.6659
81.8676
84.8983
86.9367
86.9927
87.0425
85.8269
85.6529
84.6059
83.7717
82.9914
82.3757
82.2468
81.3605
80.269
79.7189
79.6753
79.512
79.6083
80.1311
79.9473
79.6648
79.6067
79.3147
78.7759
78.6953
78.9461
78.5717
78.5312
78.4401
77.9212
78.0564
79.1291
78.7108
79.0145
78.773
78.3119
77.7503
78.5546
78.194
78.1059
78.5106
78.3774
78.581
78.9202
79.3159
79.0128
79.4268
78.9958
78.6528
77.8948
78.0751
78.0633
78.6293
78.1835
78.4939
78.1441
78.738
78.5556
78.2958
78.0611
78.184
78.4141
78.2244
78.5576
78.3073
77.9371
78.1891
78.1972
78.3331
78.1085
78.5946
78.5013
78.3889
78.3116
78.4777
77.2891
78.4625
77.9536
78.0814
77.6856
78.0011
78.7092
79.1038
79.0453
77.9496
77.9446
78.8228
78.5137
78.4035
78.2382
78.1546
78.7844
78.974
78.6245
77.1365
77.2513
76.9803
77.6171
77.8642
77.8565
78.6131
78.3571
78.2361
77.4804
78.5046
78.4163
77.8505
77.8513
77.7147
77.4964
77.8334
77.9202
