113.314
118.007
120.795
120.214
121.675
123.269
125.872
125.233
127.363
128.857
129.311
131.331
130.841
131.643
132.494
132.988
133.721
134.256
134.785
134.252
134.512
135.496
134.82
135.461
135.492
136.537
135.611
136.754
136.327
137.616
138.914
135.873
135.315
136.915
136.609
137.25
136.152
137.34
137.456
137.627
137.4
137.785
137.687
137.251
137.137
138.439
137.862
137.426
138.791
138.074
137.807
138.341
137.629
138.207
138.516
138.423
137.41
137.555
138.426
137.84
138.343
138.387
137.882
138.711
138.007
137.949
137.977
138.337
138.125
137.479
138.013
137.761
137.254
138.071
138.366
138.051
138.161
137.572
138.337
138.319
138.034
138.414
137.105
137.882
137.42
138.071
137.56
138.316
137.784
137.877
137.801
138.462
138.037
138.24
137.891
138.226
137.892
138.115
138.354
137.531
137.725
138.34
137.587
137.727
138.085
137.709
137.896
137.811
138.507
137.485
138.058
137.277
136.883
137.671
