117.591705
117.305115
117.319748
117.341309
117.366653
117.362556
117.356613
117.363266
117.369087
117.330528
117.307526
117.340164
117.340546
117.344162
117.327393
117.331360
117.367233
117.363617
117.341217
117.385086
117.373657
117.392097
117.366943
117.352509
117.346817
117.378433
117.379166
117.375229
Control Period
117.365150
117.395111
117.412094
121.671906
117.409920
117.407074
118.606369
117.387199
117.405983
Control Period
121.147354
121.918755
121.881790
117.430527
122.087585
119.012253
122.085823
Control Period
122.229767
122.415970
117.382141
120.243805
117.341766
121.978470
122.285599
117.835556
Control Period
122.351517
121.994400
122.346085
122.327774
120.585312
120.755356
121.164001
121.877983
Control Period
126.642372
122.519714
122.028610
124.740860
122.439804
122.281120
123.544960
121.955650
Control Period
126.505020
126.341187
127.040321
123.712097
125.400955
127.520218
123.689178
126.766304
Control Period
122.017853
126.204994
123.385567
126.412766
123.531937
126.672348
128.403427
Control Period
123.912064
128.738983
126.817696
124.893730
128.972580
128.832916
127.739288
128.995682
Control Period
129.965149
128.558884
128.866974
130.079300
126.363525
129.379486
128.541595
129.102020
Control Period
129.775513
128.866974
129.086060
131.388153
128.052322
129.158081
128.821732
129.336090
Control Period
133.383270
128.683929
133.415497
129.046143
131.096436
129.437469
134.254684
129.125885
Control Period
130.799164
134.167114
131.313538
129.156250
128.890198
129.002335
134.274078
Control Period
134.112030
133.520447
130.156448
129.283142
129.316544
129.260284
134.338242
133.158813
Control Period
134.292694
130.214783
134.247589
129.737350
134.184662
128.882050
134.173981
134.221924
Control Period
134.158508
134.273727
129.317657
134.179108
134.357056
129.203644
134.212280
134.201111
Control Period
134.114838
134.183136
134.291779
134.137054
130.162430
134.237244
134.313278
134.329086
Control Period
134.105927
134.222229
134.293365
134.305054
134.260193
134.245636
134.356796
Control Period
138.499298
134.293335
134.139526
134.208893
134.105255
134.080963
134.168488
134.168213
Control Period
134.284088
134.339020
134.301666
134.177475
134.213867
134.282745
134.169495
Control Period
134.135925
134.177673
134.302795
136.384827
134.387115
134.267487
134.272034
Control Period
138.608612
134.317322
134.291565
134.387573
134.244293
138.451324
134.174408
Control Period
134.056763
134.173737
138.410461
134.219772
134.243454
134.336823
134.296036
Control Period
138.517273
134.252136
135.047485
134.305603
134.289795
138.754272
134.284988
134.232956
Control Period
134.265442
138.777405
134.152618
134.200500
138.716095
134.124725
134.207062
Control Period
140.638748
138.505768
134.151550
134.161591
134.248093
138.709732
135.342743
Control Period
137.508987
134.133698
134.177704
134.035614
137.187134
138.257111
135.544510
134.040222
Control Period
134.053925
134.086014
137.003418
137.903717
138.217316
138.519394
137.494873
135.069183
Control Period
134.169601
134.085312
134.230682
136.785248
138.478271
138.820312
138.973434
Control Period
138.843964
138.221863
138.394592
138.254593
138.204376
134.680359
136.714020
Control Period
141.469284
138.983490
138.743713
138.282684
138.010681
138.748032
138.453949
138.616974
Control Period
134.335388
134.122070
134.133957
134.729065
137.448517
138.100555
138.241791
Control Period
138.865204
135.234207
134.245667
134.268066
134.201782
134.162750
136.224823
Control Period
138.360138
138.439362
138.299515
138.334106
135.030014
134.135925
134.192566
138.527161
Control Period
134.244766
137.488419
138.901596
138.911652
138.429077
134.090881
134.200073
Control Period
138.228165
137.837509
134.237579
134.208984
139.037537
138.592194
138.609406
Control Period
134.807419
138.373856
138.780884
134.309448
135.706390
138.855286
134.191895
134.193268
Control Period
140.454880
138.289673
134.158936
138.595093
138.616928
134.578430
135.750153
138.279907
Control Period
142.684326
134.306854
138.983459
138.590454
135.928741
134.243454
Control Period
138.759583
138.359619
138.422729
137.386566
134.351837
138.359192
138.964294
136.411957
Control Period
137.710754
136.962784
138.395523
138.409210
134.338043
137.624832
138.357422
Control Period
142.739838
136.863861
134.579590
138.664185
138.925659
134.386169
138.333984
138.405914
Control Period
138.806778
138.775177
134.869186
138.158813
138.257019
135.356232
138.869247
Control Period
138.406372
137.133057
138.439743
138.616577
134.258118
138.639435
135.262268
Control Period
135.763550
138.296295
135.562775
138.939209
138.398621
134.283386
138.717575
Control Period
142.576477
138.630219
138.994293
135.253113
138.665756
136.512726
Control Period
138.319931
138.568298
139.178940
134.627518
138.898849
137.549896
138.884491
136.867935
Control Period
137.742950
138.480011
135.945160
138.251038
138.590210
135.549591
Control Period
138.884918
138.469055
139.062744
138.357117
139.251068
138.515106
138.995041
Control Period
138.996094
138.476013
138.181366
138.406403
138.428925
134.718323
138.649475
138.738007
Control Period
138.313934
138.469727
138.636841
136.613220
138.490631
135.549896
137.663910
138.714142
Control Period
138.554169
137.593781
138.428436
138.756012
137.874573
138.517303
138.660767
Control Period
138.834229
138.587708
136.461365
137.585342
138.738770
136.210968
136.983109
Control Period
142.297119
135.892227
137.813019
138.811768
135.390778
138.559784
138.687012
138.128830
Control Period
138.588165
138.498047
138.555450
138.573029
138.291351
138.482452
139.007324
Control Period
137.850281
138.706024
138.367065
139.025848
138.421234
137.990082
138.601929
Control Period
138.402344
136.732727
137.217957
138.119263
135.907623
137.464264
138.022858
Control Period
138.439972
138.486053
136.561676
136.857758
138.839584
138.840790
134.856125
Control Period
142.977783
137.384186
138.626007
139.057892
134.557983
138.748962
138.184967
137.868164
Control Period
138.404327
138.211914
135.255905
138.207611
138.598938
137.774231
138.424316
Control Period
137.410339
137.725372
138.524506
138.364410
139.041855
138.770721
138.566879
Control Period
141.611237
138.315735
136.774338
138.543396
137.328766
137.824982
138.311798
Control Period
138.832794
138.443329
138.196442
137.071381
136.413727
138.290680
138.367096
137.443680
Control Period
142.638718
138.590530
138.634079
138.721100
138.065918
135.774399
138.553986
Control Period
138.586792
138.457397
138.523987
137.728516
138.384415
136.929443
137.003677
138.442429
Control Period
137.802490
138.266083
138.680862
135.610870
138.823807
138.333557
138.123444
Control Period
142.582733
137.537720
135.840485
138.578522
138.365845
134.925079
138.009857
Control Period
140.016357
137.387146
138.312378
138.659134
138.383423
138.552032
136.863403
138.520844
Control Period
138.595764
137.584930
138.391266
138.442596
137.286133
138.258972
138.314758
Control Period
138.473236
138.145630
136.686752
137.315063
138.674805
134.420670
138.639679
Control Period
142.431290
134.216385
138.593689
138.278336
135.156097
138.779678
138.635193
137.266296
Control Period
138.701218
138.434723
137.849548
138.437027
134.871094
138.768860
Control Period
136.976288
135.784286
138.673248
137.354584
136.470215
138.270660
136.261505
138.241211
Control Period
138.771576
137.770370
138.564484
138.518921
135.769012
138.638184
138.466690
Control Period
142.311234
138.615585
134.299591
138.752441
138.593185
137.331070
138.662231
Control Period
139.373993
138.630371
138.549606
134.338974
138.380005
138.373184
138.710144
Control Period
143.011581
135.484833
138.518707
138.723969
134.221466
138.343262
138.546326
138.437698
134.258392
Control Period
138.180573
138.553192
139.035355
135.776993
138.465607
138.734741
Control Period
138.594910
138.688965
139.019073
136.692902
138.424194
138.520569
137.826401
138.925919
Control Period
138.704407
138.541702
138.567169
137.109833
138.583298
138.834869
137.889160
Control Period
141.986206
138.816071
135.540924
138.406311
138.459778
134.503143
138.522369
Control Period
139.454727
138.189850
138.460419
139.059174
138.661469
138.426788
136.643265
Control Period
138.708099
134.222015
138.540070
137.945343
135.998947
138.270462
136.052155
Control Period
139.043304
138.576385
138.349442
138.372772
136.373444
138.286804
136.168518
Control Period
137.436127
138.596863
138.757507
135.241608
138.726837
136.191071
136.986725
Control Period
142.383072
138.560959
135.058380
138.564514
138.361435
136.894974
136.560638
138.181335
138.623291
Control Period
138.651611
138.614334
134.165115
138.501953
138.285309
135.902985
137.739365
Control Period
136.926910
138.716156
138.947449
138.089661
138.459808
138.755966
Control Period
138.361694
138.452820
137.862854
138.295013
138.279755
134.198151
139.038620
Control Period
138.474564
138.824417
138.690018
134.864700
138.684158
139.200714
138.006989
136.273224
Control Period
137.435745
137.657532
138.362518
138.445068
135.214142
138.827362
138.663513
Control Period
138.563324
138.545593
138.174881
138.602966
138.662659
138.414429
138.266937
Control Period
139.394531
138.631622
138.731689
138.186554
134.360870
138.318237
138.638245
Control Period
139.188873
138.179016
138.868713
138.829315
136.970428
137.111450
138.535263
138.432953
Control Period
138.415741
138.045319
136.700836
138.321045
138.019501
136.535492
138.654144
Control Period
137.615585
137.731384
138.505493
138.574554
138.478653
137.911926
138.421875
138.649017
138.145248
Control Period
138.485535
134.119965
138.957504
138.455170
138.721695
137.201508
138.647293
138.545715
Control Period
138.711136
138.653442
134.374207
138.810486
138.745377
138.906677
138.603424
Control Period
138.392899
138.671265
138.532837
137.539703
138.766846
138.353516
138.223038
Control Period
138.532501
135.736633
138.870453
138.629608
138.319519
138.317154
134.308487
138.747559
Control Period
138.572601
138.337433
136.060455
138.606964
134.800507
138.201874
138.469376
Control Period
140.490494
138.604309
135.709183
137.679871
138.498230
138.339081
139.055420
Control Period
138.274460
133.955078
138.371460
136.554306
138.642624
138.852264
138.456192
138.260544
Control Period
138.277924
134.316681
138.141510
138.140259
138.705978
138.643936
137.330750
Control Period
139.651550
137.281631
138.171265
138.452789
138.708420
138.553757
135.340424
138.518112
Control Period
138.583939
138.662537
138.250885
138.283966
138.414764
134.058975
Control Period
138.401154
138.650787
138.157791
138.322754
138.293549
134.348389
138.292969
138.702423
Control Period
137.737564
138.277466
138.481506
135.290909
138.753510
137.686081
138.447418
Control Period
138.555603
138.667068
138.005524
138.603836
138.463104
138.543365
138.710236
Control Period
137.701996
135.940552
138.550781
136.043076
138.336792
138.291595
137.533051
138.534790
Control Period
138.435455
137.784760
135.195618
138.714432
137.790405
138.991837
139.016251
Control Period
137.644806
136.949509
138.743317
134.155334
138.636810
137.664383
135.713440
138.712357
Control Period
138.570953
134.233215
138.567078
138.526520
135.462784
138.136383
134.683105
Control Period
138.564056
138.262268
137.674561
138.369919
137.595642
135.559418
134.223328
Control Period
140.606873
150.653595
150.658020
150.639191
151.522980
150.644928
