80
60.0585
63.5592
65.6865
65.3454
64.6351
64.9704
65.0504
64.3087
64.6996
64.6759
64.247
65.8332
64.8759
64.1482
64.2529
65.0079
63.8151
63.8888
65.4914
64.9807
64.444
64.6162
64.3528
63.8155
63.2601
65.0002
65.6738
65.2413
65.3611
64.9613
64.2541
64.8711
63.8553
64.5047
64.8179
64.3612
64.5939
65.1607
64.2723
63.9492
64.9764
64.0189
65.1969
63.2279
64.5219
64.8013
65.237
64.607
64.8419
64.3475
64.65
65.2872
64.8989
65.1415
64.9613
64.9258
63.5416
64.4717
65.941
65.1436
64.6511
64.8537
65.4277
64.3436
64.3592
64.1497
64.5065
65.5604
64.6707
64.9708
64.291
64.4626
63.8026
64.3853
64.2692
64.3329
65.0872
65.4803
65.221
64.1759
63.965
63.8689
65.2223
64.4472
64.3062
64.6632
63.8478
64.2177
64.8441
65.2539
64.6989
63.7482
64.0324
64.3936
64.55
65.1652
64.4613
64.9841
64.7554
64.7111
64.7896
64.9074
63.858
64.3754
64.3679
64.1386
65.962
64.6897
66.0924
63.8541
64.3849
65.0548
64.7426
