874.866
-95.5864
-250.133
-112.367
14.2002
-86.0669
-51.5
115.067
-30
-30.1035
-23.2666
-115.933
56.7998
71.2412
3.9668
-20.0669
95.1035
25.6665
-154.033
12.8335
72.9668
-42.7334
-16.207
33.7998
159.645
-102.035
-111.133
-78.5
-51.4829
51
89.2412
-78.1665
91.6665
78.8335
-73.2334
-12.7588
78.5332
-75.2759
-19.3999
42.1333
9.62061
-2.2666
-20.0332
129.759
-33.1665
-35.1001
-116.333
65.7666
50.1035
12.7334
-47.9668
-29.8667
22.3667
-121.448
22.0332
-45.6895
191.067
0.733398
-173.241
-11.5
27.9668
-56.8335
-59.0347
108.167
77.2666
31.8335
52.6553
-98.6001
55
-110.724
41.4331
44.7998
-9.10352
65.6333
72.3667
-5.41357
-82.1001
-85.3794
-33.2002
85.793
-21.7002
30.2666
-48.8999
23.3999
8.34473
3.2666
31.7998
-24.2998
-51.2002
-40.1001
-3.2998
151.867
15.5171
-7
-13.8335
-57.2002
2.6001
-11.4136
-33.9033
19.5171
-76.1665
10.5332
90.2412
94.0332
11.5
23
-180.633
41.1001
-166.689
190.1
91.3105
-29.2666
-20.4331
35.8623
