160
127.488
126.471
126.715
127.931
127.742
128.335
128.841
127.338
127.438
128.255
129.914
128.386
128.994
128.25
128.189
128.716
127.877
128.026
128.777
128.369
128.253
128.913
128.756
129.557
128.346
127.592
127.725
129.202
129.801
129.959
128.606
130.104
128.973
126.687
128.445
128.817
127.062
127.839
129.681
128.893
127.006
129.106
129.055
127.79
127.818
127.867
128.211
128.118
128.605
128.573
128.272
126.73
126.949
128.585
128.729
129.682
128.076
128.07
129.494
129.135
129.539
129.662
129.548
128.828
128.796
128.303
127.166
128.033
128.021
130.556
129.35
128.5
129.984
127.314
128.084
127.809
128.305
127.927
128.329
128.115
128.928
128.752
129.398
128.853
128.324
128.062
128.64
129.716
128.048
128.244
128.612
127.89
128.645
127.896
128.296
128.872
130.085
127.256
129.095
128.498
129.82
129.31
128.835
128.782
128.139
127.524
128.383
128.587
129.184
128.327
126.329
127.136
127.693
