60.199936
59.927040
59.878689
59.919838
59.897312
59.910721
59.895679
59.892128
59.893982
59.878754
59.874687
59.884735
59.896866
59.884544
59.886559
59.912003
59.889248
59.885185
59.906113
59.935551
59.936768
59.931328
59.917183
59.896160
59.896446
59.868416
59.880737
59.909027
Control Period
57.142078
59.841087
55.732960
57.315296
57.208801
57.259617
59.434048
Control Period
59.921249
57.558273
57.104958
55.477055
56.161217
55.585442
58.296898
58.825279
55.670815
59.374241
Control Period
56.986752
55.732033
55.894753
59.897472
56.675648
59.278275
59.039360
57.403267
59.886848
Control Period
57.394974
57.394176
59.873119
59.907394
55.929123
59.343521
59.878654
58.109791
Control Period
56.502686
59.904320
59.901566
56.099422
58.406654
59.915134
58.794754
Control Period
56.996544
58.185120
56.576801
55.786880
59.878403
59.927841
59.899200
59.908577
Control Period
59.927135
59.903969
59.928223
55.830814
59.884514
59.904575
59.913918
59.912575
Control Period
59.899361
59.909439
59.903549
59.902206
58.237663
57.590847
59.937950
59.203808
58.022976
Control Period
59.918365
59.914658
56.037983
56.618591
58.270817
59.912254
59.916641
59.902206
Control Period
59.900127
55.971901
59.939102
59.896671
59.959969
59.415710
58.275681
59.615135
57.101631
56.245216
Control Period
56.295425
59.894974
59.909119
59.903233
59.902115
58.485634
56.766144
59.419868
57.277729
Control Period
59.919552
56.058754
59.906849
59.893059
59.905697
59.919647
55.756065
59.919712
Control Period
59.915104
59.888222
59.911613
56.123329
59.909630
59.917282
59.732254
59.879906
59.930656
Control Period
59.919327
59.928192
59.910431
59.916225
59.867519
59.906849
59.913727
59.910400
Control Period
59.899521
57.734337
56.455170
56.003517
56.931328
59.910110
59.872002
59.900192
56.619808
59.891357
Control Period
59.902466
59.883682
59.888962
59.900799
59.923904
59.905952
59.922371
59.901665
Control Period
59.875969
55.778080
59.917248
59.903358
56.976543
58.433022
59.667168
55.413857
59.921661
Control Period
59.896255
58.577568
55.587074
59.922337
58.156319
57.474014
59.905441
56.635010
Control Period
59.898781
59.916351
56.572350
55.743359
59.909790
59.895103
59.910496
59.893150
59.894783
Control Period
59.893440
59.923134
59.904575
59.907234
55.946785
56.504829
57.654816
Control Period
59.885757
55.650398
56.720673
59.926880
59.902977
59.888641
59.222366
56.344353
59.023968
59.942623
Control Period
59.876129
58.297600
59.869598
59.896767
59.887520
59.886589
59.918175
59.891426
Control Period
59.899330
55.581955
56.176289
58.149345
59.875137
59.926590
59.905502
59.889153
Control Period
59.893280
58.620834
59.886398
59.920639
56.524925
55.939327
57.289566
55.943069
59.903229
Control Period
59.938976
58.628189
59.501823
56.417854
59.920738
55.953247
56.029217
59.915390
57.184193
Control Period
59.926239
59.919106
59.474045
56.419266
59.901054
59.905312
58.156513
56.945312
57.927616
Control Period
59.924446
59.917213
59.902657
59.901024
59.880959
58.262497
57.203842
58.518173
59.934113
Control Period
59.906849
59.928864
59.907166
59.913792
55.866592
59.905663
59.913345
57.417728
59.887970
57.049248
Control Period
59.898338
56.296513
59.898689
59.915295
56.019234
59.924866
55.800926
59.901474
Control Period
59.914719
59.897984
59.903393
59.923935
59.924706
59.927425
59.897156
59.898785
56.217316
Control Period
59.918015
59.903008
59.933247
59.894016
59.240864
57.557407
55.952385
59.429886
55.683006
Control Period
59.893311
59.904415
59.885315
59.905472
59.889633
59.912163
59.363907
59.902466
59.908192
Control Period
59.902275
58.773632
59.922688
59.922783
59.906883
59.923744
59.918274
59.910110
59.898785
Control Period
59.898624
59.746464
59.919521
59.915936
58.901695
56.823616
59.905983
59.962082
57.725536
57.641216
Control Period
59.937859
59.915775
59.890911
59.920990
59.912674
59.917408
59.929123
59.943550
Control Period
59.941666
57.822815
56.283615
59.933407
60.027328
59.905888
59.916512
59.913792
Control Period
59.913086
59.922371
59.909889
55.726974
59.972672
59.919231
59.926720
57.430115
56.521088
Control Period
57.791935
56.360641
57.306465
59.261055
59.935104
59.952576
59.895615
59.918720
59.886944
Control Period
59.897598
59.566177
57.051262
58.048706
59.330910
59.891617
59.903679
Control Period
59.893570
58.917439
59.917854
59.047359
59.902847
59.869438
59.943649
59.901505
59.894653
Control Period
59.888382
59.915779
59.900543
59.880127
59.894943
59.907425
58.236099
56.219231
Control Period
56.047264
55.869598
55.894272
57.704445
56.081184
56.444130
58.164803
59.521790
57.919556
Control Period
59.910179
59.917854
59.904419
59.916862
59.912415
59.928162
59.905731
59.912926
59.884254
Control Period
59.928288
59.909378
56.667938
59.922623
57.696831
57.984127
59.935966
55.555584
59.914398
Control Period
59.932896
58.921535
56.155296
59.898941
59.916962
56.203423
58.565948
Control Period
59.904610
59.945408
59.917953
59.249184
59.647102
57.586594
58.018112
59.917183
59.904320
Control Period
59.913055
57.767616
57.015198
59.919136
59.921059
59.918304
57.403679
58.444321
Control Period
59.911041
56.431072
57.590015
56.287933
57.824959
57.022461
57.592960
55.981567
57.607010
Control Period
59.928928
59.879074
55.924995
59.936066
59.927776
59.911808
58.999710
57.016899
58.243073
Control Period
59.910240
58.987137
59.929634
59.933472
57.474400
55.919777
59.120064
59.933056
59.926945
Control Period
59.925598
59.932449
59.913536
59.905022
59.909027
59.926750
59.906654
59.938591
Control Period
59.907486
59.907455
59.905251
59.905407
58.284195
59.886078
59.897057
Control Period
59.890945
59.887070
59.904800
59.028511
57.174751
59.572960
59.903488
59.891197
59.943710
59.911133
Control Period
59.908707
58.900162
59.902557
59.919487
57.864384
59.916031
59.903423
55.773823
Control Period
59.910110
59.860962
59.902977
59.911232
57.310112
59.948383
59.899296
59.897438
Control Period
59.897087
59.907715
59.904896
59.900097
56.934654
59.902718
59.919075
Control Period
59.918880
59.915649
59.911774
56.079102
55.858017
59.918015
59.913437
59.909790
57.109119
Control Period
58.234718
56.495167
56.286018
58.402878
59.928322
59.922653
56.220928
55.848450
56.956161
Control Period
59.913757
59.894081
59.898659
59.163681
56.389282
59.913666
59.953407
57.877182
59.972061
59.917282
Control Period
59.915459
59.933571
59.914238
59.900383
59.941406
59.939583
56.919838
59.937439
Control Period
55.758560
59.912254
59.933056
59.925949
59.537567
59.916351
59.908257
59.897121
58.609760
59.911743
Control Period
59.912094
59.915775
59.899742
59.916382
59.887939
59.905087
59.911808
59.941761
59.928001
Control Period
59.934368
59.915169
59.904991
59.928963
59.902431
59.920544
59.899872
59.903107
59.908993
Control Period
59.916573
56.712387
59.921440
59.911102
57.639198
59.908157
59.915104
57.581215
Control Period
59.910690
59.898499
59.945023
59.923164
59.923775
59.911297
59.917568
59.902206
59.926720
Control Period
59.881790
59.880989
59.875549
59.940128
59.912766
Control Period
59.912865
55.662109
56.041023
59.912125
59.927773
59.927711
59.892670
59.918755
56.608002
Control Period
55.775009
59.900288
59.902046
59.900803
59.933056
59.932159
55.773727
59.916096
55.891712
Control Period
59.897408
59.898911
58.563969
59.888290
59.873215
58.133858
55.608959
57.359936
56.081600
Control Period
59.900162
59.898464
59.886658
59.688480
59.857185
59.897919
59.903999
58.040192
59.912094
Control Period
59.920288
59.906368
56.627937
58.771614
59.895073
59.906013
59.913826
59.886337
Control Period
56.015648
56.474174
57.773346
59.267361
59.886528
59.887970
59.898979
59.911457
59.912895
Control Period
59.905792
59.877247
57.941185
59.347969
59.915009
59.924606
59.953953
59.911617
Control Period
55.749023
56.676605
59.070206
59.875904
59.886593
58.542915
56.472321
55.878208
Control Period
59.928032
59.910370
56.864449
59.901566
59.907074
56.894333
59.892578
57.710239
58.232735
Control Period
59.905022
55.771362
59.921345
59.429729
55.841888
59.943905
59.115681
57.049664
Control Period
59.900639
58.200958
59.918434
59.883648
59.905632
59.900833
59.307968
57.781185
Control Period
59.918625
59.901566
55.582817
59.895809
59.921505
59.895809
59.921440
59.908638
59.884224
Control Period
59.398880
59.906334
59.891006
59.905312
59.895809
59.888000
57.729984
59.890625
Control Period
59.894432
59.900803
59.916130
59.902527
59.909058
59.909218
59.871201
56.249760
Control Period
59.886749
59.872482
59.919106
59.880032
59.906754
59.896992
59.908157
59.830429
57.292191
Control Period
59.884480
55.479584
56.900288
55.820190
56.551102
55.587997
56.341629
59.917923
59.890911
59.883842
Control Period
59.905502
59.919392
59.924992
59.910240
55.938816
59.914337
59.886433
59.909790
Control Period
59.900352
59.690178
59.920033
59.924095
59.905537
59.909504
59.931072
59.913666
59.905762
Control Period
59.915421
59.898911
55.898560
59.882721
59.921951
59.895393
59.912193
Control Period
59.896866
59.642754
57.756477
56.061821
59.909119
59.888130
59.903358
59.907104
58.074368
Control Period
59.888062
57.689121
55.802528
55.933411
57.280769
59.585472
59.891075
59.895363
59.896446
Control Period
59.902592
59.883137
59.484127
59.927650
59.909664
59.903969
59.882111
59.892895
59.883362
Control Period
59.904640
59.882816
59.900448
59.911522
59.885757
56.715042
59.912865
59.894142
59.909184
Control Period
59.881184
59.884926
59.893631
59.894272
59.886238
59.891838
59.906082
59.899582
Control Period
59.215965
59.874687
58.849762
59.890434
59.865891
56.826366
59.866241
59.892830
Control Period
59.871422
59.512703
55.762272
57.051231
59.880577
59.896545
59.875328
55.793056
Control Period
56.482658
59.916061
59.903488
59.894241
59.916451
56.174656
59.935204
59.904289
59.904896
56.200127
Control Period
57.687424
57.687325
59.184032
59.919998
59.920193
56.860031
59.902912
55.933281
Control Period
59.862049
55.918755
56.367775
59.907104
59.881088
59.926880
59.934402
55.944576
55.955070
Control Period
59.892258
59.903328
59.015808
56.905571
59.399231
57.520958
55.595551
56.515968
56.008797
Control Period
59.896286
59.896927
59.961601
59.900032
59.910591
59.893471
59.935585
59.899616
59.939457
Control Period
59.893215
59.894051
58.585602
57.657696
55.374401
57.144958
59.195263
59.925667
59.925919
Control Period
59.917408
59.921341
57.358879
57.676094
59.893631
59.914593
59.929279
59.914017
Control Period
58.547424
59.313278
59.704674
59.909248
59.891136
59.893890
58.054146
57.029568
56.778591
Control Period
59.900192
59.918976
59.915138
55.842751
59.907967
59.897728
55.970818
59.930431
59.919426
59.902878
Control Period
59.911167
59.913345
59.932480
59.105312
59.934334
59.906082
59.929920
Control Period
59.933731
56.402687
57.122658
55.739647
57.361725
58.834305
57.791969
55.713760
56.577888
Control Period
59.907745
55.792416
59.265694
59.943394
58.522751
56.170494
59.915489
59.921089
56.988510
Control Period
58.519005
59.899361
56.238590
59.902657
59.914177
56.462208
58.882370
59.920158
55.925858
Control Period
56.673698
55.522690
59.886528
55.640640
59.237183
59.900642
56.042015
Control Period
59.888863
56.073601
59.882912
59.883713
59.889568
59.899902
56.815681
57.720802
59.901215
Control Period
59.895454
59.877533
59.909088
59.882145
59.890305
57.240479
55.914238
55.766880
Control Period
59.888256
59.908607
57.044769
59.886719
58.971073
59.906654
59.920128
59.908447
Control Period
59.880417
59.866051
59.900192
59.883232
59.879776
59.883904
59.898464
59.886269
59.893024
Control Period
55.582466
59.035744
59.880959
59.888161
55.659615
59.356094
59.897858
58.605312
Control Period
56.528610
59.539104
59.901985
59.913185
56.896671
55.244896
59.048702
59.868607
Control Period
59.894848
59.866302
59.897537
59.894688
59.913506
57.720383
59.631042
59.879009
59.891838
Control Period
59.849281
59.873566
59.861923
59.837570
59.838333
59.819744
59.851425
59.850273
59.852192
59.871647
59.852448
59.878273
59.845085
59.901505
59.864639
59.875263
59.852512
59.862560
59.867043
59.883743
59.865982
59.879585
59.851200
59.876865
59.848351
59.857632
59.851295
59.908287
59.950722
59.909534
