5714.2
6596.23
6689.17
6644.93
6579.57
6504.3
6619.72
6402
6472.07
6537.17
6441.17
6905.03
6463.53
6433.48
6398.1
6404.33
6402.24
6670.5
6545.63
6410.03
6498.67
6526.63
6465.9
6543.81
6480.33
6433.45
6457.63
6478.1
6524.97
6484.83
6475.7
6554.28
6470.1
6491.1
6574.33
6550.41
6462.2
6408.59
6568.67
6609.43
6469.55
6561.3
6404.27
6442.5
6532.48
6604.17
6426.72
6429.4
6478.93
6503.33
6522.3
6472.28
6520.37
6636.23
6412.1
6538.7
6526.57
6416.83
6387.93
6448.1
6568.21
6680.37
6470.55
6370.7
6497.4
6581.34
6511.8
6556.13
6457.41
6445.43
6506.3
6507.5
6546.07
6481.97
6436.27
6499.73
6444.03
6486.87
6496.37
6563.63
6543.37
6474.73
6510.8
6486.62
6378
6534.45
6673.43
6502.9
6554.13
6545
6401.17
6447.37
6454.57
6495.43
6400.83
6596.93
6517.76
6497.67
6522.33
6485.13
6454.93
6539.1
6500.67
6619
6408.27
6436.24
6527.8
6498.76
6533.5
6501.41
6514.07
6450.14
6436.13
6594.93
6574
