0.723812
0.721832
0.736679
0.728883
0.730774
0.738196
0.737874
0.748654
0.73781
0.735709
0.725886
0.748345
0.749853
0.750674
0.750012
0.745501
0.736661
0.732005
0.735782
0.744196
0.74005
0.745506
0.748159
0.745557
0.744712
0.748804
0.747073
0.737244
0.744662
0.74388
0.734908
0.735763
0.737557
0.742349
0.736985
0.743204
0.725985
0.732608
0.7435
0.735373
0.741604
0.739235
0.748682
0.74667
0.738189
0.738955
0.742485
0.748373
0.744167
0.741302
0.743151
0.743177
0.742884
0.746395
0.748803
0.742408
0.743961
0.748849
0.734991
0.735773
0.727984
0.7282
0.74635
0.746784
0.742827
0.745968
0.748946
0.737587
0.748863
0.73463
0.738613
0.739425
0.739814
0.746215
0.73918
0.74162
0.73745
0.725183
0.743191
0.73441
0.736849
0.741483
0.742047
0.745135
0.746898
0.73919
0.747945
0.749135
0.740379
0.749027
0.743276
0.748879
0.744158
0.741571
0.738443
0.734026
0.73467
0.726163
0.733917
0.742047
0.737227
0.73831
0.743122
0.741404
0.743167
0.744023
0.730407
0.742058
0.744494
0.741581
0.739658
0.742435
0.739642
0.748923
0
