0.70905
0.71979
0.711722
0.722826
0.729007
0.731007
0.729012
0.734832
0.731415
0.729411
0.732535
0.723841
0.741513
0.743573
0.738964
0.730113
0.730496
0.730398
0.732106
0.730567
0.734895
0.730396
0.726234
0.731536
0.734454
0.731357
0.732381
0.729935
0.723264
0.729616
0.724341
0.734588
0.731433
0.728124
0.725567
0.730603
0.734546
0.732718
0.725257
0.730769
0.734683
0.728961
0.731529
0.730908
0.728787
0.732574
0.73452
0.733096
0.726414
0.726344
0.728791
0.733296
0.731321
0.726621
0.730511
0.729185
0.731384
0.731369
0.731058
0.717829
0.734152
0.726672
0.728646
0.72796
0.729373
0.734363
0.725812
0.732109
0.731452
0.731416
0.723962
0.729663
0.7286
0.728052
0.733667
0.726118
0.726454
0.725959
0.734627
0.720485
0.72311
0.727302
0.725532
0.728303
0.72752
0.73052
0.728843
0.729305
0.734856
0.734393
0.734876
0.729611
0.727933
0.727086
0.727694
0.72533
0.729757
0.73273
0.730041
0.729939
0.728024
0.734515
0.728515
0.729792
0.732438
0.729867
0.728834
0.730678
0.729423
0.726574
0.729678
0.728455
0.735043
0.734708
0.735065
