59.311615
58.593597
58.561249
58.588673
58.642113
58.568962
58.578079
58.586304
58.551487
58.606495
58.534527
58.558846
58.644547
58.609440
58.577629
58.559265
58.581795
58.572449
58.689983
58.568607
58.584480
58.601921
58.564129
58.574173
58.560898
58.617920
58.592831
58.636223
58.599907
58.625923
Control Period
57.821312
57.722176
56.587456
58.651295
57.604576
56.499619
58.746559
57.129375
57.486176
Control Period
58.027679
57.426018
56.831585
56.751266
56.469025
56.573311
56.726654
56.696541
Control Period
57.095581
58.764702
56.646461
58.575966
57.511520
58.322975
58.260483
57.422371
58.873535
57.834686
Control Period
58.640099
57.867966
56.563808
58.404350
58.750656
58.782974
58.756546
58.798370
Control Period
58.819489
57.351681
57.779137
58.770782
58.766724
58.763359
58.788414
58.788960
58.496834
Control Period
58.855648
58.820671
58.738209
58.519936
57.630142
56.862305
57.927650
58.766365
58.767838
58.790432
Control Period
58.804543
58.822079
58.785954
58.739391
58.842529
58.726242
58.781345
Control Period
58.761185
58.758850
58.759262
58.754528
58.763489
56.494591
58.817535
58.754562
58.755039
Control Period
58.742081
57.876381
57.068893
57.697342
58.745537
58.764095
58.761631
58.751007
58.768898
Control Period
58.758110
58.825439
58.777184
58.727646
57.230370
58.765408
58.910496
58.827583
Control Period
58.922974
58.854782
58.752579
57.873505
57.019104
56.673409
56.298401
58.863392
58.797791
Control Period
58.769569
58.756767
58.825760
61.703999
58.776894
58.775459
61.220802
58.800735
58.782562
Control Period
61.389214
58.750336
58.782883
58.737762
58.774429
62.619457
58.794655
58.729568
58.794334
Control Period
61.955551
58.812897
58.746880
58.759171
58.755806
58.745567
58.759842
58.751713
58.766785
Control Period
58.859230
58.757473
58.729408
57.674816
58.751038
58.768288
56.639168
58.762753
58.739552
Control Period
58.850880
57.063744
58.766685
58.728897
57.773376
58.792576
58.758305
58.782879
58.554306
Control Period
58.774017
56.680576
57.715134
58.819424
58.731136
58.763329
58.733345
58.792511
58.754974
Control Period
58.335037
58.776352
58.813919
57.359711
58.782177
58.774368
58.773792
58.744320
58.756706
Control Period
58.768673
58.725216
58.772995
58.785187
56.827488
58.762817
58.748417
58.758499
57.859264
Control Period
58.787647
58.768608
58.811264
58.866879
58.796864
58.764191
58.790943
58.766174
58.772129
Control Period
58.736610
58.764191
57.992863
58.775360
56.562241
58.800735
58.741730
58.787521
58.723713
Control Period
58.788925
58.743233
56.430878
58.760674
58.109825
57.035969
58.774273
57.471519
58.773087
Control Period
58.754463
58.881378
58.805794
58.754974
58.776222
58.750336
56.800926
58.729183
58.232224
58.743073
Control Period
58.837215
58.723457
58.758305
58.758942
58.717857
58.768543
58.767166
58.752930
58.722271
Control Period
58.776257
58.769058
58.764191
58.791870
56.568192
58.846336
58.771263
58.781502
Control Period
58.746338
58.778625
57.297535
58.777504
58.786079
58.785789
58.790016
58.761726
Control Period
58.738014
56.567135
58.814976
58.757278
58.720222
58.776802
58.029022
58.755104
Control Period
58.816544
58.763680
58.715233
57.912033
56.494339
57.617790
58.495262
56.698238
57.237022
Control Period
58.767040
56.471870
58.766014
58.781857
58.764671
58.770912
58.753792
57.484322
58.763168
Control Period
57.326141
57.146976
56.485374
58.012482
58.779457
58.776352
58.747902
58.756416
57.494560
Control Period
58.753376
58.749603
58.757408
58.798973
58.844193
58.834465
58.768032
58.747009
58.727554
58.745155
Control Period
58.837791
58.729088
56.768318
58.724289
58.786144
58.742462
58.784157
Control Period
58.748833
58.760384
58.571201
56.338943
57.263779
58.773407
58.803299
58.739777
58.743999
Control Period
58.746849
58.843231
58.763008
58.263744
56.353630
56.829277
57.623329
58.240990
Control Period
58.775650
58.767426
58.755486
56.364349
58.789791
58.752960
58.777409
58.729183
58.322083
58.734016
Control Period
58.756737
58.747459
58.863777
58.722591
58.788322
58.744801
58.756832
58.758942
Control Period
58.774818
58.755905
58.770302
58.846497
58.778397
58.751747
58.731361
57.669022
Control Period
58.778496
58.795551
58.759487
58.736130
58.320255
57.110687
56.350048
56.598946
58.735619
Control Period
58.811714
58.791424
58.748802
57.886398
58.781696
58.816063
56.428127
58.791904
58.769791
58.789314
Control Period
58.808704
58.793152
58.748161
58.798431
58.744865
58.776733
58.734463
58.776093
58.791458
Control Period
57.746658
58.811775
58.757118
57.794365
58.743454
56.706749
58.817123
58.762146
58.712288
58.779327
Control Period
58.754528
58.762238
58.755394
58.744736
56.526432
58.760960
58.844288
58.773346
58.018303
Control Period
58.777599
56.883774
58.750977
58.733601
58.793503
58.761246
58.791779
58.743263
Control Period
58.800995
58.800415
58.784126
58.785568
57.168861
58.777634
58.757149
58.024162
58.742561
56.388191
Control Period
58.742271
57.475746
58.774498
58.774879
58.732960
58.802910
58.760834
58.783073
58.778786
Control Period
58.777794
58.771584
58.773632
58.785183
58.766304
58.777313
58.672512
58.751232
Control Period
58.786880
58.790688
58.775711
58.806717
58.791870
58.556160
58.736671
57.936798
58.743744
Control Period
58.767166
58.765282
56.822304
58.079201
58.863037
58.776768
57.279198
56.921535
Control Period
58.780449
57.126846
57.713341
58.792030
58.747040
58.825409
58.381729
56.493118
Control Period
58.748161
56.320061
58.759617
58.766174
58.768738
58.780384
56.975136
58.801952
58.809502
Control Period
58.753536
58.884674
57.841347
58.763580
58.748833
58.802818
58.753281
58.761120
Control Period
58.774368
58.738880
58.770752
58.747681
58.778946
56.494530
58.641216
58.832737
58.772285
Control Period
58.746113
56.447586
58.740547
58.780769
58.779903
58.780991
58.701504
56.350945
58.822014
57.599037
57.676804
Control Period
58.758976
58.799393
58.750114
58.743137
56.455585
58.759617
58.819489
58.763329
Control Period
58.769409
57.059616
58.762753
58.782051
57.418049
58.777214
58.790817
58.741535
57.483261
Control Period
58.740608
58.792576
58.783615
58.801407
58.832352
58.769119
57.318272
58.794495
57.763775
Control Period
58.757729
58.757309
56.474880
58.770370
58.776253
58.746304
58.787933
58.750526
58.764450
Control Period
58.745537
57.797470
58.744896
58.803104
57.682560
58.825058
58.793728
Control Period
58.782883
57.766880
56.391232
56.911362
57.781631
58.260605
57.091362
56.424801
Control Period
58.775650
58.737823
58.567905
58.793537
58.787491
58.779808
58.855934
58.559231
Control Period
56.442623
56.498302
57.332031
58.854050
58.728672
58.784225
58.794655
58.768158
58.352928
58.781887
Control Period
58.750240
58.739937
57.180031
58.799583
58.771553
58.775169
58.788704
56.528191
Control Period
58.740417
58.756798
57.275616
58.820415
56.439171
58.755234
58.774979
58.331615
Control Period
58.793633
56.484447
57.256096
58.728512
58.793983
58.766495
58.770210
58.799393
58.755840
58.768639
Control Period
58.775711
58.788734
58.765213
58.792641
58.823997
58.805473
58.768417
58.452511
Control Period
58.769791
58.769218
56.506432
58.789375
58.753120
56.450882
58.811584
58.774689
56.959778
Control Period
58.790558
58.779709
58.763519
58.769409
56.661118
58.786880
58.783680
58.780544
58.815201
58.756798
Control Period
58.785984
58.744576
58.790657
58.776257
58.762466
58.795998
56.698624
58.774879
Control Period
58.816544
58.767071
58.815231
58.798656
58.762688
57.457024
57.689407
58.763710
58.749405
Control Period
56.360222
58.746307
58.735519
58.844128
56.507328
58.291584
58.778496
58.739937
56.249405
Control Period
58.777184
58.562752
58.022621
58.650337
58.752991
58.741249
56.664864
58.812576
Control Period
58.776642
57.532990
58.769470
58.728958
58.006302
58.778847
58.794144
56.398880
58.806046
Control Period
58.776993
58.781921
58.796001
56.409760
58.827072
56.816704
58.746399
58.798592
Control Period
58.787552
58.796417
58.763550
58.817085
58.794975
58.742432
58.080513
58.764381
Control Period
58.752258
56.382816
58.787392
58.768669
58.768066
58.789665
57.246048
56.755806
58.554398
Control Period
58.767872
58.857185
58.774818
56.451359
58.771133
58.755489
56.436317
58.095261
Control Period
58.770622
58.785759
56.397598
57.072830
58.295456
58.804642
57.956543
58.776642
57.811806
Control Period
58.759136
58.770687
58.736511
58.754143
58.801025
58.713821
58.856033
58.727905
Control Period
58.754398
58.483742
57.600929
56.414497
57.428543
56.375904
56.871552
58.091873
Control Period
57.052383
58.771328
58.787647
58.762398
58.880417
58.738274
56.394497
56.774433
56.478176
Control Period
58.791229
56.376705
58.793953
58.759071
58.829155
56.342430
58.803741
58.777054
Control Period
56.502594
58.755554
56.582436
58.778080
57.105667
58.897247
58.766689
58.776222
58.218529
Control Period
58.784096
56.926178
58.790367
58.774944
58.813568
56.468895
58.771454
58.784256
58.804256
Control Period
58.789631
58.805473
57.983810
56.842751
58.783104
58.788734
56.815071
Control Period
58.772896
58.755680
58.788448
58.089344
57.174500
58.543106
58.752193
58.852989
58.244991
Control Period
56.863457
58.801506
57.327934
58.078178
58.833504
58.752705
58.803295
58.800800
58.448799
58.364098
Control Period
57.952991
58.797440
57.367554
58.856354
58.774689
58.759392
58.787521
58.772636
58.800514
56.575073
Control Period
58.776962
58.796989
56.396927
58.810623
58.816673
58.776096
58.777088
58.729790
58.756477
58.855808
Control Period
58.750626
58.788223
58.767998
58.792061
58.765312
58.785118
58.592865
58.738594
58.781921
Control Period
58.880478
58.784515
58.774273
58.756065
58.772480
58.785469
58.772064
58.795296
58.774750
Control Period
58.881599
58.663391
58.803776
57.901955
58.790947
58.424671
58.744064
56.335007
Control Period
58.781696
58.781857
56.517761
58.772385
58.748703
56.748703
58.744480
58.781857
Control Period
58.748383
58.795326
56.490974
58.696575
58.767036
58.784637
58.858658
57.812866
56.547264
Control Period
58.796417
57.509949
58.754753
58.750015
58.771744
56.710205
57.921982
Control Period
58.750336
57.933441
57.386429
58.001663
58.769058
58.778786
58.229218
57.176514
57.316158
Control Period
58.760254
57.935555
56.476097
58.750366
58.777153
58.817795
58.770912
58.756256
58.814816
Control Period
58.752224
58.766048
58.764896
58.750751
58.806435
58.733437
58.775009
57.401920
Control Period
58.739746
58.746113
57.809792
56.820541
58.875584
58.754208
58.800610
58.679840
Control Period
58.808960
58.730049
58.808384
58.787010
56.395485
58.870819
58.772255
58.616478
57.766975
Control Period
56.533730
58.757824
58.752254
58.769024
57.357632
58.762081
58.760929
58.768993
Control Period
58.765919
58.818081
58.781441
58.753250
58.772736
58.650177
58.772446
58.742943
58.785858
Control Period
58.771202
56.296032
58.780769
58.777119
58.783165
58.801407
56.768032
58.794785
58.757984
Control Period
58.774940
58.769024
58.800674
58.830975
58.767136
56.504829
58.778912
56.990498
58.857311
58.759007
Control Period
58.747650
58.745346
58.770813
58.734116
57.157120
58.777409
58.769859
58.837341
58.815903
Control Period
58.758305
58.765503
56.592995
58.831230
58.771233
57.912895
58.723518
58.759171
Control Period
58.720734
56.447166
57.253471
58.424480
58.835266
58.749313
58.775391
58.799713
58.755264
Control Period
58.846146
58.790081
58.812256
56.919968
57.937984
58.768929
58.791840
58.766785
Control Period
58.739136
58.847393
58.754654
58.784706
57.232895
56.979935
58.783134
58.708641
Control Period
56.505821
58.755711
58.755806
57.911552
58.562141
58.755394
58.817856
56.301346
58.767998
Control Period
57.619202
58.766335
58.958015
58.817184
58.731010
56.324352
58.753250
58.785889
58.612640
58.237122
Control Period
58.760639
57.636642
58.852001
58.742146
58.159904
58.797535
57.025314
58.779713
Control Period
58.780354
58.770622
58.774979
58.803261
58.767967
58.864578
58.833282
58.856094
Control Period
58.754658
58.762688
58.793282
58.782944
58.760319
58.759392
58.779266
58.824318
58.772926
Control Period
58.805214
58.455872
58.455299
58.473057
58.429184
58.468769
58.464287
58.465473
58.447426
58.443138
58.445312
Control Period
58.459808
58.451519
58.445312
58.455521
58.442272
58.457600
58.436829
58.460609
58.447586
58.461250
58.455101
58.454208
58.468288
58.455521
58.450527
58.474045
58.444290
58.465183
