0.724011
0.755865
0.756603
0.757069
0.757447
0.757846
0.757891
0.758113
0.758249
0.758117
0.758059
0.757814
0.757697
0.757476
0.757577
0.757198
0.757178
0.757179
0.756785
0.756574
0.756489
0.756118
0.756198
0.755877
0.755698
0.75548
0.755351
0.755255
0.755193
0.754937
0.754724
0.754674
0.754265
0.754175
0.75417
0.754157
0.753901
0.753901
0.753737
0.75369
0.753648
0.753524
0.753376
0.753307
0.753391
0.753192
0.752943
0.752833
0.752864
0.752833
0.752643
0.752584
0.752427
0.752616
0.752676
0.752372
0.752234
0.752014
0.752187
0.751856
0.75184
0.751642
0.7517
0.751567
0.751576
0.751486
0.751517
0.751627
0.75155
0.7515
0.751657
0.751466
0.751579
0.751538
0.751433
0.75143
0.751314
0.751307
0.751181
0.751177
0.751183
0.751128
0.750956
0.750921
0.750943
0.750975
0.75089
0.750953
0.75089
0.750782
0.750787
0.750574
0.750815
0.750818
0.750904
0.750772
0.750779
0.750725
0.750532
0.750716
0.750648
0.750565
0.750606
0.750583
0.750413
0.750395
0.750385
0.750505
0.750537
0.750317
0.750592
0.750391
0.750538
0.750361
0.750545
