61.437950
71.619583
71.655426
71.619583
71.613441
78.325760
75.761665
75.754501
75.747330
75.749374
75.751419
75.774979
75.821060
75.814911
75.795456
75.903999
75.824127
75.859970
75.834366
75.815933
75.810822
75.828224
75.833344
75.810814
75.822083
75.816956
75.830276
75.805695
75.814911
75.821060
75.825150
75.834366
75.817986
75.823105
75.819008
75.806717
75.813889
75.826172
75.811844
75.813889
75.826172
75.840515
75.819008
75.829247
75.846657
75.833344
75.838463
75.822083
75.829247
75.822083
75.850754
75.811844
75.820038
75.815933
Control Period
49.842178
45.954048
45.954048
45.955070
45.956093
48.405502
71.957504
57.399292
45.962242
Control Period
45.962242
45.957123
45.958145
45.956097
Control Period
45.963264
45.963264
45.960190
Control Period
45.965313
45.962242
45.967361
Control Period
45.963264
45.965313
Control Period
45.966335
45.966335
Control Period
45.977470
45.972481
72.351746
