-655.652
-931.3
-508.067
-182.311
-77.3105
-91.5
40.3667
-28.793
60.8276
-26.7588
-117.367
89.6553
11.5171
-20.2666
-225.035
-112.067
78.3105
183.333
58.0688
-2.3335
-112.414
3.5332
24.7241
58.3335
-72.2412
-35.1035
62.0669
23.9312
6.3335
-30.7334
16.2412
18.4136
30.4331
20.3447
11.2002
-67.8335
-104.241
23.0347
44.2666
49.9331
13.9312
54.0332
-78.5332
-35.4482
25.0332
-43.0688
28.6665
12.4829
15
192.138
-18.6001
-35.5171
-140.276
-4.6001
99.7241
-137.4
-0.399902
10.3105
60.8623
33.7334
-24.5
19.5518
-9.6333
95.2412
88.7334
-107.483
-15.1001
-44.9653
-30.1001
63.3794
-33.8276
-32.1333
10.8623
-102.586
-31
89.207
49.0332
10.7241
-83.4331
-20.2759
-4.58643
31
23.4829
72.8999
-11.8965
-21.5332
-91.6553
17.7998
31.5864
3.6665
-30.7588
-24.4829
43.2666
22.6001
12.7241
-3.51709
-82.8965
108.067
20.8335
-76.0347
118.033
0.034668
-62.7666
36.6333
64.1035
5.31055
8.93311
-51.8999
-102.896
-95.5
20.7334
20.6895
-76.6553
49.4331
