918
918
918
884.438
836.391
810.218
800.908
796.953
792.265
794.388
792.889
796.021
794.636
788.572
793.222
793.818
792.763
781.116
775.345
779.402
788.902
791.898
791.759
785.934
786.122
787.392
790.41
786.661
784.855
788.071
789.318
789.644
788.044
788.892
789.853
791.424
792.483
793.043
789.529
784.141
785.344
787.632
790.215
790.941
793.727
789.656
787.831
789.125
786.883
788.378
789.032
789.797
799.743
798.76
796.909
789.663
789.434
794.593
787.485
787.469
787.469
788.002
791.153
792.892
791.633
792.638
792.145
797.076
801.65
796.089
795.299
792.979
791.432
794.705
792.952
791.287
791.854
786.564
784.967
789.574
792.113
792.665
788.334
787.293
787.066
788.683
789.887
793.666
793.047
791.922
787.189
788.095
789.743
789.933
788.339
787.081
789.329
790.495
791.149
790.956
786.67
792.247
793.334
789.398
795.505
795.509
792.247
794.155
797.463
797.726
798.188
795.499
790.176
785.239
786.326
787.409
783.429
785.996
