60
77.6669
88.8013
94.0667
95.6834
94.5269
94.5059
95.1431
94.8161
95.8406
94.3073
94.9283
94.457
93.8203
94.909
94.8442
94.8953
94.9933
95.2134
94.8573
95.8119
95.7491
95.1825
94.3815
94.5395
95.2819
95.8442
94.3741
94.9635
95.0997
94.5001
94.6812
95.335
95.1315
96.3215
94.785
95.1187
95.45
94.8829
93.4549
93.7182
94.4141
94.9432
95.7878
94.6906
94.3244
94.5645
95.4712
95.1877
94.2761
95.0863
95.3746
94.9452
95.2801
94.5158
93.6685
93.9811
94.5602
95.04
94.0936
94.346
94.3181
94.3952
94.7911
94.5606
95.9049
94.3715
95.1257
94.9583
94.3796
94.5725
95.0372
93.7133
94.6685
94.6336
94.828
95.2913
95.7448
95.7478
95.6355
96.4576
96.7385
95.657
95.3618
95.6702
95.7281
95.5108
94.7903
95.8307
96.1024
96.1655
95.0147
96.1345
93.9332
93.6257
94.4266
94.6588
94.4839
95.1632
95.605
95.4288
95.8643
95.2987
95.291
95.468
94.8445
94.9507
95.2348
94.6478
95.8651
96.0095
95.4033
95.4338
94.4728
