0.724566
0.744555
0.706195
0.71881
0.698576
0.713869
0.709942
0.701349
0.701427
0.696676
0.70029
0.703802
0.699688
0.698931
0.698002
0.689084
0.705957
0.701061
0.706812
0.696305
0.695513
0.696889
0.702749
0.696943
0.709364
0.692081
0.7003
0.700758
0.698095
0.717941
0.69867
0.688186
0.699269
0.683203
0.716748
0.700887
0.71125
0.690709
0.717045
0.69128
0.690774
0.708308
0.686334
0.708191
0.702612
0.69912
0.688074
0.70393
0.708051
0.691013
0.710374
0.704765
0.687808
0.708644
0.698129
0.699564
0.694798
0.69598
0.717011
0.693207
0.698476
0.693427
0.702966
0.701128
0.687814
0.71875
0.689453
0.702347
0.698071
0.710696
0.693982
0.703448
0.697504
0.697476
0.699246
0.702188
0.691138
0.700567
0.702335
0.688541
0.697294
0.710427
0.707377
0.696338
0.699814
0.705935
0.703406
0.683025
0.705501
0.697972
0.707831
0.686896
0.715686
0.708635
0.687898
0.703541
0.697493
0.704202
0.691993
0.706187
0.698149
0.702861
0.689672
0.696593
0.707052
0.704655
0.695978
0.705013
0.689428
0.716011
0.693514
0.703184
0.701022
0.703374
