113.53
122.404
128.608
134.129
138.542
137.457
137.99
139.685
138.51
139.525
138.232
137.926
138.187
137.335
138.149
138.378
136.993
137.07
138.143
138.059
139.44
139.292
138.19
138.027
136.769
137.964
139.767
138.448
138.793
138.24
138.944
138.915
138.658
138.519
138.373
138.193
138.135
139.42
138.526
138.339
137.342
137.131
137.831
138.332
137.712
137.616
138.043
138.671
138.197
138.827
138.155
138.157
138.814
138.33
138.213
137.358
137.394
138.455
137.849
138.024
138.152
137.613
137.202
138.724
138.339
138.228
138.188
138.045
138.004
136.482
136.878
137.578
136.231
137.167
137.38
137.749
138.2
137.753
138.1
138.555
139.105
140.144
139.453
139.864
139.357
139.096
138.924
139.262
138.832
138.6
138.849
138.721
137.899
136.869
136.961
137.028
137.576
136.802
137.815
137.781
138.133
139.062
139.191
139.075
138.252
137.734
138.278
138.385
138.71
138.026
140.149
138.814
139.365
138.039
