-649.723
-845.233
-540.6
-227.104
-108.667
-59.0669
-114.4
-25.3794
-27.0669
108
18.1377
31.1333
74.2412
-93.2998
-35.2998
105.172
8.56689
-98.0669
-3.44824
-73.7334
-21.2759
135.233
46.4136
17.0332
-73.0669
-71.7334
43.0688
-24.7588
30.1001
-65.8999
-13.8276
17.8667
7.5
17.0688
62.5
-44.4668
-116.276
97.7666
43.3105
76
12.2002
-107.104
-16.2666
62.6206
15.1377
31.2759
-54.5669
-18.2998
24.1377
-39.2998
-89.7002
38.4136
57.3794
3.65527
105.533
5.1665
-83.7334
-17.1724
-3.9668
19.4331
47.4136
26.2998
-83.0347
-57.2334
6.1665
32.1333
35.1724
-4.56689
101.655
-28.4331
-32.2998
96.8623
-36.1333
-44.4829
-65.0347
-85.7002
99.1001
15.1333
-79.3105
-5.6333
-22.5864
-46.3999
-70.8276
13.3667
40.0347
18.8999
28.6001
26.7998
-55.8667
28.5171
38.6665
101.133
128.655
-46.7334
-46.9668
16.4829
-38.8335
-30.8276
-6.2002
-75.6206
-61.1665
19.4331
12.7666
25.207
56.5
10.5864
-19.1333
-17.5669
-74.207
-92.5332
42.3105
-1.1001
142.533
91.8569
