160
165.077
176.101
184.024
190.13
195.69
196.456
197.537
198.958
198.423
198.376
197.699
197.102
196.872
196.975
197.419
196.985
196.124
196.49
197.052
197.585
198.731
198.119
197.407
197.167
196.454
197.27
198.544
198.203
198.076
198.079
198.419
198.336
198.133
197.878
197.391
197.663
198.121
198.228
197.768
197.244
196.514
196.739
196.935
197.008
196.746
196.47
197.248
197.894
197.458
198.232
198.195
197.45
197.664
197.612
196.904
196.444
196.819
197.534
197.172
197.064
196.98
196.583
196.691
197.961
197.714
197.374
197.196
197.229
196.596
195.729
195.795
195.713
195.224
195.941
196.515
197.176
196.767
196.694
197.524
197.818
198.519
199.854
199.857
199.748
199.096
198.742
198.402
198.593
198.747
198.11
198.045
197.546
196.462
196.137
196.104
195.786
196.486
195.993
196.59
197.175
197.626
198.17
198.526
198.478
197.536
196.984
197.447
197.704
198.416
198.161
199.22
198.646
198.113
