0.708104
0.858611
0.841578
0.889145
0.890188
0.880713
0.900992
0.885755
0.917739
0.901556
0.908051
0.909192
0.871463
0.904509
0.908848
0.893237
0.884017
0.92102
0.893382
0.890737
0.922567
0.885668
0.900118
0.919124
0.875329
0.890773
0.92028
0.899143
0.884879
0.912769
0.895011
0.907378
0.893672
0.917999
0.886611
0.905398
0.894314
0.894182
0.900514
0.896546
0.912973
0.905695
0.897757
0.897511
0.896221
0.899068
0.899955
0.896851
0.906662
0.887887
0.900565
0.899539
0.906121
0.896723
0.897515
0.895868
0.879059
0.87589
0.888092
0.899014
0.900492
0.891019
0.901967
0.906653
0.90224
0.886512
0.912579
0.906067
0.893105
0.914995
0.90137
0.885604
0.905864
0.912827
0.883654
0.901345
0.901433
0.890182
0.904349
0.906824
0.896684
0.901202
0.901904
0.884019
0.915162
0.901545
0.914174
0.873616
0.90957
0.905208
0.888795
0.903186
0.883918
0.919535
0.88237
0.922173
0.905465
0.89936
0.889633
0.897738
0.884059
0.895331
0.920727
0.888759
0.911738
0.889714
0.908296
0.922146
0.902817
0.879042
0.90215
0.902237
0.90264
0.885735
