80
71.0397
74.2208
74.778
75.8665
74.9247
73.7916
74.0546
73.1666
74.1786
74.3191
75.1818
75.4977
73.4781
73.9402
74.6209
74.131
73.1651
74.6124
73.9023
73.0621
74.4496
74.3284
74.2735
75.3494
73.6055
72.4071
74.3924
74.4143
73.4354
74.2144
74.1235
73.7169
72.7323
74.2779
73.7756
74.9682
74.6669
74.6551
74.4698
74.1334
74.7791
74.7329
74.1637
74.9643
74.3632
74.4434
74.5577
74.1622
74.4455
74.3437
74.5303
73.8834
73.5912
73.2414
73.1928
80.2825
84.2343
85.7879
87.489
89.4905
91.3089
91.7441
92.7404
93.6328
94.5901
94.0185
96.6727
97.9399
97.428
98.6171
98.6359
97.3014
97.6878
99.5008
97.857
98.1739
98.3712
97.2133
97.4436
97.6078
97.4544
97.2771
97.2397
95.9077
97.5398
97.5764
98.7903
96.3075
96.9732
97.3032
96.5134
96.125
94.825
96.7076
95.2564
97.1656
97.8006
98.2434
97.6218
97.2827
95.5639
94.4184
96.2573
95.3026
96.3701
95.534
96.7571
99.0192
98.8587
96.7783
96.3945
97.7442
97.46
