0.708907
0.903041
0.915533
0.914245
0.917811
0.905697
0.898361
0.903796
0.900434
0.899063
0.89824
0.900024
0.900445
0.900849
0.897914
0.901653
0.89785
0.904416
0.894472
0.905725
0.898985
0.896336
0.900527
0.901756
0.903101
0.900593
0.895081
0.900735
0.894487
0.902738
0.908248
0.897393
0.89847
0.890828
0.90363
0.904293
0.899873
0.90076
0.901792
0.901211
0.892364
0.902304
0.901542
0.897702
0.903149
0.903014
0.896156
0.899815
0.895315
0.911973
0.897825
0.899793
0.897489
0.896779
0.899042
0.903197
0.911696
0.931606
0.92734
0.915117
0.915938
0.928367
0.898758
0.905563
0.906093
0.90968
0.900305
0.925597
0.909956
0.887596
0.900239
0.903265
0.899745
0.884997
0.916278
0.906573
0.896949
0.894478
0.908866
0.895214
0.899525
0.902923
0.892892
0.90084
0.897875
0.89389
0.907446
0.900301
0.900751
0.895597
0.897401
0.907037
0.896254
0.89535
0.899504
0.901041
0.897247
0.905193
0.89995
0.899587
0.915355
0.892539
0.889592
0.902646
0.898114
0.900936
0.8918
0.897823
0.898869
0.916215
0.899461
0.897918
0.909385
0.899949
