80
70.6339
73.7427
77.397
78.3605
77.2204
78.6003
78.5993
79.558
78.1985
78.17
77.5418
76.7881
79.4621
78.6135
78.0478
78.6427
79.7952
78.0468
78.4413
79.2173
77.1899
79.1897
79.3634
77.0555
78.8538
79.3209
78.3998
78.2201
80.3858
78.821
78.9291
77.2978
77.978
78.2025
78.7484
78.1519
78.718
79.2535
78.9701
78.8113
78.7651
77.8273
77.6914
78.7063
78.4838
78.719
78.5449
79.2151
78.742
79.1138
79.1061
78.4734
78.3373
79.536
79.1638
84.1841
86.4741
89.8127
91.426
93.8473
95.122
95.4556
99.0634
100.187
100.368
101.575
102.567
103.853
104.071
105.185
105.337
104.811
105.801
104.696
105.91
105.798
105.996
107.389
105.205
105.258
104.424
103.182
103.754
104.197
104.11
105.896
103.415
105.762
103.92
103.513
104.289
103.009
104.206
102.669
103.84
102.965
104.112
104.204
105.081
106.024
104.116
104.894
103.756
104.419
104.238
103.776
105.333
105.341
105.87
104.549
104.254
103.075
102.619
