59.293373
58.568672
58.523071
58.577408
58.642174
58.534782
58.578110
58.619392
58.550079
58.552765
58.535042
58.554718
58.597599
58.668610
58.566689
58.565697
58.563007
58.588417
58.566238
58.575554
58.598049
58.586815
58.603806
58.555107
58.564705
58.567810
58.583549
58.585922
58.582111
Control Period
62.319424
58.746880
60.475838
60.732735
62.196190
62.214432
60.223072
61.054848
Control Period
61.613377
64.846268
60.800064
60.898911
64.925186
61.261124
64.881058
60.474464
Control Period
68.962875
64.920868
65.824547
68.207008
68.427429
65.827904
64.871262
64.866081
Control Period
67.434303
68.488571
66.535385
68.667679
68.808960
67.351967
65.461502
Control Period
66.700958
64.908539
65.202179
66.745148
67.382851
66.055450
64.915237
Control Period
67.341827
68.633118
68.318146
66.463898
64.862427
64.873825
64.906204
Control Period
67.341599
68.014053
64.876709
64.870178
64.978302
64.911453
64.864128
64.897568
Control Period
64.833374
65.661278
67.789444
68.696579
67.506081
68.400192
Control Period
65.723389
64.834686
67.168518
68.558815
68.398621
67.464546
65.984421
Control Period
66.075546
68.770340
67.305634
65.777405
67.242142
68.446854
68.623390
67.643105
Control Period
70.615356
68.812355
68.416000
67.695267
65.794235
68.625214
68.524612
Control Period
67.836288
67.378876
65.558716
64.890335
64.858818
65.105789
64.973862
65.744576
Control Period
64.894791
67.423553
68.400482
68.072571
66.578812
64.927551
64.933762
Control Period
68.826599
67.822304
68.360550
67.185501
65.377533
67.231491
65.599266
Control Period
68.219421
67.738586
65.086243
66.115707
64.805725
67.914047
66.699142
Control Period
65.187584
65.090179
66.838112
64.813217
65.647491
64.817215
66.050911
65.819931
Control Period
68.255615
67.400642
68.759262
68.263329
67.035583
65.220703
66.770462
Control Period
65.578751
65.674240
67.439682
65.738205
67.665756
68.486526
66.018845
Control Period
64.906113
64.861755
65.724770
64.915710
65.434982
68.481857
66.467590
Control Period
68.182816
66.261826
68.516891
68.510818
67.127075
64.914207
68.507935
67.216064
Control Period
66.689316
65.257889
64.823967
66.537727
68.410690
66.113693
64.850304
64.817276
Control Period
68.375168
68.563293
64.890213
68.052704
65.044678
65.997925
67.405884
Control Period
68.740387
68.596703
67.709732
67.492935
68.616318
68.354271
68.355362
68.648865
Control Period
65.927002
64.893440
64.883102
64.873215
67.120483
64.835358
66.462875
Control Period
68.309402
64.870972
64.883743
65.430618
64.904770
64.995010
Control Period
66.109436
67.212570
68.468323
65.842300
64.864639
65.837952
66.734238
68.008545
Control Period
66.837982
68.371750
68.431007
67.750717
65.984863
64.809052
66.040451
64.843071
Control Period
64.793953
66.515778
68.413406
64.857315
65.681213
66.749985
64.926651
Control Period
67.876831
64.764862
65.452576
67.211327
68.373184
68.368134
67.159866
Control Period
66.012512
67.874969
68.536865
64.814301
64.826782
64.824478
66.196129
68.295967
Control Period
64.849762
68.716896
68.102051
66.479874
68.416092
66.984032
Control Period
65.908157
68.493729
64.726532
66.590118
64.789536
64.764160
Control Period
68.487007
64.790588
68.402588
64.729088
67.517960
64.853951
68.595871
Control Period
64.813156
64.769958
68.624001
64.843971
65.461182
68.700989
64.869629
64.761505
Control Period
67.196609
65.617149
64.746429
68.499130
68.299553
66.866821
64.883331
68.261536
68.519745
Control Period
64.796356
68.426147
68.408325
64.774910
66.031967
68.446426
66.957092
Control Period
66.857437
66.314972
67.245697
67.252930
64.735550
68.636223
68.332672
64.751266
Control Period
68.593536
65.092667
68.322975
64.736572
68.391678
67.626205
66.650497
68.409760
Control Period
66.526367
68.172379
65.893951
68.632324
64.755615
68.558273
64.820099
Control Period
67.518433
67.290367
67.263649
67.801567
69.193634
66.508957
68.195908
Control Period
69.497505
68.302917
67.858688
64.802170
68.290115
66.924164
68.414017
Control Period
67.276672
67.878784
68.269150
68.331490
68.314850
64.834076
64.739426
Control Period
65.154114
64.736633
68.369408
67.281021
66.064163
68.524612
67.459106
64.912643
Control Period
68.412964
64.797920
67.069824
68.492538
68.491264
65.621696
67.405563
Control Period
70.080643
68.257599
68.220413
66.798660
64.926720
64.829498
64.889313
Control Period
65.781662
67.772224
66.805573
64.766273
68.788895
68.362465
67.653183
66.034790
Control Period
64.790016
68.357758
68.330078
64.807419
67.736160
68.465698
65.582779
Control Period
68.515747
67.280701
65.922211
64.865341
66.990173
68.503036
68.603012
68.399551
Control Period
64.827774
64.753891
64.805504
66.318436
66.842720
65.790207
64.776131
68.378372
Control Period
68.384995
64.805923
68.384064
65.111298
68.428352
64.843971
68.700928
Control Period
67.034790
68.265244
66.045631
68.201057
65.819008
69.036926
64.897728
Control Period
66.015518
68.055038
68.319260
68.363838
64.786751
66.143326
Control Period
68.402687
64.820541
64.811615
64.817947
66.191391
68.046310
64.845734
Control Period
65.117310
64.769890
64.813087
66.587585
68.061157
65.171707
64.805824
66.554977
Control Period
67.626656
65.757889
64.851997
64.851166
64.788132
66.346878
64.775200
Control Period
68.633667
70.483139
71.617798
71.505020
68.517250
71.623650
71.630783
Control Period
76.890717
71.637817
71.640442
76.027039
71.599007
77.015610
71.649406
Control Period
76.763611
76.541565
76.642014
76.885185
74.634750
75.287201
76.558495
Control Period
77.296997
78.961380
81.797600
78.227776
76.985214
Control Period
79.384895
79.255005
76.588699
82.776093
82.753250
82.755203
Control Period
76.837952
80.280930
82.749985
82.749374
82.770691
82.759201
Control Period
82.754623
82.748222
82.761414
82.733765
82.752548
Control Period
82.754471
82.749664
82.747391
82.758179
89.406944
Control Period
87.239655
82.767326
82.768860
88.576065
82.751236
82.772537
Control Period
82.738785
82.743652
82.797791
89.373695
82.743454
82.734146
Control Period
82.755737
89.137634
82.789307
88.493088
85.092354
89.543839
82.782814
Control Period
88.836380
88.998177
82.765793
86.007355
89.612732
89.331200
Control Period
89.596191
88.849213
88.316032
85.005630
86.762299
86.294556
Control Period
89.437668
84.799515
89.289307
90.354752
91.849152
Control Period
90.492798
88.853500
89.578209
86.672707
87.923843
89.822113
Control Period
88.642242
84.418274
90.083298
88.207230
85.410912
Control Period
84.306915
88.253220
89.533401
89.718658
88.896736
Control Period
89.071236
89.389221
88.761765
89.418274
88.920349
89.251518
89.392479
Control Period
88.975647
86.681885
89.208130
88.799133
85.956642
89.241600
Control Period
87.256546
85.863525
88.462273
89.112930
88.228447
89.254913
Control Period
89.663490
87.118851
89.377319
88.994461
86.428833
89.400162
Control Period
87.686752
89.880005
84.026657
89.092194
87.155685
Control Period
91.814911
86.977951
86.954369
88.728027
85.001312
88.011711
Control Period
89.468674
88.628647
85.640900
88.660995
89.421600
Control Period
91.166367
84.786819
84.092636
86.261795
89.693985
89.138046
Control Period
89.948799
86.398178
88.230011
87.749954
86.803551
Control Period
89.650589
89.175995
89.073761
85.374756
85.397919
Control Period
85.041916
86.014618
86.197021
88.677567
85.181633
84.657562
Control Period
89.610275
90.006012
88.874756
86.909821
82.764069
88.461601
Control Period
89.600388
85.823013
85.744705
89.260605
89.253922
Control Period
89.399612
89.469826
89.355972
89.178467
89.014366
88.792320
Control Period
89.096352
89.028091
87.830750
82.804764
82.764221
Control Period
92.419487
89.349274
89.410080
82.755997
84.057343
Control Period
88.948669
89.688354
82.748383
88.197754
89.321533
Control Period
85.507423
83.719902
89.479843
82.749756
90.150177
87.288162
Control Period
88.343170
89.568130
85.355293
85.143616
87.437317
Control Period
83.450943
83.784317
89.297791
83.063614
85.236420
Control Period
89.154945
84.226814
88.681793
86.471741
85.723488
88.910843
Control Period
82.747330
89.119614
82.760742
89.276222
82.755554
Control Period
89.400635
89.109573
88.216385
88.533440
83.960701
87.836609
Control Period
86.373856
89.188538
89.749115
86.860413
87.728447
Control Period
88.321213
89.347809
89.556129
87.113472
89.483292
83.925858
Control Period
83.826431
87.558533
85.274658
89.211166
89.503357
89.029694
Control Period
85.225792
89.627777
89.795776
84.641090
88.903610
88.708389
Control Period
88.859879
84.875900
85.289764
85.533920
82.754272
Control Period
85.412186
84.803360
86.496735
85.532928
Control Period
85.844963
89.723778
86.367935
87.929024
88.533279
83.202271
Control Period
83.212639
89.535904
82.742050
89.249283
83.007843
89.455292
Control Period
89.285690
82.743774
89.305466
84.275742
86.279709
Control Period
85.535423
88.863037
82.746559
88.826080
82.738205
88.909599
Control Period
89.225151
84.438080
88.356934
84.517090
89.212509
82.752800
Control Period
89.094749
89.136864
89.309540
89.250214
89.178619
89.375107
Control Period
89.962784
89.083939
89.168861
89.148766
89.616798
Control Period
89.806625
89.746490
86.848862
85.334778
82.767776
Control Period
89.274368
86.280869
89.130081
89.097534
82.759613
Control Period
88.317245
89.012993
86.589569
82.772293
89.279037
87.423233
82.752167
89.619072
Control Period
89.061440
85.322464
89.279266
89.247940
Control Period
88.969566
83.160355
84.167648
88.997215
91.025925
Control Period
99.514297
103.345940
107.176079
110.986763
114.823616
118.658653
122.499290
126.340118
130.161102
133.983490
137.819962
141.662582
145.503189
149.330353
153.010925
156.862503
