80
80.3423
81.1658
81.8523
82.4253
82.907
83.309
83.6494
83.9362
84.1802
84.3875
84.5633
84.7151
84.8408
84.9464
85.04
85.1187
85.1879
85.2454
85.2908
85.3331
85.3718
85.4046
85.4357
85.4588
85.4801
85.4965
85.5104
85.5223
85.5326
85.5404
85.5489
85.5561
85.5646
85.5681
85.5705
85.5755
85.5808
85.5859
85.5902
85.5977
85.6037
85.6066
85.6105
85.6141
85.6189
85.6238
85.6295
85.6286
85.6315
85.6352
85.6363
85.6356
85.6416
85.6468
85.6487
85.6527
85.6531
85.6549
85.6585
85.6609
85.6624
85.663
85.66
85.6632
85.6633
85.66
85.6559
85.6536
85.6567
85.6553
85.657
85.658
85.6572
85.656
85.6547
85.6554
85.6519
85.654
85.6574
85.6598
85.6584
85.6566
85.6545
85.653
85.6503
85.6493
85.6477
85.6459
85.6484
85.6479
85.6453
85.6417
85.6395
85.6382
85.6356
85.634
85.6286
85.6235
85.6223
85.6198
85.6161
85.6172
85.6199
85.6189
85.6183
85.6193
85.6182
85.6146
85.6137
85.6123
85.6097
85.6077
85.6072
85.6072
