56.6865
58.6108
58.6106
58.6091
58.5918
58.5946
58.611
58.6049
58.6075
58.6083
58.6141
58.6119
58.6115
58.6193
58.625
58.6181
58.6221
58.6085
58.6072
58.6024
58.5965
58.6046
58.6001
58.6194
58.6167
58.6082
58.6183
58.5987
58.6184
58.6219
58.6066
58.6169
58.6222
58.6339
58.607
58.6234
58.6175
58.6183
58.6209
58.5999
58.6146
58.5995
58.6098
58.6144
58.6125
58.6163
58.6093
58.6247
58.6253
58.6188
58.6121
58.6217
58.6345
58.6122
58.6125
58.6158
58.6037
58.6274
58.6115
58.613
58.6217
58.6209
58.6221
58.6178
58.6138
58.618
58.6169
58.618
58.6179
58.6236
58.6019
58.6274
58.6213
58.6196
58.614
58.6156
58.6198
58.6184
58.6242
58.6034
58.6206
58.6164
58.6022
58.6242
58.6312
58.6185
58.6182
58.6101
58.6172
58.6081
58.6005
58.6245
58.6175
58.6112
58.6172
58.631
58.6125
58.6121
58.6158
58.6335
58.615
58.6273
58.605
58.6126
58.614
58.5941
58.6105
58.6161
58.6004
58.6265
58.6234
58.6166
58.6241
58.6098
58.619
