803.441
647.5
697.091
513.193
559.242
561.531
567.344
552.781
606.581
519.75
541.688
559.242
562.581
560.188
558.969
504.281
464.219
548.548
590.219
546.625
545.438
529.125
628.375
595.594
527.125
539.219
550.406
544.219
555.606
545.936
556.562
549.156
556.469
547.906
582.219
627.062
609.156
586.5
594.727
504.258
579.719
576.031
565.242
696.742
546.625
557.781
541.688
552.781
545.375
546.625
541.656
625.812
551.594
555.312
533.613
550.375
568.515
594.193
510.788
549.156
464.812
544.125
557.419
552.844
544.156
542.875
506.5
547.906
429.219
523.281
540.5
606.656
556.531
542.969
638.188
601.5
496.156
579.688
534.625
518.562
544.219
538.062
599.485
561.438
512.226
669.667
560.188
568.613
575.156
603.688
614.094
558.969
554.031
546.625
632.031
482.188
453
556.469
612.875
515.125
480.719
497.562
467.281
619.75
560.219
550.312
549.094
567.625
584.469
557.781
639.438
541.656
552.875
547.812
491.969
