0.708581
0.730049
0.723159
0.717556
0.712825
0.709208
0.706396
0.703823
0.701836
0.700188
0.698902
0.697758
0.69684
0.696195
0.695685
0.695131
0.69482
0.694376
0.694176
0.694001
0.693865
0.693933
0.693873
0.694128
0.694121
0.694058
0.694247
0.694073
0.694416
0.694536
0.694441
0.694672
0.69483
0.695056
0.694814
0.695129
0.695169
0.695288
0.695431
0.695285
0.695582
0.695507
0.695741
0.695903
0.695987
0.696123
0.696142
0.696439
0.696526
0.696531
0.696538
0.696733
0.696967
0.696739
0.69682
0.696949
0.69688
0.697248
0.697113
0.697197
0.69737
0.697418
0.697479
0.697478
0.697492
0.697616
0.697664
0.697727
0.697784
0.697891
0.697679
0.698066
0.698037
0.698054
0.698039
0.698099
0.698186
0.698213
0.69834
0.698138
0.698403
0.698392
0.69826
0.698572
0.698675
0.698532
0.698562
0.698497
0.69862
0.698551
0.6985
0.698838
0.698771
0.698731
0.698847
0.699035
0.698826
0.698851
0.69893
0.699157
0.698927
0.699089
0.698838
0.698968
0.699016
0.698806
0.699058
0.69916
0.698988
0.699335
0.699303
0.699221
0.699319
0.699148
0.699273
