160
160.285
161.058
161.71
162.259
162.723
163.122
163.469
163.764
164.02
164.243
164.44
164.614
164.767
164.901
165.022
165.13
165.227
165.313
165.389
165.459
165.523
165.584
165.639
165.693
165.745
165.792
165.839
165.88
165.922
165.962
166
166.037
166.075
166.112
166.144
166.175
166.206
166.235
166.265
166.292
166.32
166.347
166.373
166.397
166.423
166.447
166.468
166.492
166.515
166.537
166.56
166.581
166.607
166.629
166.647
166.667
166.686
166.706
166.726
166.744
166.763
166.783
166.802
166.819
166.834
166.85
166.867
166.882
166.9
166.916
166.927
166.942
166.957
166.971
166.985
167
167.013
167.024
167.035
167.046
167.058
167.07
167.08
167.092
167.106
167.118
167.129
167.139
167.149
167.159
167.167
167.178
167.187
167.194
167.204
167.214
167.222
167.23
167.24
167.252
167.262
167.27
167.277
167.284
167.291
167.294
167.3
167.307
167.313
167.321
167.33
167.338
167.347
167.354
