3981.5
5972
5972
5972
5873
5912.5
5952
5952
6011.5
5932.5
5893
5952
5952
5912.5
5952
5952
5972
6071
5971.5
5912.5
5952.5
5952.5
6071
5833.5
5972
5952.5
5971.5
5952
5971.5
5952
5972
5992
5972
5992
5957
6011.5
5739.5
5952.5
5972
5912.5
5952.5
5912.5
5952
5873
5972
5971.5
6011.5
5991.5
6011.5
6011.5
5838
5932.5
5932.5
6050.5
5952
5932.5
5972
5991.5
6223.5
5992
5972
5972
5972
6011.5
5972
5971.5
5971.5
5991.5
5972
6011.5
5992
6011.5
5877.5
5952
5932
5991.5
6031
5972
5952
5952
5971.5
5991.5
5858
5952
5992
5972
5932
5912.5
5972
5972
5838
5972
6125
5972
6031.5
6031.5
5952
6011
6090.5
5853
5952
5952
5912.5
5972
5991.5
5893
5932
5932.5
5932.5
5932.5
