80
80.3446
81.1705
81.8608
82.4344
82.9114
83.3159
83.6608
83.9484
84.1927
84.3998
84.5774
84.7301
84.8605
84.9691
85.0638
85.1437
85.2136
85.2702
85.3174
85.3571
85.3922
85.4227
85.4485
85.4726
85.4949
85.5126
85.5308
85.5419
85.5557
85.5675
85.5765
85.5864
85.5963
85.6064
85.6117
85.6164
85.6209
85.6245
85.6289
85.631
85.634
85.6373
85.6392
85.6405
85.6439
85.6445
85.643
85.6454
85.6469
85.6479
85.6497
85.6501
85.6565
85.658
85.6569
85.6578
85.6574
85.6597
85.6611
85.6614
85.6625
85.6655
85.6673
85.6675
85.6655
85.6651
85.6663
85.6658
85.6676
85.6681
85.6642
85.6638
85.665
85.6639
85.6648
85.6659
85.6654
85.6627
85.6607
85.6583
85.6573
85.6571
85.6557
85.6573
85.6597
85.6592
85.6589
85.6582
85.6564
85.6552
85.6526
85.653
85.6512
85.6481
85.6479
85.6482
85.6474
85.6457
85.6461
85.6494
85.6504
85.6504
85.648
85.6466
85.6452
85.6409
85.6383
85.6382
85.6358
85.6361
85.6374
85.6384
85.6397
85.6403
