60.182304
59.905853
59.922432
59.943138
59.914749
59.918785
59.886208
59.912354
59.878914
59.869247
59.874592
59.899040
59.895554
59.901600
59.897793
59.896515
59.881790
59.905342
59.884445
59.894333
59.906303
59.864223
59.908417
59.891617
59.911457
59.900223
59.909985
59.897758
59.911968
Control Period
59.872288
59.894402
59.886108
59.872002
59.882656
59.865089
59.893791
59.875458
59.913601
Control Period
59.912319
59.902786
59.902176
59.901665
59.910786
59.933281
59.914818
59.893150
59.879040
Control Period
59.927101
59.862686
59.904896
59.890079
59.906528
59.859329
59.848541
59.874847
59.889919
Control Period
59.881920
59.855843
59.872223
59.872833
59.879295
59.866753
59.872925
59.873474
Control Period
59.879646
59.901409
59.901634
59.868256
59.904705
59.875263
59.893890
59.847069
59.878815
Control Period
59.875584
59.890846
59.869118
59.908352
59.886879
59.921375
59.954430
59.919456
Control Period
59.896255
59.887230
59.900162
59.866112
59.889408
59.913280
59.884384
59.873631
59.902435
Control Period
59.897949
59.914783
59.878654
59.911011
59.869629
59.915104
59.876190
Control Period
59.916512
59.895168
59.885826
59.873665
59.890400
59.910625
59.916481
59.898270
59.858658
59.862785
Control Period
59.886463
59.891197
59.920448
59.899712
59.893471
59.913918
59.923294
59.904671
Control Period
59.892704
59.917374
59.898720
59.916607
59.899773
59.918335
59.931358
59.937504
Control Period
59.933853
59.927971
59.922882
59.922657
59.918274
59.915264
59.903198
59.906433
59.914593
Control Period
59.921249
59.906624
59.886147
59.913536
59.888802
59.918114
59.872639
59.894176
Control Period
59.888447
59.919071
59.892159
59.909439
59.915298
59.923134
59.924160
59.887810
59.917091
Control Period
59.901375
59.910049
59.897823
59.908417
59.896511
59.878208
59.919807
59.918209
Control Period
59.887390
59.896095
59.901665
59.930817
59.921631
59.922943
59.908287
59.929249
59.904610
59.940289
Control Period
59.889534
59.928223
59.893696
59.898239
59.881279
59.918655
59.897697
59.907871
Control Period
59.888481
59.874878
59.924191
59.894814
59.879936
59.900513
59.885635
59.892544
59.875870
Control Period
59.884064
59.868706
59.890755
59.891777
59.893570
59.882591
59.895294
59.891712
59.913345
Control Period
59.902111
59.896191
59.916611
59.909409
59.896706
59.870689
59.896385
59.889854
Control Period
59.907295
59.889343
59.878403
59.879967
59.896030
59.892769
59.893410
59.872513
59.920670
59.907486
Control Period
59.877762
59.882782
59.887680
59.921600
59.893440
59.896927
59.887810
59.875839
Control Period
59.898621
59.900578
59.889954
59.879326
59.923073
59.881310
59.899422
59.861217
Control Period
59.920509
59.908798
59.889568
59.882881
59.916412
59.884544
59.927422
59.908386
59.886593
Control Period
59.886047
59.890976
59.909473
59.891808
59.910561
59.896576
59.891357
59.895073
Control Period
59.908001
59.937920
59.884289
59.911808
59.904991
59.932320
59.899521
59.897537
59.892353
Control Period
59.866783
59.900322
59.898529
59.889122
59.884575
59.892258
59.900578
59.856289
Control Period
59.877121
59.876862
59.916100
59.912163
59.912895
59.901154
59.891872
59.913475
59.916000
Control Period
59.906654
59.889889
59.928062
59.897186
59.889984
59.888222
59.881504
59.905216
Control Period
59.875618
59.906242
59.906528
59.884224
59.915520
59.902752
59.888000
59.900253
59.896736
Control Period
59.917408
59.900894
59.886368
59.896191
59.897663
59.921570
59.911613
59.919647
Control Period
59.892227
59.889568
59.918335
59.921280
59.899361
59.904419
59.907166
59.922562
Control Period
59.918530
59.904770
59.883808
59.911392
59.936352
59.930046
59.930752
59.903908
59.893856
Control Period
59.888802
59.895393
59.913795
59.903008
59.866531
59.902306
59.915871
59.918400
59.925728
Control Period
59.907745
59.895134
59.891201
59.922272
59.876896
59.890274
59.902782
59.909599
Control Period
59.891647
59.900288
59.915009
59.895714
59.915039
59.882462
59.900864
59.899136
Control Period
59.900703
59.896320
59.893791
59.874275
59.893311
59.914047
59.898819
59.914337
Control Period
59.922562
59.909218
59.906849
59.885727
59.935806
59.908897
59.901344
59.878113
Control Period
59.903107
59.918495
59.882401
59.880703
59.896767
59.890366
59.911041
59.904415
59.910721
Control Period
59.909149
59.885918
59.907326
59.909149
59.895966
59.889603
59.911682
59.903938
Control Period
59.906845
59.902401
59.916191
59.912479
59.923168
59.915585
59.915424
59.929440
59.915039
59.886467
Control Period
59.897503
59.907936
59.890846
59.913185
59.917568
59.896866
59.910976
59.897469
Control Period
59.901600
59.903709
59.877792
59.899330
59.894848
59.911968
59.898911
Control Period
59.929279
59.917534
59.923042
59.918976
59.906464
59.888351
59.917568
59.900162
59.908993
Control Period
59.882336
59.897858
59.879776
59.898048
59.909119
59.888737
59.904961
59.915390
Control Period
59.887424
59.898178
59.882080
59.871422
59.865410
59.861504
59.909664
59.874943
59.922462
Control Period
59.921791
59.915070
59.881569
59.909470
59.902592
59.894783
59.889759
59.898144
Control Period
59.908386
59.908638
59.892513
59.891998
59.908127
59.892578
59.892128
59.903969
59.878208
Control Period
59.867775
59.907516
59.889374
59.907616
59.881378
59.902718
59.907906
59.961952
Control Period
59.888641
59.909313
59.920830
59.922722
59.907360
59.896355
59.887711
59.913345
Control Period
59.892258
59.850880
59.905121
59.902687
59.899616
59.899551
59.908703
59.898819
59.927040
Control Period
59.933056
59.960861
59.908703
59.955456
59.921375
59.914238
59.910530
59.925598
Control Period
59.939297
59.907295
59.918465
59.906368
59.915424
59.917442
59.900608
59.881023
Control Period
59.881279
59.886559
59.912033
59.888161
59.892067
59.898209
59.931107
59.876736
59.913280
Control Period
59.890594
59.922657
59.887711
59.904289
59.890465
59.942913
59.917759
59.933792
Control Period
59.912323
59.923233
59.889023
59.903809
59.889153
59.906654
59.915810
59.902527
Control Period
59.911362
59.896286
59.923454
59.907043
59.913567
59.905663
59.923874
59.929665
Control Period
59.938431
59.924606
59.917919
59.904030
59.929634
59.887424
59.918083
59.920609
Control Period
59.904991
59.887329
59.885246
59.923969
59.915489
59.945248
59.903038
59.912640
59.907005
Control Period
59.909378
59.909184
59.910690
59.889313
59.897312
59.903679
59.933952
59.908672
Control Period
59.922848
60.018463
59.943741
59.917217
59.916416
59.919327
59.893280
59.916130
59.896130
Control Period
59.910110
59.913055
59.943489
59.910751
59.908127
59.905472
59.923874
59.934143
Control Period
59.944450
59.906208
59.931839
59.912800
59.916225
59.888161
59.900352
59.922783
59.890785
Control Period
59.875648
59.896927
59.910370
59.897152
59.920830
59.912193
59.892738
59.893280
Control Period
59.920704
59.895519
59.904510
59.922623
59.924416
59.926144
59.892704
59.902496
Control Period
59.941727
59.915298
59.919136
59.921600
59.935806
59.910336
59.942909
59.881729
Control Period
59.929955
59.897247
59.903969
59.918274
59.904896
59.873726
59.934174
59.920547
Control Period
59.916447
59.918079
59.920448
59.906174
59.916351
59.912159
59.895203
59.947746
Control Period
59.924351
59.942783
59.921501
59.903519
59.902561
59.928223
59.905888
59.920544
59.900002
Control Period
59.900448
59.929089
59.903648
59.884575
59.883202
59.897057
59.886589
59.909149
Control Period
59.880226
59.902081
59.904259
59.911041
59.917088
59.891747
59.897568
59.921570
Control Period
59.927490
59.919586
59.896511
59.931808
59.937408
59.945122
59.907997
59.895329
Control Period
59.922752
59.911423
59.920929
59.876770
59.905983
59.891937
59.902557
59.905731
59.905952
Control Period
59.929726
59.913185
59.910339
59.937538
59.923073
59.923424
59.931198
59.926720
Control Period
59.896225
59.934685
59.942337
59.928448
59.924446
59.933792
59.889729
59.908798
Control Period
59.914593
59.913246
59.928223
59.917759
59.944221
59.919266
59.903969
59.881821
59.902878
Control Period
59.892288
59.905121
59.916512
59.875393
59.914558
59.879486
59.901726
59.910976
59.913506
Control Period
59.894943
59.891586
59.876541
59.897282
59.890881
59.899902
59.899811
59.933151
Control Period
59.907646
59.904736
59.890144
59.896034
59.914818
59.899807
59.906242
59.928642
Control Period
59.874657
59.901279
59.920448
59.928543
59.886337
59.894817
59.918304
59.906433
59.905056
Control Period
59.911743
59.918915
59.919937
59.925537
59.894562
59.894848
59.908607
59.931778
Control Period
59.924606
59.900543
59.911873
59.904385
59.917919
59.904129
59.912289
59.903038
Control Period
59.942017
59.936958
59.901184
59.904896
59.901886
59.915615
59.931198
59.931458
Control Period
59.913216
59.911453
59.886047
59.944000
59.924927
59.925377
59.917984
59.941566
Control Period
59.918495
59.919296
59.910912
59.911453
59.911488
59.880386
59.907166
Control Period
59.934082
59.902596
59.934753
59.916000
59.891617
59.912354
59.930847
59.886589
59.928192
Control Period
59.900417
59.908066
59.907616
59.944382
59.899742
59.926659
59.935295
59.937088
59.894463
Control Period
59.902306
59.894176
59.933090
59.901920
59.904449
59.879745
59.899040
59.914627
Control Period
59.890305
59.907326
59.896927
59.928001
59.917503
59.907360
59.912094
59.933311
Control Period
59.899742
59.896160
59.890144
59.900131
59.914238
59.946846
59.920898
59.895905
59.902912
59.895969
Control Period
59.913506
59.893501
59.901089
59.905983
59.925217
59.919712
59.923168
59.911453
Control Period
59.901440
59.881058
59.916702
59.901279
59.901985
59.913185
59.895329
59.908318
59.898178
Control Period
59.867424
59.919296
59.900993
59.920349
59.895233
59.895649
59.897537
59.885086
Control Period
59.912354
59.890400
59.886433
59.923523
59.910431
59.907486
59.902943
59.934525
Control Period
59.903038
59.938496
59.924675
59.898239
59.904224
59.900322
59.909534
59.900448
59.895134
59.923935
Control Period
59.928192
59.924866
59.928417
59.912735
59.887264
59.925507
59.897728
59.892418
Control Period
59.920929
59.892288
59.915741
59.916481
59.892670
59.893501
59.892288
59.915104
Control Period
59.910110
59.906815
59.886623
59.909855
59.929474
59.927170
59.924545
59.903328
Control Period
59.944801
59.895393
59.902496
59.937248
59.961536
59.928513
59.903198
59.924446
Control Period
59.940002
59.932384
59.902176
59.919838
59.913506
59.941246
59.913151
59.928642
Control Period
59.922176
59.915520
59.931648
59.903748
59.920193
59.919521
59.908577
59.899651
Control Period
59.894367
59.901955
59.902847
59.900352
59.934528
59.907711
59.917183
59.899326
59.908829
Control Period
59.925987
59.894493
59.919456
59.920670
59.885406
59.912895
59.928802
59.921505
Control Period
59.936703
59.903072
59.888321
59.891106
59.918720
59.894112
59.928864
59.922207
Control Period
59.931137
59.928764
59.902977
59.895645
59.892067
59.897087
59.905151
59.882622
59.884575
Control Period
59.912674
59.904861
59.890434
59.890205
59.912128
59.887264
59.911423
59.905823
Control Period
59.919071
59.906078
59.915421
59.920574
59.915390
59.902943
59.898499
59.908096
59.921055
Control Period
59.891678
59.912094
59.902046
59.892448
59.917824
59.913376
59.896957
59.901314
59.893951
Control Period
59.919426
59.894722
59.896000
59.898430
59.900032
59.917534
59.924065
59.891747
Control Period
59.909344
59.917824
59.915939
59.913315
59.897152
59.887550
59.935169
59.919746
Control Period
59.923233
59.900928
59.924160
59.916382
59.918400
59.911678
59.926529
59.912735
59.935360
Control Period
59.904671
59.908382
59.893982
59.918400
59.922207
59.928383
59.924606
59.946079
Control Period
59.919518
59.936897
59.912544
59.908928
59.935555
59.919678
59.926781
59.915359
59.957474
Control Period
59.915329
59.901855
59.909698
59.909981
59.908478
59.899170
59.906914
59.904896
Control Period
59.887138
59.876320
59.889248
60.003967
59.943745
