59.289120
58.610016
58.590401
58.628098
58.689953
58.613792
58.611679
58.597855
58.595009
58.609245
58.632320
58.587997
58.622719
58.691967
58.610367
58.635391
58.599873
58.621475
58.597282
58.628960
58.599487
58.583935
58.704063
58.593185
58.605057
58.604000
58.594112
58.641216
58.605988
Control Period
58.596222
58.594398
58.703522
58.580673
58.601730
58.568542
58.630173
Control Period
58.627552
58.603714
58.603134
58.614365
58.614464
58.592995
58.617760
Control Period
58.630882
58.591293
58.584770
58.698112
58.625534
58.585983
58.555939
58.559677
58.650112
Control Period
58.586494
58.575199
58.562813
58.619263
58.584831
58.601120
58.588799
58.615486
Control Period
58.617569
58.571678
58.630241
58.608894
58.585602
58.581154
58.580925
58.584961
58.590336
Control Period
58.570274
58.611778
58.603294
58.627071
58.609440
58.628735
58.601852
58.635521
Control Period
58.616386
58.664478
58.582848
58.594368
58.591133
58.605759
58.616478
58.567902
Control Period
58.592064
58.570847
58.671997
58.534431
58.606400
58.598335
58.676353
58.609474
58.619843
Control Period
58.594978
58.623840
58.571678
58.624577
58.619423
58.597633
58.648830
58.574013
Control Period
58.627617
58.595551
58.602463
58.660065
58.602463
58.604225
58.631840
58.599361
58.603264
Control Period
58.608833
58.591713
58.604607
58.640991
58.602173
58.608192
58.614529
58.623871
Control Period
58.604351
58.618782
58.621826
58.601952
58.617378
58.601440
58.602879
58.623520
58.594784
Control Period
58.625885
58.605888
58.628193
58.628448
58.712830
58.596642
58.584030
58.596672
Control Period
58.607742
58.611969
58.636894
58.603203
58.588226
58.687103
58.620800
58.644447
Control Period
58.618942
58.632000
58.604355
58.590111
58.615135
58.589664
58.651459
58.616257
58.647167
58.615936
Control Period
58.599777
58.697662
58.623581
58.591873
58.639297
58.611904
58.619648
58.593407
Control Period
58.596992
58.617279
58.609024
58.614815
58.606178
58.608513
58.607105
58.610558
58.606270
Control Period
58.631775
58.559074
58.602173
58.624451
58.623230
58.585247
58.624191
Control Period
58.612064
58.584419
58.576515
58.559425
58.650944
58.586243
58.640415
58.610401
58.601120
Control Period
58.592991
58.596256
58.611073
58.601059
58.611710
58.593826
58.569344
58.595360
Control Period
58.598526
58.578430
58.607647
58.602654
58.622398
58.586433
58.629856
58.610748
Control Period
58.609440
58.621696
58.594337
58.612961
58.602303
58.583038
58.589375
58.587265
Control Period
58.607552
58.721279
58.602783
58.598305
58.602848
58.630497
58.602272
58.589760
Control Period
58.603584
58.600639
58.621475
58.598366
58.588318
58.606464
58.665279
58.635971
58.629982
Control Period
58.571999
58.615456
58.659325
58.594688
58.608162
58.606750
58.597153
58.612221
Control Period
58.619328
58.624191
58.633823
58.595840
58.637955
58.609024
58.609249
58.617184
58.614464
Control Period
58.568256
58.591522
58.571808
58.683777
58.623459
58.567455
58.581726
58.585983
Control Period
58.607262
58.588383
58.632637
58.615776
58.667618
58.611393
58.607712
58.616577
Control Period
58.599873
58.618176
58.622944
58.608002
58.613537
58.674721
58.604607
58.638721
58.616158
Control Period
58.594337
58.627296
58.602272
58.570335
58.603039
58.673309
58.600128
58.581760
Control Period
58.618530
58.586945
58.604317
58.594109
58.605438
58.626816
58.672096
58.631165
58.612671
Control Period
58.607010
58.599617
58.611008
58.627838
58.593246
58.603359
58.724064
58.611488
Control Period
58.651199
58.599586
58.609791
58.633953
58.599747
58.644928
58.614529
58.717632
58.569283
Control Period
58.611488
58.597313
58.647293
58.611839
58.618816
58.611233
58.588512
Control Period
58.638847
58.589981
58.671520
58.691456
58.639359
58.581726
58.585442
58.589218
Control Period
58.587456
58.604000
58.619774
58.588898
58.681122
58.619904
58.600029
58.639038
Control Period
58.596771
58.622749
58.626015
58.587616
58.627998
58.660706
58.595520
58.628899
Control Period
58.616768
58.595779
58.583870
58.600258
58.622559
58.731712
58.638786
58.577759
Control Period
58.614529
58.578850
58.571487
58.613953
58.591583
58.613312
58.594307
58.615265
58.606174
Control Period
58.624290
58.609756
58.626366
58.610687
58.618977
58.570656
58.667198
58.588928
Control Period
58.579777
58.590271
58.620575
58.581795
58.607361
58.597183
58.605377
58.613377
Control Period
58.604355
58.630432
58.602402
58.659393
58.604797
58.607101
58.587936
58.582176
Control Period
58.618210
58.633888
58.590210
58.633858
58.614784
58.606430
58.603233
58.596832
Control Period
58.597153
58.633663
58.629665
58.570145
58.636803
58.632481
58.626755
58.589088
Control Period
58.573631
58.603714
58.604385
58.599007
58.603394
58.695904
58.608383
58.642242
58.585022
Control Period
58.581245
58.604481
58.615425
58.593407
58.599808
58.702015
58.586784
58.615135
Control Period
58.605667
58.609985
58.614174
58.637405
58.621952
58.596321
58.696224
58.615715
Control Period
58.630333
58.628159
58.606976
58.618305
58.607582
58.614204
58.630783
58.706528
58.584866
Control Period
58.587711
58.597569
58.614014
58.639297
58.572670
58.599232
58.608765
58.730816
Control Period
58.578335
58.586880
58.620605
58.603554
58.627392
58.589279
58.603745
58.602047
58.697151
Control Period
58.611649
58.579391
58.616768
58.673920
58.629951
58.616638
58.623329
Control Period
58.594879
58.627357
58.639233
58.637215
58.651745
58.698944
58.603554
58.647263
58.610077
Control Period
58.617310
58.628479
58.590015
58.596771
58.605728
58.645599
58.623871
58.589569
Control Period
58.571106
58.631329
58.670334
58.598335
58.556065
58.604897
58.676605
58.591007
58.590176
Control Period
58.605598
58.599617
58.611423
58.622272
58.603584
58.615105
58.652702
58.641731
Control Period
58.616096
58.594849
58.577599
58.576832
58.599136
58.618305
58.616508
58.630051
Control Period
58.612862
58.607967
58.610687
58.712318
58.618210
58.614719
58.614304
58.628223
58.602016
Control Period
58.632000
58.605919
58.616127
58.626816
58.589760
58.613731
58.603134
58.612129
58.613632
Control Period
58.617664
58.610752
58.574017
58.594017
58.676674
58.614082
58.603775
58.612865
Control Period
58.613056
58.669182
58.644798
58.609951
58.594269
58.604736
58.646431
58.608414
58.604195
Control Period
58.592640
58.651360
58.620094
58.606529
58.629120
58.601471
58.637409
58.623489
58.626305
Control Period
58.612579
58.685280
58.625664
58.605984
58.616928
58.587967
58.620800
58.621567
Control Period
58.646301
58.606110
58.644226
58.618656
58.608704
58.608128
58.603996
58.606781
58.616959
Control Period
58.609634
58.583519
58.664642
58.596252
58.634850
58.597408
58.605118
58.618881
Control Period
58.626369
58.586945
58.678783
58.662785
58.574783
58.607071
58.626205
58.590370
58.608894
Control Period
58.614723
58.629059
58.616226
58.578815
58.685184
58.612865
58.615360
58.609215
58.590881
Control Period
58.614815
58.606941
58.640320
58.603233
58.643486
58.585247
58.615456
58.634430
Control Period
58.623425
58.590977
58.651169
58.637825
58.616863
58.620640
58.632832
58.585533
58.597443
58.622398
Control Period
58.614624
58.686211
58.601891
58.614304
58.600704
58.645504
58.601059
58.624096
58.593346
Control Period
58.619648
58.625374
58.620995
58.572769
58.567841
58.606144
58.592285
58.618305
Control Period
58.621758
58.583839
58.672668
58.609245
58.623138
58.608253
58.690529
58.609695
Control Period
58.641502
58.598881
58.562241
58.611649
58.631199
58.612896
58.620575
58.710144
58.602177
Control Period
58.626366
58.617859
58.601059
58.603008
58.605858
58.625824
58.607422
58.669022
Control Period
58.600548
58.619583
58.629089
58.638176
58.611359
58.596321
58.613216
58.603680
Control Period
58.595104
58.605663
58.607651
58.629471
58.609917
58.605377
58.620384
58.650978
Control Period
58.710369
58.614433
58.637634
58.612099
58.610146
58.625374
58.571007
58.577118
58.606979
Control Period
58.638176
58.592960
58.582176
58.592224
58.714973
58.599518
58.620193
Control Period
58.626526
58.590816
58.622753
58.597633
58.626049
58.602943
58.703362
58.620926
58.626751
Control Period
58.620129
58.622047
58.587486
58.577663
58.614559
58.618015
58.613503
58.600544
58.576515
Control Period
58.586143
58.613537
58.615967
58.586720
58.616226
58.620480
58.631134
58.694401
Control Period
58.606178
58.604546
58.636833
58.631073
58.610592
58.583229
58.611008
58.625153
58.639359
Control Period
58.615234
58.603584
58.568893
58.585732
58.590782
58.618240
58.606625
58.628418
Control Period
58.623680
58.622047
58.610336
58.590656
58.699165
58.623581
58.600544
58.623390
Control Period
58.629059
58.582718
58.600830
58.634750
58.614944
58.710686
58.632416
58.636002
58.639553
58.637886
Control Period
58.628128
58.624191
58.602753
58.609055
58.630497
58.604767
58.610558
Control Period
58.620960
58.630688
58.633121
58.600098
58.616417
58.601120
58.626015
58.617599
Control Period
58.586208
58.569954
58.660992
58.624031
58.590530
58.594559
58.633152
58.621151
Control Period
58.591843
58.610497
58.629951
58.603104
58.631744
58.568932
58.599617
58.702145
58.588478
Control Period
58.581757
58.612511
58.612705
58.625088
58.586845
58.616032
58.641731
Control Period
58.620865
58.583714
58.567169
58.606689
58.622272
58.611710
58.609921
58.581757
Control Period
58.611679
58.595074
58.614368
58.617470
58.671745
58.643200
58.617538
58.624767
Control Period
58.611778
58.607136
58.592163
58.617630
58.635422
58.696190
58.586113
58.597504
58.613251
Control Period
58.569408
58.600189
58.600574
58.609055
58.587200
58.712830
58.605312
58.604801
Control Period
58.625092
58.612831
58.583389
58.618561
58.619682
58.650627
58.600769
58.626526
Control Period
58.601410
58.623264
58.605473
58.608383
58.606430
58.627747
58.654625
58.732449
58.619423
Control Period
58.618210
58.564995
58.617695
58.658142
58.612701
58.604801
58.575905
58.642208
58.617855
Control Period
58.600449
58.617729
58.587841
58.613213
58.606499
58.616959
58.618977
58.635040
Control Period
58.642082
58.629856
58.579651
58.601696
58.618973
58.617470
58.641441
58.595490
Control Period
58.636223
58.644447
58.635521
58.631805
58.609283
58.656609
58.638657
58.625088
58.623711
58.604256
Control Period
58.658112
58.617119
58.612415
58.597725
58.607521
58.613472
58.609600
58.622208
58.607647
Control Period
58.614208
58.618370
58.587265
58.634048
58.620865
58.704094
58.633663
58.604321
58.629219
Control Period
58.598846
58.608803
58.568512
58.623775
58.614914
58.628223
58.619843
58.608959
58.573410
Control Period
58.603935
58.633919
58.619041
58.608414
58.571808
58.631615
58.618690
58.613281
Control Period
58.588192
58.576195
58.594143
58.630272
58.599648
58.617859
58.612640
58.693314
Control Period
58.620163
58.598785
58.591522
58.583553
58.611458
58.569824
58.566048
58.611298
58.623360
Control Period
58.622879
58.612064
58.604706
58.612896
58.591904
58.601631
58.629536
58.595810
Control Period
58.628769
58.589790
58.621601
58.627487
58.630722
58.625633
58.601440
58.603264
Control Period
58.613853
58.621407
58.581055
58.592960
58.594398
58.621376
58.593407
58.585056
Control Period
58.612896
58.716640
58.653282
58.590462
58.611229
58.620544
58.629345
58.577438
58.613152
Control Period
58.627136
58.650177
58.594463
58.613281
58.607811
58.668190
58.612736
Control Period
58.614017
58.594658
58.610367
58.630047
58.622177
58.574402
58.613922
58.671616
58.617729
Control Period
58.583904
58.608288
58.618370
58.616127
58.650784
58.618690
58.615997
58.680962
Control Period
58.615105
58.622498
58.598816
58.626755
58.591103
58.619713
58.589630
58.614880
58.660866
Control Period
58.616192
58.631008
58.645729
58.589630
58.603073
58.594017
58.615997
58.614624
58.582787
Control Period
58.472382
58.493378
58.460739
58.467773
58.438271
58.469826
58.475487
58.466721
58.486465
58.459583
58.488449
58.469055
58.480736
58.472961
58.472321
58.474495
58.472992
58.465473
58.450081
58.500191
58.480064
58.479839
58.444031
58.457344
58.465023
58.469185
58.465469
58.509186
