0.723515
0.89523
0.8943
0.905007
0.896689
0.904967
0.903651
0.887432
0.902648
0.897397
0.893877
0.904609
0.902028
0.90895
0.896052
0.870981
0.897583
0.88373
0.941653
0.905923
0.899596
0.906207
0.883428
0.910583
0.892547
0.906969
0.906769
0.895004
0.898317
0.922101
0.876321
0.894456
0.905759
0.886886
0.931396
0.885757
0.895986
0.906694
0.904712
0.910376
0.885705
0.884542
0.922542
0.901607
0.884505
0.891795
0.893574
0.908896
0.916465
0.909233
0.880851
0.895615
0.895662
0.904336
0.91334
0.906942
0.912695
0.859035
0.910161
0.915716
0.88801
0.903125
0.916111
0.887969
0.903976
0.896353
0.896407
0.891299
0.907629
0.897492
0.895107
0.906672
0.893619
0.906633
0.902456
0.908739
0.881848
0.899078
0.923403
0.867827
0.915415
0.876873
0.903558
0.927838
0.903039
0.899204
0.904117
0.892297
0.907236
0.899134
0.892498
0.899507
0.891238
0.89459
0.900688
0.910062
0.905311
0.889321
0.890846
0.914143
0.902753
0.899842
0.892093
0.924659
0.886919
0.893549
0.897968
0.893093
0.929295
0.888123
0.888738
0.901178
0.911274
0.895988
