56.7022
59.1892
61.8476
61.5521
62.5978
62.5106
62.3013
62.9283
63.5117
63.2458
63.6021
62.6968
63.0628
61.8249
63.1242
62.3537
62.4085
62.0891
63.2021
62.4497
63.0703
63.0345
63.9256
63.399
62.7481
62.8759
62.4685
62.9143
62.7149
62.4039
62.9163
61.7113
62.1357
62.6271
64.6638
63.3308
63.7741
63.3172
63.8738
63.0735
62.0594
62.8356
62.3774
63.1979
63.3465
63.1679
62.5104
63.0779
63.0747
62.5405
63.4348
61.8777
64.2376
62.545
63.0841
63.1679
62.8526
62.9146
64.077
62.509
62.4069
62.941
63.8605
62.8201
64.0489
62.063
62.4892
63.3294
63.5768
63.6484
62.1193
62.4742
63.3409
64.0905
61.7615
63.1588
62.6561
62.6954
63.731
62.5579
62.3212
62.7751
63.1587
62.9031
62.0959
62.5236
61.5783
63.7469
62.663
62.3675
64.2315
62.9899
63.0035
61.7731
63.1185
64.4803
63.1185
63.4398
61.8946
61.9278
63.0966
62.4208
63.1519
62.3019
62.0944
64.6028
62.1199
62.1371
62.4169
63.54
62.8491
62.5568
64.8898
61.8839
