5695.79
6218
5903.69
5625.13
5507.55
5518.93
5539.17
5502.23
5448
5460.23
5512.69
5442.13
5377.17
5480.07
5629.41
5549.4
5462.77
5499.23
5574.86
5556.07
5474.07
5608.57
5445.62
5574.53
5462.23
5500.6
5475.31
5437.38
5412.97
5528.76
5556.67
5465.9
5484.21
5458.55
5531.8
5496.2
5572.57
5420.66
5498.43
5435.63
5500.1
5542.69
5564.37
5477.03
5415.27
5550.24
5507.77
5491.6
5514.69
5522.43
5625.13
5557.37
5452.52
5466.86
5352.47
5484.57
5530.38
5599.07
5471.1
5608.31
5429.03
5466.14
5600.93
5362.55
5479.9
5534.93
5433.47
5512.21
5557.1
5497.55
5564.6
5500.13
5441.03
5485.3
5491.47
5471.21
5603.57
5396.34
5490.2
5448.53
5549.03
5581.69
5454.17
5425.34
5344
5538.17
5660.4
5459.93
5530.67
5529.9
5482.97
5451.69
5510.03
5544.4
5508.37
5501.66
5550
5453.55
5406.17
5508.6
5467.03
5532.47
5554.83
5438.27
5429.76
5582.03
5561.87
5490.9
5536.83
5591.9
5572.77
5492.9
5403.93
5500.38
