-195.793
-718
-403.689
-125.133
-7.55176
-18.9331
-39.1665
-2.2334
52
39.7666
-12.6895
57.8667
122.833
19.9331
-129.414
-49.3999
37.2334
0.766602
-74.8623
-56.0669
25.9312
-108.567
54.3794
-74.5332
37.7666
-0.600098
24.6895
62.6206
87.0332
-28.7588
-56.6665
34.1001
15.793
41.4482
-31.7998
3.7998
-72.5669
79.3447
1.56689
64.3667
-0.100098
-42.6895
-64.3667
22.9653
84.7334
-50.2412
-7.7666
8.3999
-14.6895
-22.4331
-125.133
-57.3667
47.4829
33.1377
147.533
15.4331
-30.3794
-99.0669
28.8999
-108.311
70.9668
33.8623
-100.933
137.448
20.1001
-34.9331
66.5332
-12.207
-57.0967
2.44824
-64.6001
-0.133301
58.9653
14.7002
8.5332
28.793
-103.567
103.655
9.7998
51.4668
-49.0332
-81.6895
45.8335
74.6553
156
-38.1665
-160.4
40.0688
-30.6665
-29.8999
17.0347
48.3105
-10.0332
-44.3999
-8.3667
-1.65527
-50
46.4482
93.8335
-8.6001
32.9653
-32.4668
-54.8276
61.7334
70.2412
-82.0332
-61.8667
9.1001
-36.8276
-91.8999
-72.7666
7.1001
96.0688
-0.384766
