60.139328
59.870239
59.869278
59.847198
59.868607
59.883904
59.879837
59.855774
59.852257
59.849632
59.872223
59.869728
59.858784
59.862656
59.867744
59.852608
59.869949
59.893791
59.868034
59.863518
59.886337
59.835808
59.859585
59.874722
59.877823
59.862495
59.886658
59.871582
59.886559
Control Period
59.877853
64.646431
59.885086
59.901474
59.878304
59.889023
59.896355
64.689278
Control Period
63.178307
63.440865
65.084801
63.633183
65.026817
63.074883
63.962177
63.117344
Control Period
62.934273
66.104416
66.655968
65.294945
64.346756
68.558075
67.766464
66.229919
Control Period
67.440193
62.617920
65.911484
68.563522
67.153122
62.679104
68.605179
66.709244
66.207970
Control Period
68.559036
68.517410
65.336548
67.769600
68.639969
64.291229
63.216515
66.894402
Control Period
68.589920
68.448029
66.799805
63.027138
68.575653
63.638657
67.843231
68.570816
Control Period
62.938175
68.534081
62.862366
68.568352
63.213696
68.512032
68.195450
Control Period
63.518784
68.341377
68.560448
67.133728
68.534271
62.888000
68.537186
Control Period
63.249634
65.308388
68.632706
68.601181
64.733887
63.661148
67.961884
63.732414
Control Period
68.603226
65.899422
62.449310
63.322723
66.880646
67.785980
63.782879
64.973534
64.802429
Control Period
67.073570
68.600250
66.790207
66.836800
62.790913
64.652863
Control Period
62.891937
63.596577
64.531998
63.783745
68.639740
68.575897
68.542175
68.569473
62.827583
Control Period
66.855423
63.043037
66.187843
67.334846
63.825760
68.369156
65.466782
Control Period
66.919556
65.422974
67.236832
63.326591
63.227554
65.185219
66.306847
Control Period
65.978752
65.326309
62.893982
63.098816
63.034977
63.557152
62.846176
64.101601
Control Period
65.316544
63.156548
63.749664
63.345470
67.789024
63.293858
63.351006
Control Period
63.208672
62.500160
62.736931
62.893185
62.931583
63.112511
63.350555
63.257820
Control Period
66.554428
66.538467
65.506111
65.675934
66.066429
65.881851
66.285217
66.564514
Control Period
68.530914
66.352249
62.990273
65.978943
68.543808
63.686111
66.227135
68.488960
Control Period
68.476990
63.255646
68.441284
62.667297
68.473503
67.607040
64.434883
68.477722
Control Period
67.526459
68.479424
66.838943
68.510689
65.986305
68.585953
63.111298
63.967327
68.484421
Control Period
62.815010
66.893120
68.494339
64.117691
65.334564
68.452347
63.872414
67.824158
Control Period
65.134911
68.497925
63.007393
68.483521
67.331390
65.815170
66.629150
67.360542
68.452835
Control Period
68.456703
63.217537
65.626526
68.476387
68.548676
67.241150
63.015327
Control Period
68.493469
65.281311
68.553757
68.454048
63.237442
68.512253
68.465820
63.580513
Control Period
68.512321
68.500320
68.502594
63.042465
66.556641
68.470177
65.440353
68.003616
68.061310
Control Period
66.589760
67.120926
68.548576
64.119362
68.582016
63.186176
68.484894
Control Period
65.608223
67.384445
63.239105
68.526657
66.268066
64.773407
68.560898
Control Period
67.792000
68.408035
68.510178
68.586594
68.123260
67.253120
64.587044
Control Period
68.527679
68.006401
68.471359
63.762878
63.286785
64.483070
63.852097
64.875900
Control Period
63.158558
68.555489
65.936478
64.660866
68.397408
63.976318
68.563934
63.309792
Control Period
68.158524
68.508545
65.843422
62.693314
66.974213
68.550400
65.844635
62.793633
Control Period
65.224190
63.484673
67.246658
64.256927
63.451614
62.758720
65.648544
68.441467
Control Period
68.052704
68.204483
68.606522
68.232895
67.853439
63.043106
63.083389
Control Period
68.546844
67.555969
67.644226
62.864193
64.833534
64.738754
68.642433
Control Period
68.519684
64.365028
67.097374
62.429790
62.990528
65.243622
65.016129
68.585762
68.616608
Control Period
68.287582
68.622589
63.042465
65.230370
68.672546
64.641373
68.622589
Control Period
63.369247
66.911194
66.997375
67.876038
68.664230
66.883743
65.825920
65.692703
Control Period
68.424164
65.276260
68.528381
68.625443
68.566109
68.617088
65.026688
Control Period
68.538940
63.101341
66.170563
65.913918
66.662880
66.639206
66.459869
66.515709
62.779549
Control Period
66.319908
68.567810
65.393982
64.354851
63.299873
63.436928
63.107681
Control Period
68.135239
67.492508
67.768997
68.497986
68.500290
68.307709
68.024612
62.881378
62.972897
Control Period
68.567711
68.358047
68.537918
65.041374
62.742592
67.510178
68.579971
Control Period
67.515106
63.710144
64.402596
64.090370
67.798172
68.542786
64.370300
Control Period
63.734753
63.106594
63.758049
63.260448
62.936001
68.271652
67.675461
67.468765
Control Period
68.555679
62.832802
62.827042
62.862595
62.955040
66.147903
66.480705
65.190910
66.122498
Control Period
63.213951
63.309151
65.163300
65.565857
65.161537
68.543137
68.571838
68.522209
Control Period
68.548355
68.477570
68.371902
64.989182
65.486908
64.329376
64.804321
Control Period
66.134979
65.743744
65.310402
68.483841
68.550659
68.480415
68.575012
66.449051
Control Period
67.038879
63.068672
66.332581
68.533401
68.586464
63.436127
65.074562
63.123711
66.613152
Control Period
68.533600
67.295326
64.182655
68.496613
63.448738
68.437859
64.406525
66.971588
64.309311
Control Period
65.321823
63.622849
68.566650
68.587616
68.552353
62.812004
66.054237
Control Period
68.471008
68.512451
67.275131
63.069473
68.468193
65.037697
63.895393
Control Period
68.629379
68.608894
63.328800
68.562973
66.634560
68.536705
64.443008
68.615005
Control Period
68.591103
66.971359
66.648895
66.974495
67.129791
66.629700
66.117149
65.899460
Control Period
68.578690
66.437927
67.315201
67.114243
66.983170
67.719902
68.530334
68.519196
Control Period
68.610138
63.135651
62.803776
63.094528
65.744797
65.298882
63.017502
Control Period
63.597633
68.261414
64.265343
67.722015
68.574371
62.798817
68.605728
Control Period
67.973953
68.599358
68.570618
68.209824
63.348576
67.494980
68.578941
65.902306
67.691620
65.164894
Control Period
68.702240
62.781921
66.434784
68.585442
66.744827
66.922363
68.542656
63.340927
Control Period
66.011772
68.556351
66.313667
65.351868
68.595299
63.284927
68.547104
66.129570
Control Period
68.573921
67.890915
65.754272
68.585312
68.140228
68.523972
66.468414
65.913727
68.552704
Control Period
67.313828
65.583740
68.614273
67.194244
68.627968
67.801567
63.211937
Control Period
68.626297
67.085602
63.153343
64.166107
68.605949
68.507462
68.530724
65.558914
Control Period
63.385056
68.654343
65.032539
68.621445
68.504158
67.892128
68.206329
63.042591
63.983776
Control Period
68.491585
65.557343
63.214783
65.263260
68.471901
68.557953
64.561508
Control Period
68.470276
64.842781
64.699936
64.803200
65.397949
64.385025
65.178978
65.647583
Control Period
65.741028
65.300415
68.582916
68.578110
68.623779
63.451805
62.795586
Control Period
68.563713
65.514786
63.249214
66.357315
68.617538
68.408607
64.299614
63.875553
Control Period
66.089157
63.876579
64.511581
68.622116
68.553185
65.795486
62.978592
Control Period
68.657059
64.106911
68.587875
62.662849
68.520294
63.184898
68.542397
68.594978
Control Period
67.556030
66.679680
64.590622
68.612228
63.030239
68.664703
63.189186
68.635712
Control Period
64.098976
63.548897
68.085281
68.543777
65.168259
64.646210
68.208481
Control Period
68.616669
63.268063
67.828865
68.516281
63.292130
63.492737
67.618561
68.526596
Control Period
68.559967
66.904289
62.918594
66.666565
68.545151
68.562653
66.719711
66.874687
68.555359
Control Period
68.551231
62.963234
65.703171
65.923325
64.891457
63.271263
63.188576
Control Period
66.338303
66.822433
64.358147
64.234177
68.514046
63.143486
68.623459
Control Period
67.885925
64.282082
64.627396
68.453537
67.981728
67.808159
68.575394
68.612320
Control Period
64.086624
64.132286
62.998783
63.339775
66.203430
65.286179
65.661438
Control Period
68.554306
66.692703
65.565987
68.538689
65.676575
65.899170
62.823036
63.120354
Control Period
67.180740
64.470688
64.309219
64.391296
63.498112
63.281826
63.042465
63.211555
62.983456
Control Period
65.657341
63.022144
68.598373
63.146690
66.847229
68.526176
63.453472
63.584610
Control Period
68.607010
63.282753
68.065628
66.552155
68.557892
68.526657
64.379745
64.977058
Control Period
62.632351
68.565125
64.901947
68.667519
68.581604
68.506210
Control Period
64.943489
66.685631
62.879745
66.831711
63.784641
67.966278
63.361759
Control Period
67.521217
65.355331
66.363297
67.795135
64.437309
68.524475
64.448578
64.315323
Control Period
63.467682
64.341949
68.124283
67.860733
68.290367
64.075584
66.929123
Control Period
68.553604
68.542206
67.119873
67.066338
66.091644
66.415169
65.862816
63.313248
Control Period
65.861565
66.238937
66.697151
66.400925
66.616867
67.240860
66.396347
67.268539
Control Period
64.548706
64.014084
63.401375
68.008705
67.623329
68.528610
67.088699
Control Period
68.458084
68.526337
68.440613
68.233536
63.441151
64.482368
64.383682
63.369442
67.649025
Control Period
67.893021
66.272614
66.168259
62.806366
63.435520
63.182816
65.191841
Control Period
64.874268
63.339424
63.501183
63.151585
68.355652
68.559456
64.897697
64.057404
Control Period
68.662369
63.895329
64.024704
63.020386
63.509346
64.291260
68.159393
67.674011
Control Period
66.036034
68.510048
68.533089
66.762558
66.325119
63.151360
63.146400
66.832993
Control Period
65.009407
66.639198
68.523621
68.468384
67.018463
68.124924
64.012482
63.596062
Control Period
68.557793
62.838211
66.840164
68.529694
63.148129
66.248383
64.273499
Control Period
68.490082
65.046112
62.885536
68.145729
62.956417
62.962498
64.027710
65.929024
Control Period
65.909119
63.039906
66.609215
66.417343
67.667519
68.022820
64.297379
64.394081
Control Period
68.672379
63.239998
63.543869
64.419807
68.581436
68.603363
63.854752
63.745506
Control Period
65.075012
67.150047
63.561375
66.304993
66.766083
66.946106
65.151749
66.185379
Control Period
68.563812
66.293983
63.343166
64.010300
67.888031
65.519836
65.077087
63.232002
63.030243
66.828255
Control Period
68.534943
68.501183
68.518654
68.515488
67.705727
62.884514
Control Period
66.463745
67.377823
62.743134
65.766273
68.537727
67.863327
63.895870
63.670753
Control Period
68.314148
63.226814
64.871231
64.204453
63.047134
67.318687
65.404289
67.490173
Control Period
68.479073
68.511070
64.145859
63.877731
63.719391
63.882080
63.791840
Control Period
65.472229
65.168060
63.309185
63.172508
64.107201
68.213531
67.479744
66.661507
Control Period
68.542114
68.553284
68.558594
67.204605
66.449600
67.302269
66.366180
Control Period
66.070717
63.373215
67.383133
68.700867
68.646942
65.815071
62.978016
68.658142
63.147968
68.568253
Control Period
66.115234
67.131195
64.593567
68.609566
64.430084
68.552002
62.945057
Control Period
68.573280
68.362465
64.366272
63.512608
68.486336
68.575516
63.125725
67.856766
Control Period
68.527328
66.359772
68.532257
68.332161
65.511330
68.540451
68.513412
64.835167
Control Period
68.514977
63.165184
68.543747
67.804123
64.489601
67.242111
65.955040
68.648773
Control Period
68.579872
68.600327
68.592133
68.541344
68.528000
