59.269058
58.636192
58.529568
58.566944
58.546944
58.525631
58.548225
58.554047
58.556541
58.653664
58.548767
58.549950
58.584255
58.561821
58.598625
58.511105
58.575294
58.567616
58.626114
58.565887
58.535103
58.567390
58.550911
58.563263
58.554817
58.566048
58.564159
58.669441
58.553055
58.566113
Control Period
58.742111
62.417442
58.760994
58.743233
58.713600
58.748512
59.040703
58.778114
58.758018
Control Period
62.439903
62.441505
60.922241
61.398430
62.319389
62.182369
61.229088
60.913475
Control Period
61.429310
62.134624
62.314499
61.372803
60.559200
61.166145
62.298653
61.780190
Control Period
61.689503
61.794403
64.796288
61.581284
60.564514
62.944962
64.813980
60.869789
Control Period
64.840126
60.850685
61.621181
61.208927
62.990494
63.674431
64.028961
Control Period
64.437248
60.990303
61.688705
60.867168
61.529472
62.037376
62.699936
64.864929
61.596607
Control Period
64.857788
62.587521
60.825539
63.450333
64.907616
62.529503
63.179905
61.088512
Control Period
62.842785
64.813828
64.811844
62.618080
64.818909
64.856354
62.286880
61.045055
Control Period
64.795013
63.393181
62.292831
60.991905
61.008320
64.014687
64.769531
64.813538
63.133316
Control Period
64.928223
63.590530
62.297852
60.987167
63.671936
64.851936
64.887360
Control Period
62.978622
62.830658
60.850880
64.881599
64.516609
63.779968
60.635521
61.100449
Control Period
61.327232
64.207520
63.306305
64.788956
61.966339
61.138817
64.704254
Control Period
63.649536
60.915199
61.072769
61.871426
61.088478
60.989853
63.187073
Control Period
64.849564
61.210403
64.566177
62.040417
63.951294
62.127197
Control Period
62.471455
63.354813
61.121025
64.770660
61.378685
61.900574
63.400833
60.431488
60.855873
Control Period
60.736576
64.108353
61.271358
61.888512
64.860870
61.456894
64.838081
61.659966
Control Period
64.917152
60.927681
62.850143
62.449341
61.653763
60.955009
60.870560
Control Period
64.813828
63.251266
62.352097
64.504768
64.739037
61.793663
60.959747
Control Period
64.743774
61.925346
61.366371
60.860733
63.790974
61.063007
62.557571
64.675293
61.064285
Control Period
61.384354
62.883743
62.198944
63.042816
62.708992
62.674500
64.795967
64.873245
Control Period
64.479424
64.402267
64.816605
60.909279
60.939938
60.637825
64.094269
63.996670
Control Period
64.830238
64.776764
64.549187
61.900002
61.922272
64.859100
64.641342
Control Period
60.958977
64.297379
64.300354
64.045982
64.796547
63.092163
63.097054
62.603359
Control Period
62.456062
61.198208
63.715553
64.079803
60.968929
62.709408
64.108704
Control Period
62.554943
64.778076
61.259041
61.487389
64.842941
61.722115
61.531326
64.831131
Control Period
64.466560
61.078400
62.402111
62.643486
63.261410
61.286720
62.140831
Control Period
61.183617
60.988064
62.615746
62.905724
64.793922
64.040833
63.872192
64.829346
Control Period
62.054878
60.757057
63.588257
63.052830
60.888290
64.460388
62.087868
Control Period
61.310207
61.714878
64.910202
62.735748
60.763168
61.038879
64.676254
62.081985
Control Period
64.894943
64.443771
63.957375
63.854111
61.133698
60.718880
61.000927
63.326431
Control Period
62.408577
62.364704
60.961922
62.082275
61.511650
61.253536
61.396191
Control Period
61.377632
62.175518
61.182114
63.128799
61.446785
61.071106
64.891556
63.080448
60.867489
62.713120
Control Period
63.705055
64.146431
64.170403
60.947136
61.059937
60.820480
63.454369
Control Period
63.346817
64.801987
64.834877
64.853699
64.882561
64.857635
64.851585
64.809540
64.735458
Control Period
64.908478
63.558048
64.141891
64.850693
63.224159
60.759457
64.863998
63.283554
60.386688
Control Period
64.834427
64.834564
64.786400
61.574303
64.835487
60.863998
64.879517
63.584225
64.918495
Control Period
64.880035
61.843262
61.482689
64.818306
64.885574
62.489792
61.219616
Control Period
64.958084
64.283775
64.670944
61.287682
64.769348
64.880005
62.266914
63.043777
Control Period
63.754753
60.813824
60.945503
62.517345
64.876572
64.868927
63.767681
Control Period
60.684929
63.143105
63.393921
63.388863
60.868416
61.506050
61.430786
Control Period
61.617569
60.989376
61.224831
62.149857
61.967903
64.933311
64.918427
64.883774
Control Period
64.914886
62.544067
63.734753
60.802307
60.986305
61.214722
62.444641
Control Period
63.252834
63.711136
63.696033
61.211586
62.847137
63.991840
62.019009
64.853249
Control Period
64.828926
63.214241
64.951683
64.427780
61.176254
62.362175
62.464546
Control Period
63.306976
64.886017
64.567139
61.068863
61.198689
61.632637
64.888519
64.649445
62.312767
Control Period
62.896801
64.811996
64.922913
61.843521
61.379906
60.639999
61.077408
61.116993
Control Period
63.345245
60.924255
61.092766
64.912964
64.377983
64.341377
61.099937
64.907333
64.927902
65.022873
Control Period
64.227455
61.038109
61.510628
64.686691
64.939331
60.272160
62.900738
Control Period
63.153122
61.097534
64.890686
64.414627
60.768127
60.918785
Control Period
64.940353
62.165535
63.551170
63.561180
64.793602
64.893661
63.081120
60.842751
63.084255
Control Period
63.698273
61.216705
61.674179
61.102303
61.135647
61.053055
62.556927
62.584160
Control Period
64.839394
64.851006
64.876099
63.056732
62.631264
64.927780
64.480667
Control Period
64.893570
62.504929
61.954590
62.353920
62.507904
62.476768
61.957825
61.710655
Control Period
61.205666
61.915230
62.374657
62.138016
64.870682
64.856194
64.228577
Control Period
62.099518
62.153053
64.859680
64.921570
62.742432
62.615967
61.860802
64.090500
Control Period
63.782623
63.318817
61.103870
63.041725
64.696190
61.403458
62.621536
64.862427
Control Period
64.864899
64.845306
61.278625
60.941696
64.309891
61.187294
61.026787
Control Period
64.366974
64.806526
62.138115
64.862686
64.812286
64.683907
62.868446
62.758465
Control Period
64.320480
64.185410
61.517216
62.612671
62.197472
61.508484
60.971489
Control Period
61.093987
64.352066
64.837921
61.281952
61.285728
61.359329
62.777153
62.266785
Control Period
61.823936
62.436832
62.894913
62.277054
62.157215
62.257980
64.856323
64.824066
Control Period
64.822594
63.057632
63.933311
64.259262
64.850113
64.908508
63.802494
64.286179
60.824669
Control Period
62.428703
60.798050
64.840927
62.717506
60.781311
64.882431
63.291649
Control Period
64.846939
61.760033
64.891426
64.891937
62.905663
62.607426
64.892197
64.807358
64.837189
Control Period
61.068413
61.123264
61.073441
62.547104
62.377312
62.510208
62.932930
62.871010
Control Period
63.528671
63.479713
63.289280
61.393501
61.400352
62.171455
62.161087
Control Period
61.912670
64.564575
64.431808
64.092384
63.382240
63.422562
62.665855
62.961472
62.530750
Control Period
63.514877
64.925125
63.939102
63.626144
64.895264
63.140671
60.526237
64.046982
Control Period
64.860611
64.835709
61.130463
63.754017
61.061569
64.977127
64.919556
Control Period
61.938339
60.839073
60.926975
61.211998
61.353409
61.910561
64.913055
63.861183
Control Period
63.351196
63.965309
62.157406
62.252865
61.632385
61.941505
62.422752
62.070049
Control Period
64.892227
62.420609
61.015713
61.128544
64.536636
64.889725
64.875488
62.968605
Control Period
63.763298
63.152191
64.977890
64.884155
64.875618
64.917252
64.860863
61.292767
Control Period
61.122303
61.052643
61.089699
61.854973
62.499779
62.492542
61.973152
62.007263
Control Period
64.912766
61.124352
62.264420
64.850555
64.572388
61.228256
62.604256
Control Period
64.558975
62.367165
60.924355
61.898399
64.909149
62.229439
61.757088
Control Period
61.878624
61.101120
63.187904
63.744034
63.813438
61.256992
61.665920
64.915482
Control Period
64.953659
63.910591
63.336861
63.307587
64.898270
63.065407
62.017380
64.358078
Control Period
64.928452
61.761757
63.210754
63.151680
61.064449
60.657631
60.760223
64.928543
Control Period
61.859039
61.780388
62.114403
61.841888
62.824577
62.928772
62.899582
Control Period
61.144096
64.351875
60.818626
61.648033
64.924736
60.885757
63.514626
64.913315
Control Period
64.951233
63.993504
60.723488
62.506531
64.953796
61.293854
62.526878
64.320061
Control Period
63.497665
61.125664
61.856544
64.998245
65.028061
62.846401
62.846687
61.025185
Control Period
60.538399
61.220032
64.802139
64.804321
60.900131
61.103325
61.302658
Control Period
61.893536
61.658401
63.045986
60.602173
62.518974
64.936066
64.972260
61.847740
61.237057
Control Period
61.530846
60.883232
61.195969
61.577087
61.774113
61.992897
62.093983
61.479294
Control Period
64.037506
64.769562
64.870560
63.316643
63.462944
64.148926
63.889374
Control Period
60.926880
60.865410
61.180065
63.498016
62.862080
62.855103
64.880035
64.236801
Control Period
64.881348
62.648994
62.795677
62.019524
61.820095
61.829506
61.331711
61.612926
Control Period
64.935745
64.917282
64.905533
60.774910
64.229248
64.891937
64.966049
64.900955
Control Period
63.959873
60.914658
62.657475
64.301506
64.536835
60.926178
61.721569
Control Period
64.890076
61.061310
62.693665
63.892895
63.861565
61.325825
61.423710
64.879135
Control Period
61.449409
62.389824
62.363552
61.763458
62.173088
61.813824
61.042336
61.189537
Control Period
64.979782
63.273853
63.590050
63.172668
60.839199
61.024445
64.949539
Control Period
64.933853
64.655136
64.907806
64.615135
64.949051
63.404354
63.896511
Control Period
63.519009
62.812096
64.129730
64.325348
61.325790
64.564484
63.718239
62.632481
61.039680
Control Period
60.980000
60.975586
64.707359
64.518494
64.263168
64.976288
63.657730
62.651840
Control Period
64.228706
61.027519
60.914879
60.588577
61.039455
61.067902
61.223423
64.309151
Control Period
60.980286
61.175491
64.236290
64.244354
60.835838
60.938049
61.084190
Control Period
64.856094
62.781250
61.390015
64.105606
64.083168
60.968323
62.723297
63.865055
Control Period
63.765472
61.133408
62.650047
63.347778
61.082367
64.135811
60.830688
Control Period
63.464066
60.998718
62.227806
64.873795
64.866081
61.268288
62.612610
64.904129
Control Period
60.999229
62.244957
62.665184
63.057537
60.811073
61.044098
63.974243
63.619232
Control Period
64.922112
63.057762
62.435806
61.624672
61.498337
60.827648
61.160355
61.228672
Control Period
64.912933
64.956482
65.029114
64.971130
64.935234
64.906174
64.905602
62.205952
Control Period
64.212227
63.821697
63.058624
61.084862
61.051743
60.763649
60.846306
Control Period
62.572674
61.072319
63.961887
62.041985
61.431580
62.706913
61.172707
Control Period
64.975807
63.632961
62.127869
61.376801
62.222881
62.444546
63.310303
60.708481
62.646881
60.722115
Control Period
64.895584
62.406368
63.276192
64.948349
64.882019
60.831425
Control Period
60.973473
64.371742
64.899170
61.934048
60.674622
64.321182
64.398941
61.219681
Control Period
62.336258
61.086174
61.102112
62.235588
61.770752
64.889153
64.916901
62.117378
Control Period
64.929504
64.909378
65.013031
64.932510
64.913185
64.925087
64.620224
64.875748
Control Period
62.383713
61.396065
63.978371
61.041283
61.216766
61.287331
58.470818
Control Period
64.778275
64.779709
64.774277
64.786850
64.780769
64.757538
64.798019
64.786209
64.732864
64.747589
64.728157
64.765533
64.784706
64.772003
64.758331
65.699455
64.895424
