80
80.3391
81.161
81.848
82.4228
82.9043
83.3088
83.6494
83.9398
84.1849
84.3923
84.563
84.7134
84.8408
84.9476
85.0392
85.1189
85.1855
85.2427
85.2908
85.3337
85.3748
85.4098
85.4397
85.4646
85.4842
85.5037
85.5231
85.5379
85.5499
85.5589
85.5691
85.5763
85.5827
85.5905
85.5988
85.6034
85.6067
85.6081
85.6117
85.6135
85.6149
85.6178
85.6227
85.6252
85.6268
85.629
85.6282
85.6275
85.6252
85.6236
85.6276
85.6287
85.6304
85.6334
85.6352
85.637
85.6369
85.6367
85.6402
85.6411
85.6412
85.641
85.6405
85.6434
85.6421
85.6394
85.6376
85.6364
85.635
85.6351
85.6343
85.634
85.6323
85.6301
85.6306
85.6313
85.63
85.6303
85.6307
85.6286
85.627
85.6239
85.6229
85.6222
85.6241
85.6251
85.6232
85.6202
85.6216
85.6227
85.6202
85.622
85.6222
85.62
85.6179
85.6166
85.6128
85.6089
85.606
85.6033
85.602
85.6
85.5998
85.5985
85.5982
85.5993
85.5975
85.5984
85.597
85.5977
85.5987
85.5985
85.599
85.5964
