5673.54
6024.93
5485.57
5179.87
5003.14
5038.17
5087.03
5015
5048.43
5070.66
5014.6
5004.59
5068.8
4925.93
4981.72
4967.48
4986.07
5022.9
5068.72
4996.1
4926.67
4920.48
4991.31
5104.13
5008.9
5034.83
4940.87
4972.76
5000.57
4891.59
5014.41
5034.8
5033.66
5017.3
4889.14
5079.63
5026.79
5004.83
5008.14
4972.27
5032.07
5140.59
4855.73
4971.24
5019.53
5114.28
5143.17
5001.48
4953.6
4898.45
4950.79
4925.93
5004.83
5042.93
5004.93
4967.34
4987.7
5006.73
5022.62
4995.41
4999.41
5075.97
5017.38
4934.33
5013.57
4996.17
5005.3
4957.38
4944.17
5021.83
5009.7
4996.66
4996.57
5134.03
4973.34
4967.43
4859.86
5027.45
4998.3
4931.33
5009.21
5055.62
5025.53
5084.86
4875.8
4992.69
4948.53
5045.76
5034.79
5021.37
4877.34
5012.87
5074.43
5028.07
5080.67
4992.59
4994.73
4987.14
5052
4970.87
5045.59
4933.66
4914.83
5015.86
5017.17
5013.7
4933.93
5024.1
5041.2
5000.45
5075.13
4988.97
4996.17
4974.69
