0.708622
0.766058
0.791557
0.818847
0.828812
0.827774
0.823362
0.825469
0.829212
0.829321
0.827581
0.836606
0.835148
0.833954
0.838267
0.836582
0.846761
0.831014
0.832166
0.838228
0.84354
0.834358
0.823903
0.836711
0.817009
0.844385
0.841123
0.819763
0.81983
0.823104
0.832009
0.826476
0.826443
0.825577
0.841086
0.828579
0.824371
0.835783
0.833869
0.839761
0.826884
0.822986
0.837374
0.821862
0.842223
0.838734
0.839254
0.840755
0.841202
0.833898
0.835925
0.822015
0.820078
0.83347
0.829857
0.818057
0.828606
0.827241
0.827354
0.857194
0.815788
0.821509
0.83805
0.838192
0.841502
0.833633
0.835009
0.838145
0.84494
0.834204
0.833814
0.832297
0.835005
0.840288
0.834808
0.839877
0.836714
0.826657
0.838745
0.838748
0.827981
0.828551
0.827672
0.838329
0.838527
0.831364
0.834453
0.831165
0.825837
0.838444
0.823458
0.828827
0.832685
0.828807
0.82946
0.829386
0.821325
0.850836
0.825579
0.840702
0.829755
0.824755
0.840335
0.827341
0.828854
0.816876
0.831132
0.82115
0.824762
0.849276
0.832568
0.821359
0.846287
0.834423
