57.8868
61.3703
66.6229
69.2081
69.9962
69.3371
69.8263
71.0934
70.0287
71.0687
71.3387
70.4045
71.237
71.5543
70.4759
70.7177
69.7144
70.442
71.0528
70.6038
71.0532
71.005
70.5079
69.7463
72.16
68.9075
70.3809
72.3051
71.7183
70.4426
70.3093
70.822
70.0347
70.6922
70.4432
70.3634
71.0036
70.1479
69.9921
69.8001
71.247
71.5139
71.1672
71.6884
69.2585
70.0364
70.8806
71.5579
71.0198
72.167
71.1625
71.8095
71.0056
70.4464
70.7547
72.0035
71.479
70.6011
71.3184
68.4344
72.4028
72.0098
71.5091
70.6084
70.0544
69.8506
71.0901
70.608
70.1771
69.7088
70.7799
70.2048
70.3756
69.3502
70.9596
71.0856
70.6428
69.8765
69.606
69.9194
69.4442
69.6489
70.3477
70.4857
71.0614
70.7542
69.6824
69.9699
70.5861
70.0586
70.9526
70.2986
69.5014
70.6842
70.4107
70.8929
71.4937
69.103
70.8097
71.2765
71.5116
71.021
69.5576
70.5322
70.6222
70.9451
70.3278
70.6701
70.2663
68.852
69.8998
71.4818
69.5892
70.1171
