117.781189
117.291580
117.281509
117.281189
117.283066
117.274078
117.272545
117.287674
117.290176
117.268005
117.264130
117.275070
117.261566
117.246849
117.245377
117.287682
117.295456
117.324356
117.290909
117.309311
117.282013
117.270554
117.267456
117.239616
117.268448
117.261276
117.286400
117.263107
117.288864
Control Period
122.029503
122.710464
123.754333
121.802170
121.978622
122.484642
123.858566
122.066628
Control Period
127.604416
129.342316
133.666245
133.771332
128.592957
128.514114
129.892410
133.957306
Control Period
138.347717
133.838318
134.007492
134.008453
134.124969
134.113739
134.156830
Control Period
137.810303
138.395676
138.430237
134.467224
134.065582
138.348999
136.532349
134.305084
Control Period
137.814331
138.267151
137.307037
134.068024
134.563263
137.896606
138.323547
135.277893
Control Period
138.591431
138.344070
138.429504
133.881897
137.934265
138.375336
134.744095
Control Period
138.691162
138.864899
138.565536
138.248291
135.334335
138.322083
138.426147
Control Period
137.465942
138.519226
138.085052
137.564896
137.735870
137.916931
138.398621
Control Period
138.452393
138.500885
138.452789
137.071747
137.489044
136.973083
138.508286
Control Period
140.142975
138.415558
138.563522
138.263901
138.383621
138.108795
138.143463
Control Period
142.606659
138.395233
138.508347
139.856766
142.082245
138.301422
138.095840
Control Period
138.319839
137.237854
138.401215
138.337311
138.407990
138.698044
137.566177
Control Period
141.415009
138.363800
140.609116
138.231201
140.849213
138.322021
140.163940
138.521149
Control Period
140.198059
141.801544
138.280197
138.384995
138.559616
138.196091
Control Period
138.021881
138.430939
138.236969
138.156036
138.592102
138.078369
137.935516
137.375580
Control Period
138.785950
138.590393
138.538498
138.435486
138.050568
138.797607
138.065567
Control Period
140.092606
138.020996
136.678528
141.995682
137.195358
138.110870
137.573975
138.282913
Control Period
138.334366
138.474182
138.394012
138.218140
137.831360
138.014725
Control Period
138.373383
139.805450
138.210114
139.159515
141.242783
138.036255
138.368927
137.803528
Control Period
137.951447
137.591644
138.573349
138.341537
138.137726
140.511871
138.076324
Control Period
138.597961
137.118179
141.227753
136.788910
137.011383
137.366089
136.583771
141.361984
Control Period
139.377701
138.125534
138.226624
138.228836
138.553558
134.363068
138.481506
Control Period
138.219650
138.547043
138.388962
138.454559
138.613571
134.988220
138.393372
Control Period
140.850525
138.391449
138.315140
138.375549
138.443787
137.973953
138.227051
Control Period
138.085785
138.458771
139.234070
140.872543
141.901596
137.042572
137.909119
Control Period
138.288864
140.444992
139.017303
138.269714
137.640442
139.361603
138.128937
138.124603
Control Period
138.474518
138.181213
138.320068
138.225494
138.017410
138.316162
138.103485
Control Period
138.379547
137.682526
138.415558
138.398010
137.974915
138.201691
138.415131
Control Period
138.137512
137.964828
138.242783
138.108276
138.186020
137.577148
140.921600
137.281631
137.762238
Control Period
138.017120
135.954926
137.907196
135.056381
137.882172
135.181305
138.412567
Control Period
137.267914
138.239288
137.863220
137.632904
138.155396
134.193176
138.417908
Control Period
138.347168
138.199585
138.233215
138.292709
138.271164
137.234787
138.069382
138.364319
Control Period
138.274750
138.702118
138.014313
136.961792
137.008698
138.222565
138.121033
Control Period
138.372833
138.133820
136.656738
137.189407
137.774963
138.230469
138.276825
138.812561
Control Period
138.164124
138.205414
134.269470
137.825226
134.635040
138.163910
Control Period
134.638306
138.448700
138.264771
137.963531
136.569794
137.659393
138.119659
138.197693
Control Period
138.385529
138.055817
138.222870
137.767242
137.553314
138.353577
138.249222
Control Period
139.666016
138.205475
138.090210
138.456055
138.175079
138.136002
138.249725
Control Period
139.308990
138.292068
138.202637
138.239456
137.213989
141.110306
136.703064
137.111038
Control Period
138.048294
138.355133
138.246277
138.259033
136.251221
138.083832
138.161774
Control Period
141.768066
137.147903
137.995834
137.364639
138.416138
138.303589
Control Period
141.988312
138.643158
140.202881
138.407745
140.181580
138.340225
138.280029
140.469284
Control Period
138.024765
137.525116
138.032410
138.272324
138.335541
138.418747
138.333130
138.015457
Control Period
137.330368
136.679550
138.475830
138.068298
138.149506
138.338303
138.220581
Control Period
139.099640
138.251068
138.191742
138.236298
138.261688
137.567520
Control Period
137.479675
138.216553
139.313828
138.948425
138.437500
139.044098
138.644867
Control Period
141.583893
140.072098
142.457428
138.279755
138.604767
138.295044
Control Period
141.510590
141.055176
138.152588
138.662537
141.462051
142.853027
141.541443
Control Period
146.094635
138.418884
139.318558
138.298141
140.320831
141.390076
138.318298
139.498108
Control Period
138.193665
138.103302
141.120865
137.943710
138.676361
138.792267
138.571228
Control Period
139.188965
140.163773
140.525299
141.219513
137.457611
138.199707
138.325119
138.246597
Control Period
137.962311
138.284668
137.133179
138.893127
138.136902
138.334381
138.180862
Control Period
139.159332
137.982559
138.198685
137.964096
138.231964
137.798035
136.533173
Control Period
141.093475
138.412674
138.494629
138.362091
138.258423
138.316833
138.337128
138.471771
Control Period
138.226944
138.937408
138.249283
138.027420
141.351532
137.872650
137.108948
Control Period
138.143265
138.327042
138.019867
137.119019
137.649246
137.302155
137.576202
Control Period
142.477875
138.443237
138.220093
138.365631
138.654877
137.491516
137.286179
Control Period
137.492386
137.474091
137.206116
138.794342
138.363739
138.144958
137.992126
138.150055
Control Period
138.158051
138.167999
138.272583
138.580780
138.180893
138.205887
138.143738
Control Period
139.816605
138.012863
137.940063
138.614197
138.020477
137.904221
138.254272
Control Period
138.178894
138.362823
138.684128
138.212891
137.983490
138.199265
137.963531
Control Period
139.230774
137.716644
137.916504
138.306396
139.212036
136.932648
138.158813
Control Period
141.865631
139.733063
140.866364
138.460770
137.802551
140.748581
137.891602
138.562149
Control Period
138.146561
140.817047
137.459015
137.036072
135.955261
136.901978
141.230591
Control Period
139.318237
138.202148
137.971771
137.987549
137.883194
137.653824
142.267715
Control Period
138.490753
138.178131
137.007294
137.159134
140.700073
138.489471
138.012863
Control Period
138.902710
137.859406
138.372803
138.484406
138.402206
138.770309
138.221436
138.333496
Control Period
138.316803
138.531189
138.184387
138.091644
138.185577
137.168915
138.332947
Control Period
137.075104
138.199493
138.245514
138.216187
138.078430
137.932449
138.210236
138.231110
Control Period
138.047943
137.014175
138.711243
138.444321
138.538116
138.572510
138.124161
Control Period
137.908066
138.008926
138.264984
138.659210
137.660797
137.641052
138.702484
138.615967
Control Period
138.334808
138.093979
138.722076
138.325500
137.785858
136.973511
137.681854
Control Period
137.879028
138.475708
138.316544
138.355652
138.055939
138.253983
Control Period
138.248840
139.150726
138.831619
137.859238
140.657791
141.142715
138.181152
Control Period
139.285660
138.569824
138.147141
138.177399
137.247620
139.376129
138.081421
138.508728
Control Period
138.347900
138.204376
138.711105
141.117981
140.714630
139.252350
138.346680
Control Period
141.320679
136.935486
137.801575
138.793594
138.575806
137.082214
138.390259
Control Period
138.385696
138.547546
137.248749
138.295425
138.259155
137.314972
137.575714
Control Period
138.893433
138.445251
138.282562
138.558624
135.209183
138.612854
138.591110
133.931702
Control Period
142.513428
138.491669
138.236099
138.264282
136.447968
138.248199
135.075165
138.967773
Control Period
138.452347
136.259003
138.423615
138.185883
137.381729
138.182312
Control Period
136.816589
137.538757
138.702148
138.291489
136.166077
138.248260
138.110046
134.559113
Control Period
138.270264
138.344086
135.434753
138.568130
138.128067
138.407196
Control Period
137.419006
136.493378
136.894470
140.572571
137.046082
140.594025
138.634979
138.249878
138.422516
Control Period
138.298340
136.511398
138.166779
138.558334
134.124771
138.640808
136.675354
Control Period
141.574341
138.506821
138.645813
138.252899
138.429092
133.999176
138.679352
136.447113
Control Period
136.413406
138.438019
135.787903
137.052734
138.638916
133.997284
138.294495
Control Period
139.059784
134.483292
138.557159
138.376678
138.140900
137.855164
133.818115
138.363098
Control Period
138.522690
138.469315
136.198883
138.274170
138.131073
138.722260
134.407516
Control Period
137.449158
138.197922
138.303833
138.309357
138.489090
138.407990
138.355453
135.607361
Control Period
137.992889
138.035706
134.032318
138.324478
133.949677
138.092773
138.044418
134.255402
Control Period
138.409851
136.606720
137.937531
138.584259
133.915497
138.234375
138.618469
Control Period
137.722290
138.762329
138.520615
136.915955
138.293854
138.488068
135.103775
Control Period
142.701721
138.383133
137.316406
138.291016
138.359619
137.787415
137.387207
Control Period
141.482208
140.597382
137.036469
137.709930
137.597961
139.991043
138.467743
Control Period
138.557190
138.799896
138.264740
138.454559
138.697342
138.313477
138.631805
137.877625
Control Period
138.323059
139.161285
138.112854
137.111115
138.040710
136.987671
141.450745
Control Period
140.248001
137.013504
137.500992
137.101288
141.214905
137.169312
138.260712
Control Period
138.591797
137.789215
137.499481
137.942917
138.100250
138.211304
138.397064
Control Period
138.513885
137.044708
137.755127
141.525146
137.866058
137.755234
138.379059
Control Period
138.294586
137.975677
141.334595
141.338943
138.498688
138.502167
138.281250
139.309998
Control Period
141.903290
136.811523
140.913406
137.617371
137.468262
139.860901
138.285339
140.001251
Control Period
138.013565
136.965469
135.942505
138.340805
137.994339
138.163818
138.278534
Control Period
137.977890
138.272552
138.049118
135.209625
138.145355
138.153442
138.576538
Control Period
140.064423
137.963226
137.502075
138.281601
138.103882
138.166367
138.356094
138.247131
Control Period
142.461945
138.136963
138.424683
138.364258
136.574051
137.617371
138.286438
Control Period
139.663635
138.312836
138.276382
134.430878
138.225311
137.957062
138.406281
138.247742
Control Period
138.186310
138.169495
137.830627
138.166901
138.376953
138.519485
Control Period
138.441284
138.257385
138.220673
138.165726
138.460770
138.505341
138.214325
138.237213
Control Period
139.312103
136.836319
137.658875
138.573273
138.225632
138.144058
137.992538
Control Period
139.940735
141.236298
140.832794
138.476501
138.096710
138.356598
138.278137
Control Period
142.349915
138.076736
138.480194
137.966309
138.603012
138.345596
137.809952
Control Period
141.560989
139.593933
137.558807
137.261307
141.380585
140.553055
137.683594
Control Period
150.598633
150.591644
150.621979
150.622803
150.634949
150.626205
150.629608
150.620453
150.643768
150.627869
150.619904
150.629730
150.619293
150.638519
150.633987
150.630249
150.606262
150.626846
150.626312
150.639420
150.645142
151.479523
