60.259682
59.877441
59.884193
59.891518
59.880226
59.892769
59.879997
59.879776
59.871071
59.889919
59.866688
59.883102
59.878174
59.862049
59.896866
59.869728
59.921345
59.863617
59.877312
59.871712
59.897827
59.850433
59.893185
59.858463
59.895969
59.890751
59.887135
59.889954
59.902176
59.888733
Control Period
59.866943
59.877472
59.885086
59.891392
59.893410
59.872322
59.907040
59.869118
Control Period
59.877728
59.876419
59.860832
59.873024
59.861824
59.903748
59.902847
59.911457
Control Period
59.861343
59.894241
59.862785
59.901089
59.864319
59.890785
59.883713
59.889793
59.861855
Control Period
59.882015
59.884865
59.871231
59.897026
59.885887
59.874977
59.869759
59.873375
Control Period
59.909153
59.880417
59.891907
59.883553
59.873665
59.892735
59.860863
59.879711
Control Period
59.881470
59.894753
59.869759
59.909119
59.933407
59.892319
59.905281
59.890816
Control Period
59.867840
59.897408
59.889248
59.889374
59.875904
59.887615
59.890083
59.928257
59.903267
Control Period
59.890400
59.945023
59.895554
59.906528
59.892258
59.916000
59.928894
59.894882
Control Period
59.897823
59.908226
59.897697
59.899651
59.912800
59.885216
59.883743
59.904350
Control Period
59.887520
59.880512
59.903679
59.868767
59.903709
59.894176
59.903103
59.897472
59.908482
Control Period
59.885952
59.918465
59.870689
59.899807
59.912449
59.897888
59.847778
59.876701
59.886303
Control Period
59.898018
59.879776
59.878689
59.887871
59.887199
59.894527
59.898590
59.887775
Control Period
59.873055
59.901249
59.879105
59.911041
59.878242
59.877377
59.862751
59.887039
59.855232
Control Period
59.901154
59.854942
59.948257
59.871521
59.877632
59.863487
59.881088
59.861183
Control Period
59.871456
59.879555
59.848419
59.869282
59.868546
59.879295
59.897087
59.892609
Control Period
59.885406
59.889633
59.907295
59.876064
59.862144
59.885666
59.860447
59.931427
59.881821
Control Period
59.894337
59.912704
59.890205
59.876064
59.880898
59.878563
59.897247
59.874947
59.880768
Control Period
59.896606
59.847775
59.870945
59.875839
59.869312
59.894562
59.891747
59.900097
59.905087
Control Period
59.903870
59.896160
59.903423
59.896736
59.907871
59.901695
59.888412
59.896957
Control Period
59.883457
59.872833
59.903778
59.862526
59.879616
59.861794
59.866272
59.881790
59.882561
Control Period
59.858463
59.852867
59.852097
59.878433
59.867485
59.900928
59.861443
59.882721
Control Period
59.878082
59.871651
59.875488
59.884003
59.873375
59.867935
59.891232
59.876511
59.854401
Control Period
59.859390
59.869858
59.864159
59.877121
59.886719
59.871170
59.889824
59.869759
Control Period
59.873955
59.871010
59.857407
59.881569
59.873154
59.888802
59.885918
59.881344
59.896160
59.899712
Control Period
59.872833
59.864738
59.883583
59.871681
59.890305
59.886879
59.876190
59.861534
59.851040
Control Period
59.838844
59.849602
59.854370
59.867905
59.862720
59.848259
59.884480
59.869247
Control Period
59.863617
59.845985
59.876320
59.855774
59.869823
59.835617
59.848766
59.837025
59.868416
Control Period
59.876289
59.851040
59.871010
59.867073
59.895744
59.851231
59.870621
59.856194
Control Period
59.843903
59.876225
59.857727
59.875969
59.844765
59.867008
59.850784
59.857597
59.882401
Control Period
59.880447
59.856514
59.874146
59.883297
59.896515
59.894241
59.875137
59.899937
Control Period
59.877602
59.897438
59.922333
59.899265
59.899361
59.900894
59.893536
59.880672
Control Period
59.879135
59.889153
59.891907
59.877182
59.866913
59.866653
59.879517
59.882462
59.861824
Control Period
59.858078
59.896034
59.872192
59.863487
59.866081
59.878624
59.895168
59.880672
Control Period
59.877373
59.878880
59.879711
59.878208
59.867584
59.887779
59.864098
59.868320
59.907074
Control Period
59.885796
59.888992
59.902115
59.872803
59.901119
59.875999
59.886559
59.858849
Control Period
59.859489
59.850883
59.856766
59.895424
59.868641
59.892704
59.882080
59.908607
Control Period
59.895775
59.892033
59.884033
59.870270
59.909309
59.868286
59.865921
59.855934
59.891106
Control Period
59.858688
59.876640
59.883041
59.875233
59.863297
59.884960
59.867329
59.898689
Control Period
59.855614
59.871712
59.874718
59.884254
59.906082
59.864159
59.862816
59.893856
59.880928
Control Period
59.900574
59.889313
59.872929
59.899040
59.885887
59.893951
59.889503
59.897953
Control Period
59.906559
59.916672
59.901726
59.903549
59.891037
59.897026
59.894688
59.912224
59.882401
Control Period
59.882015
59.896255
59.881985
59.874786
59.881058
59.872448
59.902622
59.866688
59.895744
Control Period
59.855553
59.871071
59.893059
59.902912
59.905602
59.884254
59.897026
59.897057
Control Period
59.898849
59.886112
59.880608
59.878494
59.900352
59.853825
59.873215
59.859039
Control Period
59.881538
59.850178
59.874557
59.883331
59.869186
59.887585
59.879967
59.864639
Control Period
59.855293
59.874626
59.873409
59.857952
59.885151
59.884193
59.877121
59.863037
Control Period
59.871071
59.851360
59.864223
59.891392
59.863617
59.905121
59.865982
59.901920
59.876350
Control Period
59.874527
59.901344
59.905632
59.893375
59.902081
59.905693
59.880226
59.875648
Control Period
59.885696
59.869568
59.875744
59.921310
59.876701
59.907936
59.881088
59.863327
59.878784
Control Period
59.895103
59.873569
59.897823
59.864288
59.876030
59.884033
59.890625
59.898144
Control Period
59.919998
59.916096
59.888351
59.893089
59.885315
59.894176
59.891838
59.882721
Control Period
59.902496
59.931038
59.882050
59.909279
59.897984
59.917217
59.872799
59.892670
Control Period
59.902878
59.893150
59.890270
59.870144
59.893055
59.872353
59.861122
59.902081
Control Period
59.887138
59.889568
59.866814
59.911297
59.896736
59.868637
59.905602
59.890400
Control Period
59.900864
59.901600
59.913055
59.888641
59.879200
59.906689
59.913826
59.887039
Control Period
59.902466
59.887711
59.864738
59.881378
59.867393
59.876671
59.872002
59.890175
Control Period
59.868481
59.884254
59.897186
59.883713
59.864258
59.893887
59.873665
59.877888
Control Period
59.863201
59.903389
59.877342
59.888733
59.875263
59.899101
59.881760
59.891232
59.863266
Control Period
59.877922
59.890915
59.905441
59.913311
59.895615
59.892448
59.913345
59.879871
59.875549
59.861568
Control Period
59.878048
59.867104
59.911102
59.899681
59.890560
59.909439
59.899872
59.905663
Control Period
59.867554
59.896065
59.907745
59.907360
59.881474
59.885345
59.905312
59.880257
59.895969
Control Period
59.902145
59.877602
59.883293
59.895073
59.856644
59.908577
59.891232
59.880096
Control Period
59.869217
59.887264
59.863873
59.907585
59.875069
59.907585
59.861759
59.879326
59.857056
Control Period
59.866432
59.876289
59.863586
59.883041
59.863358
59.870304
59.871010
59.910656
59.879040
Control Period
59.849281
59.872608
59.865089
59.841312
59.860931
59.859711
59.872131
59.865120
Control Period
59.913025
59.883202
59.893089
59.899170
59.888321
59.889534
59.899651
59.899361
59.926270
Control Period
59.907234
59.901154
59.889023
59.885952
59.872093
59.887424
59.877888
59.866112
Control Period
59.849857
59.872063
59.866531
59.901375
59.864704
59.869473
59.869118
59.867966
59.852097
Control Period
59.866848
59.908127
59.845856
59.884064
59.870590
59.893345
59.882370
59.865341
Control Period
59.871456
59.876511
59.873665
59.865311
59.895485
59.873955
59.903584
59.880863
Control Period
59.871582
59.880737
59.917053
59.868927
59.931778
59.873791
59.881184
59.869247
Control Period
59.885601
59.877823
59.910175
59.917473
59.927742
59.876610
59.880157
59.881760
59.903969
Control Period
59.885506
59.884544
59.864029
59.906723
59.874367
59.923264
59.886909
59.887711
59.876579
59.891998
Control Period
59.903107
59.874432
59.904930
59.896606
59.896896
59.881439
59.914848
59.864193
Control Period
59.861599
59.872894
59.890114
59.857666
59.878914
59.873985
59.866623
59.869919
59.858593
Control Period
59.880478
59.876610
59.884895
59.894623
59.876610
59.879745
59.887070
59.854271
Control Period
59.859711
59.876415
59.884125
59.870945
59.853951
59.858463
59.859104
59.871010
Control Period
59.889603
59.893570
59.880768
59.899071
59.884354
59.889313
59.890656
59.871201
59.874397
59.864578
Control Period
59.877983
59.926529
59.858849
59.864098
59.870270
59.870625
59.905762
59.888802
59.892704
Control Period
59.894432
59.886368
59.898178
59.896000
59.883041
59.892288
59.892578
59.871872
Control Period
59.861824
59.882656
59.867393
59.879715
59.921341
59.912384
59.861824
59.859840
59.872833
Control Period
59.905056
59.903458
59.893982
59.887169
59.887520
59.902912
59.880898
59.898018
59.869087
59.885826
Control Period
59.910271
59.925858
59.911201
59.908447
59.919136
59.908127
59.903168
59.876289
Control Period
59.887810
59.899712
59.901474
59.887585
59.897022
59.887871
59.899330
59.933697
59.897312
Control Period
59.895809
59.903709
59.886177
59.906975
59.893120
59.853539
59.881695
59.889729
Control Period
59.879555
59.918915
59.901024
59.893791
59.909889
59.898655
59.933762
59.899361
59.895042
Control Period
59.902081
59.895874
59.889153
59.888832
59.871456
59.883362
59.880703
59.888702
59.890717
Control Period
59.889503
59.880192
59.910591
59.886879
59.892319
59.892544
59.887970
59.902657
Control Period
59.888126
59.881149
59.893761
59.901825
59.896801
59.904861
59.895584
59.903072
59.873344
Control Period
59.894943
59.885918
59.904861
59.928673
59.895203
59.892189
59.919968
59.923008
Control Period
59.921822
59.896385
59.884094
59.928383
59.902752
59.909409
59.882175
59.884834
Control Period
59.888351
59.912224
59.918976
59.888897
59.877792
59.895329
59.896446
59.904991
Control Period
59.893250
59.890175
59.897121
59.891808
59.910431
59.885406
59.900192
59.890015
Control Period
59.884003
59.886307
59.879166
59.882301
59.893150
59.880833
59.922562
59.890049
Control Period
59.883202
59.901726
59.876545
59.899200
59.860161
59.914719
59.876259
59.897217
59.888191
Control Period
59.892578
59.879646
59.891937
59.879875
59.888031
59.885567
59.934334
59.892544
Control Period
59.906815
59.902241
59.910721
59.893280
59.893120
59.892738
59.880417
59.908833
59.894081
Control Period
59.898659
59.880798
59.864063
59.907906
59.913918
59.906563
59.885376
59.913025
Control Period
59.919037
59.895844
59.905502
59.903969
59.916512
59.888577
59.899971
59.925278
Control Period
59.890244
59.883842
59.905472
59.880638
59.888000
59.889889
59.871262
59.871807
Control Period
59.889984
59.869568
59.901054
59.886753
59.919903
59.884834
59.881378
59.911743
Control Period
59.902592
59.893700
59.912544
59.899521
59.879486
59.921410
59.929886
59.903168
Control Period
59.888573
59.890400
59.894878
59.886017
59.891201
59.891357
59.890430
59.893951
59.891392
Control Period
59.876701
59.869347
59.904831
59.917343
59.887138
59.891808
59.868576
59.885315
59.920670
Control Period
59.911583
59.894527
59.908478
59.891647
59.901279
59.901283
59.919998
59.878334
Control Period
59.861824
59.884193
59.889404
59.902752
59.895203
59.890816
59.902275
59.891586
59.885246
Control Period
59.890526
59.877922
59.881664
59.874306
59.879105
59.895744
59.884384
59.873985
59.897537
Control Period
59.885406
59.887489
59.885792
59.889442
59.886978
59.879646
59.873985
59.876099
Control Period
59.877022
59.903488
59.879486
59.871742
59.862846
59.865410
59.894943
59.889442
Control Period
59.870304
59.881310
59.867104
59.883327
59.883202
59.852798
59.890656
59.903934
59.872925
Control Period
59.874016
59.887424
59.871742
59.843842
59.862114
59.875263
59.863266
59.851265
Control Period
59.847458
59.884224
59.880672
59.892990
59.860767
59.859840
59.848030
59.886623
59.864769
Control Period
59.885056
59.859840
59.873566
59.873154
59.872925
59.893341
59.891518
59.883808
Control Period
59.890049
59.884735
59.889729
59.883041
59.900768
59.907967
59.902271
59.883232
59.876415
59.895905
Control Period
59.872063
59.847008
59.867775
59.845985
59.849762
59.845791
59.866592
59.834877
59.851265
59.847679
59.876450
Control Period
59.858147
59.873184
59.832672
59.835648
59.859905
59.869663
59.861153
59.876419
59.844608
59.871231
59.854240
59.855873
59.846237
59.895874
59.864159
59.857086
59.871811
