117.592316
117.316994
117.311066
117.309341
117.270340
117.306656
117.305344
117.310181
117.310501
117.291199
117.295975
117.330147
117.307556
117.322083
117.317215
117.318375
117.332932
117.297630
117.322815
117.296768
117.290848
117.262718
117.267654
117.284706
117.281372
117.309021
117.313980
117.290085
117.295013
Control Period
117.315292
117.303940
117.315872
117.316444
117.331139
117.319809
117.297089
117.314720
117.290237
Control Period
117.286118
117.267967
117.297119
117.281822
117.309761
117.315582
117.340416
117.311935
117.296677
Control Period
117.294662
117.281250
117.285767
117.283386
117.296448
117.297218
117.303970
117.285088
Control Period
117.285789
117.286720
117.280289
117.309921
117.298019
117.325378
117.333786
117.334076
Control Period
117.328995
117.299744
117.317596
117.289917
117.288414
117.291199
117.293213
117.263138
Control Period
117.304001
117.327301
117.306686
117.330719
117.315903
117.340195
117.367294
117.327652
117.329506
Control Period
117.331619
117.333313
117.286301
117.268929
117.298279
117.331360
117.361572
117.385818
Control Period
117.328445
117.363556
117.329506
117.333183
117.351746
117.314468
117.363808
117.322845
117.326561
Control Period
117.302429
117.311806
117.300224
117.312637
117.298660
117.325150
117.351868
117.329247
Control Period
117.342339
117.335205
117.334854
117.303200
117.303841
117.288223
117.355972
117.353058
Control Period
117.330658
117.313538
117.300323
117.294594
117.309570
117.283585
117.312897
117.323074
117.308640
Control Period
117.291580
117.292923
117.324966
117.337891
117.308029
117.330658
117.326050
117.329254
Control Period
117.343491
117.328827
117.321983
117.306976
117.284454
117.299744
117.301727
117.288422
117.294266
Control Period
117.305252
117.312836
117.296448
117.285599
117.263519
117.285057
117.286789
117.266655
Control Period
117.263870
117.264992
117.251587
117.277222
117.285248
117.300797
117.328796
117.348160
117.311584
Control Period
117.281151
117.303772
117.288345
117.308258
117.323425
117.317856
117.341919
117.314850
Control Period
117.302399
117.287262
117.292191
117.300995
117.267586
117.284836
117.298813
117.272583
Control Period
117.275742
117.263329
117.292992
117.265663
117.291519
117.306564
117.311813
117.301506
Control Period
117.302208
117.308701
117.310913
117.291397
117.316666
117.315109
117.300995
117.326019
Control Period
117.265381
117.277374
117.289474
117.296799
117.303650
117.319260
117.279388
117.297638
117.275711
Control Period
117.291519
117.262558
117.314819
117.275330
117.289795
117.305664
117.285156
117.295326
Control Period
117.282883
117.266724
117.297791
117.325211
117.292740
117.282303
117.308258
117.281540
117.271011
Control Period
117.265182
117.301147
117.282242
117.303329
117.318085
117.292603
117.295013
117.282532
117.279526
Control Period
117.299591
117.291870
117.294312
117.297340
117.312164
117.300385
117.295456
117.297409
Control Period
117.309662
117.305084
117.272064
117.275871
117.283325
117.301697
117.284416
117.264832
Control Period
117.285339
117.250458
117.287552
117.269470
117.274658
117.273819
117.268097
117.264771
Control Period
117.291550
117.249794
117.263428
117.238495
117.267197
117.264832
117.256348
117.267456
117.299103
Control Period
117.273087
117.301956
117.274628
117.289215
117.277374
117.268448
117.244965
117.270462
Control Period
117.262878
117.265793
117.285568
117.293312
117.321060
117.280350
117.271835
117.262146
117.280960
Control Period
117.280701
117.277054
117.280670
117.289154
117.324707
117.342941
117.319077
117.325180
Control Period
117.311676
117.334015
117.376991
117.362495
117.336639
117.333794
117.322174
117.296295
117.269180
Control Period
117.297821
117.313156
117.287262
117.280441
117.322464
117.317947
117.295906
117.274178
Control Period
117.261566
117.276863
117.294754
117.282913
117.301605
117.302460
117.286110
117.285599
117.255554
Control Period
117.298210
117.291809
117.301926
117.303551
117.280479
117.311775
117.327164
117.313568
Control Period
117.349121
117.312378
117.291519
117.287460
117.306717
117.303551
117.299171
117.308289
Control Period
117.265663
117.262268
117.264130
117.276260
117.248291
117.310043
117.326210
117.328064
117.300003
Control Period
117.326782
117.312286
117.299652
117.283997
117.268867
117.303970
117.334274
117.300415
Control Period
117.268929
117.279968
117.259171
117.274269
117.293533
117.275902
117.295258
117.327393
117.292641
Control Period
117.271515
117.293694
117.281219
117.313057
117.283134
117.311874
117.331841
117.343842
Control Period
117.328575
117.319168
117.304260
117.315933
117.316544
117.309441
117.286049
117.334656
117.326050
Control Period
117.319939
117.308319
117.318176
117.313408
117.321854
117.334015
117.348068
117.332092
Control Period
117.334686
117.314880
117.259491
117.285088
117.275551
117.277054
117.287323
117.315231
117.292282
Control Period
117.291008
117.293312
117.296860
117.321411
117.312958
117.304832
117.306778
117.286880
Control Period
117.302368
117.285187
117.289246
117.293983
117.292633
117.311874
117.305473
117.301025
117.283234
117.271202
Control Period
117.291679
117.284767
117.291550
117.312317
117.272354
117.295715
117.280930
117.297600
Control Period
117.278366
117.262115
117.254913
117.248611
117.280159
117.282822
117.287712
117.279877
117.281799
Control Period
117.271423
117.289734
117.291359
117.291260
117.304474
117.290176
117.330498
117.286438
Control Period
117.293091
117.289154
117.302078
117.331810
117.331421
117.303711
117.279427
117.306107
117.292542
Control Period
117.321091
117.297699
117.296898
117.326370
117.293884
117.299934
117.278595
117.299904
Control Period
117.294342
117.301636
117.300766
117.278625
117.293732
117.302277
117.302017
117.356033
Control Period
117.316574
117.331100
117.306175
117.301186
117.298050
117.292099
117.318398
117.345184
117.324417
Control Period
117.345695
117.352829
117.335907
117.312347
117.322113
117.313828
117.326050
117.304581
117.261276
Control Period
117.319778
117.324509
117.306755
117.326202
117.272705
117.323456
117.290176
117.287323
117.287842
Control Period
117.306366
117.290176
117.298843
117.324677
117.355072
117.317184
117.339645
117.359802
117.334915
Control Period
117.329346
117.318977
117.339455
117.316605
117.293793
117.356224
117.328255
117.337158
117.306015
Control Period
117.306396
117.323296
117.295685
117.298080
117.298943
117.274948
117.307999
117.295898
117.312927
Control Period
117.307938
117.308578
117.300293
117.308838
117.324997
117.270813
117.280670
117.289986
Control Period
117.295166
117.332870
117.313438
117.273567
117.278816
117.321953
117.301666
117.315742
Control Period
117.337860
117.305313
117.330078
117.338684
117.308640
117.308609
117.308990
117.299011
Control Period
117.310425
117.287392
117.298370
117.378586
117.358498
117.323837
117.309570
117.305183
117.312836
Control Period
117.324158
117.314850
117.306656
117.312286
117.340805
117.327042
117.308098
117.329536
Control Period
117.333763
117.344070
117.337601
117.314041
117.308197
117.307556
117.289856
117.268639
117.282181
Control Period
117.268417
117.309341
117.301987
117.320282
117.308228
117.296417
117.296959
117.282562
Control Period
117.264420
117.311737
117.311996
117.302238
117.310432
117.284927
117.288353
117.301857
Control Period
117.289246
117.270943
117.281311
117.262466
117.274178
117.264511
117.270592
117.268829
Control Period
117.305664
117.315613
117.286880
117.292160
117.282623
117.291298
117.289505
117.290970
117.304260
Control Period
117.318047
117.295807
117.356293
117.316193
117.297218
117.314499
117.293274
117.272385
Control Period
117.276672
117.284348
117.264351
117.275230
117.286301
117.275841
117.271584
117.254715
Control Period
117.278435
117.312698
117.307175
117.317596
117.290718
117.317276
117.304832
117.306656
117.300125
Control Period
117.287781
117.314529
117.297989
117.283676
117.283775
117.293533
117.287460
117.333084
Control Period
117.302307
117.291779
117.290405
117.317413
117.303490
117.311172
117.264320
117.301346
117.311035
Control Period
117.295837
117.286270
117.328445
117.296478
117.289566
117.272446
117.327042
117.307236
Control Period
117.307907
117.302979
117.303940
117.325989
117.313339
117.314880
117.308197
117.316422
Control Period
117.345627
117.309120
117.313347
117.350235
117.341568
117.284836
117.298203
117.271294
Control Period
117.314499
117.279938
117.249252
117.279488
117.318787
117.285309
117.289978
117.299873
117.303162
Control Period
117.293793
117.308830
117.313660
117.303810
117.314049
117.292702
117.307449
117.281090
Control Period
117.257729
117.281570
117.305725
117.290298
117.292992
117.268356
117.275131
117.283295
117.288162
Control Period
117.322723
117.314590
117.324677
117.345413
117.334106
117.333572
117.304642
117.287842
Control Period
117.283264
117.284126
117.298981
117.296799
117.305725
117.311394
117.326782
117.333374
Control Period
117.309181
117.313919
117.303131
117.310852
117.302109
117.316925
117.341599
117.288765
Control Period
117.300285
117.307678
117.285309
117.330688
117.323647
117.294525
117.305473
117.317276
117.338463
Control Period
117.358109
117.338715
117.371841
117.340317
117.325920
117.303841
117.341019
Control Period
117.317345
117.347809
117.350235
117.330048
117.355911
117.372803
117.382401
117.344254
117.343002
Control Period
117.324608
117.349983
117.355263
117.328796
117.334305
117.322975
117.346466
117.356003
Control Period
117.350693
117.355301
117.365791
117.348221
117.332550
117.317825
117.287613
117.297791
117.291397
Control Period
117.302879
117.318626
117.356613
117.362274
117.342789
117.346848
117.318588
117.332863
117.326942
Control Period
117.339745
117.334656
117.320129
117.312447
117.321564
117.319138
117.303902
117.340698
117.314018
Control Period
117.338623
117.317764
117.333824
117.330688
117.319328
117.353760
117.314301
117.308899
Control Period
117.318848
117.337860
117.334946
117.330338
117.335709
117.323257
117.328293
117.329666
117.310402
Control Period
117.328934
117.318817
117.324768
117.329956
117.339745
117.329117
117.322464
117.354370
Control Period
117.386917
117.350784
117.337090
117.350243
117.368416
117.348572
117.324738
117.309860
117.332901
Control Period
117.326660
117.342049
117.340256
117.328766
117.331970
117.316032
117.307739
117.335197
Control Period
117.325089
117.325439
117.307327
117.316483
117.304932
117.333374
117.343811
117.316956
117.312836
Control Period
117.314011
117.301086
117.318329
117.301888
117.295395
117.349091
117.338783
117.313507
Control Period
117.334106
117.338593
117.313919
117.333183
117.345245
117.366753
117.314369
117.351196
Control Period
117.350525
117.336319
117.324287
117.299332
117.317245
117.344383
117.362526
117.332962
117.321632
Control Period
117.361504
117.339676
117.372192
117.339844
117.327866
117.317383
117.372543
117.350403
Control Period
117.328415
117.329987
117.292801
117.312576
117.328156
117.337280
117.351517
117.331238
117.339394
Control Period
117.332001
117.318436
117.356613
117.338623
117.329567
117.320419
117.326019
117.342117
Control Period
117.331100
117.284927
117.319168
117.324997
117.340805
117.324860
117.313477
117.303711
117.321602
Control Period
117.300224
117.315231
117.308578
117.334076
117.343681
117.345825
117.327774
117.337372
Control Period
117.307587
117.325951
117.324417
117.368896
117.354752
117.332672
117.351395
117.357697
117.382980
Control Period
117.332832
117.319168
117.327652
117.316895
117.319969
117.284798
117.331200
117.294373
Control Period
117.310822
117.285439
117.332291
117.347198
117.327515
117.314148
117.323616
117.329536
Control Period
117.341476
117.361313
117.343582
117.351006
117.345856
117.351898
117.335808
117.312546
117.316101
Control Period
117.308861
117.307678
117.302750
117.332291
117.325760
117.348419
117.357727
117.342339
Control Period
117.333221
117.319519
117.321121
117.330017
117.335678
117.348358
117.351974
117.321442
Control Period
117.305252
117.300896
117.337151
117.317635
117.335266
117.328224
117.288742
117.287140
Control Period
117.320770
117.311584
117.301178
117.309151
117.260254
117.300194
117.348640
117.329536
117.339966
Control Period
117.310043
117.309952
117.302307
117.311295
117.299362
117.280800
117.319008
117.316895
Control Period
117.310593
117.296326
117.269539
117.233826
117.269600
117.287712
117.284866
117.275269
117.298752
Control Period
117.308380
117.280899
117.327271
117.320358
117.315994
117.299553
117.294083
117.282364
Control Period
117.273636
117.292610
117.299973
117.299583
117.314178
117.305214
117.305603
117.314720
117.350052
Control Period
117.299515
117.343430
117.318626
117.334755
117.320351
117.321632
117.306816
Control Period
117.322815
117.304832
117.271835
117.263649
117.301857
117.283554
117.295807
117.278107
117.282242
117.278717
117.285278
Control Period
117.292671
117.304192
117.287903
117.283615
117.275421
117.272415
117.307076
117.293663
117.295425
117.316864
117.305435
117.308739
117.278687
117.276062
117.273117
117.301857
117.276833
117.286652
