113.399
117.326
117.317
117.314
117.322
117.346
117.337
117.334
117.339
117.341
117.339
117.321
117.325
117.325
117.331
117.352
117.341
117.334
117.347
117.322
117.335
117.341
117.32
117.327
117.313
117.32
117.314
117.321
117.322
117.325
117.322
117.325
117.319
117.325
117.327
117.317
117.313
117.32
117.314
117.332
117.332
117.314
117.337
117.324
117.308
117.288
117.297
117.319
117.297
117.299
117.332
117.298
117.302
117.292
117.305
117.32
117.322
117.305
117.32
117.319
117.349
117.327
117.344
117.333
117.323
117.314
117.316
117.307
117.311
117.321
117.326
117.325
117.333
117.345
117.345
117.328
117.323
117.315
117.316
117.303
117.302
117.321
117.329
117.326
117.326
117.319
117.322
117.311
117.304
117.305
117.309
117.318
117.321
117.344
117.347
117.329
117.327
117.348
117.307
117.324
117.326
117.329
117.346
117.317
117.332
117.35
117.333
117.337
117.313
117.307
117.317
117.31
117.326
117.314
117.316
0
