0.723742
0.755784
0.756531
0.757221
0.757523
0.758095
0.758169
0.758295
0.758375
0.758184
0.758177
0.757972
0.757924
0.757694
0.7578
0.75759
0.757294
0.75711
0.757016
0.756705
0.756604
0.756441
0.75608
0.756014
0.755704
0.755527
0.755403
0.755275
0.755084
0.75493
0.754802
0.754703
0.754698
0.754523
0.754311
0.75414
0.754084
0.753992
0.753785
0.753727
0.753676
0.753547
0.75338
0.753257
0.753076
0.752925
0.753005
0.75298
0.752757
0.752711
0.752731
0.752517
0.752708
0.752312
0.752413
0.752426
0.75228
0.752178
0.752244
0.7521
0.752269
0.751942
0.752137
0.751913
0.751783
0.75159
0.751795
0.751433
0.751508
0.751614
0.751468
0.751552
0.751431
0.751391
0.751532
0.751309
0.751261
0.751064
0.751073
0.750942
0.750996
0.751095
0.751111
0.751017
0.751023
0.751005
0.751008
0.750764
0.750748
0.75087
0.750841
0.750837
0.750864
0.750929
0.750998
0.750851
0.750677
0.750885
0.750625
0.750741
0.750696
0.750641
0.75063
0.750468
0.75046
0.750627
0.750422
0.750478
0.750496
0.750422
0.750555
0.750456
0.750518
0.750403
0.750405
0
