80
79.1825
79.0361
78.9122
78.8083
78.7192
78.6487
78.5875
78.5362
78.4905
78.4504
78.4166
78.384
78.3548
78.328
78.3069
78.2903
78.2737
78.2573
78.2454
78.2336
78.2209
78.2109
78.1986
78.1889
78.1772
78.1666
78.1588
78.1525
78.1437
78.1361
78.1293
78.1241
78.1208
78.1175
78.1143
78.1093
78.1034
78.1003
78.0955
78.094
78.0918
78.0898
78.0878
78.0857
78.0818
78.0757
78.0726
78.0702
78.0671
78.0651
78.0673
78.0635
78.0624
78.0607
78.0606
78.0618
78.0619
78.0613
78.063
78.0638
78.067
78.066
78.0691
78.0705
78.0687
78.0665
78.0678
78.0627
78.0636
78.065
78.0644
78.0644
78.0649
78.0667
78.0687
78.0678
78.0686
78.066
78.0659
78.0627
78.0606
78.0613
78.0626
78.0631
78.0636
78.0634
78.0648
78.0629
78.0602
78.0614
78.0585
78.0598
78.0621
78.0645
78.0678
78.0701
78.0713
78.0743
78.0732
78.0749
78.0764
78.0781
78.0792
78.0789
78.0765
78.0794
78.0778
78.0778
78.0752
78.0737
78.0736
78.0713
78.072
78.0715
0
