90.456352
89.965279
89.920319
83.061951
83.009216
86.994690
82.862495
83.024864
84.138016
81.725983
83.174820
84.782242
84.684578
85.110718
84.386368
82.946564
82.991776
84.771011
83.964890
82.924065
84.182556
83.024704
82.929695
83.177406
83.226112
80.425949
82.980606
84.915710
82.970047
83.236572
82.640442
82.819870
82.794586
84.970139
83.139648
83.131233
82.973572
83.108765
80.519554
83.194176
84.990982
86.817055
83.126625
84.954010
83.370529
83.076828
83.119904
82.912003
83.826981
83.040573
84.285828
81.465286
84.793633
83.067360
82.833054
85.194176
82.292770
82.903107
85.799263
87.013596
84.730591
84.585342
87.228226
84.869308
86.580544
84.787872
83.362778
81.537888
82.945755
85.118530
83.064384
83.196869
82.969894
82.667168
82.913635
83.431015
82.933670
82.909882
78.535004
82.704422
81.382202
82.936005
82.939514
83.014557
83.944862
85.116165
83.252029
85.808548
82.845345
82.985062
85.128609
82.948486
83.713348
82.663010
82.880188
89.427902
84.931366
85.919998
85.860832
88.923935
84.804192
87.138336
86.663422
84.809341
80.113510
82.839066
79.204926
82.962524
80.163651
82.968864
82.906944
83.056412
83.096542
83.548157
84.789085
83.479645
86.669312
84.287781
83.243362
83.149918
80.070236
81.961243
79.576385
82.937408
84.895744
83.621346
83.180893
84.981445
84.968323
84.524796
83.830849
81.509216
82.962662
83.271072
80.272675
78.610558
82.825211
83.113632
82.978653
84.636581
85.077667
84.806595
83.446686
83.001053
83.332352
82.961922
84.851486
86.626236
85.037628
83.020325
80.771362
83.368774
82.463074
83.190750
85.051941
84.580765
84.988419
84.922943
86.496262
85.622940
86.647392
81.361794
82.762688
82.929695
80.044098
81.122116
82.713318
82.938461
83.059814
80.846848
