56.511
60.1497
63.5966
65.5969
66.3696
65.7401
67.1211
67.9769
67.3095
66.8771
67.1324
67.9331
68.7498
65.7255
65.9483
65.8834
67.2958
67.0471
66.1669
66.3642
65.7194
66.0377
67.1645
67.8355
66.9765
67.1013
68.8365
66.4556
67.4737
66.3855
66.171
67.0399
65.3907
66.7985
67.933
67.6768
65.5511
66.2903
65.9545
65.9626
67.6507
65.9019
67.1998
66.2809
66.3933
66.8157
66.6903
67.0425
66.634
66.6061
67.3362
66.1758
66.7749
67.0025
66.3867
67.2167
66.7078
67.1356
67.1771
67.6962
65.8701
67.6339
65.752
66.5768
65.8786
66.5177
66.5257
66.1154
66.2214
66.0192
68.7613
66.8903
67.9171
67.1704
66.3597
67.3291
67.7959
65.6318
66.5614
66.8781
67.2617
66.2423
66.1886
67.0919
67.3276
66.2443
66.4353
66.7261
65.5536
67.0314
67.376
66.1793
66.4588
67.6384
66.8376
67.0147
66.8513
66.9214
66.2799
65.7968
66.8456
66.3236
66.4999
66.665
66.6574
67.3318
66.7965
66.1395
66.5286
66.8846
66.0325
65.8165
66.0227
66.9288
