0.708928
0.752551
0.7669
0.779213
0.789375
0.798069
0.805571
0.811641
0.816923
0.821125
0.824891
0.828208
0.830983
0.833702
0.836256
0.838397
0.840328
0.842342
0.844316
0.846009
0.847559
0.849376
0.850865
0.852323
0.853722
0.855111
0.856586
0.857773
0.85907
0.860275
0.86167
0.862805
0.864057
0.865175
0.866367
0.867376
0.868356
0.869273
0.870343
0.871243
0.871938
0.872849
0.873855
0.874392
0.875309
0.876078
0.877014
0.877671
0.878433
0.878867
0.87961
0.880097
0.880912
0.881536
0.882054
0.882543
0.883169
0.883644
0.884148
0.884664
0.885111
0.885484
0.885978
0.88635
0.886806
0.887312
0.887712
0.887984
0.888345
0.888745
0.889198
0.889582
0.890018
0.890294
0.890619
0.890865
0.891316
0.891628
0.891729
0.892036
0.892255
0.892396
0.892678
0.892949
0.893171
0.893375
0.89362
0.893937
0.894155
0.894103
0.894505
0.89474
0.895006
0.895041
0.895159
0.895483
0.895541
0.895548
0.895665
0.896015
0.895929
0.896108
0.896234
0.896354
0.896558
0.896451
0.896646
0.896747
0.897021
0.89716
0.897064
0.897098
0.897482
0.89755
0.897653
0
