5695.76
5838
5643.52
5262
4961.86
5025.53
5028.14
5009.9
4976.41
5005.14
5045.83
4955.47
4990.63
5023.07
5012.5
4995.45
5015.4
5007.73
4962.14
4968.76
4984.5
5121.37
4991.07
4969.48
4991.67
4916.45
5093.72
5011.38
5005.97
4989.76
5035.31
4870.27
4919.5
5051.52
5057.23
5119.28
5012.23
5054.8
4968.45
4985.13
4967.57
4938
4940.17
5138.86
4950.63
5020.66
5016.63
4973.93
4976.24
5102.87
5021.21
4911.55
4899.37
4981.34
5016.5
5056.76
4785.37
4488.13
4377.83
4299.38
4255.97
4170.07
4120.34
4048.5
4110.34
4084.28
4227.37
4107.21
4014.73
3980.72
3985.23
3992.83
3981.69
4096.31
3976.41
4028.66
4009.93
3959.37
3978.03
3937.1
4019.72
3959.21
3970.43
4010.72
4045.27
3985.9
3994.37
3982.73
3975.45
3981.48
4028.23
3904.48
4014.23
4029
4013.34
3999.62
4022.34
4071.86
4043.17
3980.28
3954.93
3893.52
4009
4003.76
4007.83
4008.59
4072.57
4046.31
3940.93
3970.87
3917.93
4165.03
3926.17
3924.69
