80
79.2418
79.1615
79.1018
79.0615
79.0318
79.0153
79.0034
79.0003
79.0046
79.0115
79.0179
79.0273
79.0425
79.0573
79.0752
79.0921
79.1118
79.1314
79.1458
79.1646
79.1833
79.2037
79.2207
79.2454
79.267
79.282
79.299
79.3124
79.3279
79.3409
79.3558
79.3698
79.3837
79.3927
79.4082
79.4201
79.4316
79.4477
79.4585
79.4667
79.4797
79.4916
79.5041
79.5154
79.5253
79.5335
79.5421
79.5502
79.5616
79.5712
79.5794
79.59
79.5971
79.6023
79.6105
79.6204
79.6267
79.6348
79.6396
79.6426
79.6487
79.6551
79.6642
79.6723
79.6781
79.6806
79.6852
79.6904
79.6957
79.7001
79.7037
79.7081
79.7127
79.7162
79.7169
79.7203
79.7272
79.7317
79.7349
79.7383
79.742
79.746
79.7478
79.7496
79.7513
79.7554
79.7592
79.7622
79.764
79.7635
79.764
79.7663
79.7684
79.7718
79.7771
79.78
79.781
79.7806
79.7839
79.7856
79.7851
79.7886
79.7922
79.7976
79.8052
79.8067
79.8099
79.8089
79.8075
79.8093
79.8095
79.8107
79.8089
79.8084
