56.6637
58.584
58.5846
58.5881
58.586
58.5951
58.59
58.5981
58.5977
58.6027
58.5869
58.5749
58.593
58.596
58.6057
58.5885
58.5917
58.5938
58.5743
58.5978
58.5841
58.5965
58.5858
58.6218
58.6057
58.5855
58.5967
58.5809
58.5871
58.5829
58.5922
58.5802
58.5877
58.5683
58.5897
58.5883
58.5854
58.5874
58.5777
58.5819
58.5931
58.5997
58.6024
58.591
58.5889
58.5889
58.588
58.5819
58.605
58.5864
58.578
58.6006
58.586
58.5954
58.5859
58.6055
58.5884
58.6029
58.5949
58.5631
58.5885
58.607
58.598
58.605
58.6049
58.5731
58.5937
58.5887
58.5955
58.586
58.5878
58.5833
58.5993
58.5833
58.5803
58.5871
58.6031
58.5948
58.593
58.5912
58.5827
58.5982
58.5751
58.6004
58.5809
58.5991
58.5963
58.5965
58.5827
58.5755
58.5864
58.5809
58.5848
58.5956
58.5968
58.5905
58.5875
58.5762
58.5898
58.5895
58.5899
58.599
58.5949
58.5996
58.6166
58.5927
58.5945
58.594
58.5773
58.593
58.5811
58.5867
58.5859
58.5799
58.593
