160
159.182
159.027
158.892
158.777
158.673
158.582
158.498
158.423
158.357
158.295
158.234
158.177
158.128
158.08
158.036
157.993
157.954
157.916
157.875
157.839
157.806
157.775
157.742
157.718
157.692
157.661
157.632
157.602
157.575
157.547
157.522
157.496
157.471
157.443
157.422
157.399
157.376
157.358
157.336
157.312
157.293
157.275
157.258
157.241
157.222
157.203
157.185
157.167
157.153
157.137
157.121
157.108
157.092
157.075
157.062
157.051
157.036
157.024
157.009
156.993
156.98
156.968
156.959
156.95
156.94
156.926
156.914
156.904
156.894
156.883
156.873
156.863
156.853
156.843
156.831
156.822
156.816
156.808
156.8
156.791
156.784
156.777
156.768
156.76
156.752
156.746
156.74
156.734
156.727
156.717
156.709
156.702
156.696
156.691
156.689
156.684
156.677
156.67
156.665
156.66
156.653
156.65
156.647
156.646
156.647
156.643
156.64
156.634
156.627
156.623
156.618
156.614
156.607
156.602
