0.708296
0.739888
0.741242
0.742424
0.743341
0.744275
0.744888
0.745601
0.746104
0.746589
0.746762
0.746973
0.747532
0.747823
0.748181
0.748149
0.748382
0.748563
0.748454
0.748931
0.748873
0.749145
0.749089
0.749657
0.749466
0.749253
0.749492
0.749358
0.749532
0.749543
0.749741
0.749638
0.749797
0.749597
0.749962
0.749965
0.749973
0.750041
0.749919
0.750018
0.750217
0.750311
0.750352
0.750201
0.750187
0.750209
0.750225
0.750171
0.750494
0.750238
0.75014
0.750451
0.750248
0.750387
0.750287
0.750542
0.750299
0.750498
0.750384
0.749992
0.750366
0.75061
0.750479
0.750544
0.750516
0.7501
0.750399
0.75034
0.750427
0.7503
0.75033
0.750278
0.750489
0.750275
0.750247
0.750363
0.75057
0.75043
0.750396
0.75037
0.750258
0.750458
0.750148
0.75049
0.750237
0.750483
0.750426
0.750412
0.750227
0.750142
0.750311
0.750251
0.750303
0.75044
0.750437
0.750324
0.750277
0.750137
0.750332
0.750315
0.750317
0.750444
0.750365
0.750405
0.750584
0.750215
0.750236
0.750216
0.750018
0.750248
0.750089
0.750174
0.750166
0.75011
0.750292
