59.369698
58.597794
58.569599
58.565186
58.566624
58.551582
58.590496
58.597443
58.592865
58.557121
58.614464
58.562271
58.595104
58.546211
58.577667
58.576481
58.677246
58.600864
58.685982
58.590466
58.615967
58.594978
58.624802
58.599838
58.563328
58.576546
58.581955
58.577789
58.589760
Control Period
58.609985
58.609249
58.588097
58.608032
58.576321
58.564289
58.544128
58.572159
58.534657
Control Period
58.569954
58.577538
58.604000
58.642334
58.562881
58.543938
58.601856
58.575714
58.588318
58.629730
Control Period
58.557533
58.600929
58.564640
58.604385
58.563553
58.582497
58.611710
58.596928
58.610687
Control Period
58.649281
58.559166
58.579422
58.555168
58.597313
58.570786
58.570526
58.606529
Control Period
58.654045
58.613281
58.571968
58.585758
58.561089
58.635647
58.567070
58.590977
58.576195
Control Period
58.670082
58.570431
58.568512
58.578625
58.580574
58.604416
58.582016
58.565437
Control Period
58.585091
58.713505
58.606785
58.605217
58.556450
58.585503
58.576607
58.576832
58.577309
Control Period
58.559746
58.693439
58.576225
58.606621
58.561218
58.597664
58.580223
58.628544
58.568321
58.605469
Control Period
58.601410
58.612350
58.578690
58.600258
58.584381
58.588257
58.711838
58.544510
Control Period
58.567169
58.585342
58.610016
58.569504
58.585663
58.555744
58.586754
58.635040
58.578018
Control Period
58.526878
58.605858
58.548607
58.578815
58.543518
58.569504
58.568928
58.653793
Control Period
58.593025
58.584576
58.583870
58.565632
58.606529
58.601826
58.607361
58.600800
Control Period
58.692833
58.585823
58.590530
58.592896
58.578850
58.563007
58.574017
58.581440
58.604385
Control Period
58.700958
58.579105
58.625183
58.573280
58.579391
58.592957
58.596577
58.598045
Control Period
58.592484
58.594398
58.583424
58.609280
58.565758
58.581375
58.570080
58.610847
58.573055
Control Period
58.597855
58.689758
58.581375
58.562912
58.584415
58.583553
58.580833
58.571358
Control Period
58.580959
58.587997
58.604065
58.645058
58.559998
58.580002
58.601856
58.580383
58.604126
Control Period
58.570210
58.554497
58.572639
58.643551
58.551651
58.555969
58.587517
58.567871
58.564575
Control Period
58.555744
58.629375
58.602657
58.652416
58.594818
58.594944
58.583359
58.568703
Control Period
58.589729
58.582687
58.569439
58.560097
58.650368
58.588066
58.556671
58.575645
58.580833
Control Period
58.589951
58.619682
58.560448
58.569920
58.688766
58.592094
58.578304
58.588387
Control Period
58.553761
58.578304
58.570786
58.585503
58.551262
58.673378
58.572739
58.583900
58.602432
Control Period
58.604576
58.593918
58.713821
58.592640
58.577469
58.697121
58.610241
58.584541
Control Period
58.620255
58.604767
58.599007
58.575199
58.584290
58.596542
58.665760
58.599712
Control Period
58.591682
58.576607
58.575554
58.588352
58.594433
58.587906
58.582752
58.591904
58.580673
Control Period
58.595100
58.580894
58.592224
58.555389
58.613411
58.563011
58.592255
58.681023
Control Period
58.581825
58.588062
58.576992
58.630432
58.533024
58.598625
58.559967
58.578304
Control Period
58.559006
58.581726
58.575966
58.608002
58.626526
58.594910
58.589920
58.575966
58.571777
Control Period
58.599007
58.572540
58.543839
58.590752
58.639137
58.573601
58.575809
58.568161
Control Period
58.582016
58.598595
58.596191
58.576256
58.586849
58.651711
58.608063
58.537857
Control Period
58.574402
58.572353
58.579903
58.596577
58.563202
58.548321
58.621727
58.573631
58.591362
Control Period
58.591904
58.556320
58.576897
58.556290
58.580353
58.587105
58.681473
58.571617
58.587677
Control Period
58.560417
58.565987
58.571297
58.553474
58.550850
58.547203
58.623264
58.554176
Control Period
58.583389
58.594559
58.582977
58.599678
58.574913
58.560799
58.591805
58.629730
Control Period
58.572960
58.596767
58.569855
58.559231
58.603455
58.596607
58.588318
58.619072
58.679901
Control Period
58.577248
58.555809
58.570881
58.553246
58.595520
58.576065
58.589790
58.570305
Control Period
58.605438
58.573471
58.551937
58.597088
58.581055
58.621117
58.591393
58.565472
58.588989
58.598335
Control Period
58.570877
58.573380
58.558815
58.588638
58.571552
58.609856
58.583038
58.565117
58.577698
Control Period
58.573856
58.653057
58.552353
58.563873
58.558434
58.573792
58.550369
58.629631
Control Period
58.596191
58.605186
58.625313
58.593632
58.594398
58.560673
58.576958
58.584961
58.600929
Control Period
58.581566
58.586559
58.665440
58.639328
58.588383
58.565407
58.590622
58.580673
Control Period
58.579712
58.576801
58.591362
58.680737
58.590431
58.604927
58.609444
58.585983
58.603683
Control Period
58.583008
58.605347
58.581886
58.588993
58.580513
58.579967
58.598015
58.597122
Control Period
58.585182
58.594879
58.629219
58.605183
58.568321
58.605568
58.538208
58.564384
58.608704
Control Period
58.606400
58.564034
58.551231
58.597473
58.559135
58.689953
58.564831
58.578239
58.584511
Control Period
58.563103
58.658173
58.614685
58.595810
58.560993
58.585854
58.571938
58.596737
58.548157
Control Period
58.565727
58.659775
58.578720
58.584381
58.550369
58.569057
58.568447
58.578911
Control Period
58.585854
58.599197
58.654015
58.613792
58.609791
58.599167
58.592445
58.586014
Control Period
58.553024
58.581791
58.595840
58.569473
58.580959
58.569824
58.597313
58.642975
Control Period
58.585091
58.575264
58.584801
58.576706
58.561184
58.568863
58.577312
58.576286
58.596130
Control Period
58.578880
58.585121
58.596962
58.610397
58.597443
58.622433
58.606110
58.607552
Control Period
58.691200
58.555008
58.600353
58.587265
58.568512
58.585762
58.530113
58.580513
58.575424
Control Period
58.600510
58.610081
58.602623
58.575485
58.573570
58.625568
58.601665
58.590912
58.578079
Control Period
58.557152
58.583488
58.588097
58.571747
58.593086
58.580353
58.620354
58.592834
58.609024
Control Period
58.609024
58.592896
58.631008
58.592735
58.595039
58.606590
58.565437
58.666046
58.593666
58.602814
Control Period
58.590336
58.588322
58.602882
58.584225
58.607101
58.599457
58.617027
58.552162
58.554146
Control Period
58.587265
58.605503
58.585407
58.583809
58.586082
58.596577
58.587486
58.691101
Control Period
58.579681
58.568832
58.606018
58.581566
58.575554
58.581280
58.567970
58.606079
58.687298
Control Period
58.583809
58.550880
58.556610
58.564159
58.564384
58.563999
58.561539
58.559746
Control Period
58.700352
58.561859
58.566814
58.582687
58.578079
58.582787
58.569603
58.564960
58.589378
Control Period
58.684738
58.541443
58.594658
58.599648
58.630753
58.573215
58.624897
Control Period
58.592384
58.578690
58.610046
58.574814
58.591202
58.572033
58.664803
58.596863
58.601055
Control Period
58.599327
58.601440
58.601662
58.589985
58.587776
58.590912
58.656158
58.613056
Control Period
58.608223
58.583519
58.590271
58.603935
58.611618
58.579647
58.600929
58.638176
58.627586
Control Period
58.561150
58.573090
58.583488
58.562592
58.580894
58.578751
58.590816
58.562531
58.564770
Control Period
58.578335
58.596451
58.570816
58.630718
58.596130
58.581696
58.601501
58.593636
Control Period
58.562016
58.578529
58.578819
58.575424
58.617985
58.588799
58.589790
58.602943
58.604225
Control Period
58.568321
58.609314
58.601921
58.592896
58.643871
58.585922
58.569984
58.591904
Control Period
58.570976
58.603806
58.597183
58.553440
58.580414
58.623455
58.587166
58.571327
58.596291
Control Period
58.557854
58.611938
58.583328
58.588387
58.579296
58.610527
58.571648
58.590973
Control Period
58.579842
58.561344
58.621376
58.559872
58.601059
58.583649
58.594017
58.564831
Control Period
58.578304
58.598465
58.594498
58.582977
58.584064
58.589279
58.590431
58.676449
58.545345
Control Period
58.601601
58.576607
58.608063
58.553440
58.599747
58.598526
58.580097
58.585854
Control Period
58.578270
58.589981
58.572510
58.584351
58.547295
58.585022
58.577377
58.607361
Control Period
58.590145
58.632095
58.565792
58.606850
58.586815
58.588608
58.577183
58.549473
Control Period
58.653343
58.592834
58.590973
58.580032
58.547615
58.606720
58.617504
58.635647
58.579712
Control Period
58.638687
58.583458
58.576385
58.562817
58.641376
58.600258
58.576065
Control Period
58.559776
58.591072
58.594719
58.573730
58.577438
58.575745
58.656898
58.612801
58.595009
Control Period
58.572449
58.589184
58.597534
58.576927
58.579712
58.562943
58.655136
58.595901
Control Period
58.587715
58.569695
58.589249
58.602882
58.576416
58.586689
58.576672
58.571903
Control Period
58.578144
58.583008
58.585693
58.636002
58.593666
58.589790
58.584961
58.634335
Control Period
58.547264
58.573120
58.573730
58.589314
58.565598
58.592224
58.566399
58.592834
Control Period
58.645378
58.600960
58.570045
58.598305
58.566528
58.674721
58.561119
58.583904
58.602402
Control Period
58.575169
58.569855
58.574528
58.582752
58.574497
58.576607
58.588318
58.587517
58.598434
Control Period
58.591873
58.552258
58.562973
58.608734
58.618977
58.705566
58.578209
58.574528
Control Period
58.583679
58.590336
58.590080
58.566147
58.592064
58.570816
58.673058
58.608925
58.591969
Control Period
58.583935
58.556416
58.572319
58.596962
58.601089
58.584259
58.696861
58.579842
Control Period
58.584320
58.550110
58.582718
58.545631
58.614243
58.585342
58.588993
58.630272
58.562561
Control Period
58.589119
58.556831
58.544350
58.574337
58.607040
58.597729
58.556541
58.578274
Control Period
58.594658
58.573982
58.583679
58.585793
58.640095
58.577507
58.588928
58.546494
Control Period
58.565857
58.595490
58.560158
58.573662
58.555935
58.643936
58.586845
58.576096
58.570526
Control Period
58.584381
58.570911
58.591202
58.570625
58.571167
58.616798
58.571327
58.601791
Control Period
58.597569
58.585407
58.591263
58.589569
58.577278
58.593952
58.624992
58.606529
58.593697
Control Period
58.602562
58.591614
58.569218
58.589760
58.594017
58.619522
58.633663
58.573631
Control Period
58.606655
58.590622
58.579742
58.592735
58.566399
58.559807
58.591293
58.636799
58.596512
Control Period
58.562271
58.586174
58.582848
58.606815
58.565918
58.587296
58.582115
58.617790
Control Period
58.588192
58.598911
58.555588
58.580864
58.574654
58.575584
58.561440
58.574211
Control Period
58.600418
58.594658
58.554176
58.602654
58.605217
58.577217
58.577026
58.600899
58.596031
Control Period
58.655842
58.571938
58.572960
58.588192
58.587807
58.597088
58.575424
58.566978
58.588799
Control Period
58.664253
58.606911
58.543678
58.573662
58.574272
58.574879
58.585213
58.597282
Control Period
58.566910
58.671967
58.614273
58.597088
58.566498
58.574722
58.590240
58.610046
Control Period
58.596512
58.612671
58.611488
58.571968
58.589409
58.589314
58.606178
58.581345
Control Period
58.604446
58.592094
58.683777
58.554462
58.599266
58.602303
58.596291
58.564445
Control Period
58.609921
58.608128
58.636257
58.696159
58.564636
58.606178
58.596481
58.614815
58.570496
Control Period
58.546303
58.596893
58.562721
58.676640
58.605247
58.588673
58.601410
58.585793
Control Period
58.583298
58.594719
58.587646
58.564034
58.666046
58.599518
58.589024
58.600449
58.565727
Control Period
58.599396
58.587040
58.576317
58.591362
58.643551
58.590691
58.566017
58.597534
Control Period
58.608414
58.551712
58.547203
58.554817
58.562241
58.662209
58.566113
58.565792
58.587265
Control Period
58.674080
58.596733
58.586723
58.522911
58.583359
58.595551
58.597534
Control Period
58.578239
58.533184
58.631519
58.591843
58.586784
58.574432
58.561729
58.591042
Control Period
58.613377
58.568993
58.580963
58.586304
58.583588
58.570335
58.581985
58.607773
Control Period
58.610592
58.580353
58.575806
58.559647
58.562653
58.572510
58.585217
58.640736
Control Period
58.606400
58.570110
58.560669
58.593121
58.581375
58.588638
58.552864
58.585663
Control Period
58.661186
58.583809
58.570145
58.555809
58.585182
58.618176
58.574814
58.596577
58.591007
Control Period
58.472416
58.451965
58.445217
58.460381
58.464321
58.437889
58.444130
58.442078
58.461090
58.475456
58.450531
58.426109
58.482048
58.450211
58.456928
58.466370
58.471329
58.473343
58.462463
58.456642
58.443584
58.461311
58.456417
58.425056
58.470783
59.011581
58.436317
