117.633438
117.305252
117.310112
117.306946
117.344803
117.329758
117.315521
117.329346
117.309250
117.317856
117.325790
117.328415
117.297600
117.312027
117.340256
117.325920
117.340897
117.331680
117.326981
117.365189
117.353027
117.352608
117.369186
117.314529
117.327682
117.366753
117.338531
117.329788
117.350464
Control Period
117.366592
117.346146
117.328705
117.337151
117.302338
117.344162
117.311234
117.298492
Control Period
117.320190
117.307556
117.307938
117.309372
117.322784
117.419235
117.327553
117.328033
Control Period
117.339203
117.344864
117.410851
117.331039
117.347328
117.345062
117.353470
117.374275
Control Period
117.358398
117.339615
117.325439
117.369278
117.318367
117.323746
117.344574
117.374374
Control Period
117.326241
117.342148
117.357376
117.350113
117.358429
117.338593
117.348282
117.362785
Control Period
117.342819
117.277725
117.314560
117.309059
117.313828
117.312256
117.319077
117.322243
117.356033
Control Period
117.343071
117.342789
117.336731
117.317276
117.319229
117.318649
117.288452
117.324005
Control Period
117.350624
117.334076
117.308868
117.358978
117.330811
117.333603
117.322525
117.541603
Control Period
117.345085
117.351936
117.345535
117.360733
117.335678
117.325989
117.347008
117.308411
117.320511
Control Period
117.312126
117.330170
117.288834
117.315353
117.316544
117.326881
117.317337
117.282791
Control Period
117.290085
117.301178
117.304863
117.285690
117.321762
117.349281
117.327621
117.292542
Control Period
117.290115
117.372002
117.360092
117.324738
117.346268
117.331421
117.320450
117.321533
117.307198
Control Period
117.330589
117.310654
117.308830
117.306717
117.302780
117.299263
117.335457
117.305214
Control Period
117.331390
117.316101
117.295647
117.329025
117.322693
117.301788
117.318787
117.315140
117.360481
Control Period
117.317345
117.306915
117.313087
117.309441
117.315933
117.322273
117.342941
117.309540
Control Period
117.369789
117.384926
117.335709
117.373505
117.335457
117.292160
117.306107
117.306107
117.315552
Control Period
117.347298
117.353951
117.340317
117.332802
117.293091
117.335236
117.325249
117.301758
Control Period
117.329956
117.300613
117.289124
117.303772
117.282303
117.279648
117.328354
117.308960
Control Period
117.300003
117.326622
117.317825
117.309921
117.351616
117.317978
117.286621
117.292290
Control Period
117.334206
117.348831
117.348961
117.333244
117.321533
117.318527
117.345825
117.326942
117.312668
Control Period
117.362526
117.350815
117.335938
117.337250
117.356415
117.369247
117.352829
117.351006
Control Period
117.335678
117.305923
117.322723
117.291138
117.286659
117.346588
117.300476
117.317154
Control Period
117.338654
117.336349
117.362305
117.382660
117.374557
117.404602
117.381729
117.362976
117.338242
Control Period
117.351334
117.369690
117.337601
117.349632
117.347137
117.345345
117.392189
117.369949
117.386017
Control Period
117.348671
117.331268
117.323364
117.327332
117.335968
117.293762
117.313759
117.309052
Control Period
117.318176
117.329376
117.328445
117.321732
117.350052
117.319008
117.338684
117.313889
Control Period
117.331650
117.316635
117.360321
117.298302
117.303040
117.307777
117.320358
117.320290
Control Period
117.337860
117.321274
117.328224
117.359421
117.351997
117.325150
117.334175
117.364258
117.305634
Control Period
117.321442
117.321983
117.293953
117.318497
117.327553
117.334305
117.354843
117.336639
Control Period
117.312515
117.343872
117.328156
117.348862
117.334816
117.326782
117.311035
117.316994
117.326370
Control Period
117.326561
117.313446
117.328674
117.316162
117.359169
117.294693
117.309891
117.335297
Control Period
117.339615
117.328613
117.309189
117.311806
117.291458
117.323677
117.325180
117.330170
Control Period
117.335777
117.294685
117.301727
117.299362
117.286369
117.296608
117.308128
117.320351
117.324928
Control Period
117.381989
117.354462
117.338501
117.322174
117.319748
117.354309
117.340927
117.320259
Control Period
117.344635
117.311966
117.296577
117.301346
117.305855
117.329285
117.306076
117.308769
117.305084
Control Period
117.304672
117.308929
117.317886
117.291168
117.322495
117.304932
117.329857
117.323013
Control Period
117.353149
117.323776
117.331711
117.325600
117.330460
117.336548
117.527870
Control Period
117.338181
117.347328
117.325317
117.313187
117.354492
117.299843
117.275589
117.294464
Control Period
117.273758
117.299553
117.281082
117.320160
117.280441
117.278175
117.322334
117.329987
117.323906
Control Period
117.323975
117.310722
117.336517
117.320511
117.308640
117.301575
117.308769
117.310211
Control Period
117.327835
117.328384
117.297150
117.362427
117.338272
117.332352
117.324188
117.339424
Control Period
117.321503
117.299683
117.314560
117.376419
117.323746
117.357147
117.345917
117.356766
117.345024
Control Period
117.328003
117.337509
117.341507
117.351486
117.339294
117.336098
117.298111
117.325119
Control Period
117.323547
117.314690
117.350945
117.324448
117.305023
117.309631
117.315140
117.314911
117.300095
Control Period
117.303040
117.328445
117.318207
117.306854
117.317856
117.297890
117.326981
117.334114
Control Period
117.316864
117.331841
117.298080
117.302208
117.278595
117.325058
117.334625
117.281792
Control Period
117.321030
117.330688
117.324257
117.327682
117.320801
117.312317
117.283234
117.294525
117.319489
Control Period
117.324646
117.327232
117.308548
117.346115
117.369659
117.345375
117.338654
117.359680
117.321632
Control Period
117.329887
117.329567
117.331490
117.312958
117.351425
117.307419
117.283615
117.315742
Control Period
117.316513
117.324646
117.330490
117.316353
117.316284
117.333374
117.360703
117.344162
Control Period
117.324036
117.336861
117.319679
117.340195
117.319809
117.358078
117.366714
117.349915
117.341125
Control Period
117.323746
117.311554
117.327332
117.318176
117.360031
117.327553
117.299362
117.306686
Control Period
117.314018
117.307266
117.318016
117.306015
117.285309
117.288605
117.327652
117.321922
Control Period
117.301216
117.310493
117.314049
117.337692
117.349983
117.347137
117.358627
117.358337
Control Period
117.348572
117.355713
117.339325
117.359390
117.361984
117.324539
117.330528
117.320801
Control Period
117.308609
117.353310
117.338593
117.325790
117.315353
117.304703
117.329666
Control Period
117.295395
117.325531
117.323135
117.329315
117.347267
117.336517
117.364128
117.323395
117.323868
Control Period
117.316422
117.336960
117.332451
117.318375
117.316132
117.295135
117.314178
117.296577
Control Period
117.282333
117.317825
117.318878
117.301926
117.304832
117.306885
117.310333
117.313248
117.313248
Control Period
117.345665
117.314438
117.288956
117.294785
117.307678
117.344131
117.317657
117.307037
Control Period
117.308868
117.304222
117.298912
117.324478
117.329346
117.330849
117.335968
117.337791
117.348892
Control Period
117.337540
117.329025
117.377533
117.350815
117.328033
117.351486
117.349121
117.340988
Control Period
117.352707
117.361252
117.326492
117.370300
117.315331
117.373856
117.345978
117.318558
Control Period
117.334145
117.336807
117.328857
117.332092
117.372574
117.339035
117.315071
117.342621
117.337250
Control Period
117.325500
117.288193
117.325821
117.319618
117.348129
117.331039
117.316864
117.267616
Control Period
117.283997
117.340096
117.296997
117.302750
117.311523
117.330208
117.334465
117.322945
117.344894
Control Period
117.341827
117.342209
117.326691
117.326172
117.341797
117.338753
117.351517
117.331810
Control Period
117.329437
117.307556
117.324097
117.320801
117.321503
117.329575
117.325882
117.369217
117.300797
Control Period
117.335388
117.334854
117.323166
117.329926
117.329254
117.326431
117.346298
117.344894
Control Period
117.327484
117.324417
117.354080
117.330658
117.349602
117.327042
117.333023
117.328514
Control Period
117.330658
117.346436
117.341728
117.312027
117.305695
117.345764
117.336609
117.340256
117.312416
Control Period
117.321823
117.314819
117.322342
117.340485
117.311996
117.314240
117.325668
117.309723
117.321312
Control Period
117.325531
117.343002
117.329285
117.318657
117.312416
117.320572
117.292961
117.309059
Control Period
117.298691
117.296318
117.293411
117.295746
117.329185
117.313019
117.312988
117.316284
117.309441
Control Period
117.314651
117.332733
117.325729
117.297249
117.293343
117.334427
117.320572
117.373344
117.305252
Control Period
117.325851
117.356606
117.360443
117.318497
117.333664
117.351265
117.351196
117.333122
Control Period
117.326340
117.360870
117.346695
117.369217
117.328835
117.320709
117.302528
117.306213
117.344543
Control Period
117.344955
117.367523
117.339035
117.290726
117.294525
117.314468
117.336418
117.350693
Control Period
117.340286
117.337723
117.311966
117.321564
117.343102
117.315811
117.318466
117.319260
Control Period
117.340256
117.342270
117.338371
117.334854
117.362625
117.319260
117.332672
117.324356
117.350525
Control Period
117.313248
117.352249
117.338364
117.351585
117.324356
117.319679
117.337372
117.314789
Control Period
117.304253
117.327744
117.337692
117.346527
117.341660
117.317795
117.323807
117.310043
117.338623
Control Period
117.311493
117.323616
117.324928
117.322273
117.320351
117.331009
117.321632
117.345505
Control Period
117.337250
117.332901
117.312126
117.296768
117.333405
117.297089
117.335007
117.346146
Control Period
117.330597
117.324646
117.308479
117.332130
117.349731
117.361282
117.377823
117.355652
117.331909
Control Period
117.313789
117.332733
117.321503
117.322845
117.320480
117.396866
117.333893
117.345215
Control Period
117.354080
117.350945
117.294945
117.311455
117.329636
117.345345
117.310852
117.340485
Control Period
117.355804
117.341057
117.320541
117.316071
117.320541
117.338974
117.343842
117.345947
117.327713
Control Period
117.291168
117.298492
117.311264
117.304230
117.316772
117.323135
117.304443
117.320389
Control Period
117.310272
117.316956
117.339134
117.322594
117.299713
117.314148
117.321922
117.298843
117.324257
Control Period
117.326721
117.320511
117.294495
117.300095
117.349472
117.312317
117.331841
117.336349
Control Period
117.338242
117.350243
117.296860
117.315933
117.317505
117.336197
117.331421
117.331841
117.319550
Control Period
117.325180
117.310532
117.324066
117.314682
117.315674
117.293411
117.366013
117.346054
Control Period
117.378593
117.334778
117.372032
117.372574
117.342178
117.358818
117.346268
117.327042
Control Period
117.328125
117.345947
117.318207
117.333084
117.312546
117.318047
117.312195
117.360092
117.320419
Control Period
117.305634
117.342590
117.348251
117.307617
117.322845
117.296707
117.327393
117.315872
Control Period
117.319519
117.314819
117.325439
117.328125
117.313538
117.323997
117.327011
117.327301
117.323013
Control Period
117.339775
117.310074
117.323586
117.346367
117.366013
117.336609
117.306686
117.332733
Control Period
117.338974
117.301888
117.311104
117.306274
117.339104
117.322914
117.315361
117.312454
Control Period
117.307037
117.308838
117.327911
117.287231
117.301216
117.298943
117.304001
117.313660
117.338593
Control Period
117.315933
117.356094
117.340637
117.354813
117.349991
117.325470
117.350243
117.352859
Control Period
117.340729
117.314209
117.321632
117.337822
117.337120
117.357437
117.367393
117.349533
117.366402
Control Period
117.345406
117.371292
117.365250
117.365791
117.311035
117.358139
117.372253
117.379974
117.363266
Control Period
117.367004
117.358017
117.393440
117.350784
117.337189
117.365791
117.378082
117.412415
117.368317
Control Period
117.342690
117.312546
117.358078
117.356125
117.345627
117.356033
117.395493
117.400925
Control Period
117.387390
117.361572
117.361214
117.326080
117.330109
117.344635
117.323868
117.342209
Control Period
117.343170
117.311676
117.318054
117.304802
117.332901
117.332962
117.323166
117.333313
117.346939
Control Period
117.313477
117.304901
117.317276
117.295197
117.348862
117.336761
117.343361
117.323257
Control Period
117.344070
117.324738
117.310112
117.355743
117.344101
117.350082
117.331650
117.352257
Control Period
117.336189
117.308830
117.334457
117.315361
117.337540
117.320290
117.316322
117.330238
117.357819
Control Period
117.326752
117.333221
117.338142
117.344574
117.325089
117.319038
117.339714
117.369217
117.338272
Control Period
117.346207
117.336349
117.331169
117.291199
117.290146
117.287079
117.319046
117.319267
Control Period
117.338272
117.323135
117.340958
117.325470
117.318436
117.321884
117.324860
117.321053
117.344772
Control Period
117.386398
117.321350
117.352646
117.367554
117.381348
117.357956
117.336258
117.341339
Control Period
117.347931
117.314011
117.300957
117.288284
117.295074
117.310944
117.296478
117.306366
117.316223
117.322556
117.333664
117.336510
117.333054
117.333054
117.348221
117.378433
117.358109
117.364479
117.334526
117.331451
117.332260
117.302780
117.320000
117.344452
117.308640
117.319839
