0.723654
0.778338
0.827965
0.857826
0.859994
0.877303
0.880272
0.868994
0.871129
0.869256
0.88417
0.869637
0.889932
0.87708
0.86928
0.884129
0.89265
0.867111
0.886705
0.888362
0.880947
0.879078
0.882151
0.871
0.875758
0.875628
0.902016
0.876905
0.903687
0.877811
0.881056
0.881597
0.879868
0.873502
0.875742
0.886777
0.889783
0.880956
0.872205
0.872405
0.895632
0.884932
0.883698
0.870672
0.878307
0.869391
0.886226
0.892365
0.869003
0.88788
0.890495
0.895171
0.893496
0.874363
0.884537
0.886116
0.920611
1.05285
1.22674
1.53559
1.96215
2.58571
3.26725
3.92196
4.52729
5.27136
6.10565
6.79731
7.60215
8.25972
8.94782
9.79632
10.8634
11.8681
12.7806
13.7986
14.8057
15.801
16.6666
17.6045
18.6891
19.6135
20.4543
21.3841
22.3364
23.255
24.1132
25.0215
26.1054
27.1976
28.2665
29.2661
30.1768
31.2013
32.3848
33.3855
34.4025
35.6173
36.5969
37.3718
38.2348
39.1202
40.0349
40.8989
41.7838
42.693
43.6777
44.71
45.8197
46.8816
47.8071
48.5835
49.2328
50.1267
