3922
5893
5853.5
5734.5
5680
5382.5
5090.5
5189
5110
4895.5
4975
4932
5125.5
5090.5
4932
5030.5
5070.5
5030.5
5169.5
4971.5
5110
4915.5
5070.5
4932
4912
5050.5
5149.5
5031
5110
4915.5
4932
5189
4816.5
5090
4952
5323.5
5051
4852.5
4896
4932
4971.5
5244.5
5070.5
4991.5
5030.5
4975
4951.5
5011
4931.5
5110
4915.5
4951.5
5031
5050.5
5308
4975
4622.5
4503
4225.5
4344.5
4166
4053
4070
4186
3834.5
3974
4089.5
4166
4109.5
4166
3994
4070
4166
4050.5
3934
4205.5
4050.5
3914
4050
4067
4146.5
4146.5
3934
4070
4106.5
4070
4109.5
3954
4126
4126
4146
4166
4010.5
3934
3990.5
3974
3775.5
3970.5
4126
4086.5
3954
3894
4030
3954
4109.5
4070
3954
3914.5
3894.5
3973.5
