56.6478
60.5593
62.7183
64.6643
65.3143
66.4094
67.0619
67.5164
66.8952
66.8196
66.3473
67.3898
66.6943
67.2527
65.8689
66.3518
65.8796
67.6789
65.98
66.3854
66.5864
66.3277
66.0432
66.9995
66.6766
66.5997
65.1876
66.7812
65.487
66.7093
65.9359
65.7429
66.856
66.6997
67.2539
66.0148
67.1744
66.9792
67.9877
66.7439
66.1315
66.484
67.4498
67.0774
67.5391
67.199
66.3861
66.6146
67.6582
66.4887
66.8626
66.3945
67.0541
67.6642
66.3775
66.5598
70.6406
72.1948
76.6763
80.0287
81.3458
85.8023
95.7876
111.843
130.135
150.427
178.515
209.802
231.105
261.369
296.472
331.997
371.946
406.991
452.498
488.901
533.151
577.953
625.641
674.982
716.385
758.549
797.399
829.809
864.451
897.984
938.195
970.493
997.114
1034.35
1073.19
1106.19
1145.57
1182.75
1223.58
1267.23
1304.99
1336.19
1366.64
1403.06
1440.2
1474.86
1506.59
1544
1585.47
1624.61
1657.37
1699.95
1736.7
1781.77
1826.35
1872.93
1918.6
1958.12
