56.5948
56.7955
56.1226
56.7101
56.6099
56.688
56.5036
56.5757
57.1672
56.6474
56.676
57.0689
56.852
56.6016
56.748
56.7346
56.7934
57.0999
56.75
57.0823
56.4853
57.0856
56.6648
56.5688
56.4565
56.6774
56.7656
56.8551
56.9796
56.5846
56.6995
56.5821
56.8573
56.5929
56.5385
56.7349
56.7634
56.8183
56.5767
56.8202
57.0878
56.7047
57.0423
56.9318
56.5938
56.9072
57.2733
56.9396
57.1515
57.0175
56.6405
56.9299
57.0385
56.8153
56.9423
56.719
56.9806
56.838
56.6569
56.6375
56.8855
56.6479
56.6526
56.2994
56.613
56.8946
56.6117
56.748
56.9268
56.6411
56.3667
56.8452
56.569
56.8513
56.7653
56.8806
56.6517
56.8869
56.3946
56.9247
56.0066
57.2341
56.6662
56.8887
56.7114
57.0496
57.0223
56.6608
56.7838
56.7085
56.6121
56.8445
56.8938
56.8823
56.67
57.1402
57.103
56.8586
56.6722
56.7333
57.1188
57.0697
56.8023
56.655
56.874
56.6441
56.7078
56.9255
57.2247
57.0492
57.0489
56.862
56.6312
56.6803
