5669.32
6744.81
7142.24
7106.93
7047.31
7023.63
7050.87
7136.33
6937.86
7015.93
6930.07
6994.7
6989.37
6918.93
7078.57
7049.67
6970.97
6969.07
6936.93
7037.63
6907.28
7071.93
7057.81
6998.83
7001.14
6989.77
7006.9
7023.2
7040.93
6872.17
6969.13
7030.17
7009.83
7033.83
6970.28
6998.7
7008.07
7069.9
7021.53
6921
6963.48
7074.23
6988.87
6997.45
7014.27
7107.47
6933.03
7270.07
6882.37
6746.87
7130.23
7070.52
6947.45
6993.77
6974.4
6834.33
7018.93
7069.53
7030.28
6975.87
6978.87
6793.1
6964.45
7195.39
7184.3
6913.62
6956.45
6993.73
6957.55
7003.53
7058.47
6992.28
7009.47
7085.6
6972.9
6981.33
6973.9
6909.17
7142.37
6962.76
7058.4
6969.8
6946.6
7012.17
7057.47
7173.69
6904.13
6921.8
6958.47
6966.17
7009.83
7003.5
7027.97
7066.83
7038.47
6969.79
6956.37
6953.7
7132.27
6928.21
6991.7
7028.83
6998.63
6955.17
7008.37
7054.07
7031.53
7013.67
6941.73
7091.62
6934.87
7097.53
6935.6
6878.88
