1330.68
255.193
-142.241
-106.933
-47.3105
-23.6333
-50.8667
-136.333
62.1377
-15.9331
69.9312
5.2998
10.6333
81.0669
-78.5669
-49.6665
29.0347
30.9331
63.0669
-37.6333
92.7241
-71.9312
-57.8066
1.17236
-1.1377
10.2334
-6.8999
-23.2002
-40.9331
127.833
30.8667
-30.1665
-9.82764
-33.8335
29.7241
1.2998
-8.06689
-69.8999
-21.5332
79
36.5171
-74.2334
11.1333
2.55176
-14.2666
-107.467
66.9668
-270.067
117.633
253.133
-130.233
-70.5171
52.5518
6.2334
25.6001
165.667
-18.9331
-69.5332
-30.2759
24.1333
21.1333
206.9
35.5518
-195.387
-184.3
86.3794
43.5483
6.2666
42.4482
-3.5332
-58.4668
7.72412
-9.4668
-85.6001
27.1001
18.6665
26.1035
90.8335
-142.367
37.2412
-58.3999
30.2002
53.3999
-12.1665
-57.4668
-173.689
95.8667
78.2002
41.5332
33.8335
-9.82764
-3.5
-27.9668
-66.8335
-38.4668
30.207
43.6333
46.2998
-132.267
71.793
8.2998
-28.8276
1.3667
44.8276
-8.3667
-54.0669
-31.5332
-13.6665
58.2666
-91.6206
65.1333
-97.5332
64.3999
121.12
