0.709784
0.690067
0.677581
0.679212
0.686018
0.688175
0.688167
0.695325
0.694473
0.692607
0.694414
0.68873
0.690853
0.688564
0.68842
0.688567
0.690944
0.687313
0.689127
0.68841
0.692434
0.687332
0.689202
0.690769
0.692151
0.69387
0.690838
0.688266
0.689126
0.694683
0.689727
0.68901
0.688086
0.688389
0.689633
0.688069
0.687272
0.689496
0.691307
0.690292
0.692243
0.689889
0.688642
0.691224
0.692224
0.690373
0.690779
0.685863
0.702645
0.70167
0.689473
0.695033
0.695074
0.693912
0.694885
0.695812
0.687678
0.687121
0.687318
0.692358
0.687821
0.686999
0.683591
0.677315
0.687091
0.695068
0.695822
0.690655
0.690895
0.689114
0.690726
0.69109
0.687879
0.692489
0.694776
0.692039
0.690797
0.690689
0.688945
0.694016
0.696994
0.694091
0.692501
0.690394
0.689565
0.692151
0.703247
0.699491
0.69394
0.690466
0.691993
0.691042
0.691019
0.691571
0.698131
0.693389
0.694876
0.692652
0.69422
0.696633
0.6906
0.69094
0.695935
0.698139
0.691607
0.697681
0.694202
0.692283
0.698677
0.695854
0.699797
0.695069
0.698531
0.700141
