59.290497
58.574688
58.565086
58.590050
58.666687
58.587105
58.551933
58.553055
58.602081
58.608963
58.592800
58.572990
58.585312
58.585888
58.615551
58.580605
58.561184
58.633633
58.613342
58.602272
58.580833
58.589699
58.589600
58.589760
58.578621
58.575966
58.627838
58.582592
Control Period
58.762589
56.510239
56.364098
56.102371
56.381920
56.393150
56.498913
56.503166
57.643360
Control Period
58.583618
55.344513
55.307198
57.338528
55.371422
55.366848
56.929695
55.333344
55.527840
Control Period
56.518654
55.586273
56.383583
57.462334
57.396416
56.585503
55.348511
57.510529
57.598686
56.035934
Control Period
56.078690
56.002464
56.036324
56.646210
56.391937
57.407585
57.530464
57.359390
Control Period
57.565086
57.651680
56.343361
55.363136
55.784286
56.328766
56.153885
57.482178
57.519936
Control Period
55.331390
56.575935
57.456802
55.366623
56.827103
56.042786
55.814110
57.708611
57.441345
56.471169
Control Period
57.555138
55.342018
57.391937
56.618942
57.561699
55.348129
56.012833
55.989891
57.554237
56.381790
Control Period
57.576546
57.652927
57.782368
55.651741
56.399967
56.506081
57.785088
57.577950
57.572193
Control Period
56.578304
56.562973
57.491455
56.470657
57.382111
56.381889
55.368416
57.632641
56.341537
56.263710
Control Period
56.410690
56.235550
57.682751
56.529182
56.377983
57.613823
55.606689
56.951263
57.412384
Control Period
57.805214
56.329662
57.451454
56.316574
57.547997
56.730431
57.529854
56.496193
55.366142
Control Period
57.544289
56.137054
57.694046
56.547745
57.547646
56.503746
57.538879
55.934654
57.705986
Control Period
57.609631
56.468288
57.387650
55.292130
56.567551
55.557823
57.502754
56.427231
57.589539
Control Period
55.946529
57.881981
57.529022
55.366882
57.614143
57.085537
57.015266
55.346687
55.351395
57.501213
Control Period
56.443840
57.702461
56.519936
57.951614
55.864098
55.593987
57.494431
55.543297
57.497795
Control Period
56.837891
57.339935
56.558624
57.414047
57.065952
56.597214
57.519905
55.294083
56.513405
Control Period
56.599392
57.617027
56.497955
57.437027
56.911743
56.690910
57.626209
57.652672
56.865952
Control Period
56.519840
57.419872
57.152222
56.807869
56.941856
55.339745
56.415134
57.403488
Control Period
58.733376
56.878723
55.345760
57.266914
56.923584
57.298527
57.256386
57.486271
57.565567
56.068222
Control Period
56.485023
57.563137
55.329887
57.143200
55.733696
56.573631
57.665955
55.388031
Control Period
56.507263
56.852608
57.332928
57.405022
57.613377
57.427742
55.755009
57.400803
57.476063
Control Period
57.523296
56.436066
55.525921
57.731007
56.512001
56.663811
55.318657
57.451424
56.821022
Control Period
57.587105
55.610783
56.947136
56.443390
57.582146
55.478367
57.462463
55.818718
56.189507
Control Period
57.647137
55.499359
57.434944
56.494656
57.504257
55.977760
55.336960
56.772995
55.440769
Control Period
56.611618
57.744705
56.229698
57.416767
57.020832
55.473633
56.910301
55.374466
57.314941
Control Period
56.905922
57.225822
56.994942
56.632446
57.441154
55.329987
56.701088
57.428642
56.230816
Control Period
57.638527
56.546368
57.696541
56.481186
57.335426
55.919235
57.249855
56.732224
56.096542
Control Period
56.458942
56.950783
56.697250
57.412960
56.653214
57.291298
57.428703
56.960575
56.913921
57.028160
Control Period
57.123840
56.424797
55.634819
56.243294
55.860413
57.574753
56.270111
57.545025
Control Period
56.514305
55.883133
57.555298
56.449951
56.247742
55.712288
57.482048
57.481888
56.968643
Control Period
56.613888
56.437279
55.386368
55.626656
57.686142
57.551807
57.188606
56.403938
56.343903
56.168030
Control Period
56.466240
57.729538
57.656448
56.189442
55.711552
57.464607
57.472385
57.609985
Control Period
55.321953
57.050591
57.102722
55.340286
57.043999
57.131935
57.495071
55.387970
57.346626
Control Period
56.351681
57.152607
56.542881
57.477890
55.566368
56.605663
55.426529
56.690430
57.032703
Control Period
57.198368
56.804256
56.967583
57.246498
55.326782
56.600544
57.519234
57.591969
55.358498
Control Period
57.364288
56.248352
55.974079
57.556541
56.098717
56.306114
57.581440
57.619263
56.121696
Control Period
57.455681
57.054016
56.622719
55.490242
57.475998
56.242081
55.754051
57.446785
57.822784
Control Period
56.485565
56.974594
57.249950
55.353695
57.582016
55.338081
57.575199
55.347458
57.283745
Control Period
56.400543
55.335869
57.368832
56.679810
57.269665
56.628418
57.640701
57.003391
57.054688
Control Period
56.801506
57.611935
57.665409
57.593952
57.676926
56.798401
55.574142
57.616127
56.451714
Control Period
56.325249
57.288483
55.344223
57.516289
57.409279
56.395008
56.596703
55.861855
57.605537
Control Period
58.302078
55.971710
57.544769
56.548607
57.336418
57.194592
56.872993
57.869152
55.740639
Control Period
57.300610
56.867615
57.306305
56.508801
57.765247
55.627712
56.058914
57.534431
57.416451
Control Period
56.890205
57.518017
56.870850
55.741505
57.031998
55.325665
56.795776
57.097054
56.823936
55.843231
Control Period
57.458656
56.499809
57.576447
56.220638
57.474464
56.310848
56.881378
57.392799
56.349407
57.272194
Control Period
57.345665
57.150177
57.163902
57.477985
57.511169
57.528511
56.250687
57.759171
Control Period
56.463394
57.147167
56.647453
57.239071
56.525505
56.849728
57.753281
56.462242
57.354050
56.813759
57.079967
56.695873
Control Period
56.652256
57.530334
57.913761
57.493469
57.593475
56.481026
56.444927
57.558624
Control Period
58.813889
57.375038
56.347969
56.425217
56.448318
56.661087
56.862114
57.205952
Control Period
57.235390
56.775841
57.513474
55.361183
57.390495
56.983009
57.086174
55.293793
57.539650
56.241982
55.624962
Control Period
57.348896
55.625763
56.582176
57.741249
56.744480
57.086655
57.021858
56.415936
57.559837
57.172226
Control Period
58.710594
57.587936
57.595455
56.254913
56.303616
56.707649
56.389534
56.956673
56.839775
Control Period
56.666592
56.699394
57.126595
56.376225
56.089600
57.254723
57.075424
56.779907
57.688354
56.395935
Control Period
57.489471
57.442238
56.448479
57.487743
57.569183
56.443230
55.670914
57.604385
56.324738
Control Period
56.358879
57.561504
56.019424
57.449791
56.380547
57.649025
55.613792
Control Period
58.419937
56.365055
56.298592
56.885666
56.923233
55.322239
57.464031
57.672928
57.473373
Control Period
58.747070
57.147743
56.893055
55.287968
57.295837
56.924095
55.890625
56.283840
56.521858
57.388256
Control Period
56.761375
57.546654
55.351711
56.748959
57.605057
56.473022
57.497795
55.897118
56.030754
Control Period
57.530083
56.497475
56.766624
55.592766
57.402367
55.365440
56.479553
57.465309
Control Period
57.336670
56.595551
57.503136
56.518944
57.430367
55.366848
56.617088
57.631489
56.969086
Control Period
56.932991
56.507202
57.400734
56.776608
56.789726
55.480160
56.577633
Control Period
56.515488
57.541729
55.873184
55.377377
55.435165
57.285378
57.724098
57.543457
Control Period
55.773697
57.065987
55.312672
55.377216
57.536194
55.481537
55.931583
57.733086
55.517601
56.738720
Control Period
56.577663
56.617249
57.302784
57.211197
55.328705
57.495232
56.100544
56.429790
56.453438
Control Period
56.357887
56.526306
57.481506
57.438530
56.329472
56.332451
57.517406
57.472130
56.595650
Control Period
55.493378
56.371807
56.553856
57.255676
56.676483
57.157570
57.160446
56.224190
Control Period
58.400322
57.567299
56.330303
57.602882
56.229057
55.392448
57.456032
56.123039
55.630142
Control Period
58.128704
57.727264
56.501312
56.839073
55.411522
56.408607
57.917603
56.480415
Control Period
57.302814
57.315136
55.376801
57.115677
57.157440
56.545311
55.452286
57.496479
56.007809
Control Period
57.402336
55.309536
56.739841
55.342144
57.493469
55.617153
56.009502
55.684738
57.701599
Control Period
58.191681
55.804928
57.526432
56.150143
56.568413
57.740543
55.374943
56.989571
57.260159
Control Period
56.658112
57.348385
56.586304
55.586880
57.544544
56.405632
57.514496
56.114403
55.362400
Control Period
56.993088
57.133949
57.459232
56.450142
56.885246
55.346657
57.223648
56.776512
56.741180
57.503006
Control Period
57.559170
56.643551
56.323200
57.444962
55.344448
57.383808
56.758141
55.742050
57.688480
Control Period
56.566399
57.026592
55.376160
57.294048
57.417313
56.875229
57.226528
56.688225
57.454498
Control Period
56.547489
56.191456
56.653568
57.602051
56.330463
57.432735
56.444000
57.357117
55.306114
Control Period
57.367775
56.633663
56.943810
57.279392
56.510975
57.538624
55.377918
57.443169
Control Period
56.439232
56.659264
56.661087
55.317696
55.774307
57.602528
55.340160
57.548386
56.600704
56.002464
Control Period
56.472256
57.734367
55.347488
57.543549
56.314976
57.363232
57.643841
56.913055
56.989311
Control Period
56.242813
55.751869
56.278336
55.328129
56.614975
55.381344
56.471489
55.386398
56.604095
Control Period
58.688286
57.099777
56.867329
57.188606
57.329117
56.391552
57.521889
57.517853
56.502686
Control Period
57.323105
57.568607
56.464287
57.352448
56.633663
57.497314
55.443329
56.101665
55.611389
Control Period
56.742882
57.585152
56.678658
57.516029
55.555264
56.271904
57.602913
57.401886
56.643330
Control Period
57.072098
55.340992
57.028801
57.330559
57.076641
56.759682
57.024605
56.681793
57.432610
55.365826
Control Period
56.991745
57.582146
56.465855
56.996094
57.304893
57.079262
57.390915
56.718498
57.544510
56.421982
Control Period
57.060127
56.446083
56.535679
56.424896
57.789600
57.544350
57.433216
57.586720
56.380066
Control Period
56.417728
56.436417
56.780609
56.622047
56.603233
56.410912
56.262657
57.386078
57.027264
Control Period
56.385086
57.691071
56.095871
56.534206
57.646431
56.203423
56.634178
57.079872
56.790077
Control Period
57.490112
55.620193
57.426689
55.413666
56.395519
57.566719
56.593952
57.466461
56.322083
Control Period
56.629662
57.357216
56.189949
56.079521
57.490303
56.270241
57.559872
55.662689
56.269379
Control Period
56.411488
57.562656
56.424255
57.601791
55.424160
56.620033
57.111038
57.269859
57.175392
Control Period
57.579582
55.350143
57.397346
56.931393
56.934464
56.939262
56.614494
57.404030
Control Period
55.417374
57.233952
57.182049
56.922783
56.663040
57.641762
56.501534
57.450462
57.403519
56.312416
56.976608
Control Period
56.594818
56.373726
57.490723
57.361313
56.778591
55.427422
57.281055
56.433281
56.288734
Control Period
57.776512
57.155617
56.354782
57.499008
57.429886
57.317184
57.486431
56.275299
56.966690
Control Period
57.451393
57.750751
57.852959
56.489822
56.777443
57.329918
56.313278
57.025185
56.936672
Control Period
56.546688
57.342178
56.709248
57.671391
57.457954
56.408703
57.321983
56.938911
55.330624
Control Period
57.061409
57.327011
55.307999
57.692863
55.850464
57.264832
56.652481
55.360802
56.557121
57.646751
Control Period
56.257599
57.179459
57.087906
55.379715
57.224064
56.951839
57.079903
56.706112
Control Period
56.625282
57.210590
57.016258
56.577503
57.667328
57.543488
56.706879
57.386272
57.455971
56.998367
Control Period
57.787201
57.542656
56.375198
57.534847
56.306015
56.500290
57.792450
56.423775
56.834175
57.600609
Control Period
56.779007
56.941856
56.669441
55.341507
57.464226
56.450207
56.559555
57.472702
57.542240
Control Period
56.464161
56.148766
57.593597
55.403549
56.682755
57.458435
57.068893
56.419617
56.238464
Control Period
57.636093
56.771233
57.571072
55.435646
56.472771
57.509537
56.447296
57.553986
57.103394
Control Period
55.770973
57.272736
55.338528
57.554626
56.345440
57.527905
56.327518
56.738174
56.921310
Control Period
55.354687
57.567169
57.820259
56.472130
56.484032
57.618431
57.534210
56.304287
56.565632
55.356991
Control Period
56.930786
56.909309
57.216354
56.617825
57.578815
57.452194
56.365505
55.548927
57.709759
Control Period
58.337151
56.668510
56.777954
56.572319
56.414238
57.529762
57.679199
57.504829
57.538589
Control Period
57.125694
57.079201
56.855679
56.708702
57.499104
57.219646
57.120544
56.678909
56.823231
57.381538
Control Period
57.664894
57.424446
57.490082
57.525505
57.530048
56.757919
56.352638
56.244961
56.450016
Control Period
57.384254
57.529953
57.576321
56.437344
56.343231
57.605309
56.523743
56.606430
56.686562
55.401886
57.386463
Control Period
56.400993
56.327904
56.357346
56.169567
56.389889
56.505150
57.430557
57.468353
Control Period
56.410080
56.365631
56.377377
56.446880
56.366142
57.542397
57.253696
57.558815
58.439362
58.450241
Control Period
58.449665
58.436096
58.459358
58.432064
58.453758
58.426399
58.457985
58.415901
58.442467
58.447487
58.456223
58.426529
58.455330
58.450623
58.453087
58.446880
58.447296
58.450207
58.474915
58.465057
58.472256
58.469727
58.445248
58.436863
58.434689
58.427872
