918
918
918
983.126
998.638
990.781
980.558
979.15
975.44
975.536
974.711
975.53
978.97
980.328
981.488
977.308
983.41
985.951
980.29
979.888
981.065
980.84
975.835
978.43
977.318
979.067
976.673
972.272
973.834
977.39
979.647
978.21
978.617
979.364
982.138
982.719
979.119
980.318
981.119
981.579
981.831
985.431
987.764
981.637
976.765
976.688
979.138
980.088
980.265
973.221
980.087
979.724
972.509
971.642
965.775
975.929
975.929
980.079
974.644
973.864
976.657
978.34
983.37
984.64
982.698
974.33
978.633
978.443
977.045
975.623
976.472
973.565
976.145
970.967
971.239
978.467
981.561
984.212
981.157
976.197
974.834
986.877
981.077
975.646
976.607
978.689
986.005
986.392
982.964
981.177
976.732
977.73
980.013
980.355
974.921
978.823
975.566
975.723
977.083
978.835
979.798
979.733
975.655
978.75
980.432
980.897
974.808
974.722
977.454
980.424
982.603
980.546
981.33
978.04
981.346
981.451
985.003
983.196
