56.7242
56.2392
56.0434
56.3399
56.4485
56.6686
57.0188
56.8933
56.7671
56.5685
56.6069
56.5673
56.9927
56.1498
56.9117
56.9666
56.5635
56.4613
56.5066
56.7668
56.6111
57.0453
57.0342
56.7456
56.723
56.6762
56.8826
57.0127
56.74
56.7363
56.6445
56.5459
56.7981
56.93
56.5438
56.6046
56.5832
56.5982
56.5694
55.7468
56.9418
56.7467
56.6641
56.5736
56.7239
56.4859
57.0094
56.8877
56.4672
56.6667
57.061
56.6311
56.8435
56.8652
56.6273
56.6182
56.7447
56.9373
56.2893
56.8304
56.5895
56.6261
56.634
56.5868
56.7937
56.6351
56.98
56.7089
56.9633
56.6945
56.9182
56.8112
56.8795
56.7887
56.3498
56.5708
56.809
56.6253
56.6822
56.5324
56.7
56.7508
56.7623
56.3067
56.3927
56.5268
56.8342
56.7808
56.4992
56.7954
56.7159
56.696
56.8517
56.6328
56.7108
56.6692
56.7653
56.2608
56.8637
56.9126
56.81
57.0172
56.7676
57.0624
57.0367
56.9947
56.3887
56.773
56.396
56.887
56.8665
56.8661
56.8565
56.7928
