0.709061
0.692358
0.679645
0.682859
0.694027
0.690477
0.690867
0.692481
0.694481
0.693717
0.691752
0.689537
0.688393
0.695132
0.688072
0.684722
0.694387
0.691145
0.692645
0.688729
0.695306
0.692039
0.69784
0.690061
0.691642
0.697694
0.69603
0.694976
0.6897
0.69062
0.693772
0.689484
0.689841
0.68923
0.693617
0.693428
0.692612
0.68924
0.688485
0.68518
0.686297
0.686567
0.693509
0.692578
0.688948
0.691846
0.686724
0.695899
0.690585
0.694381
0.694025
0.696149
0.701847
0.693823
0.692548
0.694414
0.697197
0.690549
0.692345
0.686997
0.685451
0.687072
0.692764
0.691538
0.692063
0.691792
0.692591
0.69357
0.693553
0.697492
0.695797
0.69522
0.689687
0.690134
0.687912
0.689335
0.690745
0.694296
0.685839
0.692501
0.693229
0.692539
0.68795
0.687209
0.687635
0.687376
0.687279
0.690363
0.69611
0.689305
0.685934
0.693118
0.689248
0.69552
0.693076
0.695428
0.687962
0.691821
0.687902
0.693847
0.689685
0.6883
0.685814
0.694938
0.693751
0.694649
0.692796
0.685926
0.692639
0.688618
0.690212
0.687756
0.68794
0.687978
