821.072
-85.6665
-198.724
-150.567
-61.1665
2
59.5864
-52.4829
-14.2256
9.8999
-13.0347
-6.5332
50.3335
-65.9668
15.7334
137.467
-49.0688
12.1333
12.1001
-180.621
-32.1665
70.7666
2.93115
26.9331
0
-143.567
36.5518
65.4668
-46.2334
11.1035
12.8335
76.6001
-105.167
163.133
19.4829
-225.8
-91.2334
74.0669
-54.7998
70.6206
135.8
38.1665
-35.7334
-56.2334
-67.1035
-20.0332
106.5
-11.1001
35.8335
17.2412
-131.467
40.3105
153.6
-75.5518
106.967
-38.5
-41.4331
-46.6333
-8.5
33.1665
11.7998
119.4
170.333
-127.767
-124.267
-68.7002
-34.8667
-18.4331
22.2412
-74.8999
43.0669
-70
4.82764
121.4
18.7998
46.8335
68.2759
-102.2
-209.867
25.1035
46.2998
63.5
24.0332
-98.8623
77.1665
122.655
-39.9668
30.2666
31.8999
-134.4
10.2334
-3.6333
31.5
-18.7334
8.2998
14.1035
69.9331
-41
-22.8389
-119.414
-28.9331
66.6665
55.5332
9.5
-25.3105
-31.8667
-127.311
99.0332
44.7334
19.3999
21.6553
112.7
-24.9331
-51.9668
