0.724783
0.718508
0.719019
0.730002
0.738288
0.749073
0.748852
0.731625
0.734037
0.739537
0.734887
0.70557
0.707564
0.744012
0.711609
0.748887
0.73252
0.735581
0.735879
0.73226
0.732185
0.745741
0.748975
0.740926
0.738536
0.738353
0.744269
0.745597
0.741147
0.735739
0.742663
0.73427
0.723747
0.734191
0.732387
0.737215
0.740193
0.748596
0.737924
0.747587
0.74527
0.748869
0.740634
0.712943
0.738821
0.740594
0.741035
0.739342
0.73978
0.721788
0.737445
0.73657
0.736268
0.734803
0.742512
0.735841
0.736234
0.719046
0.747677
0.733627
0.709479
0.74346
0.73294
0.729491
0.7287
0.736385
0.735948
0.741792
0.74526
0.747417
0.742367
0.735636
0.744873
0.743386
0.739435
0.749124
0.729528
0.728567
0.744284
0.741088
0.742932
0.745968
0.744953
0.743807
0.745436
0.737461
0.737277
0.73743
0.740537
0.728467
0.742173
0.734862
0.742688
0.73966
0.74886
0.742616
0.745959
0.735853
0.748334
0.748905
0.744164
0.746701
0.743521
0.734576
0.7472
0.736812
0.735173
0.748957
0.746205
0.73594
0.739075
0.741165
0.736118
0.728607
