0.723801
0.766495
0.776219
0.784212
0.790697
0.795949
0.800229
0.803456
0.806475
0.808228
0.809703
0.810808
0.811579
0.812168
0.812562
0.81271
0.812901
0.812814
0.812726
0.812837
0.812815
0.812301
0.811953
0.811729
0.811076
0.811053
0.81064
0.810272
0.809954
0.809998
0.809776
0.809508
0.809168
0.8088
0.808515
0.808207
0.808149
0.807933
0.807836
0.807552
0.807036
0.807045
0.806766
0.80663
0.806555
0.806567
0.806191
0.806153
0.805797
0.805658
0.805542
0.805171
0.805232
0.805077
0.804892
0.804842
0.804513
0.804413
0.804553
0.804434
0.804291
0.804123
0.803774
0.803908
0.803615
0.803427
0.803364
0.803485
0.803341
0.803207
0.803185
0.803006
0.802913
0.803122
0.802886
0.802633
0.802634
0.802317
0.802329
0.802076
0.802085
0.802314
0.802079
0.802058
0.802118
0.801966
0.801987
0.802054
0.801868
0.801906
0.801746
0.801737
0.801619
0.801648
0.801413
0.801573
0.801754
0.801311
0.801393
0.801385
0.801507
0.801449
0.801164
0.801253
0.801123
0.801104
0.801131
0.801335
0.800989
0.801119
0.801108
0.801005
0.800886
0.800899
0.80066
0
