4001
5972
5952
5932
6011.5
5853
5912.5
5893
5952
5952
5972
5972
5972
5972
5873
5892.5
5893
5877.5
5952
6011.5
5932
6090.5
5932.5
5912.5
5912.5
5952
5972
5972
5893
5932.5
5991.5
5952.5
5833.5
5952
5952
5912.5
5912.5
5932.5
5952
5952
5971.5
5991.5
5991.5
6031
5932.5
5932.5
5952
6071
6031
5932.5
5971.5
5972
6011.5
5952
5892.5
5932.5
5912.5
5991.5
6051
5932
5893
5972
6011.5
5992
5972
5952.5
5952
5873
6066
5972
6071
5715
5992
5818
5952
5952.5
5893
5932.5
6011.5
5952
5972
5991.5
5991.5
5912.5
5932.5
5992
5972
5991.5
5912.5
5972
5952
5971.5
5991.5
5932.5
5952
5972
5952
6011
5952
6051
5794
6026
5952.5
5912.5
5893
5932.5
5952.5
6165
5853.5
5932.5
6184.5
