80
78.0855
77.0399
76.1872
75.4894
74.9251
74.4706
74.1058
73.8126
73.5823
73.3966
73.2475
73.1284
73.0343
72.9615
72.9038
72.8602
72.829
72.8039
72.7913
72.7821
72.7755
72.7733
72.7709
72.7722
72.7686
72.7696
72.7691
72.769
72.7674
72.7743
72.782
72.7902
72.7966
72.8015
72.8073
72.8105
72.8155
72.8225
72.8323
72.8406
72.8444
72.8515
72.8586
72.8644
72.8702
72.8795
72.8877
72.8938
72.9014
72.9102
72.9167
72.9215
72.9277
72.935
72.9425
72.9505
72.9554
72.9574
72.9672
72.9764
72.9828
72.9871
72.9918
72.9992
73.0016
73.0041
73.0081
73.014
73.0208
73.0259
73.0304
73.0347
73.0394
73.0476
73.0539
73.0563
73.061
73.0609
73.0615
73.0601
73.0585
73.0622
73.065
73.0667
73.0712
73.075
73.0779
73.0815
73.086
73.0906
73.093
73.0956
73.0976
73.102
73.1012
73.1059
73.1128
73.1126
73.114
73.1185
73.1249
73.1293
73.1318
73.1341
73.1343
73.1349
73.137
73.1405
73.1395
73.143
73.1456
73.1488
73.1484
73.1467
73.1452
