60.215805
59.919231
59.905693
59.889122
59.899261
59.908417
59.874626
59.888096
59.867970
59.908512
59.888126
59.877728
59.853630
59.860962
59.862877
59.869186
59.875519
59.859615
59.886112
59.882015
59.886974
59.891998
59.916321
59.889565
59.891617
59.922974
59.908192
59.899742
59.922722
Control Period
59.883774
59.876030
59.897312
59.914078
59.918686
59.898815
59.901440
59.891167
Control Period
59.881313
59.902626
59.902557
59.888290
59.906784
59.901440
59.925598
59.874657
59.884865
Control Period
59.880768
59.889183
59.897919
59.909950
59.878914
59.898689
59.904770
59.887650
Control Period
59.898369
59.880127
59.892799
59.875488
59.883873
59.891392
59.889473
59.874561
Control Period
59.866112
59.878845
59.871933
59.876190
59.906242
59.892830
59.880928
59.874817
Control Period
59.912479
59.895966
59.887039
59.866753
59.878624
59.863777
59.870781
59.896957
59.861534
Control Period
59.873314
59.889793
59.859009
59.847939
59.892384
59.885632
59.894337
59.878464
Control Period
59.889343
59.891968
59.907394
59.904800
59.928894
59.902786
59.925278
59.896320
Control Period
59.910271
59.881824
59.898975
59.876770
59.897858
59.879520
59.877121
59.904224
59.892479
Control Period
59.908577
59.873215
59.904800
59.889694
59.888351
59.887901
59.873215
59.885696
Control Period
59.853821
59.882782
59.904640
59.885025
59.915459
59.868797
59.891518
59.883522
59.900768
Control Period
59.853920
59.885727
59.881599
59.899582
59.866493
59.884514
59.899647
59.899330
Control Period
59.868832
59.880672
59.882179
59.889282
59.908482
59.885567
59.891647
59.876221
Control Period
59.895679
59.877121
59.901726
59.883965
59.893600
59.886307
59.879520
59.880127
59.894402
Control Period
59.865761
59.898464
59.892799
59.878563
59.898849
59.867039
59.885887
59.894817
Control Period
59.890881
59.909695
59.888382
59.896511
59.882881
59.882851
59.894722
Control Period
59.899776
59.889248
59.879200
59.893791
59.872383
59.880066
59.887741
59.912128
Control Period
59.880096
59.896992
59.858749
59.910816
59.900127
59.897118
59.884289
59.888191
59.890434
Control Period
59.909790
59.928768
59.899872
59.924065
59.924065
59.929089
59.894974
59.899040
Control Period
59.899902
59.932098
59.917313
59.908192
60.091072
59.896481
59.888702
59.894913
59.875389
Control Period
59.906174
59.897537
59.914623
59.930271
59.921185
59.915329
59.913986
59.903519
Control Period
59.886017
59.892193
59.893120
59.910110
59.897278
59.928833
59.914818
59.911491
Control Period
59.918335
59.902786
59.909119
59.932831
59.899391
59.903618
59.924446
59.894402
59.887138
Control Period
59.891747
59.876385
59.886497
59.866402
59.897789
59.885086
59.874912
59.875038
Control Period
59.881599
59.898304
59.906082
59.907070
59.898209
59.893440
59.897789
59.890656
59.880993
Control Period
59.884834
59.882816
59.873917
59.884544
59.892738
59.882851
59.905952
Control Period
59.888737
59.884640
59.864704
59.877472
59.871582
59.866528
59.865021
59.895424
59.877823
Control Period
59.843040
59.881859
59.871841
59.877983
59.877056
59.877342
59.851585
59.883553
Control Period
59.882210
59.883904
59.879681
59.904510
59.860607
59.893375
59.906975
59.903198
Control Period
59.875263
59.946594
59.883171
59.867073
59.895454
59.884224
59.891457
59.910175
Control Period
59.905441
59.903198
59.895744
59.902336
59.889633
59.903679
59.870850
59.895584
Control Period
59.909409
59.880512
59.882526
59.886463
59.921059
59.892960
59.868446
59.893570
Control Period
59.899681
59.890335
59.868797
59.882721
59.886208
59.891678
59.881599
59.892704
59.859840
Control Period
59.903934
59.876640
59.882111
59.886913
59.886719
59.863998
59.855904
59.883263
Control Period
59.864960
59.866848
59.861279
59.883553
59.861343
59.839520
59.904610
59.907425
59.877281
Control Period
59.888256
59.895042
59.861603
59.897087
59.883072
59.884449
59.881729
59.877823
59.890434
59.897568
Control Period
59.878975
59.911873
59.860611
59.883011
59.878529
59.882690
59.894081
59.873085
Control Period
59.880447
59.902786
59.902401
59.898113
59.870880
59.903358
59.888382
59.906273
Control Period
59.909950
59.877853
59.904160
59.887970
59.909279
59.864067
59.887329
59.894653
59.889824
Control Period
59.867489
59.860672
59.885345
59.877888
59.859104
59.851677
59.865440
59.894531
Control Period
59.864639
59.860733
59.884895
59.904610
59.888641
59.872673
59.895714
59.872322
59.904861
Control Period
59.870464
59.862144
59.875008
59.879871
59.902271
59.871582
59.875778
59.881569
Control Period
59.876671
59.880417
59.893341
59.880703
59.887329
59.850624
59.889122
59.889889
Control Period
59.877087
59.869186
59.897472
59.902046
59.886749
59.880703
59.896767
59.898018
Control Period
59.931137
59.882751
59.914017
59.885757
59.926109
59.905983
59.906593
59.890656
59.882721
Control Period
59.884323
59.902306
59.889473
59.894814
59.888382
59.884415
59.907425
59.878208
Control Period
59.903393
59.880287
59.925827
59.908226
59.921341
59.895874
59.892830
59.883362
59.911201
Control Period
59.900768
59.887745
59.898941
59.899391
59.874943
59.898560
59.887489
59.866016
Control Period
59.887421
59.891838
59.929054
59.862274
59.891838
59.872959
59.895168
59.898785
59.899872
59.885437
Control Period
59.912254
59.894882
59.902657
59.902817
59.911201
59.897057
59.874557
59.874943
59.893761
Control Period
59.873440
59.879646
59.864098
59.887009
59.883648
59.902077
59.871262
59.881344
Control Period
59.888702
59.909088
59.861759
59.889118
59.889503
59.913185
59.921822
59.882175
Control Period
59.880512
59.878403
59.883518
59.904545
59.918240
59.878143
59.902466
59.892864
59.918625
59.883713
Control Period
59.885887
59.894882
59.888577
59.896515
59.918015
59.909248
59.865055
59.875488
Control Period
59.892418
59.904510
59.904896
59.902241
59.883011
59.899200
59.903679
59.902626
Control Period
59.873886
59.868896
59.913025
59.882431
59.896194
59.869919
59.899361
59.884926
Control Period
59.883934
59.888931
59.890434
59.890015
59.895645
59.871296
59.894753
59.882816
Control Period
59.894371
59.887009
59.922848
59.905952
59.903328
59.899200
59.956768
59.885857
59.886467
59.880577
Control Period
59.907616
59.902431
59.912735
59.937057
59.934975
59.887390
59.912445
59.907906
59.897598
Control Period
59.890015
59.897438
59.862625
59.930847
59.927681
59.915230
59.948578
59.902912
Control Period
59.908989
59.931488
59.910751
59.906784
59.909695
59.907745
59.908447
59.871552
Control Period
59.891167
59.881313
59.907200
59.872803
59.879585
59.895844
59.909790
59.878529
Control Period
59.906273
59.892223
59.883202
59.887390
59.896160
59.925568
59.909344
59.941952
59.918114
Control Period
59.915710
59.895775
59.909504
59.877537
59.895073
59.892128
59.870369
59.899811
Control Period
59.888897
59.892769
59.903584
59.898529
59.887329
59.885986
59.880737
59.853088
59.875168
Control Period
59.883263
59.870304
59.899490
59.861408
59.913441
59.907425
59.887009
59.883614
Control Period
59.888161
59.911522
59.908035
59.877823
59.908897
59.908447
59.902271
59.909981
Control Period
59.896927
59.920319
59.901405
59.892735
59.916161
59.884129
59.901245
59.881538
Control Period
59.891426
59.888447
59.911041
59.895840
59.867554
59.895359
59.899010
59.918079
59.910145
Control Period
59.926239
59.889633
59.950752
59.912895
59.873886
59.883774
59.885696
59.916321
59.886047
Control Period
59.881699
59.886078
59.909534
59.888733
59.898239
59.880638
59.881889
59.878242
59.933311
59.923454
Control Period
59.916512
59.877892
59.900608
59.872833
59.890495
59.902786
59.898460
59.902466
Control Period
59.920387
59.937920
59.908417
59.882851
59.901054
59.916256
59.930592
59.938530
59.915329
Control Period
59.893539
59.912575
59.910465
59.884705
59.917278
59.933952
59.916286
59.900578
Control Period
59.904320
59.893440
59.894653
59.901375
59.898369
59.905853
59.882816
59.897728
Control Period
59.903008
59.910912
59.912323
59.907166
59.905281
59.900864
59.886658
59.887550
Control Period
59.897087
59.864479
59.892258
59.898304
59.867233
59.888451
59.898624
59.877762
59.870941
Control Period
59.869537
59.881248
59.909309
59.899010
59.885666
59.896927
59.890465
59.860542
Control Period
59.886337
59.881630
59.885921
59.873440
59.858944
59.834976
59.866272
59.873665
59.881279
Control Period
59.874947
59.853504
59.866657
59.858944
59.864639
59.880707
59.886944
Control Period
59.911808
59.893505
59.900703
59.881569
59.860832
59.888290
59.876671
59.895363
59.887459
Control Period
59.878113
59.901405
59.865982
59.857567
59.887619
59.880768
59.879745
59.853981
Control Period
59.881088
59.880318
59.874115
59.878403
59.880638
59.872032
59.868065
59.883682
Control Period
59.872032
59.902306
59.908737
59.888451
59.899010
59.871681
59.862465
59.871841
Control Period
59.857216
59.877663
59.873375
59.863678
59.870975
59.898785
59.865952
59.885315
59.907616
59.882015
Control Period
59.882942
59.898911
59.879005
59.875870
59.870304
59.892864
59.885185
59.881218
Control Period
59.882240
59.885506
59.878334
59.887455
59.884064
59.908707
59.910049
59.898750
59.896385
Control Period
59.872322
59.866081
59.900673
59.879234
59.891266
59.884960
59.878654
59.875229
Control Period
59.892960
59.886433
59.910782
59.916962
59.879356
59.872032
59.872322
59.888641
Control Period
59.891037
59.893730
59.863297
59.879265
59.892738
59.866688
59.886818
59.889023
59.912094
Control Period
59.910496
59.858337
59.880222
59.889729
59.885376
59.888832
59.857086
Control Period
59.842941
59.891041
59.884254
59.881729
59.889442
59.856800
59.897858
59.888992
59.884354
Control Period
59.877312
59.870079
59.896671
59.896194
59.897667
59.873917
59.884415
59.878559
Control Period
59.887711
59.887299
59.885727
59.869629
59.866653
59.861763
59.867519
59.840446
59.848160
Control Period
59.866302
59.868256
59.879585
59.905151
59.903648
59.902431
59.889793
Control Period
59.913155
59.906754
59.902115
59.896030
59.917633
59.907715
59.892387
59.886337
59.883713
Control Period
59.865761
59.878273
59.849602
59.867519
59.873825
59.889854
59.894081
Control Period
59.879356
59.892609
59.878334
59.856224
59.881504
59.886784
59.885315
59.885826
59.868195
Control Period
59.881058
59.900253
59.870144
59.881149
59.864799
59.888962
59.896641
59.886429
59.884193
Control Period
59.913826
59.903423
59.877377
59.880447
59.887489
59.883614
59.895485
59.918175
Control Period
59.897598
59.880993
59.911522
59.896866
59.889793
59.883488
59.895489
59.900673
59.910751
Control Period
59.884514
59.875778
59.901184
59.880157
59.878273
59.876831
59.871712
59.867359
59.882782
Control Period
59.886272
59.868000
59.902241
59.903198
59.896225
59.884289
59.882401
Control Period
59.878815
59.875198
59.875839
59.885246
59.898399
59.853985
59.895714
59.883873
Control Period
59.877567
59.866013
59.861282
59.906624
59.884480
59.883102
59.874046
59.888863
Control Period
59.878624
59.873951
59.885441
59.897919
59.886559
59.891518
59.872353
59.879326
Control Period
59.894691
59.916893
59.891678
59.897728
59.923679
59.910530
59.888096
59.880096
59.901825
Control Period
59.853409
59.887650
59.910500
59.905342
59.873695
59.900093
59.873024
59.861984
59.846081
59.875587
Control Period
59.886112
59.886974
59.911201
59.864193
59.892063
59.880032
59.898209
59.887840
Control Period
59.874783
59.887074
59.884926
59.869568
59.903137
59.899330
59.901794
59.904381
Control Period
59.874943
59.873726
59.865822
59.888191
59.903328
59.903679
59.894783
59.881474
Control Period
59.890881
59.901375
59.880833
59.875874
59.882500
59.881664
59.883968
59.865410
59.852478
Control Period
59.884865
59.920509
59.875549
59.866688
59.857826
59.879135
59.873280
59.888481
Control Period
59.863327
59.873856
59.855457
59.855362
59.853504
59.846687
59.888992
Control Period
59.879040
59.853504
59.851616
59.874496
59.875969
59.853920
59.855743
59.859264
59.852737
59.838402
59.856960
Control Period
59.834400
59.855137
59.868225
59.862366
59.867294
59.840607
59.854111
59.844543
59.854561
59.855423
59.855934
59.849052
59.843040
59.860832
59.862720
59.856159
59.870430
59.866367
59.847298
59.841599
59.844032
59.869312
59.897858
59.954079
