343.514
-205.167
-431.333
-308.241
-297
-223.3
-322
-285.267
-150.896
-198.333
-166.667
-58.6333
-112.6
-178.104
-22.7002
-86.2334
44.6665
-15.3999
-64.1333
-52.6553
-110.3
-20.2666
-21.0347
-47.1001
-52.7002
0.133301
16.8999
10
-39.1001
-135.567
3.89648
-15.7002
-0.899902
29.5
-4.5332
33.3335
198.104
-14.4331
-102.767
-138.862
-88.1665
-25.9668
51.3335
38.9653
6.7002
159.033
-16.7666
-74.6665
-11.5
107.862
-95.4668
-23.0332
72.9331
-93.8623
9.5332
-44.3667
-4.5
13.6665
39
88.8623
3.0332
12.0669
19.8965
-25.2998
31.0332
-37.4668
-28.8667
-20.3667
31.7666
-0.586426
-16.3999
-6.7334
19.8623
38
16.5669
1.7998
5.27588
-12.7666
-13.207
-52.8667
-75.6665
11.0669
-86.5332
-108.2
-41.8276
13.9331
9.3999
6.7334
10.9668
16.9331
-31.2002
2.1377
-0.5
9.68945
-93.1665
-9.06689
60.4331
-102.367
-2.7998
34.4331
11.2666
16.1377
43
8.0332
-80.2666
44.793
34.7334
34.7002
-8.48291
29.3872
139.104
-87.8335
-45.7666
32.207
107
