5656.49
6205.17
6431.33
6308.24
6297
6223.3
6322
6285.27
6150.9
6198.33
6166.67
6058.63
6112.6
6178.1
6022.7
6086.23
5955.33
6015.4
6064.13
6052.66
6110.3
6020.27
6021.03
6047.1
6052.7
5999.87
5983.1
5990
6039.1
6135.57
5996.1
6015.7
6000.9
5970.5
6004.53
5966.67
5801.9
6014.43
6102.77
6138.86
6088.17
6025.97
5948.67
5961.03
5993.3
5840.97
6016.77
6074.67
6011.5
5892.14
6095.47
6023.03
5927.07
6093.86
5990.47
6044.37
6004.5
5986.33
5961
5911.14
5996.97
5987.93
5980.1
6025.3
5968.97
6037.47
6028.87
6020.37
5968.23
6000.59
6016.4
6006.73
5980.14
5962
5983.43
5998.2
5994.72
6012.77
6013.21
6052.87
6075.67
5988.93
6086.53
6108.2
6041.83
5986.07
5990.6
5993.27
5989.03
5983.07
6031.2
5997.86
6000.5
5990.31
6093.17
6009.07
5939.57
6102.37
6002.8
5965.57
5988.73
5983.86
5957
5991.97
6080.27
5955.21
5965.27
5965.3
6008.48
5970.61
5860.9
6087.83
6045.77
5967.79
5893
