0.708973
0.771742
0.801926
0.827366
0.849023
0.866676
0.880307
0.890801
0.899206
0.905131
0.909492
0.912767
0.915249
0.916809
0.917731
0.918462
0.918802
0.91918
0.918818
0.918835
0.918588
0.918914
0.91813
0.91749
0.917306
0.916845
0.916457
0.916038
0.915685
0.915083
0.915236
0.91416
0.914052
0.913459
0.91295
0.912819
0.912724
0.912425
0.912014
0.911545
0.911281
0.911175
0.910788
0.910306
0.90988
0.909622
0.90937
0.909331
0.908987
0.908773
0.908404
0.907818
0.907936
0.907581
0.907212
0.907328
0.906836
0.906605
0.90659
0.906381
0.906341
0.906058
0.905918
0.905364
0.905477
0.905331
0.905107
0.904944
0.904785
0.904681
0.904527
0.904228
0.904102
0.904221
0.904011
0.903993
0.903796
0.903653
0.903769
0.903564
0.903511
0.903617
0.903102
0.902843
0.902964
0.902793
0.902733
0.902615
0.902364
0.902636
0.902271
0.902332
0.90209
0.901847
0.901932
0.901963
0.902191
0.90202
0.901863
0.902138
0.90197
0.901717
0.901757
0.901617
0.901808
0.901517
0.901661
0.901631
0.901258
0.901583
0.901372
0.901378
0.901189
0.90113
0.901027
0
