56.7178
58.5596
58.5752
58.5559
58.5701
58.5886
58.579
58.5645
58.5769
58.5685
58.5599
58.5578
58.5686
58.5673
58.5612
58.5665
58.5651
58.5787
58.5612
58.5697
58.5682
58.6075
58.5858
58.5691
58.5812
58.5784
58.5788
58.5773
58.5824
58.5713
58.6056
58.566
58.5767
58.5612
58.5486
58.5579
58.5722
58.5771
58.5727
58.567
58.5715
58.5839
58.5829
58.5744
58.5655
58.5652
58.5652
58.5792
58.5764
58.5797
58.5756
58.5559
58.5734
58.5666
58.5567
58.5751
58.5577
58.5534
58.561
58.5596
58.5712
58.5672
58.5707
58.5472
58.5628
58.5645
58.5632
58.5624
58.5602
58.5622
58.5623
58.5505
58.5479
58.5592
58.5527
58.5574
58.5527
58.551
58.5653
58.5627
58.5689
58.5852
58.5644
58.5521
58.5646
58.5591
58.5597
58.557
58.5465
58.5649
58.5466
58.554
58.5428
58.5292
58.533
58.5336
58.55
58.5461
58.5408
58.5621
58.5593
58.5493
58.5539
58.5482
58.5643
58.5521
58.5651
58.5682
58.5509
58.5744
58.5679
58.5723
58.5643
58.5638
58.5593
0
