0.724645
0.766272
0.776124
0.784288
0.79076
0.796394
0.800329
0.80369
0.806382
0.808124
0.809831
0.810981
0.811831
0.81207
0.812462
0.812491
0.812764
0.812595
0.812461
0.812482
0.812278
0.812004
0.811869
0.811506
0.811071
0.810963
0.810736
0.810462
0.810124
0.810048
0.809829
0.809516
0.8092
0.808799
0.808578
0.808251
0.808219
0.807888
0.807912
0.807621
0.806923
0.807126
0.806738
0.806541
0.806614
0.806282
0.8063
0.806007
0.805583
0.805291
0.805477
0.805462
0.80507
0.804937
0.80478
0.804634
0.804638
0.804553
0.80446
0.804269
0.804202
0.804051
0.803957
0.803533
0.803609
0.803634
0.803664
0.803725
0.803398
0.803255
0.803199
0.802981
0.802674
0.802674
0.802547
0.802374
0.80222
0.802443
0.802393
0.80225
0.802442
0.802404
0.80221
0.802221
0.802138
0.802074
0.802388
0.802184
0.80193
0.801708
0.801787
0.801685
0.801699
0.801723
0.80174
0.801631
0.801389
0.801504
0.801402
0.801529
0.801245
0.801284
0.801292
0.801069
0.801143
0.801262
0.801156
0.801131
0.800939
0.80103
0.800913
0.801015
0.801606
0.800902
0.801026
