1314.88
1085.06
1043.22
1082.44
1084.94
1072.53
1083.75
1072.5
1080.39
1081.12
1122.69
1096.09
1086.22
1075.16
1081.31
1075.09
1169.16
959.226
1059.03
1123.48
1082.53
1077.56
1070.09
1082.5
1076.71
1080
1076.65
1083.72
1085.03
1099.31
1132.31
947.75
994.375
1077.59
1157.72
1072.45
1082.9
1075
1081.22
1019.16
1055
1148.34
1073.61
1079.97
1071.52
1093.25
1079.64
1076.38
1110.72
1058.16
1054.03
1116.21
1065.45
1045.41
1075.06
1186.16
1115.91
1073.78
1081.19
1066.38
1084.91
990.742
1016.12
1071.34
1072.59
979.812
1044.56
1065.22
1132.59
1030.79
1067.71
1077.56
1070.22
1133.84
1077.56
1067.75
1076.38
1037.34
1108.22
1070.19
1031.25
998.094
1071.38
1065.12
1074.06
1071.41
1030.94
1080.03
1071.44
1081.25
1068.88
984.531
1077.62
1066.41
1040.78
1061.53
989.531
1032.16
1067.64
1013.84
1021.03
983.25
1059.97
1075.12
1066.5
956.062
1070
1063.81
1035.94
1003.06
1040.44
1071.41
1015.19
995.312
1018.59
