56.7173
58.5769
58.5799
58.5763
58.5815
58.5874
58.5729
58.5947
58.5808
58.5855
58.5783
58.5906
58.5893
58.5819
58.5868
58.5783
58.5866
58.5926
58.5889
58.577
58.5817
58.5909
58.594
58.581
58.5767
58.5751
58.5758
58.585
58.5684
58.581
58.5869
58.5783
58.5843
58.5768
58.5851
58.5858
58.5998
58.6027
58.5695
58.5881
58.5744
58.58
58.5921
58.5925
58.5792
58.5965
58.599
58.5814
58.5853
58.5907
58.5842
58.5855
58.5794
58.5797
58.5869
58.5865
58.5763
58.5885
58.5926
58.5756
58.5758
58.5572
58.5694
58.573
58.5774
58.5575
58.5739
58.5785
58.577
58.5766
58.5826
58.5842
58.5705
58.5733
58.5716
58.5741
58.5741
58.5688
58.5768
58.5736
58.5764
58.5772
58.5705
58.5727
58.5857
58.5752
58.5886
58.5729
58.5785
58.5976
58.5896
58.6205
58.5998
58.5985
58.6044
58.6079
58.6066
58.5871
58.5948
58.61
58.6034
58.5922
58.5898
58.5912
58.5966
58.5904
58.5917
58.5752
58.5654
58.5919
58.5876
58.6024
58.5938
58.5854
58.5973
0
