0.707949
0.736761
0.737697
0.738322
0.738842
0.739406
0.739704
0.740307
0.740555
0.741008
0.741279
0.741533
0.741679
0.741911
0.742153
0.74227
0.742661
0.742784
0.74301
0.743005
0.743179
0.743374
0.74364
0.743747
0.743798
0.744077
0.744159
0.744224
0.744483
0.744582
0.744771
0.744808
0.744873
0.745099
0.745146
0.745325
0.745619
0.745668
0.745551
0.745693
0.745682
0.74586
0.746106
0.746222
0.746173
0.746089
0.746225
0.746278
0.746392
0.746536
0.746589
0.746579
0.746725
0.746769
0.746841
0.74701
0.747075
0.747151
0.747335
0.747189
0.747323
0.747196
0.747433
0.747368
0.747409
0.747447
0.747601
0.747792
0.74782
0.747705
0.748001
0.74808
0.748025
0.748066
0.748016
0.748053
0.748088
0.748125
0.748238
0.748206
0.748273
0.748387
0.748285
0.748297
0.748419
0.748488
0.748626
0.748614
0.748705
0.748934
0.748963
0.74898
0.749001
0.749005
0.748965
0.749073
0.749017
0.748941
0.749002
0.749064
0.748994
0.748986
0.749047
0.749026
0.748977
0.749031
0.748979
0.749082
0.749133
0.749069
0.749257
0.749398
0.749083
0.749259
0.749443
0
