3887.5
5893
6051
5774
5893
5912.5
5912.5
5912.5
5873
5759
5952
5892.5
5952
5932.5
5932
5932.5
5833.5
5853
5912.5
5932
5991.5
5853.5
5798.5
5873
5912.5
5952
5932
5912.5
5893
5932
5952
5952
5912.5
5952
5952
5952
5699.5
5892.5
5893
5912.5
5932
5893
5932.5
5952.5
5932.5
5912.5
5893
5912.5
5972
5853
5952
5952
5952
5952
5932
5952
5952
5952
5952
5972
5739
5853.5
5893
5972
6011.5
5952
5932
5932.5
5952.5
5992
5893
5893
5912.5
6031.5
5759
5912.5
5893
6011.5
5932.5
5932.5
5952.5
5873
5893
5912.5
5912.5
5873
5893
6011.5
5892.5
5972
5972
5912.5
5932
5853
5952
5912.5
5912.5
5912.5
5892.5
5892.5
5912.5
5912.5
5892.5
5912.5
5912.5
5992
5972
5972
5952
5853.5
