57.9944
59.9177
59.9104
59.9147
59.9153
59.8983
59.9158
59.9068
59.918
59.9153
59.9094
59.9029
59.892
59.8829
59.8878
59.8888
59.8982
59.8935
59.8915
59.9013
59.8901
59.9037
59.9037
59.9285
59.8869
59.8996
59.9121
59.9085
59.9067
59.9174
59.9295
59.9117
59.8976
59.923
59.9134
59.9001
59.9057
59.9152
59.9132
59.9208
59.9122
59.9169
59.9192
59.9182
59.934
59.9224
59.9043
59.9189
59.9053
59.915
59.9074
59.9057
59.9084
59.9147
59.9023
59.8991
59.8901
59.8897
59.8973
59.8983
59.894
59.8949
59.8968
59.8983
59.8911
59.8888
59.889
59.9084
59.8944
59.8937
59.8942
59.9042
59.9032
59.884
59.902
59.9048
59.905
59.8837
59.8946
59.8978
59.9061
59.9106
59.8953
59.9015
59.8902
59.8927
59.9027
59.8892
59.8857
59.8948
59.887
59.891
59.8848
59.8844
59.8918
59.896
59.8957
59.9111
59.9099
59.9043
59.9087
59.8978
59.9218
59.8967
59.8952
59.9028
59.8948
59.8923
59.9029
59.9073
59.9131
59.8962
59.9005
59.9172
59.9216
