80
75.8916
73.0667
70.803
69.021
67.6408
66.5837
65.7892
65.1954
64.7613
64.4508
64.2243
64.0615
63.9483
63.8715
63.8218
63.7964
63.7878
63.7877
63.7978
63.8135
63.832
63.8597
63.8843
63.9128
63.9393
63.9676
63.999
64.0292
64.0602
64.092
64.1234
64.1491
64.1722
64.2026
64.2291
64.2508
64.2749
64.3008
64.3257
64.3483
64.3705
64.3919
64.4121
64.4347
64.4587
64.4796
64.4959
64.5138
64.5298
64.5474
64.5646
64.5806
64.5959
64.6135
64.6252
64.6375
64.6477
64.6592
64.6725
64.6844
64.6964
64.7088
64.7225
64.735
64.7456
64.757
64.7677
64.7785
64.7898
64.8012
64.8097
64.8219
64.8317
64.8368
64.8468
64.8561
64.8663
64.8713
64.8794
64.8865
64.8976
64.9083
64.9134
64.9212
64.9247
64.9288
64.9369
64.9375
64.9396
64.9458
64.9519
64.9557
64.9614
64.9667
64.9737
64.98
64.9878
64.9976
65.0029
65.0072
65.0113
65.0147
65.0233
65.0266
65.0266
65.0289
65.0308
65.0322
65.036
65.041
65.0479
65.0509
65.054
65.06
