57.8507
62.8769
66.6635
69.0589
69.4842
70.2869
69.7517
71.0128
71.5657
70.6114
71.3105
71.2192
71.4639
71.6195
71.5269
70.7526
70.493
70.2652
70.6442
70.5518
71.2093
71.8239
70.6176
71.4634
70.306
70.7304
71.2598
71.4099
71.9903
70.432
70.2566
69.1984
71.1093
70.5241
71.4274
70.0694
70.1108
68.7605
70.3714
71.2456
71.559
70.3643
70.2484
71.4398
71.0796
71.5483
71.0806
71.1677
70.8739
70.9905
71.1287
72.0451
70.6997
71.986
70.9613
69.9869
70.1441
71.1038
71.7352
71.2871
71.209
70.8734
69.851
70.2646
70.0916
72.3442
71.7576
71.6922
71.706
71.8391
70.2384
70.3058
70.1924
70.9225
70.5517
70.6764
70.7482
70.8294
70.8478
71.3193
71.0161
71.6378
71.5769
71.4239
70.8329
70.571
70.3165
70.7356
69.8544
71.162
69.7752
70.185
69.5453
70.4503
71.5814
70.9468
69.7869
70.5839
70.3979
70.0504
71.9736
70.2122
71.0811
70.6211
70.2151
70.4454
70.2332
70.3559
69.6829
70.898
70.2464
69.6189
70.2823
72.594
68.6536
