0.944353
0.863777
0.832513
0.828051
0.828195
0.850379
0.854619
0.848855
0.837839
0.851007
0.851016
0.846802
0.844036
0.848465
0.853985
0.859733
0.844015
0.852865
0.847317
0.852487
0.840286
0.858817
0.852932
0.843886
0.85421
0.849421
0.841851
0.859198
0.839945
0.861039
0.853065
0.864736
0.834768
0.853412
0.845379
0.857458
0.853225
0.856483
0.833849
0.838819
0.849816
0.862375
0.84624
0.842557
0.854894
0.851492
0.843153
0.8503
0.857321
0.852646
0.849361
0.842426
0.864001
0.8323
0.855147
0.861872
0.856227
0.835129
0.845122
0.853338
0.849774
0.852497
0.871719
0.844284
0.844081
0.829814
0.848465
0.851993
0.846734
0.852868
0.862445
0.853603
0.850344
0.844503
0.848655
0.848131
0.849705
0.857279
0.844375
0.846061
0.857844
0.846275
0.841703
0.855559
0.858032
0.856169
0.851938
0.842394
0.855853
0.840827
0.861319
0.842057
0.858976
0.840423
0.838922
0.854884
0.860505
0.850091
0.853178
0.841984
0.833526
0.870797
0.839407
0.852662
0.853248
0.851344
0.856751
0.841617
0.860881
0.845026
0.858917
0.849503
0.851333
0.822826
0
