0.723134
0.847131
0.852162
0.858659
0.845887
0.849584
0.841831
0.860512
0.859539
0.837604
0.856594
0.845029
0.852625
0.85098
0.853524
0.842151
0.848326
0.846079
0.854167
0.850429
0.858244
0.855869
0.838169
0.858289
0.838814
0.850743
0.857295
0.854586
0.860014
0.834624
0.844861
0.834894
0.870019
0.847318
0.857783
0.838823
0.845536
0.83426
0.864176
0.858515
0.85724
0.839938
0.846874
0.86147
0.847571
0.853125
0.847534
0.850293
0.848061
0.847045
0.856979
0.860167
0.84115
0.863553
0.84202
0.836158
0.847757
0.854641
0.859432
0.848127
0.848809
0.845521
0.841727
0.856254
0.847059
0.875914
0.847927
0.846568
0.846159
0.853763
0.838168
0.846697
0.8467
0.858994
0.849662
0.849154
0.843754
0.849302
0.851232
0.85693
0.853179
0.857412
0.844867
0.84668
0.842532
0.84814
0.849482
0.856222
0.839888
0.865987
0.840955
0.850584
0.843109
0.858718
0.86013
0.84491
0.835214
0.854578
0.853929
0.844289
0.868528
0.832756
0.850481
0.847015
0.846216
0.855598
0.848674
0.850191
0.846471
0.865606
0.846245
0.840449
0.851012
0.877621
0.810244
