113.569
123.54
129.339
134.217
137.714
138.475
139.051
138.442
138.563
139.994
138.928
139.978
140.841
140.446
139.211
139.249
139.537
139.537
139.248
139.129
139.323
138.755
138.704
139.088
138.944
139.551
139.333
138.436
138.805
139.155
138.275
138.476
138.217
138.595
138.943
138.445
138.513
139.053
139.911
140.206
139.71
139.515
139.316
139.754
139.244
139.195
140.021
139.689
139.01
139.527
139.035
138.898
138.498
138.613
138.406
138.647
138.274
139.418
139.646
138.733
139.04
139.32
138.162
137.471
138.236
138.511
138.395
138.983
138.927
138.942
137.986
138.431
138.352
137.899
137.976
138.347
139.868
139.226
139.42
138.88
137.872
137.794
139.243
138.394
139.077
138.608
138.396
137.825
138.631
137.48
137.179
137.405
137.887
137.269
138.502
138.573
138.768
138.51
136.759
138.874
138.559
138.671
139.584
139.332
139.577
138.418
138.205
138.765
137.443
137.474
136.881
137.737
138.527
138.652
0
