60.231297
59.921310
59.893059
59.902115
59.902977
59.913918
59.881310
59.904060
59.896095
59.883007
59.918144
59.902206
59.924706
59.909470
59.912033
59.893055
59.921185
59.929153
59.920288
59.880669
59.926239
59.911968
59.909790
59.916416
59.892769
59.891235
59.894367
59.888062
Control Period
64.683838
59.898880
64.780479
63.204674
59.895805
64.181183
63.493309
Control Period
68.517601
67.588989
68.570465
64.337860
65.637344
68.608612
63.383392
Control Period
70.507645
68.494110
68.587677
68.649475
70.350754
68.648804
68.596451
68.636162
Control Period
68.656387
68.644516
68.571617
68.699486
68.682114
70.436005
72.699135
72.956062
Control Period
68.719299
70.107903
71.348709
72.742142
69.186234
68.659103
68.575775
Control Period
71.928383
72.497795
68.608704
68.568130
68.598755
68.580933
68.545639
70.685631
Control Period
72.699104
70.678619
68.579163
68.978371
70.360321
72.610977
73.182915
Control Period
70.077599
71.709854
72.813507
69.217819
71.897766
72.621597
72.621887
Control Period
70.406586
72.687805
69.738976
68.601349
72.712067
69.283844
68.657883
72.802467
70.062653
Control Period
72.741859
72.997055
72.874084
72.823906
68.626755
69.046944
Control Period
73.030624
72.669472
70.752258
69.266586
72.688766
71.379684
68.560196
71.406113
Control Period
72.056641
68.544510
72.600159
72.722145
70.200127
72.659744
Control Period
72.316666
72.584869
73.009445
72.341599
68.664062
70.043579
72.376541
Control Period
72.101700
72.584259
70.180603
72.725922
70.209595
71.360260
71.565094
71.487999
Control Period
69.926010
72.430687
72.696159
70.089188
68.626976
72.856644
68.642242
71.376862
Control Period
73.032127
71.787994
69.277695
68.534912
68.588028
70.853439
Control Period
71.635742
68.550308
69.313538
72.753891
70.665726
69.208000
69.729309
Control Period
71.861855
71.339355
68.681091
68.609344
68.615715
70.745255
72.285950
73.014847
Control Period
69.108994
68.653603
68.697823
69.521729
72.419205
72.751457
72.709984
Control Period
72.681534
69.443008
70.857697
68.543518
71.604324
72.648384
72.686813
Control Period
75.621445
71.145569
71.684036
72.982620
68.728516
70.048256
72.557182
68.581543
Control Period
72.604477
72.964417
68.655167
69.434555
71.177567
72.635231
68.887589
Control Period
70.842751
69.164795
72.173721
72.777634
72.990402
72.144608
68.582809
73.030243
Control Period
69.510689
68.653404
68.648033
70.845276
72.482147
72.238434
69.764160
Control Period
72.734238
70.203842
68.517342
69.663269
72.902046
71.909698
69.182236
Control Period
70.928604
69.528091
72.609665
71.499359
69.550049
72.054626
72.648483
Control Period
76.087387
72.789474
72.561310
70.286369
68.594147
70.539490
69.011360
Control Period
72.359550
72.555840
72.443359
72.841949
72.060699
69.680679
Control Period
68.704033
68.646591
68.622368
69.907684
71.816772
72.547905
72.778915
68.662590
Control Period
68.642075
70.667488
71.553406
73.131683
68.554977
70.583969
Control Period
69.087067
68.612671
68.496231
69.342148
68.571648
68.844101
71.434662
Control Period
72.435394
72.654945
72.872704
70.436447
72.188126
70.574753
69.084412
68.627747
Control Period
74.716385
72.785889
70.457184
68.637184
70.135422
68.893631
68.605988
69.961441
Control Period
73.069794
72.597885
71.165375
68.674683
70.267586
72.789284
Control Period
70.862366
68.664444
70.310112
71.486908
72.742142
68.602173
68.659714
69.227524
Control Period
71.209061
68.654594
68.604546
68.610016
72.724838
70.861954
68.622589
Control Period
69.655548
68.589157
68.554207
68.587585
68.663681
68.651009
Control Period
75.167770
68.598236
69.020355
69.222687
72.560226
70.567459
68.623840
69.210686
69.673050
Control Period
75.540703
68.649887
72.805725
69.153633
72.684830
68.657852
72.877472
71.167358
Control Period
74.932571
69.768799
72.518143
70.133438
72.518845
71.044800
68.988899
72.566681
Control Period
72.657631
68.604736
68.644737
69.628860
72.399361
71.560768
69.054176
68.680313
Control Period
68.608734
69.206589
71.917343
69.611038
69.714172
71.351326
72.897339
Control Period
72.829529
72.504028
72.590401
68.656387
71.422562
72.000870
69.970398
71.543938
Control Period
70.434875
71.157349
72.376068
72.719711
69.090691
69.265884
72.694046
70.897980
71.893402
Control Period
72.018242
70.806213
71.567841
71.124222
71.854561
70.255966
72.866180
Control Period
72.718369
72.824638
68.612289
70.545883
71.986977
69.795715
Control Period
72.706337
68.611229
71.126724
71.618050
68.504768
72.827682
72.778946
Control Period
68.884827
72.671204
72.427040
69.513763
73.013535
68.817085
68.612801
73.051132
Control Period
72.549759
69.863007
69.289635
73.010719
69.023361
72.718521
70.478714
Control Period
72.024063
69.649567
68.685059
70.572929
73.127075
70.865570
72.976768
Control Period
74.513023
72.722778
72.634369
72.410172
69.990593
69.383652
72.661087
Control Period
72.633118
68.655968
68.721725
68.704674
69.892670
71.683105
72.523453
72.782814
Control Period
72.771072
72.960159
72.579132
71.180923
69.494370
72.930496
Control Period
72.899231
72.729950
69.371811
68.757187
68.765022
72.437088
71.768478
70.118332
Control Period
68.822693
69.252449
72.987366
71.143845
68.772446
68.678749
70.643738
69.462524
Control Period
69.023483
71.037155
69.231964
68.696899
68.677376
71.539200
72.802399
Control Period
70.102524
72.523773
68.657120
70.713562
72.789917
70.252258
72.687393
Control Period
76.395905
71.232956
68.660255
72.949020
71.339737
68.751648
72.816864
72.279488
Control Period
70.096451
71.475357
73.014626
72.609344
71.498177
69.313568
70.009438
Control Period
72.716606
71.321915
69.953659
69.105667
71.348572
72.807678
Control Period
72.537796
72.916893
71.693024
69.248192
70.092163
68.752350
Control Period
71.780258
68.764709
68.712158
68.805435
68.722977
69.960388
72.211006
Control Period
68.664291
68.695999
71.632645
68.648224
72.790657
68.707932
72.712357
Control Period
71.685089
70.237343
68.598206
70.118782
72.691330
68.655617
68.654625
72.573151
Control Period
71.722626
72.650337
71.671036
72.892029
72.555969
Control Period
75.304092
72.547455
72.675110
72.623299
71.336288
69.238525
68.578690
Control Period
72.647110
71.437920
72.946426
72.958588
73.059235
70.154022
68.642365
Control Period
71.217316
71.541092
70.651230
72.889755
72.794624
70.648773
72.199203
Control Period
72.321701
72.955650
73.564545
71.929153
68.842850
72.837410
70.422363
Control Period
72.398209
68.690720
70.885986
68.754395
69.829918
72.487198
68.622330
Control Period
71.350983
68.571259
72.825668
70.563393
68.689728
71.494911
68.644547
Control Period
71.015678
71.663841
71.022308
68.748642
68.629921
70.073921
71.641151
Control Period
72.659485
69.923904
72.315811
69.593918
68.612831
69.822693
72.810333
Control Period
71.353058
68.707458
71.000122
68.663742
72.655396
68.671387
72.810883
Control Period
71.314301
72.665215
68.686142
71.357437
72.010651
68.590370
71.249603
69.537537
Control Period
69.131042
68.613312
70.801315
70.701889
72.302338
72.939102
Control Period
70.424026
68.657532
72.942078
72.312386
69.808739
68.728226
72.932770
Control Period
76.243683
70.651611
68.756386
68.669693
68.682144
70.497345
72.433792
72.794693
Control Period
68.593826
70.046753
71.232353
71.768669
72.929123
72.602623
70.586655
Control Period
76.454079
71.060898
68.608902
72.503006
70.423714
68.636833
69.424957
72.659073
Control Period
70.913155
71.782883
69.980545
72.524994
72.743011
70.860962
Control Period
72.657921
69.650269
69.262589
71.357498
72.800674
72.888092
72.421509
Control Period
68.645828
72.533020
72.811615
72.119232
68.604126
72.632675
72.652420
71.392128
Control Period
69.332870
68.850525
71.426651
72.570946
72.653023
70.163681
Control Period
70.814110
68.640732
71.220673
69.182022
70.969826
72.698883
70.471039
Control Period
73.145020
68.571297
68.569633
68.685310
71.825989
72.572578
68.692032
70.470016
Control Period
72.483391
69.466812
68.776611
71.317535
72.411903
68.676704
72.016037
Control Period
70.412514
68.618149
68.996765
68.614624
72.458908
71.247513
68.632126
Control Period
72.937149
68.716385
72.859520
72.836349
68.700165
72.572319
69.512352
Control Period
68.608292
68.722206
73.063461
68.634308
68.642502
68.593506
72.100388
69.836990
Control Period
68.564285
72.094559
71.930298
68.587234
68.731491
72.785187
68.601952
Control Period
68.592926
68.633057
70.880829
68.670715
68.658112
70.166977
68.648865
72.110947
Control Period
70.504768
69.421219
72.556610
68.675293
71.084671
70.166275
68.697601
72.495682
Control Period
72.444229
72.568802
71.973083
68.663551
72.825180
72.153984
70.440933
Control Period
72.758110
68.708893
68.631744
72.745537
72.804031
69.556030
71.423203
Control Period
68.711807
68.603363
68.663269
72.850555
72.527138
68.560989
68.591385
Control Period
73.671875
71.714951
68.581085
71.733948
69.220482
68.581215
Control Period
68.627197
68.594048
72.643585
68.664474
72.830559
68.567039
72.858047
Control Period
68.563263
68.557632
73.047684
68.878494
68.571899
71.726913
71.006622
Control Period
72.351547
72.459579
72.439194
72.687714
72.280899
69.453827
72.142212
70.656960
Control Period
68.780701
71.422852
72.656639
71.405853
69.968292
68.597275
69.872772
68.548126
Control Period
70.490723
73.028580
68.932419
72.878235
68.570686
72.911133
69.720131
72.116707
Control Period
71.882523
70.183937
69.302208
72.037216
71.519485
70.905090
68.516960
Control Period
72.071968
68.581726
69.564484
70.016220
68.575455
70.309982
72.385757
Control Period
70.640060
72.979553
72.670334
70.616417
69.006653
68.631233
68.573441
Control Period
72.334885
71.023552
69.301727
68.680321
68.598305
69.103745
70.151009
72.672379
Control Period
69.126938
68.548065
68.609344
72.918846
72.545059
70.386879
Control Period
68.635391
68.602341
72.450363
68.551071
69.187233
70.671295
Control Period
72.823135
68.647202
72.491394
68.674973
72.248833
68.571106
72.829437
Control Period
68.663452
69.483963
70.290497
71.098938
68.613342
72.832352
68.666176
72.322464
Control Period
68.684677
69.308929
68.632156
71.674332
68.654976
70.893372
69.560768
69.542404
70.224831
Control Period
68.750336
68.639236
68.597473
69.500580
71.201660
72.553825
72.790787
Control Period
72.610466
72.860703
72.129990
72.722176
72.646622
68.653564
Control Period
Control Period
76.879364
76.891708
76.857727
76.878693
76.853600
76.880577
76.869919
76.868225
76.871902
76.865921
76.926239
76.889343
