0.724537
0.777232
0.796665
0.812922
0.826361
0.837227
0.845988
0.852541
0.857851
0.861489
0.864241
0.866174
0.86763
0.868446
0.869083
0.869312
0.86959
0.869495
0.869246
0.869206
0.868494
0.868029
0.867702
0.86727
0.866945
0.866362
0.865727
0.865278
0.865052
0.864526
0.864455
0.864189
0.863408
0.862982
0.862644
0.862322
0.861826
0.861547
0.861116
0.860815
0.860683
0.860478
0.859875
0.859653
0.859227
0.858891
0.858613
0.858473
0.858438
0.858056
0.857817
0.857738
0.857526
0.857045
0.856891
0.856805
0.856297
0.856134
0.85601
0.855961
0.855841
0.855597
0.85534
0.855111
0.854878
0.854566
0.854993
0.854753
0.854269
0.854328
0.854235
0.854204
0.854198
0.853935
0.853872
0.853428
0.853477
0.853196
0.85341
0.853221
0.853225
0.852995
0.853079
0.85317
0.85288
0.852615
0.852753
0.852395
0.852421
0.852403
0.852412
0.852313
0.852182
0.852071
0.851957
0.851896
0.851909
0.851917
0.85182
0.851926
0.851548
0.851579
0.851757
0.851467
0.851458
0.851577
0.851356
0.851213
0.851237
0.851165
0.851126
0.850944
0.851035
0.851155
0.851286
0
