5656.54
5924.84
5915.03
5917.59
5875.97
5916.94
5942.79
5963.22
5910.06
5910.09
5908.88
5926.22
5912.62
5863.75
5967.78
5920.19
5923.69
5909.35
5921.52
5912.66
6002.22
5987.26
5908.91
5867.34
5914.94
5926.81
5940.91
5914.97
5917.5
5892.06
5950.53
5929.74
5926.3
5912.62
5926.22
5865.25
5915.71
5950.47
5931.09
5913.81
5881.87
5779.81
5821.03
5923.62
5918.75
5924.84
5915.06
5931.12
5913.84
5922.53
5918.81
6003.44
5937.28
5966.59
5922.5
5925.81
5924.97
5922.44
5921.34
5921.25
5919.94
5920.84
5932.38
5923.69
5927.38
5882.19
5932.62
5946.5
5934.78
5888.09
5915
5950.53
5949.62
5885.88
5922.38
5918.75
5922.38
5933.59
5962.59
5913.78
5921.19
5909.65
5870.84
5926.09
5923.35
5983.88
5894.53
5922.47
5928.62
5932.28
5924.91
5984
5942.25
5917.56
5931.06
5896.72
5893
5974.06
5927.55
5898.25
5907.88
5972.77
5937.31
5881.97
5927.55
5970.28
5937.31
5888.12
5972.78
6022.84
5938.53
5921.16
5924.61
5847.67
6004.13
