3907.5
5932.5
5892.5
6085.5
6248.5
6342.5
6105
6011.5
6051
5892.5
5952
5991.5
6051
5833.5
6204
5912.5
6051
6071
6051
6071
5972
6011.5
6051
6011.5
6071
6051
6011.5
6046
6011.5
6209.5
5932
5992
6071
6070.5
6031.5
5992
6090.5
5932
5971.5
6071
6011.5
5971.5
5972
5798.5
6362.5
5972
5952
5833.5
5912.5
6011.5
6224
5932
5912.5
5833.5
6110.5
6130.5
5932.5
5972
6110.5
5932.5
5932
6031.5
6051
6337.5
6070.5
5719.5
6011.5
6011.5
6006.5
5991.5
6125
6051
5972
5833.5
5833.5
6130.5
6303
5833.5
6164.5
5932.5
6051
6051
6011.5
6085.5
6031.5
6051
6065.5
5991.5
6090.5
6011.5
5991.5
5952
5991.5
6071
6204.5
5893
5892.5
5893
6204
6011.5
6011.5
6031
6110.5
5892.5
6184.5
5873
5932
5913
5833.5
5952
