113.522
117.305
117.288
117.313
117.307
117.299
117.308
117.301
117.319
117.318
117.313
117.315
117.311
117.325
117.315
117.316
117.333
117.317
117.329
117.327
117.301
117.308
117.304
117.325
117.331
117.333
117.356
117.342
117.359
117.332
117.333
117.32
117.348
117.328
117.325
117.35
117.365
117.342
117.345
117.349
117.351
117.344
117.338
117.35
117.349
117.341
117.334
117.339
117.356
117.348
117.351
117.372
117.363
117.331
117.355
117.362
117.391
117.388
117.383
117.391
117.357
117.351
117.36
117.342
117.353
117.361
117.342
117.363
117.352
117.325
117.325
117.327
117.332
117.334
117.352
117.335
117.344
117.334
117.326
117.332
117.336
117.327
117.315
117.329
117.342
117.32
117.308
117.332
117.317
117.355
117.358
117.351
117.357
117.332
117.334
117.344
117.323
117.307
117.311
117.295
117.303
117.288
117.294
117.31
117.305
117.315
117.312
117.325
117.335
117.325
117.317
117.324
117.317
117.328
117.343
0
