0.724828
0.78878
0.816628
0.84021
0.859635
0.875165
0.887677
0.896672
0.903718
0.909063
0.912839
0.915815
0.917277
0.918693
0.919838
0.92022
0.920305
0.920252
0.920262
0.920072
0.919879
0.919616
0.919104
0.918812
0.918049
0.917884
0.917186
0.91679
0.91687
0.916319
0.915973
0.915494
0.915072
0.914373
0.914061
0.913898
0.91335
0.913076
0.912866
0.912468
0.912084
0.912132
0.911503
0.911074
0.910937
0.910518
0.910369
0.910042
0.909717
0.909317
0.908944
0.908629
0.908417
0.908243
0.908144
0.907752
0.907516
0.907483
0.907081
0.906867
0.906944
0.906641
0.906198
0.906306
0.906118
0.905862
0.905719
0.905402
0.905158
0.905126
0.905073
0.904814
0.904607
0.904555
0.904318
0.903893
0.904025
0.903986
0.903876
0.903557
0.903307
0.903686
0.903404
0.903119
0.902993
0.902788
0.902894
0.90266
0.902808
0.902616
0.902718
0.902371
0.902452
0.902585
0.902202
0.902103
0.901949
0.902102
0.902112
0.902401
0.901779
0.901801
0.901833
0.901713
0.901435
0.901565
0.901652
0.90138
0.901453
0.901538
0.901356
0.901319
0.901262
0.901358
0.901308
0
