5666.92
5896.5
5910.09
5908.78
5893.94
5908.78
5902.66
5824.69
5852.25
5959.19
5910.09
5912.62
5905.28
5923.72
5905.97
5911.94
6006.16
5932.24
5903.94
5884.72
5906.34
5950.59
6032.44
5898.03
5895.22
5828.62
5916.34
5800.31
5884.09
5913.72
5875.67
5892.71
5911.25
5905.03
5991.61
5886.25
5994.47
5910.7
5927.34
5913.1
5903.84
5910.03
5823.74
5995.62
5905.12
5912.5
5901.34
5957.45
5853.38
5808.56
5937.13
5903.79
6005.74
5926.06
5969.06
5905.06
5914.33
5901.53
5961
5941
5925.41
5966.88
5911.38
5911.28
5863.94
5833.94
5887.81
5875.94
5898.91
5942.78
5881.39
5902.59
5908
5935.75
5918.72
5903.88
5916.79
5908.94
5914.48
5993.22
5916.16
5905.94
5836.38
5862.44
5904.09
5916.22
5925.75
5955.29
5905.03
5913.75
5905.19
5878.5
5952.09
5791.03
5897.72
5875.75
5900.09
5908.78
5923.06
5927.52
5921.19
5879.84
6006.71
5906.28
5927.06
5935.66
5863.66
5911.31
5951.78
5913.88
5910.12
5915
5905.06
5917.5
5870.75
6011
