3961.5
5892.5
5972
5892.5
6050.5
5249
5189.5
5169
5031
5031
5031
4932
4955
5015
5149.5
4991
4876.5
4951.5
4912
5030.5
4951.5
4991
4932
5011
5209
5031
5149.5
4955.5
4935.5
4951.5
4991
5011
5169.5
5011
5050.5
5031
4836.5
4912
5031
5149.5
4895.5
5070
5189
5090.5
4876
4876
4896
5050.5
5149.5
5031
4912
5129.5
5090.5
4880
5209
4932
4912
4971.5
5031
5074.5
4856
5229
5090
5150
4991
5054.5
5050.5
5011
4856.5
5050.5
5090
5209
4971.5
4757
4951.5
5031
5130
5209
5030.5
5070.5
4876
4971.5
4995
5090.5
5149.5
4991
4951.5
5129.5
4975
5110
5090.5
4892
5050.5
5150
5090.5
4856.5
5054.5
4892
5090
4975
5050.5
4895.5
5189.5
5070.5
4836.5
4817
5050.5
4932
4991
4817
