80
81.5161
88.4414
90.6364
89.4107
89.2382
89.3257
88.6017
88.6975
88.5611
88.8593
88.6583
88.8257
88.7836
89.011
88.2258
89.6891
89.1073
89.7699
88.5839
87.8904
87.8773
87.5363
88.4011
89.3121
88.0337
89.1145
88.7979
88.9544
88.6375
88.3488
88.9279
88.2024
89.6758
88.4394
88.5932
88.0061
88.0647
88.2474
88.5439
88.7176
87.3995
88.0864
88.9385
88.6087
88.7018
89.1508
88.5097
89.4393
89.0553
88.9658
89.0407
88.9784
89.0855
89.0825
88.4121
88.8867
88.719
88.8856
89.4825
88.8825
88.6267
89.2626
89.783
89.7508
90.1442
89.4165
89.8732
89.4729
89.2916
89.3315
88.6439
89.0273
89.7337
89.343
89.3454
88.2341
87.6734
88.0759
88.2978
88.7096
88.3436
89.1708
89.0931
89.7758
88.7495
88.6251
88.551
90.1815
88.361
87.6326
88.5245
87.8549
88.6513
89.1029
88.76
88.1647
90.3259
90.1334
88.0117
88.1646
88.3292
88.5273
89.1657
88.6852
87.7845
88.2284
88.2637
89.0902
89.6381
88.771
88.8994
88.9714
88.282
