56.5639
60.9821
64.8562
65.3683
66.3937
66.164
65.906
66.924
66.2378
66.9666
66.8528
66.5729
66.2705
66.8416
65.9828
67.9052
66.4937
67.5103
66.2417
66.3352
66.1227
65.761
66.1497
66.4086
66.0368
66.5762
66.4466
66.8681
67.2769
65.8869
66.613
65.8013
67.7189
65.6668
65.9469
67.0452
66.619
66.0548
66.2005
66.3633
65.7738
66.3908
66.6478
65.9716
66.3945
67.4525
66.3984
67.0456
66.4285
66.5606
66.5701
66.9573
66.4817
67.1645
66.2059
66.2381
66.5562
66.9948
67.0407
66.5311
66.4777
67.454
66.8761
67.2552
67.6865
66.8292
67.4759
66.366
67.3324
67.2672
66.3793
67.1319
67.3133
66.2337
67.1601
66.6266
66.2676
66.6264
65.7234
66.1073
65.6654
67.0432
66.9034
67.7272
66.5333
66.7498
66.2253
67.8571
65.625
65.7649
66.4044
66.6701
66.6405
66.4536
66.4032
65.7677
68.4916
67.0122
65.996
65.6078
66.3237
66.5662
67.2282
67.2268
65.5419
66.4269
65.9399
66.6472
67.6083
66.7452
66.1849
66.6342
65.62
67.3422
