80
81.3071
87.3777
89.9256
92.6667
93.3133
94.3574
95.9673
95.1618
95.3245
95.2312
94.1822
93.8813
94.3578
94.0274
95.3411
93.8783
94.7808
93.5468
94.1677
93.9517
92.9367
93.869
93.9327
93.6408
94.6768
94.7823
94.4991
94.4775
94.0435
94.2737
94.1886
94.8206
93.2571
95.2922
95.7289
93.8222
94.1927
94.3267
94.3436
94.1161
94.0682
93.9222
93.3921
93.7684
94.498
93.4804
93.637
93.6981
93.6511
94.0227
94.6643
93.9983
94.4693
93.8534
93.9486
94.6835
94.9005
93.9258
94.1646
94.3375
94.3343
93.4981
93.5062
93.8742
93.8508
94.2524
94.3467
95.5649
95.0113
94.8389
94.9281
95.0089
94.4825
95.3279
94.8711
94.555
94.6488
94.2809
94.5718
94.729
95.7284
94.0488
94.6091
93.6025
94.7873
94.3596
94.4621
93.0045
95.5648
95.0707
94.8791
94.4865
93.9445
94.195
94.7417
95.1883
92.6253
93.7615
93.9606
96.0116
95.7595
94.7769
94.3459
92.9138
94.1976
93.692
94.0565
93.9991
93.134
93.553
94.0154
94.1
94.7761
