117.827362
117.267746
117.274109
117.270340
117.260101
117.256989
117.254364
117.264832
117.272354
117.258209
117.253761
117.268066
117.260254
117.271042
117.271873
117.291679
117.316002
117.313187
117.325951
117.321411
117.278877
117.301918
117.270401
117.281921
117.251266
117.278854
117.284805
117.295456
117.328255
117.345154
Control Period
123.208252
121.997505
122.067200
121.815292
123.676636
122.401382
121.877411
Control Period
133.971558
133.953003
133.796936
132.369598
128.869827
128.840027
128.242554
Control Period
132.978821
134.042328
133.909851
133.844574
138.310852
139.028839
134.112091
134.031937
Control Period
138.368988
138.382660
138.687927
138.622742
134.419235
138.230240
134.507111
Control Period
138.320404
138.099838
133.966949
138.535904
136.483780
137.115448
137.898178
Control Period
139.582794
138.584686
138.593185
138.163544
138.418030
138.269531
138.372650
Control Period
142.150391
137.197723
138.868500
138.749146
138.356964
137.726151
137.751495
Control Period
141.863647
138.419586
138.533279
138.308258
138.450470
138.680130
138.260712
138.937958
Control Period
138.613373
138.070496
137.552414
138.358047
138.568604
138.522095
138.144806
Control Period
141.500854
137.572296
138.279007
137.953461
139.646500
137.391037
140.439651
137.566528
Control Period
138.253113
138.521179
138.032028
138.325729
138.585052
138.383621
137.697021
Control Period
137.942566
137.745468
137.526138
138.880920
138.431839
138.275421
138.240540
Control Period
138.147644
138.596436
138.268570
138.480347
138.677643
138.098785
138.280853
Control Period
138.622757
137.049591
137.470749
137.161346
138.087173
137.289124
138.327133
137.502777
Control Period
138.859863
138.520676
137.393341
140.689575
135.817047
137.095078
137.120865
Control Period
138.257507
138.094238
138.271545
138.242783
138.580078
138.240540
138.516159
Control Period
139.615448
138.628357
136.959229
138.711273
137.464935
137.802826
138.056152
Control Period
141.446472
138.591522
138.744598
138.197250
138.268066
138.184860
138.608887
Control Period
139.724762
137.799515
138.136124
138.789032
138.752441
138.782074
138.760406
136.167297
Control Period
142.977249
138.525482
137.153503
138.872345
138.380508
138.353699
135.644577
138.156006
Control Period
141.164246
136.440735
138.608612
134.221222
138.522308
138.286774
138.347687
134.415329
Control Period
134.639008
138.208923
138.376038
134.130463
138.668213
138.511078
136.018616
Control Period
138.652008
137.062012
138.416595
137.183685
138.596649
135.854141
138.467041
Control Period
139.488281
138.439362
139.476532
137.132172
138.349792
137.683136
138.421280
138.566437
Control Period
138.942535
137.625610
137.286987
138.511932
138.476288
138.237732
137.516861
Control Period
138.669342
137.991058
141.742310
141.641510
137.383423
140.990784
138.620300
Control Period
138.472076
138.588867
138.783081
138.589844
138.542175
138.400818
137.650360
137.070435
Control Period
138.061218
136.871124
137.739746
137.450882
141.426117
138.130371
138.286362
Control Period
140.228378
134.079071
138.576035
137.929626
138.810272
138.476868
138.104553
138.600311
Control Period
138.576675
138.316254
138.067642
138.183365
138.224335
136.304794
137.586426
Control Period
141.164062
137.540604
138.541260
138.593536
138.567383
138.239044
138.144104
Control Period
138.522781
138.485062
138.451874
138.289795
138.599274
138.710693
138.261658
Control Period
136.750916
137.768707
138.046265
138.685730
137.899902
138.433472
138.622009
Control Period
143.117538
138.744293
138.509888
138.474854
138.267075
136.974274
140.851135
Control Period
141.621002
138.668793
138.453506
139.850845
141.973694
140.057678
138.612259
138.609528
Control Period
138.795807
135.343842
138.141052
138.069534
138.561630
135.476578
138.559387
Control Period
138.535522
138.594177
134.148346
138.555908
134.710022
138.771545
138.098495
138.609344
Control Period
138.506622
134.265701
138.779175
135.286407
138.712097
137.570374
138.452148
Control Period
139.652283
139.046814
136.640717
138.786102
138.236298
137.066101
139.090424
Control Period
140.267197
137.946594
138.816513
138.419708
138.476318
139.039368
137.843018
137.829865
Control Period
142.277832
136.057892
138.394073
134.942474
138.589340
134.399780
138.727524
Control Period
134.061981
138.541214
134.450867
138.252136
137.420135
138.376511
136.979935
136.503204
Control Period
138.450745
138.265121
138.226074
137.201630
138.627350
138.463318
138.534332
Control Period
138.133438
138.548996
138.460632
134.222046
138.354172
138.804413
138.540802
136.647095
Control Period
137.216858
138.844284
139.084229
138.569733
138.954330
138.448166
137.443680
Control Period
141.209381
134.111176
138.489761
138.791901
137.168732
138.265274
138.160797
134.042938
Control Period
138.296600
134.155579
138.443298
135.157227
138.078888
138.497986
136.976837
Control Period
138.872345
138.337524
138.216583
134.072998
138.418213
138.658691
138.450073
Control Period
142.163712
138.270020
137.022552
137.315002
138.557510
138.533844
138.768646
Control Period
137.541214
137.936584
138.047852
138.466782
138.129730
138.718430
138.289124
137.766174
Control Period
138.227020
138.794342
138.575195
138.568130
138.354492
138.474686
138.298889
Control Period
140.979813
137.667038
138.378632
138.307129
138.863159
138.606689
138.144775
Control Period
138.590729
138.654663
138.477280
138.383575
138.349915
138.132019
138.192413
138.574188
Control Period
138.817413
138.066254
138.676788
138.098724
138.277954
138.617218
137.990234
Control Period
139.956635
137.740097
137.086563
137.893341
138.637573
138.159714
138.343552
138.282913
Control Period
138.334366
138.557312
138.992889
138.140701
137.986588
137.984711
138.291168
Control Period
141.754913
139.360779
138.005661
138.188629
138.752380
138.243958
138.540573
Control Period
142.620285
138.217804
137.242340
138.751938
138.251907
137.643738
136.533020
Control Period
142.885223
138.856766
140.140076
141.571869
137.630875
136.921112
137.345978
Control Period
138.370941
138.622131
138.332825
138.195435
138.349365
138.238754
138.295425
138.351990
Control Period
138.420670
138.644196
138.352905
138.010773
138.234207
138.593048
138.473511
Control Period
138.829376
138.270721
138.456970
138.046539
138.347717
138.255066
137.508759
Control Period
142.330200
138.418594
138.402435
138.818115
137.287445
137.995392
138.311035
Control Period
138.794144
140.705536
138.244263
138.527863
138.581879
138.678207
137.958313
138.619263
Control Period
138.094116
138.313995
138.446716
141.232635
139.645370
138.653961
138.066940
Control Period
141.839203
137.188354
138.655777
138.396194
138.502777
138.115875
137.962173
Control Period
138.138428
138.639587
142.038635
139.744705
138.330872
137.938080
Control Period
139.547104
138.335587
140.473541
138.166840
140.298981
138.201309
140.413849
138.363556
Control Period
138.061249
140.018463
137.331390
138.177887
141.141663
141.802490
138.320419
Control Period
142.086243
138.146790
139.034912
138.350952
138.819778
137.781403
139.419968
Control Period
138.335648
138.609436
138.403961
136.891479
136.882462
137.406082
138.043365
Control Period
138.005951
137.280609
137.495163
141.506943
137.420135
137.447266
137.430756
Control Period
139.659363
138.312576
138.428894
138.341919
140.352600
138.497650
138.227585
Control Period
138.813507
138.754242
138.454880
139.576538
138.775940
141.351349
138.488953
Control Period
141.560394
138.865417
139.302017
139.993927
138.218781
139.373383
138.412292
141.049347
Control Period
138.472092
138.979095
138.865723
138.525345
138.654587
138.308090
138.454498
138.427673
Control Period
142.996933
134.137497
138.438629
138.466248
136.601089
136.316483
138.324677
134.295044
Control Period
142.327606
135.036926
138.672546
134.090332
138.187134
138.127457
136.545868
Control Period
138.773499
138.255585
138.346313
138.469818
137.200668
138.415131
138.386017
Control Period
140.082794
138.292633
138.191559
138.914719
138.943481
138.078659
138.220993
138.440674
Control Period
141.526489
141.681244
138.492249
138.399170
138.646790
141.577667
139.307266
Control Period
138.651398
138.392960
141.125214
138.853973
138.659454
141.114655
138.401276
Control Period
141.767838
138.452606
138.552246
139.633301
140.501221
137.888214
138.629379
Control Period
142.729095
139.291168
138.641571
137.835815
137.548508
137.071289
138.590500
138.505859
Control Period
140.702789
137.655899
138.944489
137.758331
138.479584
137.756256
139.402771
Control Period
142.769562
138.150818
137.040924
138.232895
139.077271
138.437759
138.593918
137.566879
Control Period
138.802429
138.435242
138.106339
138.290955
138.437225
138.324997
140.138763
Control Period
138.401505
138.560959
138.462616
139.199524
138.655701
138.200439
138.577850
Control Period
142.312637
141.724258
140.682053
136.698822
138.390045
138.695923
138.286438
Control Period
143.202972
138.339935
138.332214
137.894974
140.026154
138.046204
137.013031
Control Period
138.819122
137.220673
137.265350
137.972107
137.510941
138.375748
138.161194
138.425507
Control Period
142.144470
135.824036
138.308670
138.312515
138.579559
138.565125
134.129410
138.218018
Control Period
138.315552
138.602814
137.990875
138.230621
138.480576
135.440033
138.404099
Control Period
139.579620
137.406250
137.739807
139.088745
138.374786
138.435333
138.198761
Control Period
138.214630
138.658173
138.353027
138.395203
138.490463
138.289917
138.577026
Control Period
142.162781
138.307999
138.515457
138.321442
138.741119
138.619476
138.729492
138.495270
Control Period
138.330750
138.851593
139.347168
138.806946
139.552704
138.308105
Control Period
141.028580
138.314438
138.382019
141.253952
141.372925
138.179260
138.672638
140.625031
Control Period
138.338364
138.454910
138.374878
138.445496
138.601120
138.231323
138.466110
Control Period
141.387711
138.084198
138.067474
137.944351
137.233307
138.337051
139.197250
Control Period
142.152039
138.690460
138.411453
140.815796
138.338745
138.508926
138.204376
Control Period
139.507965
137.431946
138.333527
138.399490
138.327362
138.575394
138.664764
140.387756
Control Period
141.569702
138.313049
138.430237
138.240860
137.714142
141.958755
141.675690
Control Period
137.687866
138.361313
138.807831
138.620056
138.474792
138.452576
137.812637
135.079620
Control Period
142.865631
137.822021
136.731873
138.675903
135.222595
138.274994
138.426483
Control Period
134.234238
138.730331
138.010681
138.636414
138.695358
137.969818
138.173340
134.152008
Control Period
137.639771
138.316071
138.344025
138.388947
138.221695
138.662369
138.238785
Control Period
138.242676
138.356873
138.312317
138.189178
138.495621
138.691223
137.578247
Control Period
137.206573
137.405212
138.344299
138.592407
138.501404
138.293823
138.669632
138.879547
Control Period
138.226135
136.746521
138.270966
138.638657
134.703323
138.366364
138.754456
138.763428
Control Period
138.375046
138.585480
138.555878
138.515549
138.226303
138.754730
137.723709
Control Period
140.836182
138.134109
136.986496
140.268127
138.218567
138.484741
138.357925
Control Period
138.396866
138.193466
139.109283
140.984222
137.153275
137.168228
142.099899
137.477020
Control Period
136.212311
150.658051
150.693542
150.681274
150.677917
150.666946
150.671997
150.658081
150.664825
150.654266
150.643860
150.658356
150.664093
150.661224
150.665634
150.673096
150.667725
150.686813
150.670380
150.659042
150.690826
150.689499
