59.306751
58.550270
58.534592
58.543777
58.537567
58.552097
58.511650
58.545219
58.606209
58.533249
58.513504
58.553215
58.566689
58.556480
58.566814
58.522881
58.571518
58.652802
58.561569
58.539711
58.579391
58.572510
58.563103
58.554115
58.549698
58.572418
58.562336
58.574142
Control Period
61.440929
62.084831
61.670303
59.319588
60.468384
62.499901
58.808865
62.173634
60.372803
Control Period
64.822975
64.865570
64.896133
64.865410
64.854141
64.861473
64.879074
64.804993
Control Period
64.786049
64.727776
68.407425
64.760315
64.867073
64.787582
65.242020
Control Period
67.506500
64.814651
66.315292
64.863586
68.530113
64.859589
67.866074
Control Period
64.862206
64.839676
68.570404
64.807869
68.361984
64.845764
66.154373
68.240829
64.793030
Control Period
64.768768
64.732422
68.550629
67.611778
65.227776
64.863937
65.586334
64.791107
Control Period
66.927200
68.127327
68.693665
64.819397
68.553856
66.555069
Control Period
64.901024
65.780640
67.814972
68.500320
66.600510
64.868454
66.573921
64.862595
Control Period
64.799454
65.093857
66.820862
68.515778
68.330276
66.880638
68.325310
Control Period
67.394562
68.300644
68.572639
68.355484
64.846626
65.647812
64.852127
Control Period
67.314270
64.840668
64.817825
65.366180
68.689148
68.336838
66.136902
67.081375
Control Period
66.633888
66.381889
65.344673
64.839584
64.798691
65.931679
67.511078
68.722427
Control Period
64.830780
67.327423
66.153885
68.610977
66.219200
68.184860
66.563904
Control Period
67.303009
65.654556
67.671997
64.990173
65.846619
64.823868
65.589249
Control Period
68.938812
68.677856
68.402588
66.251488
68.212921
68.600960
66.251457
Control Period
64.941467
64.776543
64.826492
66.473541
67.490234
68.539902
68.407867
Control Period
67.564346
68.375229
68.636925
68.549927
67.755074
65.733475
67.229980
66.237564
Control Period
65.103935
67.316353
66.595200
65.059418
68.407486
64.968033
Control Period
64.886948
64.838684
64.815460
67.628159
68.701477
68.285950
65.189636
Control Period
64.887489
68.296997
64.927933
66.780670
64.929375
68.192482
64.844193
Control Period
64.896988
66.448738
64.906052
67.314560
64.860451
66.139389
Control Period
68.496643
64.843109
64.847359
68.500130
65.982498
64.926529
66.763779
64.837891
Control Period
68.468506
64.834106
68.063110
64.804863
68.505539
64.841377
66.947617
64.803589
Control Period
68.124542
68.461319
64.829315
65.110214
64.797470
64.897629
Control Period
68.394012
67.872864
65.828545
64.889343
66.306976
67.885086
65.622467
66.514114
65.872704
Control Period
68.461342
66.998657
65.964256
66.037445
67.342209
64.917114
64.923073
Control Period
65.268356
66.730362
68.606560
64.958908
64.829666
69.006401
68.676254
Control Period
70.779068
68.593979
67.596451
65.180832
66.625381
64.885826
Control Period
64.844742
68.369919
65.037827
65.258911
68.413086
64.849915
65.365089
64.956001
Control Period
66.186592
67.814651
66.406372
64.955872
66.733414
68.624802
65.568993
Control Period
64.852386
65.538208
64.838852
64.883072
64.933792
66.322205
67.409599
67.631897
Control Period
65.154144
67.019806
68.241562
68.511429
68.299683
68.404671
68.401123
Control Period
66.576004
64.858597
64.808899
65.774628
64.825310
64.825790
64.960922
68.704033
Control Period
64.863426
67.004639
67.499451
65.112579
66.275200
66.014725
64.858498
Control Period
68.528732
66.155937
66.751175
65.102463
68.687935
Control Period
68.532486
64.938721
67.460289
66.795486
68.764801
64.912827
64.928284
Control Period
64.868195
68.454369
64.864479
68.147202
66.316544
64.838562
64.894081
Control Period
64.894012
68.361572
64.916611
68.483231
64.957443
65.319809
64.966019
67.705338
Control Period
67.783646
66.932381
64.892128
65.990082
68.459366
64.917221
65.567963
Control Period
65.382050
64.976830
64.914978
67.862244
66.655518
64.850914
Control Period
66.894272
64.832443
68.450081
64.885498
68.514053
64.768478
Control Period
68.432861
64.827972
68.276993
64.803711
67.858841
64.815460
67.518494
66.463455
Control Period
64.805084
68.449188
64.852448
66.325058
64.827522
64.958817
67.091263
Control Period
65.550522
64.843292
64.917534
68.337921
68.764862
67.460251
64.886887
Control Period
70.227707
68.570084
68.611710
65.293282
64.888443
68.541245
66.035072
Control Period
68.562332
65.415840
64.886948
68.106461
66.590881
64.827652
Control Period
71.092735
64.718781
67.993378
64.858368
67.348801
67.370178
64.831009
68.151428
Control Period
68.434555
64.802559
64.802628
68.596100
68.789185
64.798561
64.776192
Control Period
64.808990
64.744934
65.811905
67.716766
68.426430
67.493607
65.788193
67.693893
Control Period
67.386528
65.098877
64.862045
64.843002
66.723389
68.662598
68.414047
Control Period
68.630203
68.368736
67.093338
64.825119
65.731010
67.388191
66.664322
Control Period
68.004318
65.331810
64.918335
64.858566
64.828033
66.895294
68.710815
68.306137
Control Period
66.746239
66.031067
68.537216
67.039749
65.929565
67.484070
68.383392
Control Period
64.841507
64.837692
66.804642
68.429123
68.581825
64.789154
65.157539
Control Period
64.813797
68.354691
66.907967
65.081024
64.851517
65.273178
66.364799
68.258011
Control Period
66.842682
65.795937
64.917084
64.813217
66.469917
68.695099
68.359558
Control Period
67.671906
64.791618
64.781502
66.711136
68.381088
68.412964
68.213501
Control Period
65.862396
64.806885
68.536865
68.205795
68.368698
66.081314
67.423233
64.913185
Control Period
64.850372
64.839172
65.555969
67.324890
67.795105
68.573601
68.396698
Control Period
68.441376
64.813789
67.411362
65.990204
67.985023
65.907394
64.795105
Control Period
66.232033
64.771843
68.544159
67.779549
68.410690
68.191132
68.248703
Control Period
68.346786
64.802979
64.769279
66.482719
68.365860
68.479324
67.375900
66.358238
66.903900
Control Period
66.902725
64.734909
67.428894
68.526108
68.384224
66.398880
68.410812
Control Period
68.306183
64.795425
67.244095
68.317406
68.597565
68.626297
67.918655
64.865280
Control Period
67.074371
68.550491
68.777504
64.874374
65.464325
66.774338
68.252701
Control Period
68.809502
67.413185
64.844543
68.584030
68.407394
65.461639
67.844772
68.441986
65.494019
Control Period
68.053085
68.441696
65.209595
64.979843
66.953445
65.430336
Control Period
68.657410
67.999100
66.333954
67.954781
66.632637
68.466782
65.282433
Control Period
69.018021
68.066788
67.332932
65.824768
68.276794
66.095901
64.921761
68.600571
Control Period
65.249405
64.828766
64.826874
68.516129
68.467010
67.930656
64.836578
Control Period
66.814880
68.709442
68.599457
68.028862
66.941284
66.042145
64.786942
Control Period
68.452667
68.103325
66.361115
65.609566
67.990524
66.194305
68.441376
67.353249
Control Period
68.004166
65.751427
64.803391
65.543777
67.884384
66.585953
64.798660
66.498245
Control Period
68.216644
66.406784
68.309952
65.376602
68.568703
64.796417
68.445503
Control Period
66.453087
67.503525
67.768387
64.872986
68.182175
64.979424
68.313797
Control Period
64.880966
64.952415
64.860001
67.487457
68.530365
64.848389
Control Period
68.548889
64.908287
64.871964
66.246841
68.463043
64.894783
68.451065
Control Period
64.915359
67.881920
64.901535
68.169373
64.800415
64.928894
65.331390
64.858337
Control Period
64.942047
64.864799
68.258209
65.739044
64.876801
66.542786
68.224869
65.409470
Control Period
65.463684
64.823395
66.715805
64.934982
65.999237
64.861725
66.859009
Control Period
68.565277
65.824066
64.914398
66.847298
68.049179
68.657600
65.705795
67.782150
Control Period
69.813797
64.885605
66.278748
67.876892
66.184677
64.949219
68.334534
Control Period
67.837120
68.809723
68.714561
66.611969
64.863007
68.390213
68.715843
67.875137
Control Period
66.343521
65.083267
65.440506
66.934372
68.610367
68.458015
64.862976
Control Period
66.815079
65.740288
64.884895
66.167618
67.237122
68.293343
68.110626
Control Period
64.808899
64.849121
67.121826
68.647293
67.806877
65.471710
64.871353
Control Period
71.083130
68.324768
64.835167
66.734940
67.463486
68.589790
68.477371
67.348160
Control Period
64.879837
66.490242
68.196228
65.162018
64.882431
64.890144
64.874207
66.068481
Control Period
64.849945
66.730431
68.066086
64.895355
64.905991
64.837860
Control Period
65.489182
64.885216
64.868027
68.205795
67.060066
68.650620
67.212967
64.863617
Control Period
65.797600
67.432289
68.495903
66.759392
64.865150
Control Period
64.900162
67.228699
67.932419
64.846176
68.248993
64.833183
68.493599
Control Period
68.772606
64.876160
64.858948
68.668121
64.875870
67.355164
67.345245
64.876358
Control Period
71.161789
68.631104
65.608551
64.826782
64.891068
64.847931
64.855362
64.829987
Control Period
64.893600
64.818970
65.868477
67.095810
64.890244
66.137825
67.606430
Control Period
68.375748
68.453888
68.414177
68.515198
68.511070
68.416992
68.754211
Control Period
64.865250
64.797882
64.828255
68.699905
68.247040
68.347260
67.668671
68.643204
Control Period
64.937378
64.852547
65.796127
68.333084
67.236603
64.820511
68.689850
Control Period
64.792000
64.842369
66.754715
64.795868
64.909790
64.793243
65.284485
64.782272
Control Period
64.798561
66.797409
68.693535
68.225250
67.563393
64.793343
64.935806
Control Period
66.810242
67.862976
68.415871
64.788864
64.757950
65.088165
68.239616
Control Period
67.519875
66.161888
64.872101
66.213600
68.587296
68.697983
68.544510
Control Period
68.457153
68.616058
68.368355
67.490143
65.495514
64.933441
Control Period
67.053024
64.880798
64.908508
64.891617
66.640091
64.877342
64.896095
Control Period
68.026047
66.323906
64.844162
68.382111
64.872704
65.808228
68.262047
Control Period
64.928894
67.585052
64.826874
64.945984
65.162270
65.575684
68.554626
Control Period
68.765030
64.984772
65.904419
68.815071
64.851044
64.848999
68.361053
68.599548
Control Period
64.831200
66.239487
68.650818
68.534462
68.492737
68.568100
66.950211
Control Period
65.894142
64.904259
68.253723
67.149536
67.854492
68.300156
64.860031
Control Period
64.867073
66.673279
66.786751
64.898590
68.009537
67.064606
64.994492
Control Period
68.568893
68.464798
68.507355
67.271233
65.321533
64.792511
64.818085
65.328896
Control Period
64.853790
65.675552
68.461311
64.848099
64.999168
64.881889
Control Period
68.559738
67.588730
64.943710
68.602524
67.016159
64.773666
Control Period
71.553284
71.554276
71.579803
71.539932
71.569504
71.539970
71.557053
71.555847
71.559586
71.540192
71.575264
71.541985
71.558075
71.548355
71.543610
71.556091
71.543297
71.537598
71.541885
71.536865
71.582497
71.559204
