918
918
918
910.675
876.142
857.896
851.917
851.876
852.721
856.902
855.405
852.675
854.171
851.272
853.716
847.654
846.26
847.532
850.16
851.484
846.721
846.818
842.887
845.116
847.336
848.394
855.809
850.923
846.801
846.696
850.203
852.489
852.239
848.831
851.627
849.788
844.546
847.075
848.873
851.583
856.537
851.866
848.036
848.713
852.372
846.84
848.602
848.082
851.173
850.475
850.566
850.983
850.551
850.303
851.065
850.739
846.586
847.187
847.744
852.887
852.267
852.195
845.285
842.989
841.545
845.847
847.77
847.77
850.942
846.038
846.317
847.388
843.654
846.718
847.181
845.035
847.627
848.243
848.227
849.124
847.173
843.458
847.569
845.186
850.846
854.105
858.089
854.407
850.611
851.568
850.719
848.051
848.233
848.507
849.977
854.851
847.917
845.103
845.462
844.852
852.965
853.943
845.408
846.382
850.091
848.68
842.711
845.134
849.448
849.533
845.138
842.72
844.367
849.496
845.723
847.419
846.908
846.947
