-128.045
-668
-353.167
-115.957
-0.695801
16
81.1304
-29.2173
-52.7393
28.8335
-55.6089
47.0435
-117.087
-27.0835
24.6523
50.6523
25.6665
-92.0869
1.9585
-76.0869
43.1738
42.7827
20.4165
143.435
-94.4346
-79.6523
-2
67.8696
44.0435
-4.75
-65.8696
54
-35.5415
-101.565
48.8262
34.9131
52.2915
95.8696
-90.3477
-74.0435
13
70.9165
-107.304
34.2173
-9.82617
59.7827
-13.75
1.78271
8.39111
-8.34766
-5
14.7915
-6.21729
-80.1738
11.4346
10.8262
99.1738
-11.8262
-1.375
-133.435
-44.6958
-28
83.4165
37.2607
61.3042
-94.6958
5.1665
20.7827
-72.1738
59.0415
8.73926
-41.3477
50
12.125
-0.260742
17.4346
-37.75
-72
79.3042
-45.9546
109.667
63.0435
76.8262
-70.9131
-73.2915
18.2607
-16.2173
-51.4346
3.25
5.21729
28.5654
94.0869
-133.957
-54.6665
7
-11.875
156.609
19.1738
-164.826
18.5654
71.8262
-27.1738
-115.333
46.7393
83.3335
1.82617
-84.8335
-46.9131
31.522
99.4165
-72.7393
32.9131
-10.0835
0.913086
33
