57.9038
60.0607
63.2585
64.8432
65.0531
65.2147
64.4574
64.6974
65.5184
65.9652
64.5321
64.8122
65.0593
65.9199
65.5411
65.2426
65.2699
64.9614
65.5683
64.6679
65.2062
64.5181
65.6815
65.9663
64.2704
65.1025
64.7838
64.5425
65.3791
64.1232
64.786
65.8046
64.7748
65.9753
68.142
65.5281
65.9731
65.296
65.5186
66.2535
66.0145
65.5003
65.5611
64.946
64.9869
65.482
65.2625
65.4378
64.9165
65.6087
65.2863
64.9194
65.5352
64.8049
66.8907
65.6283
65.59
65.1597
65.5525
64.9436
68.0518
67.3224
66.3133
64.5902
65.777
64.5034
66.3919
64.9853
65.9863
67.2445
66.9578
65.5376
67.6994
65.6916
65.3375
65.784
64.9428
65.364
65.9924
65.2375
65.764
65.4701
64.5829
64.2445
64.74
64.5646
65.2539
65.1159
65.3077
65.668
64.9607
65.117
65.5503
66.07
67.6151
66.3946
63.9479
64.7212
65.8117
68.5229
64.9576
65.3909
65.5759
66.5561
65.8559
64.958
65.012
66.8398
66.2304
65.4951
65.1378
65.9889
66.2082
66.0249
0
