0.708981
0.790397
0.784374
0.784029
0.787637
0.799657
0.803221
0.80175
0.793283
0.796907
0.804754
0.802979
0.796035
0.800885
0.793294
0.799953
0.800879
0.801998
0.797116
0.801604
0.804005
0.808508
0.786565
0.792358
0.816156
0.795648
0.807353
0.799572
0.791685
0.806038
0.798769
0.795117
0.806758
0.790586
0.776999
0.816327
0.801713
0.80548
0.803462
0.792662
0.799748
0.805946
0.800815
0.802814
0.800722
0.792956
0.805519
0.800659
0.799347
0.797773
0.803678
0.795803
0.799396
0.804441
0.784415
0.805114
0.806481
0.806545
0.795493
0.79805
0.793209
0.785079
0.8113
0.810361
0.800927
0.805209
0.787708
0.809759
0.788147
0.790027
0.797796
0.813909
0.781074
0.818441
0.80542
0.795701
0.809884
0.794188
0.805739
0.800113
0.796065
0.802249
0.801778
0.804352
0.798182
0.806916
0.790825
0.795152
0.802782
0.798482
0.799634
0.809538
0.786788
0.797857
0.776211
0.814652
0.82956
0.795698
0.792025
0.77479
0.821739
0.804864
0.805108
0.789503
0.787512
0.814528
0.803144
0.782996
0.807695
0.804363
0.803803
0.792872
0.79668
0.802524
0
