60.192383
59.902016
59.926079
59.894882
59.883648
59.901123
59.875107
59.876511
59.853470
59.882591
59.890335
59.898399
59.877472
59.869984
59.903938
59.886528
59.899651
59.871807
59.899330
59.944992
59.924995
59.898624
59.882812
59.897156
59.921471
59.864899
59.889729
59.860542
59.868031
59.877857
Control Period
59.853664
59.898560
60.999710
59.886368
60.326462
59.904224
59.889603
59.886559
59.901600
Control Period
64.533539
64.934174
59.890560
62.490372
64.574753
64.790306
63.297539
61.556511
Control Period
63.006977
62.521343
67.104576
68.148926
63.310852
63.477310
63.147133
68.028831
64.023811
Control Period
63.884476
67.517250
64.367615
67.812668
64.947998
63.219330
66.248253
63.456772
Control Period
68.548035
64.365540
63.634178
64.173569
64.470657
64.610237
63.293922
68.621376
Control Period
63.873024
65.452065
65.876770
63.252960
65.654655
63.220673
63.871902
64.458557
Control Period
63.406559
64.100189
64.269150
68.454498
63.654690
63.107262
66.106339
64.719650
Control Period
64.635010
63.637245
67.444382
63.982590
64.296097
67.834625
63.053665
66.798912
Control Period
66.826523
62.926208
67.678207
63.408195
68.167130
64.922684
68.079422
65.713348
Control Period
63.404705
66.140800
63.478783
68.587486
62.129631
64.677536
63.305408
Control Period
67.102341
63.305729
63.599747
64.699806
62.616993
64.961952
67.398560
Control Period
64.957603
68.253830
63.405697
65.329285
67.135513
62.621185
64.161438
65.195938
64.472893
Control Period
68.583778
64.371391
64.152672
63.580093
64.499619
67.929535
68.322342
Control Period
68.507294
68.378403
66.251747
65.657761
65.102242
64.524673
62.912640
62.994270
Control Period
65.757507
62.990143
62.943680
65.518684
66.035805
66.612160
66.839966
62.903900
Control Period
67.159393
62.390656
64.802979
68.536102
63.861504
64.291939
68.212891
63.542210
Control Period
63.980606
64.335068
67.927231
64.995262
63.083714
65.306595
66.520508
Control Period
66.326080
63.306114
63.258209
62.983456
67.030746
66.455711
66.803520
68.382782
Control Period
63.192352
63.393280
66.917923
68.001152
63.166206
62.969635
63.106464
66.596252
62.860222
Control Period
68.524643
65.990494
66.001312
63.187008
63.448868
63.522141
68.114685
Control Period
68.639359
63.444511
62.835552
62.935295
63.614174
62.616543
63.490688
68.568993
Control Period
68.571487
64.001534
63.622337
68.486946
68.259361
64.485474
63.835358
64.189758
Control Period
68.560226
67.416862
63.592800
68.387230
62.740833
66.211075
66.290848
66.951294
Control Period
63.029537
63.434082
62.644989
65.930084
65.823357
63.118496
64.014496
67.200455
63.238365
Control Period
63.233921
64.754944
68.017982
63.048958
64.422943
63.267044
68.571297
65.502914
Control Period
68.575195
64.451492
65.271233
63.963165
64.151932
65.572159
63.101025
63.184544
63.475647
Control Period
66.875839
66.214340
63.140511
63.313950
62.835743
65.941315
64.874756
Control Period
64.992867
62.942719
67.841476
66.626694
63.101791
65.701408
66.951294
Control Period
63.317791
65.068512
63.969921
64.347618
64.546143
63.583454
64.647682
63.504448
Control Period
67.283936
66.105568
62.972607
64.814209
63.061951
65.885887
63.377857
Control Period
66.993187
63.386337
67.427261
66.582275
68.552765
64.701828
62.988674
Control Period
68.208603
64.106430
65.121094
63.208672
64.661636
62.695839
66.207390
63.120445
65.643105
Control Period
68.557541
64.266174
65.762688
67.685890
63.379517
64.261154
67.913788
Control Period
65.832321
68.563103
68.531006
68.516037
68.313408
68.457031
68.451141
68.472191
Control Period
68.497955
66.001083
66.511459
65.068573
65.881859
65.328094
63.396095
63.539391
Control Period
68.108063
63.499100
63.129662
65.442596
67.158081
68.501122
Control Period
63.186462
66.244446
66.409378
66.905762
66.132767
63.347198
64.845665
Control Period
67.814850
64.630081
64.082657
64.349442
68.288322
68.597412
62.904030
63.482048
Control Period
68.526367
64.955200
62.949249
68.046913
66.066719
65.666946
67.563232
Control Period
68.559067
66.798492
62.685921
67.264671
66.797028
64.453026
67.748993
63.809120
Control Period
68.396606
66.683197
62.882401
65.098976
62.961823
67.176163
65.302879
Control Period
63.905052
67.951744
64.084190
68.121765
63.200993
63.852158
67.812164
64.365471
Control Period
67.460480
68.247971
62.752380
63.148384
62.968575
64.794174
65.830399
Control Period
68.509407
62.602657
65.893532
63.145668
64.602722
65.453506
68.295906
63.311199
63.973854
Control Period
64.040001
64.642365
64.098015
63.180962
68.565475
68.569916
65.277283
Control Period
63.775360
68.081085
64.259293
63.623871
68.169182
63.666435
Control Period
68.584259
66.999908
62.912128
63.327614
64.750336
68.289825
63.200607
Control Period
62.723106
68.441025
64.389473
62.784447
64.971458
67.315491
63.046783
65.660095
Control Period
67.626755
63.054527
66.204163
66.923103
63.304161
66.690208
63.311359
67.755005
Control Period
64.863266
63.508705
67.939301
63.299328
66.421982
66.075264
63.361343
66.821121
Control Period
63.817120
68.532608
63.509506
63.051842
68.215714
65.099457
63.145058
63.983646
Control Period
68.205627
63.002815
63.202660
68.422150
63.380768
68.299583
64.232513
63.616928
Control Period
63.393059
68.221504
63.398468
63.432671
68.274628
63.244003
64.857819
65.363678
Control Period
67.458405
68.335487
68.520546
64.217407
67.261917
67.077698
66.144608
Control Period
66.765564
68.610626
65.010330
64.265884
63.332382
63.202785
67.693825
Control Period
68.437637
63.552513
67.859741
63.601151
63.180672
63.938721
68.559204
68.397087
Control Period
63.629700
63.828285
64.385468
63.245377
65.357819
65.902267
66.531357
Control Period
65.806656
66.698944
68.189407
63.134018
67.031136
63.296097
67.474945
62.788544
Control Period
66.786659
65.689728
62.782433
67.358658
64.230782
64.553986
63.039520
64.214241
65.836609
Control Period
68.556801
68.598114
68.513947
68.478653
67.876129
67.629250
66.709732
Control Period
68.478111
68.413887
65.931610
64.567299
68.537247
68.485565
68.491745
65.673409
Control Period
68.581467
67.396027
63.132355
64.384926
68.403580
68.183777
64.111298
Control Period
62.896576
63.368896
64.554909
65.795074
67.647072
63.278782
Control Period
63.204094
62.884449
66.476799
67.155716
63.915745
68.312317
68.490204
Control Period
64.217987
63.214081
65.546783
62.738434
66.388031
65.464989
63.118240
63.610817
66.231010
Control Period
68.444511
64.030113
65.771835
65.512062
65.479996
68.504227
68.440445
65.412735
65.931488
Control Period
64.511490
63.627041
63.608673
64.122658
63.508831
63.682434
68.392639
68.428833
Control Period
67.095459
64.689117
67.789444
66.526207
67.394623
65.385918
64.125473
64.884415
Control Period
63.481342
68.518402
66.289825
65.816925
68.446335
68.570557
68.282745
68.549820
Control Period
67.444580
66.739197
65.949280
68.513504
66.771011
66.329155
65.162941
Control Period
64.303619
63.318977
63.247772
67.096191
67.040604
68.597565
65.532959
65.688828
Control Period
67.742462
67.815430
67.033249
67.515137
68.581635
68.589569
68.628738
Control Period
68.641151
63.181919
67.387871
66.846649
63.121151
63.228127
64.668610
68.457535
Control Period
65.036385
68.523132
63.388832
65.474113
65.790085
65.993408
63.373314
63.031456
67.427002
Control Period
63.271233
67.880737
64.506912
63.826530
63.867645
68.592003
68.543167
64.584541
Control Period
67.020828
63.016384
68.105118
65.489342
62.824192
64.928574
63.215363
64.003708
Control Period
65.298561
63.781731
63.646080
63.079426
63.573250
68.534500
67.849602
68.508736
Control Period
68.502174
63.159775
62.979233
66.216995
65.730049
64.231842
68.557022
68.561760
Control Period
67.099045
63.757309
63.327873
66.495293
64.694748
63.433056
64.511810
68.580894
Control Period
68.550491
67.725151
67.126945
68.171776
62.954689
63.214783
63.679939
64.688446
Control Period
63.112354
64.337982
68.563293
62.919682
66.473312
66.484604
66.046082
65.823296
Control Period
62.620960
64.596161
63.796989
68.540962
63.132156
64.810463
Control Period
62.896160
65.740608
64.474243
64.374176
64.574593
63.759777
63.891647
Control Period
64.559326
63.740353
65.891556
66.728455
63.177887
65.144737
63.309219
65.368835
Control Period
64.369057
63.213699
65.341629
67.316704
62.861252
66.263039
63.520351
63.630722
Control Period
68.527771
65.817535
62.838623
64.685951
63.349854
65.450211
66.830368
64.530785
Control Period
68.552032
65.359970
62.844318
62.657661
66.531815
66.493889
63.371841
Control Period
68.497826
66.553215
64.941727
64.741119
63.457375
63.084770
67.910172
63.275009
Control Period
68.561119
67.741089
63.417599
63.115810
63.978882
68.217148
67.079453
63.232544
Control Period
64.966278
65.964859
67.004608
63.147041
64.512451
64.550781
64.578781
Control Period
68.406815
63.449348
64.042847
68.000511
63.578590
65.500832
62.840286
67.150719
Control Period
66.415161
65.404541
65.256126
63.449219
68.501953
63.871456
64.353249
66.684799
Control Period
63.554813
65.346687
63.364925
63.086079
67.199738
68.494278
64.866974
67.105850
68.480377
Control Period
68.511429
67.232773
67.363838
66.815460
67.668930
68.063805
67.545593
67.718918
Control Period
63.103809
63.084866
68.476288
68.437729
68.504318
68.539429
64.615585
Control Period
63.042084
64.015488
63.575203
63.593281
68.641724
62.586143
62.949120
63.179970
Control Period
66.596863
63.188675
65.192642
63.120956
64.556290
64.661919
66.998558
63.453888
Control Period
68.549347
65.323746
66.018723
62.911007
66.040733
65.792572
67.282822
64.574692
Control Period
68.439331
68.476349
68.517181
68.629349
68.524323
68.537247
68.536797
63.108292
Control Period
67.646271
67.458275
68.255524
63.479774
62.985600
63.419041
63.307777
Control Period
65.775970
65.508514
67.011681
63.655357
65.001984
67.927139
63.163937
65.082977
Control Period
62.940636
68.580063
68.459427
63.654556
66.911682
63.263229
68.528801
63.964672
63.880196
Control Period
67.604927
68.547905
66.201828
67.402786
63.582752
65.276764
65.326721
68.504929
Control Period
63.424545
62.780769
67.178368
67.006241
65.901733
67.585190
67.114746
Control Period
62.901184
66.905312
66.333435
62.759102
66.724701
65.907516
63.174561
66.133728
Control Period
67.763779
64.159042
62.103649
66.136833
62.972672
64.704895
68.098305
64.159615
Control Period
68.504799
66.992538
68.465958
67.853409
68.404190
68.584320
62.470718
63.442238
Control Period
68.567047
65.054848
63.171391
62.396511
66.698624
68.559845
68.586655
66.808228
Control Period
66.024323
66.043198
65.316772
68.477402
62.724033
64.181885
65.698143
Control Period
66.348610
64.332672
63.052094
68.514236
64.041565
63.723038
67.655396
63.434654
68.588348
Control Period
64.557442
65.139069
64.599228
65.383171
65.905342
67.205826
66.532516
Control Period
68.396484
67.385635
68.394943
64.851166
63.867012
64.643967
64.739487
67.386948
Control Period
68.400131
66.927139
67.577316
68.199524
63.954144
63.076515
65.042595
65.021629
Control Period
68.359100
68.448479
68.416992
68.307198
68.363838
68.342651
68.396667
68.380035
68.388893
Control Period
68.391457
68.398560
68.400635
68.397858
68.403297
68.409698
68.383263
68.476379
68.415298
68.460419
68.416641
68.466019
68.410812
68.414497
68.370590
68.430016
