786.402
-65.6206
-191.267
-70
-16.7334
-57.2759
-29.2998
-21.7334
26.207
-58.1665
112.448
-64.7002
-66.7002
0.0332031
81.6333
-67.0669
2.51709
-37.0332
-31.2002
10.8667
42.3999
1.17236
43.7666
-37.2002
31.1665
-78.2666
31.8276
55.6553
-16.3999
-24.2334
-74.5518
179.6
71.7002
-49
-43.6665
-35.2759
-22.6333
-53.207
-94.9331
88.3999
17.4829
103.633
28.9331
-93.9668
12.1035
-166.867
-24.6333
85.4668
102.896
-112.033
-31.9331
120.7
-25.6553
-117.833
142.767
-76.6206
-113.931
73.8999
-21.6665
138.1
-67
-6.6001
34.8623
118.4
-24.3667
-21.7002
14.8276
-91.0332
78.2666
-71.1724
42.3447
-149.467
-38.4331
98.8999
12.1001
69.8965
143.4
-98.3335
-11.3999
-20.2412
-19.1035
-33.4668
35.1665
118.311
-127.8
-95.3447
72.3335
74.3105
-20.0332
-38.8335
10.7588
154.233
26.6001
-80.7241
-88.7666
36.9653
116.8
-92.6333
73.9668
-102.759
-42.5518
-143.3
50.793
35.7998
38.2412
-99.6001
54.1333
46.9668
23.2759
-11.5669
-36.0669
27.0688
57.2759
90.3462
