312.893
-421.667
-292.067
-134.367
-58.8999
-32.8667
63.5864
47.8999
99.8623
24.9355
-62.5864
-31.8389
35.3105
-57.6001
-9.7998
-0.48291
59.8335
10.9668
-64.7998
-62.8999
20.5332
65.9312
-47
-203.2
161.667
61.1333
34.6665
-18.2412
111.333
-4.93311
-74.793
14.6001
-21.6001
-11.0669
-34.4331
37.6895
-57.8999
8.3335
8.6665
3.58643
-7.8335
4.3667
-73.2412
-30.2334
61.0332
36.3105
29.7334
60.6665
-35.9312
-86.2998
9.7002
36.1001
135.033
-74.6665
-18.0332
-14.0669
16.0332
-84.2666
68.0669
15.8623
-88.1001
84.5332
-23.9331
-19.5864
-3.8335
17.8999
13.1035
-14.1001
-35.9653
50.6001
-139.267
18.1001
60.1665
43.9668
89.4331
-4.3999
-43.1665
-27.8276
-21.7095
2.8999
204.621
-41.7334
9.6665
-156.8
5.6333
-63.7002
51.7998
-18.8667
-7
-70.7334
64.7666
89.7334
32.0669
-122.767
35.2759
-3.5332
31.4668
18.4482
-62.2666
-59.8999
-20.0669
49.2334
29.8276
-35.4331
4.7334
132.333
-39.7666
-22
-3.8335
17.2412
-25.6001
112.035
-25.5669
-97.7334
