56.733
58.4617
58.8249
59.9801
59.7843
60.8041
61.4765
60.3814
59.6784
59.5389
59.8609
60.1166
60.1268
59.6937
59.9698
60.199
60.3939
60.5326
60.6378
60.2866
60.2061
61.2346
59.7601
60.0576
61.0876
59.987
60.4492
59.4868
60.2536
60.2312
59.7764
59.924
60.226
60.2378
59.8115
60.562
60.6313
60.0719
60.0541
60.1676
60.2976
60.4926
60.6293
59.4851
60.1931
59.9902
60.4739
59.8938
60.1453
60.5089
60.5426
59.9775
60.1334
59.6554
60.0512
60.7605
60.1228
60.0727
61.4241
60.475
59.682
60.9295
59.944
60.1778
60.4126
60.2077
60.3307
60.3634
60.2756
60.2815
60.203
60.8525
60.533
60.3923
60.5107
60.2367
59.9025
60.105
60.1892
59.9984
60.7425
58.7495
58.8484
59.9755
60.5874
60.7921
60.6267
60.4161
60.3017
60.6054
61.8256
60.2421
60.4518
60.2392
60.7519
60.0261
60.0697
60.0196
60.2322
60.4487
61.0237
60.243
60.5554
59.8622
60.4929
59.7047
60.483
59.9188
60.0884
60.1888
60.5162
60.7494
59.7293
59.8956
