57.8991
59.8985
59.9056
61.2748
62.4065
61.2643
60.5569
62.7011
62.7789
61.5993
61.2389
61.7572
62.3684
62.2174
62.1443
62.0488
61.8802
61.1206
62.076
61.7573
61.4159
61.4779
62.4471
62.2785
62.4791
61.8071
62.1759
62.7317
61.9466
61.4939
62.0372
62.6122
61.9788
62.6034
62.6199
61.8776
61.4826
61.7396
62.2172
62.3148
61.871
61.7862
61.8955
62.6204
62.3856
62.3856
62.2969
62.631
61.5729
61.7064
62.3156
63.2823
62.5117
61.5459
62.0485
61.0743
61.6858
61.6656
60.6274
61.3443
61.5886
60.8357
62.1536
62.0657
61.7709
62.0375
61.853
61.7771
62.0436
62.6222
62.702
62.0624
62.1633
62.9729
61.2513
61.1025
61.4969
62.042
62.0726
61.7417
61.1581
62.3877
61.1798
60.7862
61.7066
61.1455
61.6246
61.1478
62.0882
61.1648
60.9734
62.231
61.8673
61.5058
61.5075
62.0192
62.3748
61.2236
61.0488
62.1098
61.6586
62.8815
62.5514
61.9398
61.5283
62.3369
61.2667
62.4857
62.4871
61.9986
61.9629
61.3173
61.5019
61.0813
