0.945551
0.821779
0.718213
0.703308
0.691398
0.705356
0.707859
0.693841
0.692293
0.701233
0.705675
0.701467
0.698852
0.696543
0.698673
0.701637
0.702836
0.706063
0.70404
0.693789
0.693261
0.710622
0.690547
0.697322
0.699472
0.696192
0.707493
0.693481
0.705543
0.708158
0.697367
0.69651
0.703077
0.700035
0.694441
0.704737
0.70468
0.691992
0.697319
0.700834
0.702025
0.702549
0.702753
0.683747
0.700512
0.701304
0.708213
0.697919
0.705656
0.704232
0.697071
0.692944
0.70128
0.702595
0.701297
0.707717
0.694637
0.698352
0.710277
0.696634
0.690484
0.705996
0.695538
0.699731
0.701517
0.697966
0.701694
0.701748
0.698822
0.697603
0.701084
0.700055
0.697351
0.700795
0.704169
0.703422
0.697099
0.698845
0.698984
0.696189
0.707435
0.691039
0.695468
0.712278
0.702614
0.703634
0.695857
0.69897
0.697227
0.702113
0.710819
0.689437
0.703616
0.700665
0.699236
0.693337
0.697855
0.700422
0.703675
0.700327
0.703389
0.69115
0.703148
0.694793
0.703407
0.692366
0.713965
0.696219
0.699344
0.700716
0.70505
0.703082
0.695624
0.698882
