918
918
918
934.671
913.25
898.273
891.409
888.384
886.716
889.995
892.49
897.652
898.931
895.683
894.045
895.884
892.891
892.395
892.368
895.466
896.02
892.678
889.412
890.482
893.899
891.471
880.948
889.324
892.478
894.275
893.331
899.093
898.83
894.951
895.708
894.596
894.032
892.242
894.206
891.2
891.638
892.089
892.279
891.858
892.071
888.297
886.737
889.908
891.78
893.321
896.457
894.58
890.119
890.62
892.506
899.481
895.599
894.678
893.951
894.774
894.774
890.42
893.941
894.761
890.21
894.572
893.341
892.326
892.135
893.051
893.738
893.008
891.14
893.767
886.575
887.502
890.609
892.891
897.513
897.271
895.035
893.602
892.484
892.637
903.215
901.048
901.542
893.443
893.725
890.44
893.133
892.139
891.787
888.112
891.477
896.129
897.784
891.414
893.26
893.074
894.708
895.636
892.425
889.346
888.302
890.857
892.4
890.55
890.789
897.629
895.581
894.449
894.26
895.141
893.808
899.612
898.287
893.239
