5687.11
6421.67
6292.07
6134.37
6058.9
6032.87
5936.41
5952.1
5900.14
5975.06
6062.59
6031.84
5964.69
6057.6
6009.8
6000.48
5940.17
5989.03
6064.8
6062.9
5979.47
5934.07
6047
6203.2
5838.33
5938.87
5965.33
6018.24
5888.67
6004.93
6074.79
5985.4
6021.6
6011.07
6034.43
5962.31
6057.9
5991.67
5991.33
5996.41
6007.83
5995.63
6073.24
6030.23
5938.97
5963.69
5970.27
5939.33
6035.93
6086.3
5990.3
5963.9
5864.97
6074.67
6018.03
6014.07
5983.97
6084.27
5931.93
5984.14
6088.1
5915.47
6023.93
6019.59
6003.83
5982.1
5986.9
6014.1
6035.97
5949.4
6139.27
5981.9
5939.83
5956.03
5910.57
6004.4
6043.17
6027.83
6021.71
5997.1
5795.38
6041.73
5990.33
6156.8
5994.37
6063.7
5948.2
6018.87
6007
6070.73
5935.23
5910.27
5967.93
6122.77
5964.72
6003.53
5968.53
5981.55
6062.27
6059.9
6020.07
5950.77
5970.17
6035.43
5995.27
5867.67
6039.77
6022
6003.83
5982.76
6025.6
5887.97
6025.57
6097.73
